"t (day)" "dm/dt (M_sun/yr)"
5.150436700304274 0.01147792150857617
5.2095131731594 0.01229606343345667
5.2692672642143155 0.013171853475668982
5.329706745876592 0.01410903522709173
5.3908394797047645 0.015111551473442748
5.452673417430919 0.016183549526205942
5.515216601994994 0.01732938603728169
5.5784771685909575 0.018553631195160406
5.642463345724971 0.019861072192849542
5.707183456285706 0.02125671584909245
5.77264591862692 0.022745790255678893
5.8388592476624686 0.0243337453149644
5.905832055973858 0.026026252023194963
5.973573054930521 0.027829200347004673
6.0420910558229215 0.029748695532655196
6.111394971008683 0.03179105268037966
6.181493815071829 0.03396278940974879
6.252396705995358 0.03627061643648899
6.324112866347233 0.038721425876853205
6.396651624480002 0.041322277092700754
6.470022415744159 0.044080379889110295
6.544234783715439 0.04700307487689087
6.6192983814361686 0.05009781081500952
6.695222972670885 0.05337211875300716
6.772018433176328 0.056833582801178756
6.849694751986015 0.060489807366937834
6.928262032709547 0.06434838070962252
7.007730494846822 0.06841683468331056
7.088110475117309 0.07270260055821985
7.169412428804586 0.07721296083623075
7.251646931116291 0.08195499700515803
7.3348246785596745 0.08693553320981033
7.418956490332924 0.09216107585571802
7.504053309732453 0.09763774920377655
7.590126205576338 0.10337122706095399
7.67718637364407 0.10936666072360798
7.765245138132823 0.11562860338573075
7.85431395313043 0.1221609312843879
7.944404404105261 0.1289667619184344
8.035528209413174 0.136048369743905
8.127697221821762 0.14340709981976638
8.220923430052077 0.1510432799503958
8.31521896033805 0.15895613194547134
8.410596078003783 0.16714368269309163
8.50706718905894 0.17560267581692934
8.604644841812437 0.184328484761964
8.703341728504647 0.1933150282246773
8.803170686958305 0.20255468891119247
8.904144702248388 0.212038236669347
9.0062769083911 0.221754757096586
9.109580590052285 0.23169158677336424
9.214069184275372 0.2418342563097971
9.319756282229207 0.2521678993763391
9.426655630975882 0.2626825572521444
9.534781135258859 0.2733695129769107
9.644146859311615 0.28421977155499495
9.754767028687022 0.2952241027740302
9.866656032107693 0.30637308521570333
9.97982842333759 0.3176571511655079
10.094298923075073 0.32906663215464166
10.210082420867664 0.3405918048705696
10.327193977048783 0.3522229371784571
10.445648824696692 0.3639503340035746
10.565462371615903 0.37576438283470404
10.686650202341353 0.38765559862040727
10.809228080165488 0.3996146678435283
10.933211949188673 0.4116324915743314
11.0586179363931 0.42370022731900164
11.185462353740455 0.43580932949765605
11.313761700293677 0.4479515884043575
11.44353266436305 0.4601191675206215
11.574792125676886 0.47230463907342757
11.707557157577165 0.48450101774856125
11.841845029240275 0.49670179249002844
11.97767320792329 0.5089009563361768
12.115059361236005 0.5210930342628007
12.254021359438994 0.533273109022794
12.394577277768066 0.5454368449907319
12.53674539878537 0.5575805100389167
12.680544214757456 0.5697009954889083
12.825992430060651 0.5817958341992193
12.973108963613962 0.5938632168656527
13.121912951339944 0.6059020066256589
13.272423748653763 0.6179117520720055
13.424660932980814 0.6298926987940292
13.578644306303245 0.6418457995767332
13.734393897735625 0.653772723399016
13.891929966130215 0.6656758633824437
14.051273002712124 0.6775583438511653
14.212443733744628 0.6894240266719527
14.375463123225128 0.7012775170509502
14.540352375611997 0.7131241689706025
14.707132938582708 0.7249700904565194
14.875826505823632 0.7368221488698005
15.04645501985176 0.748687976425675
15.219040674868854 0.760575976144361
15.393605919648353 0.7724953284448889
15.570173460455306 0.7844559985974021
15.748766263999876 0.7964687452543127
15.92940756042469 0.8085451302857084
16.112120846326448 0.820697530149808
16.296929887812247 0.8329391490351262
16.483858723590842 0.8452840340175249
16.67293166809948 0.8577441399815032
16.864173314666594 0.8703181492628079
17.05760853871063 0.8830005186221435
17.253262500975804 0.895785371228202
17.451160650804734 0.9086664906330374
17.651328729448775 0.9216373147084168
17.853792773416263 0.9346909300426121
18.058579117859143 0.9478200668385414
18.265714399998473 0.9610170943550747
18.475225562589266 0.9742740169340699
18.687139857424903 0.9875824706563598
18.901484848882014 1.0009337206704556
19.11828841750573 1.0143186592380633
19.337578763636277 1.0277278045407783
19.55938441107707 1.041151300292338
19.783734210804866 1.0545789162007009
20.010657344722524 1.0680000493239037
20.240183329454833 1.0814037263631224
20.47234202018772 1.0947786069356156
20.70716361455175 1.1081129878693032
20.94467865654992 1.1213948085594903
21.184918040530672 1.1346116574268477
21.427913015206418 1.1477507795140465
21.673695187718128 1.1607990852564807
21.922296527746592 1.1737431604603077
22.173749371670873 1.1865692775185126
22.42808642677426 1.1992634078929172
22.685340775498798 1.2118112358870128
22.94554587974828 1.2241981737310816
23.208735585240795 1.2364093779974796
23.474944125911204 1.2484297673599736
23.744206128363924 1.2602440417067995
24.01655661637709 1.2718367026126325
24.29203101545808 1.283192075169802
24.570665157451458 1.2942943311740862
24.85249528519981 1.3051275136550549
25.13755805725786 1.3156755627353585
25.425890552660807 1.3259223427975653
25.717530275747393 1.3358516709311004
26.01251516103804 1.3454473466256043
26.31088357816931 1.3546931826706394
26.612674336884634 1.3635730372150612
26.91792669208246 1.3720708469327065
27.226680348922297 1.3801706612342235
27.538975467989243 1.3878566774579866
27.854852670517804 1.3951132769661339
28.17435304367572 1.4019250620648236
28.497518145908124 1.4082768936609127
28.824390012343397 1.4141539295604484
29.15501116026065 1.4195416633076179
29.489424594620143 1.4244259634562721
29.827673813657128 1.4287943555338547
30.169802814539704 1.4326411140157558
30.51585609909172 1.4359630541778554
30.86587867958135 1.4387575795406964
31.21991608457578 1.4410226839728497
31.5780143648635 1.4427569534010567
31.940220099444105 1.4439595664111606
32.30658040158703 1.444630293743541
32.677142924959774 1.4447694966896172
33.05195586982624 1.4443781243988296
33.43106798931646 1.443457710108287
33.81452859576795 1.442010366309997
34.20238756713996 1.440038778873256
34.59469535350131 1.4375462001423587
34.991502983592504 1.4345364410322923
35.39286207146325 1.431013862147491
35.798824823186145 1.4269833639510372
36.20944404364706 1.4224503760139182
36.62477314341395 1.417420845376028
37.04486614568387 1.4119012240526105
37.469777693310085 1.4058984557216807
37.89956305590965 1.3994199616297132
38.33427813705244 1.3924736257544856
38.773979481532706 1.3850677792654367
39.218724282724175 1.3772111843232357
39.66857039001912 1.3689130172614565
40.123576316353315 1.3601828511942937
40.58380124581679 1.3510306380951853
41.049305041352135 1.341466690391956
41.52014825254118 1.3315016621247249
41.99639212348073 1.3211465297133032
42.47809860074883 1.3104125723811308
42.965330341462455 1.2993113522830004
43.45815072142729 1.2878546943838753
43.95662384338152 1.276054666135993
44.46081454533366 1.2639235570012672
44.970788408996306 1.2514738578656033
45.486611768316635 1.2387182403912798
46.00835171810455 1.2256695363529437
46.53607612276 1.212340717002016
47.06985362510031 1.198744872503476
47.609753655288735 1.1848951914880321
48.15584643986556 1.1708049407616088
48.708203010882585 1.1564874452129439
49.26689521514251 1.141956067958798
49.83199572354442 1.1272241907649567
50.40357804053604 1.1123064846133577
50.981716513675025 1.0972226203125053
51.56648634329935 1.0819931307178998
52.15796359230894 1.0666380589029572
52.7562251960595 1.0511769332654683
53.361348972369505 1.0356287453062811
53.97341363164251 1.0200119300231811
54.59249878710514 1.0043443488548534
55.21868496516247 0.9886432751024484
55.85205361587266 0.972925381749779
56.49268712354131 0.9572067315975
57.14066881743722 0.9415027696216839
57.79608298263175 0.9258283174630287
58.45901487096156 0.9101975699495629
59.12955071211801 0.8946240935528998
59.80777772486316 0.8791208266761106
60.49378412837441 0.8637000816698093
61.18765915371982 0.8483735484722127
61.8894930554645 0.8331522997687064
62.59937712341013 0.8180467975666658
63.31740369446974 0.8030669010820166
64.04366616467779 0.7882218758352549
64.77825900133892 0.77352040385616
65.52127775531545 0.7589705948984747
66.27281907345575 0.7445799985680736
67.0329807111659 0.7303556172707314
67.80186154512455 0.7163039198884993
68.57956158614451 0.7024308560967052
69.36618199218137 0.6887418712369313
70.16182508149114 0.6752419216647108
70.96659434593968 0.6619354904942487
71.78059446446382 0.6488266036661674
72.60393131668724 0.6359188462679869
73.43671199669296 0.623215379040837
74.27904482695293 0.6107189550097573
75.1310393724183 0.5984319361787004
75.99280645477076 0.5863563102352248
76.86445816683717 0.5744937072135946
77.74610788717031 0.562845416068738
78.63787029479624 0.5514124011171988
79.53986138413062 0.5401953183047761
80.45219848006708 0.529194531264034
81.37500025323747 0.5184101271283014
82.3083867354482 0.5078419320720052
83.25247933529295 0.4974895265504112
84.20740085394446 0.4873522602148564
85.17327550112819 0.4774292664824832
86.15022891127833 0.4677194767423017
87.13838815987934 0.4582216341820356
88.1378817799956 0.44893430722273453
89.14883977898941 0.43985590255055085
90.17139365543215 0.4309840649588159
91.20567641620845 0.42231375768815066
92.25182259381644 0.4138393871151
93.30996826386753 0.4055555404634841
94.38025106278583 0.39745697936518337
95.46281020571072 0.3895386336615514
96.55778650460569 0.3817955954461498
97.66532238657334 0.3742231133386146
98.78556191238215 0.36681658697988145
99.91865079520458 0.35957156173948246
101.06473641957012 0.3524837236260149
102.2239678605368 0.34554889439228625
103.39649590308107 0.3387630268270395
104.58247306171158 0.3321222002254909
105.78205360030695 0.32562261603129034
106.99539355218103 0.31926059364282156
108.2226507403793 0.313032566377072
109.46398479820711 0.30693507758461824
110.71955718999338 0.3009647769095394
111.98953123209354 0.2951184166883398
113.27407211413173 0.2893928484822477
114.57334692048832 0.28378501973745923
115.88752465203281 0.27829197056817584
117.21677624810596 0.2729108306574797
118.5612746087551 0.2676388162713075
119.92119461722345 0.2624732273810042
121.29671316269742 0.25741144489011464
122.68800916331597 0.25245092796125956
124.0952635894421 0.24758921143913443
125.51865948720314 0.24282390336581594
126.95838200229971 0.23815268258474387
128.41461840408795 0.23357329642988625
129.88755810993888 0.2290835584967468
131.37739270987626 0.22468134649202107
132.8843159914969 0.22036460015883177
134.40852396517806 0.21613131927460658
135.95021488957227 0.21197956171879243
137.50958929739625 0.2079074416076994
139.08685002151455 0.2039131274939007
140.68220222132223 0.19999484062770795
142.2958534094315 0.19615085327834508
143.92801347866254 0.1923794871125532
145.57889472934593 0.18867911162843515
147.24871189693673 0.18504814264245598
148.9376821799454 0.1814850408275886
150.64602526819044 0.1779883103006803
152.3739633713737 0.1745564972571972
154.12172124798337 0.17118818865157737
155.88952623453028 0.1678820109214874
157.67760827511688 0.1646366287543653
159.486199951348 0.1614507438946732
161.31553651258304 0.1583231442399568
163.16585590653503 0.155252878511521
165.03739881022238 0.1522390732758108
166.93040866127384 0.14928086207253144
168.84513168959293 0.1463773855821966
170.7818169493868 0.14352779179143832
172.7407163515604 0.14073123614825125
174.72208469648433 0.13798688170742185
176.72617970713722 0.13529389926640822
178.75326206262784 0.13265146749192044
180.8035954321038 0.1300587730374567
182.87744650904708 0.12751501065204685
184.9750850459633 0.1250193832804545
187.09678388947054 0.12257110215507894
189.24281901578792 0.12016938687980877
191.41346956663395 0.11781346550606131
193.60901788553494 0.115502574601252
195.82974955454975 0.11323595930992708
198.0759534314174 0.11101287340779115
200.34792168712926 0.10883257934886116
202.6459498439321 0.10669434830597262
204.97033681376894 0.10459746020485815
207.3213849371579 0.1025412037520217
209.69940002252005 0.1005248764566206
212.1046913859563 0.09854778464656924
214.5375718914805 0.09660924347907436
216.99835799171612 0.09470857694580152
219.48736976905656 0.09284511787288133
222.0049309773009 0.0910182079159453
224.5513690837648 0.08922719755038937
227.12701531187471 0.0874714460570543
229.73220468425248 0.08575032150350542
232.36727606629202 0.0840632007210971
235.03257221023608 0.08240946927799908
237.72843979976082 0.08078852144835622
240.45522949506793 0.07919976017775533
243.21329597849805 0.07764259704516224
246.00299800066466 0.07611645222149353
248.82469842711714 0.07462075442498071
251.67876428554138 0.07315494087347964
254.56556681349954 0.07171845723387942
257.48548150671735 0.07031075756875425
260.43888816792776 0.06893130428040298
263.4261709562711 0.06757956805241602
266.4477184372658 0.06625502778890316
269.5039236333495 0.06495717055151679
272.5951840749998 0.06368549149439695
275.72190185244426 0.06243949379716231
278.8844836679606 0.061218688596070214
282.08334088877683 0.06002259491346124
285.3188896005812 0.05885073958560236
288.5915506616417 0.057702659068265084
291.90174975754996 0.05657790662675963
295.2499174565914 0.05547604511729617
298.6364892657491 0.05439664386676264
302.061905687354 0.05333927864674423
305.52661227638 0.052303531645586716
309.0310596984009 0.051288991437543396
312.57570378820895 0.05029525294915235
316.1610056091058 0.049321917422985764
319.7874315128765 0.048368592378909545
323.45545320044823 0.047434891572987414
327.16554778324524 0.046520434954161465
330.9181978452503 0.04562484861883316
334.7138915057735 0.04474776476347144
338.5531224829458 0.043888821635364506
342.4363901579375 0.043047663481632484
346.36419963991335 0.04222394049661375
350.3370618317358 0.041417308767731253
354.3554934964188 0.040627430219947136
358.4200173243435 0.039853972558905285
362.5311620012493 0.039096609212860456
366.68946227699826 0.038355019273490304
370.89545903513465 0.037628887435680484
375.1496993632383 0.0369179039363726
379.45273662408465 0.036221764492560024
383.80513052762495 0.03554017023851365
388.2074472037885 0.034872827662317606
392.6602592761194 0.03421944854179073
397.16414593626274 0.03357974987986731
401.7196930192986 0.03295345383950825
406.32749307994595 0.032340287678209484
410.9881454696378 0.031739983682173796
415.70225641447865 0.03115227910020828
420.4704390941016 0.030576916077406147
425.2933137214234 0.03001364158867257
430.17150762332 0.029462207372146745
435.10565532222427 0.028922369862574918
440.0963986186588 0.028393890124683192
445.14438667471944 0.027876533786598417
450.250276098513 0.02737007097336268
455.4147310295626 0.026874276240585367
460.6384232251979 0.026388928508273138
465.92203214792914 0.025913810994878755
471.26624505382983 0.025448711151604218
476.67175708192946 0.02499342059699572
482.13927134463086 0.024547735051862328
487.73452047647595 0.024081023552888544
493.3947027401107 0.02362318536230008
499.12057168761294 0.023174051777157423
504.91288961606676 0.022733457301970114
510.77242766904993 0.022301239587714912
516.6999659392998 0.02187723937201409
522.6962935725652 0.021461300420450996
528.762208872669 0.021053269469000963
534.8985194077894 0.0206529961675572
541.1060421179693 0.020260333024530144
547.3856034238821 0.019875135352500174
553.7380393368503 0.019497261214903566
560.164195570148 0.01912657137373225
566.664927651593 0.01876292923822754
573.241101037443 0.018406200814549686
579.8935912276162 0.018056254656404324
586.6232838822508 0.01771296181660712
593.4310749396113 0.017376195799570192
600.3178707353682 0.01704583251469094
607.2845881232622 0.016721750230627663
614.3321545971635 0.016403829530444416
621.4615084145524 0.016091953267608396
628.6735987214342 0.015786006522824247
635.9693856786959 0.01548587656168888
643.3498405899393 0.015191452793151426
650.8159460307892 0.01490262672876291
658.3686959797069 0.014619291942700863
666.0090959503232 0.014341344032553643
673.7381631252999 0.014068680580850621
681.5569264917523 0.013801201117323787
689.4664269782417 0.013538807081886437
697.4677175933529 0.013281401788316417
705.5618635658852 0.013028890388629156
713.7499424866711 0.012781179838128445
722.0330444520334 0.01253817886112167
730.4122722089146 0.012299797917286644
738.8887413016898 0.012065949168678142
747.4635802206769 0.011836546447361594
756.1379305523805 0.011611505223662161
764.9129471314681 0.011390742575017461
773.7897981945188 0.011174177155422581
782.7696655355546 0.01096172916545579
791.8537446633713 0.01075332032287434
801.0432449607007 0.010548873833769339
810.339389845221 0.01034831436426869
819.7434169324284 0.010151568012778596
829.2565782004057 0.009958562282752255
838.880140156503 0.009769226055976634
848.6153840059461 0.009583489566367082
858.463605822408 0.009401284374259994
868.4261167205611 0.00922254334119444
878.5042430306229 0.009047200605173132
888.6993264749361 0.008875191556393873
899.0127243465978 0.00870645281344211
909.4458096901529 0.008540922199936588
919.9999714843937 0.008378538721618567
930.6766148272798 0.008219242543876907
941.4771611229957 0.008062974969700439
952.4030482711928 0.007909678418049265
963.4557308584134 0.007759296402637704
974.6366803517456 0.007611773511120186
985.9473852947256 0.007467055384673141
997.3893515055054 0.007325088697965056
1008.9641022773279 0.007185821139507211
1020.6731785813298 0.007049201392378147
1032.5181392716863 0.006915179115314542
1044.5005612931539 0.006783704924161597
1056.6220398910045 0.006654730373676084
1068.8841888234074 0.006528207939675441
1081.2886405762747 0.006404091001526106
1093.8370465805926 0.006282333824964918
1106.5310774322816 0.006162891545247135
1119.3724231146105 0.006045720150614658
1132.3627932231811 0.005930776466078878
1145.5039171935337 0.005818018137511538
1158.7975445313923 0.0057074036160382514
1172.245445045576 0.005598892142728728
1185.8494090836177 0.005492443733577961
1199.6112477701233 0.005388019164773081
1213.5327932478815 0.005285579958240256
1227.6158989217847 0.005185088367466445
1241.8624397055817 0.005086507363590559
1256.2743122714796 0.00498980062175931
1270.853435302657 0.0048949325077422175
1285.6017497487062 0.004801868064801254
1300.5212190840255 0.004710573000810112
1315.6138295692324 0.004621013675618243
1330.8815905155896 0.004533157088655351
1346.326534552512 0.004446970866771335
1361.9507178981794 0.0043624232523075636
1377.756220633277 0.00427948309139492
1393.7451469779257 0.004198119822474262
1409.9196255718243 0.004118303465035219
1426.2818097576323 0.004040004608569039
1442.8338778676532 0.00396319440173153
1459.5780335138445 0.0038878445417119037
1476.516505881179 0.003813927263803952
1493.6515500244332 0.0037414153311752935
1510.9854471683966 0.003670282024831257
1528.5205050115808 0.003600501133769567
1546.259058033453 0.003532046945322109
1564.2034678052203 0.003464894235680497
1582.3561233042358 0.0033990182606015956
1600.7194412320534 0.003334394746289861
1619.2958663361585 0.00327099988045302
1638.0878717354462 0.0032088103035277397
1657.0979592494796 0.003147803100072192
1676.3286597315516 0.0030879557903222194
1695.782533405627 0.003029246321908087
1715.462170207197 0.0029716530617286173
1735.3701901280717 0.0029151547879799735
1755.5092435651907 0.0028597306823358393
1775.882011673481 0.002805360322276365
1796.4912067227945 0.0027520236735629534
1817.3395724590036 0.0026997010828560615
1838.4298844692871 0.002648373270473419
1859.7649505516395 0.0025980213232858914
1881.3476110886838 0.0025486266877484454
1903.1807394258246 0.0025001711630635586
1925.267242253768 0.0024526368944746604
1947.6100599955116 0.0024060063666870566
1970.2121671977964 0.002360262397413939
1993.076572927118 0.002315388131045126
2016.206321170339 0.0022713670324361027
2039.604491239925 0.0022281828808152636
2063.2741981839176 0.0021858197638068757
2087.2185932006328 0.0021442620715677514
2111.440864058192 0.002103494491035391
2135.944235518923 0.0020635020002854236
2160.731969768669 0.0020242698629964286
2185.807366851093 0.00198578362301989
2211.173765107028 0.001948029099053455
2236.834541618905 0.0019109923794154555
2262.793112660356 0.0018746598169187482
2289.052934151039 0.0018390180238420533
2315.6175021167155 0.0018040538669968765
2342.490353154692 0.0017697544628882463
2369.675064904662 0.0017361071729673995
2397.1752565249903 0.0017030995989748155
2424.9945891745465 0.0016707195783716997
2453.1367665001294 0.0016389551798583805
2481.605535129528 0.0016077946989779064
2510.4046851703247 0.001577226653803201
2539.538050714487 0.001547239780706247
2569.0095103487947 0.0015178230302076905
2598.822987671211 0.0014889655629053713
2628.982451813249 0.0014606567454802323
2659.4919179683707 0.0014328861467781922
2690.3554479265513 0.0014056435339665158
2721.577150615038 0.0013789188687632155
2753.1611826453645 0.0013527023037382163
2785.111748866748 0.0013269841786847573
2817.4331029258697 0.0013017550170598671
2850.129547833195 0.001277005522492444
2883.2054365358204 0.0012527265753577651
2916.6651724969993 0.0012289092294171238
2950.5132102823964 0.0012055447085213154
2984.754056153111 0.0011826244033768631
3019.3922686656174 0.00116013986837366
3054.432459278664 0.0011380828184729662
3089.879292967186 0.0011164451261545666
3125.737488843376 0.0010952188184219515
3162.011820784956 0.0010743960738644576
3198.707118070716 0.001053969219775253
3235.8282660234563 0.0010339307293241295
3273.3802066603894 0.0010142732187840143
3311.367939351062 0.000994989444810264
3349.7965214829424 0.0009760723017716347
3388.6710691347303 0.0009575148191320261
3427.996757757452 0.000939310158882005
3467.778822863487 0.0009214516130191421
3508.0225607235975 0.0009039326010762737
3548.7333290720057 0.0008867466676967464
3589.916547819697 0.000869887480255772
3631.577699775989 0.0008533488265269885
3673.7223313784525 0.0008371246123934028
3716.356053431329 0.0008212088596018529
3759.4845418525215 0.0008055957035601404
3803.113538429213 0.0007902793911760858
3847.2488515823165 0.0007752542787376204
3891.896357139733 0.0007605148298332295
3937.061999118625 0.0007460556133118949
3982.751790516768 0.0007318713012818449
4028.9718141130465 0.0007179566671473539
4075.7282232773 0.0007043065836828449
4123.027242789502 0.0006909160211436438
4170.875169668498 0.0006777800454126174
4219.278374010341 0.0006648938161820696
4268.243299836347 0.000652252585170202
4317.776465950999 0.0006398516943714725
4367.884466809832 0.0006276865743402316
4418.573973397334 0.0006157527425069833
4469.851734115089 0.0006040458015266668
4521.724575680212 0.0005925614376583206
4574.1994040341815 0.000581295419175586
4627.283205262255 0.0005702435948073972
4680.983046523555 0.0005594018922083391
4735.306076991905 0.0005487663164580826
4790.259528807633 0.0005383329485893421
4845.850718040412 0.0005280979441438289
4902.0870456632365 0.0005180575317556543
4958.975998537744 0.000508208011761671
5016.525150410971 0.0004985457548382256
5074.742162923633 0.0004890672006638388
5133.63478663015 0.00047976885660731144
5193.21086203051 0.00047064729644075924
5253.478320614059 0.0004616991590771394
5314.445185915452 0.0004529211473317558
5376.11957458286 0.0004443100267073267
5438.509697458541 0.0004358626242021439
5501.623860671938 0.000427575827140898
5565.4704667455535 0.00041944658202772373
5630.05801571356 0.0004114718934210547
5695.395106253399 0.0004036488228298835
5761.490436830604 0.0003959744876309775
5828.352806856811 0.0003884460600067102
5895.991117861231 0.0003810607659030725
5964.414374675746 0.00037381588400749345
6033.631686633756 0.00036670874474610163
6103.652268782891 0.0003597367293000465
6174.485443111845 0.00035289726864052694
6246.140639791452 0.00034618784258215484
6318.627398430107 0.0003396059788543341
6391.955369343816 0.0003331492521902776
6466.134314840975 0.00032681528343335436
6541.174110522018 0.0003206017386604267
6617.084746594187 0.0003145063283218486
6693.876329201574 0.00030852680639782145
6771.559081770534 0.00030266096957078586
6850.143346370769 0.0002969066564135517
6929.639585092213 0.00029126174659285765
7010.058381437827 0.0002857241600880788
7091.410441732629 0.0002802918564247886
7173.706596549066 0.0002749628339228842
7256.957802148872 0.000269735128959021
7341.17514194172 0.0002646068152430559
7426.369827960796 0.0002595760031082562
7512.553202355447 0.0002546408388149993
7599.736738901197 0.000249799503867714
7687.932044527296 0.0002450502143448037
7777.150860861969 0.00024039122024131107
7867.405065795543 0.00023582080482408796
7958.706675061877 0.0002313372839992086
8051.067843837991 0.00022693900569142607
8144.500868362261 0.00022262434923541946
8239.018187571544 0.00021839172477861296
8334.632384757142 0.0002142395726953536
8431.35618924003 0.00021016636301222363
8529.202478065561 0.00020617059484428243
8628.184277717835 0.0002022507958420199
8728.314765853893 0.00019840552164883515
8829.607273058105 0.00019463335536881935
8932.075284616945 0.00019093290704466366
9035.732442314238 0.0001873028131454927
9140.592546247362 0.00018374173606443216
9246.66955666451 0.00018024836362573278
9353.977595823188 0.0001768214086012627
9462.530949870368 0.0001734596082361946
9572.344070744472 0.00017016172378370734
9683.431578099315 0.00016692654004853684
9795.808261250497 0.0001637528649392059
9909.489081144351 0.0001606395290287618
10024.489172349675 0.00015758538512387378
10140.823845072659 0.00015458930784211498
10258.5085871952 0.00015165019319728578
10377.559066336726 0.00014876695819262108
10497.991131940196 0.00014593854042172877
10619.820817382091 0.00014316389767711875
10743.064342107004 0.00014044200756617111
10867.738113786885 0.00013777186713441217
10993.858730505568 0.0001351524924959428
11121.442982968432 0.00013258291847090292
11250.507856737724 0.0001300621982298241
11381.070534494018 0.0001275894029447431
11513.148398323681 0.0001251636214469514
11646.759032033053 0.0001227839598912483
11781.920223489298 0.00012044954142658332
11918.649966988702 0.00011815950587295139
12056.966465652213 0.00011591300940443974
12196.888133848784 0.00011370922423829666
12338.433599647073 0.00011154733832991134
12481.621707295357 0.00010942655507359454
12626.471519730232 0.00010734609300904832
12773.002321114656 0.00010530518553341454
12921.233619405215 0.00010330308061879878
13071.185148949178 0.00010133904053516801
13222.876873111925 9.941234157851064e-05
13376.328986934648 9.752227380416878e-05
13531.561919822863 9.566814076524247e-05
13688.596338266392 9.384925925596079e-05
13847.45314859065 9.206495905993896e-05
14008.15349973987 9.031458270321836e-05
14170.718786092868 8.859748521200155e-05
14335.170650311244 8.691303387499459e-05
14501.530986220629 8.526060801026791e-05
14669.82194172562 8.363959873654827e-05
14840.065921758309 8.20494087488596e-05
15012.285591260988 8.048945209843205e-05
15186.50387820378 7.895915397678987e-05
15362.743976636979 7.745795050394992e-05
15541.029349778855 7.598528852064444e-05
15721.38373313952 7.454062538449362e-05
15903.83113768082 7.312342877005475e-05
16088.395853012846 7.173317647267291e-05
16275.102450627868 7.036935621605961e-05
16463.975787171497 6.903146546353047e-05
16655.041007751788 6.771901123283388e-05
16848.32354928707 6.643150991449542e-05
17043.849143892323 6.516848709362077e-05
17241.643822304835 6.392947737508432e-05
17441.733917349942 6.271402421204105e-05
17644.146067446665 6.152167973769981e-05
17848.90722015404 6.035200460029496e-05
18056.04463575891 5.920456780119453e-05
18265.585890905044 5.807894653608742e-05
18477.55888226435 5.697472603919e-05
18691.99183025107 5.5891499430413764e-05
18908.913282778674 5.4828867565439096e-05
19128.352119060415 5.378643888864127e-05
19350.337553454305 5.276382928880882e-05
19574.899139352365 5.176066195760898e-05
19802.066773115013 5.077656725074206e-05
20031.870698051473 4.981118255173548e-05
20264.341508446007 4.8864152138328186e-05
20499.510153630872 4.793512705139535e-05
20737.407942106925 4.702376496636444e-05
20978.066545711656 4.6129730067076216e-05
21221.518003835612 4.525269292204543e-05
21467.79472768811 4.4392330363071004e-05
21716.92950461205 4.3548325366157245e-05
21968.955502449047 4.272036693469715e-05
22223.906273954955 4.190814998487764e-05
22481.815761267095 4.1111375233262695e-05
22742.718300422897 4.032974908651411e-05
23006.648625931 3.956298353321015e-05
23273.641875395802 3.881079603771828e-05
23543.733594195222 3.807290943608846e-05
23816.959740213024 3.734905183392396e-05
24093.35668862578 3.663895650619487e-05
24372.96123674585 3.594236179895563e-05
24655.810608920165 3.525901103293136e-05
24941.9424614858 3.458865240893835e-05
25231.394887783583 3.3931038915100706e-05
25524.20642322935 3.3285928235832346e-05
25820.416050444124 3.2653082662550105e-05
26120.063204444254 3.203226900608218e-05
26423.18777789132 3.1423258510744184e-05
26729.83012640297 3.0825826770047746e-05
27040.03107392588 3.0239753644011513e-05
27353.831918170563 2.9664823178044784e-05
27671.27443610926 2.9100823523373337e-05
27992.400889538116 2.854754685897768e-05
28317.254030703436 2.8004789315015642e-05
28645.8771079932 2.747235089770178e-05
28978.313871695154 2.6950035415613074e-05
29314.608579821208 2.643765040739768e-05
29654.806003999434 2.593500707085717e-05
29998.951435434938 2.544192019337695e-05
30347.09069093943 2.495820808367981e-05
30699.270119030687 2.448369250487698e-05
31055.536606103444 2.401819860879163e-05
31415.93758267126 2.356155487153122e-05
31780.521029680865 2.3113593030285537e-05
32149.335484900355 2.2674148021324707e-05
32522.43004938092 2.2243057919177647e-05
32899.854393993584 2.1820163876966133e-05
33281.6587660424 2.1405310067873096e-05
33667.89399595374 2.0998343627724146e-05
34058.611504043314 2.0599114598660728e-05
34453.863307362226 2.0207475873883808e-05
34853.70202662193 1.9823283143448513e-05
35258.18089319953 1.9446394841089308e-05
35667.353756225 1.9076672092055862e-05
36081.275089750015 1.871397866194079e-05
36499.99999999999 1.8358180906480916e-05
