"t (day)" "dm/dt (M_sun/yr)"
6.844972449712648 0.020354764088291784
6.92333873028653 0.027981524725566715
7.002602205695908 0.0363581945931824
7.082773147687339 0.04495448166629908
7.163861945605896 0.05324729490184278
7.245879107741512 0.06082611708072339
7.328835262690762 0.06746285963229584
7.4127411607342095 0.07313674479294072
7.497607675229538 0.07802195962977103
7.583445804020634 0.08245605403064747
7.670266670862789 0.0869094150037897
7.7580815268642285 0.09192721247639492
7.846901751944144 0.09770570001608667
7.936738856307415 0.10419925779953143
8.027604481936214 0.11133594135783831
8.119510404098689 0.11901160165355462
8.212468532874922 0.1270878865793276
8.306490914700356 0.13548661828049277
8.401589733926889 0.14419794630292285
8.497777314401842 0.15321218638708967
8.595066121065008 0.1625175416505279
8.693468761563983 0.17210005681752555
8.792997987887984 0.18194358787924897
8.89366669802039 0.19202978834633697
8.995487937610173 0.2023381131246984
9.098474901662502 0.21284584089336245
9.202640936248669 0.2235281698185052
9.307999540235604 0.23436277987771117
9.414564367035208 0.24533437628358387
9.522349226373674 0.2564289649271807
9.631368086081112 0.2676333207479056
9.74163507390162 0.27893514517760076
9.853164479324107 0.29032321602638206
9.965970755434062 0.301787529062643
10.080068520786536 0.3133194307740602
10.195472561300548 0.3249117420321989
10.312197832175194 0.3365588726167759
10.430259459827699 0.3482569267835609
10.549672743853638 0.36000380027967144
10.67045315900961 0.3717992694196059
10.792616357218613 0.3836450730333418
10.916178169598382 0.39554498828342466
11.041154608512924 0.4075049015210056
11.16756186964758 0.41953287551167434
11.295416334107804 0.43163921451169013
11.424734570542002 0.4438365288153661
11.555533337288656 0.4561398005269816
11.687829584548036 0.4685648441472682
11.821640456578772 0.4811145666637634
11.956983293919587 0.49378422591335197
12.093875635636444 0.5065689589240211
12.232335221595438 0.5194638702093842
12.372379994761703 0.5324640437586661
12.51402810352464 0.5455645550637362
12.657297904049758 0.5587604831519171
12.802207962657462 0.5720469225941116
12.94877705822905 0.5854189954587298
13.097024184640265 0.5988718631829402
13.246968553222718 0.6124007383339325
13.398629595253478 0.6260008962341312
13.552026964473166 0.6396676864256353
13.70718053963289 0.6533965439505944
13.864110427070324 0.6671830004257217
14.022836963315287 0.6810226948907004
14.183380717725157 0.694911384411867
14.345762495150442 0.7088449544242031
14.510003338630892 0.7228194287963774
14.676124532122454 0.736830979605302
14.844147603255465 0.7508759366084208
15.014094326124406 0.7649507964037116
15.185986724109616 0.7790522312691547
15.359847072731297 0.7931770976751873
15.535697902536189 0.8073224444654307
15.713562002017312 0.8214855207027167
15.893462420567118 0.8356637831791768
16.07542247146446 0.8498549035908475
16.259465734895766 0.8640567753789292
16.445616061010778 0.8782675202414583
16.633897573013304 0.8924854943207593
16.824334670287335 0.9067092940735876
17.016952031558965 0.9209377618323878
17.211774618094495 0.9351699910675451
17.408827676935168 0.9494053313619172
17.608136744168938 0.9636433931102892
17.809727648239672 0.9778840519576955
18.01362651329427 0.9921274529918004
18.21985976256808 1.0063740147057245
18.428454121809096 1.0206244327488427
18.639436622741332 1.034879683484169
18.852834606567868 1.0491410273719803
19.06867572751399 1.0634100122003192
19.286987956410908 1.0776884761839507
19.507799584320477 1.0919785509542517
19.73113922620145 1.1062824107798652
19.957035824617673 1.1205955005172072
20.185518653488764 1.1349054061697033
20.416617321883702 1.1491988506779165
20.650361777857874 1.1634620796281903
20.886782312334066 1.1776808660812155
21.12590956302777 1.1918405169260464
21.367774518417658 1.2059258808235311
21.61240852176124 1.2199213578006276
21.859843275156763 1.2338109105542543
22.11011084365134 1.247578077519892
22.363243659396428 1.2612059877563577
22.619274525850518 1.274677377693749
22.878236622030315 1.2879746097867386
23.14016350681024 1.301079693109942
23.405089123271477 1.313974305926219
23.673047803100488 1.3266398202522496
23.944074271038232 1.3390573284388116
24.218203649379962 1.3512076717756165
24.495471462526897 1.3630714711226117
24.775913641589636 1.3746291595610756
25.059566529044677 1.385861017048899
25.346466883443817 1.3967472070549152
25.63665188417791 1.4072678151373204
25.93015913629471 1.4174028894208517
26.227026675372343 1.4271324829167935
26.52729297244811 1.436436697618819
26.83099693900415 1.4452957302964557
27.13817793200978 1.453689919896407
27.448875759021956 1.461599796450311
27.76313068334373 1.4690061313756864
28.080983429242178 1.4758899890449988
28.402475187225637 1.4822327794859032
28.727647619381795 1.4880163120640297
29.056542864776468 1.493222849988059
29.389203544914608 1.497835165465564
29.725672769263397 1.5018365953270667
30.06599414083903 1.505211096925252
30.410211761856996 1.5079433041061818
30.758370239447515 1.510018583039968
31.11051469143592 1.5114230876895747
31.466690752189745 1.5121438146884978
31.82694457853219 1.5121686573909807
32.19132285572387 1.5114864588523342
32.55987280351247 1.5100870634918868
32.93264218225222 1.5079613671871994
33.3096792990929 1.50510139513731
33.69103301424021 1.5015068070992528
34.076752747287294 1.4971929277066849
34.46688848361929 1.4921779891630587
34.86149078089067 1.4864810584653623
35.26061077557727 1.4801219653008535
35.66430018960278 1.4731212299702579
36.072611337041664 1.4654999916256266
36.48559713089826 1.4572799370968352
36.903311089964056 1.4484832305655582
37.325807345752885 1.4391324443297944
37.75314064951613 1.4292504908856154
38.18536637933764 1.4188605565360763
38.62254054731043 1.4079860367200996
39.06471980679505 1.396650473236951
39.51196145976154 1.3848774935245791
39.96432346421489 1.3726907521329048
40.42186444170615 1.3601138745160202
40.88464368492882 1.347170403250511
41.352721165402976 1.3338837467705784
41.826157541246594 1.3202771306946925
42.30501416503659 1.3063735518028836
42.78935309175913 1.2921957347089161
43.279237086851715 1.27776609125715
43.77472963433655 1.2631066826603223
44.275894945047845 1.2482391843814324
44.78279796495246 1.2331848537507908
45.29550438356667 1.2179645002977617
45.81408064246849 1.2025984587661636
46.33859394390816 1.187106564772354
46.86911225951655 1.1715081330560617
47.40570433911395 1.1558219382657182
47.948439719619 1.1400661982126723
48.49738873406032 1.124258559521962
49.0526225206906 1.108416085601528
49.614213032205775 1.0925552468465607
50.182233045068976 1.0766919129914003
50.756756168942054 1.0608413475176481
51.337856856224185 1.0450182040242808
51.92561041170063 1.0292365244631334
52.52009300230099 1.0135097391415167
53.12138166697016 0.9978506683925253
53.729554326651304 0.9822715258131295
54.344689794384124 0.9667839229699967
54.966867785517735 0.9513988754735276
55.596168928041465 0.9361268103213654
56.23267477303294 0.9209775744140206
56.87646780522675 0.9059597037584939
57.527631453703194 0.89107762273784
58.186250102700285 0.8763344005846696
58.85240910254864 0.8617329210696043
59.5261947807325 0.8472758861293405
60.207694453076414 0.8329658192728637
60.89699643506094 0.8188050690837273
61.59419005326712 0.8047958128093566
62.299365656952425 0.7909400600285018
63.01261462975912 0.7772396563882374
63.734029401556626 0.7636962874021281
64.46370346041952 0.7503114823014355
65.20173136474263 0.7370866179314938
65.94820875549485 0.7240229226856402
66.70323236861327 0.7111214804693489
67.46690004753916 0.6983832346874854
68.23931075589745 0.6858089922478624
69.02056459032151 0.6733994275745522
69.81076279342459 0.6611550866246817
70.61000776691984 0.649076390902701
71.41840308489058 0.6371636414663973
72.23605350721247 0.6254170229191852
73.06306499312925 0.6138366073834804
73.89954471498405 0.6024223584502247
74.74560107210785 0.5911741350998947
75.6013437048669 0.5800916955905875
76.46688350887108 0.5691747013090324
77.3423326493447 0.5584227205806279
78.22780457566219 0.5478352324348544
79.1234140360498 0.5374116303226538
80.02927709245596 0.5271512257826065
80.94551113559162 0.5170532520529674
81.87223490014298 0.507116867626851
82.80956848015832 0.4973411597480786
83.75763334461087 0.4877251478454094
84.71655235314007 0.4782677869030952
85.68644977197292 0.46896797076589447
86.66745129002757 0.4598245353768791
87.65968403520141 0.4508362619465606
88.6632765908455 0.44200188005203933
89.67835901242773 0.43332007066506134
90.70506284438667 0.42478946910803717
91.74352113717839 0.4164086679372335
92.79386846451845 0.40817621975251595
93.85624094082137 0.40009063993315713
94.93077623883957 0.39215040929937856
96.01761360750447 0.38435397669942345
97.11689388997168 0.3766997615220909
98.22875954187289 0.369186156134781
99.35335464977665 0.36181152824722407
100.49082494986064 0.35457422320116455
101.64131784679728 0.347472566186393
102.8049824328564 0.3405048643835926
103.98196950722584 0.3336694090345864
105.17243159555326 0.32696447744063517
106.37652296971216 0.32038833488952384
107.59439966779415 0.31393923651225186
108.82621951432972 0.3076154290702115
110.07214214074048 0.3014151526737996
111.33232900602601 0.2953366424334642
112.60694341768753 0.2893781300442484
113.89615055289063 0.2835378453049435
115.20011747987047 0.2778140175730003
116.51901317958223 0.27220487715639097
117.8530085675996 0.26670865664365506
119.20227651626358 0.26132359217338774
120.56699187708459 0.2560479246444629
121.94733150340186 0.25087990086829776
123.34347427330192 0.24581777466449786
124.75560111279933 0.24085980790123226
126.18389501928246 0.2360042714817026
127.62854108522845 0.2312494462780789
129.08972652218952 0.22659362401428612
130.56764068505353 0.2220351080990312
132.06247509658206 0.21757221441045566
133.57442347223028 0.21320327203380604
135.10368174525055 0.20892662395350423
136.6504480920834 0.20474062770100582
138.21492295803864 0.20064365595981482
139.79730908327153 0.1966340971290223
141.3978115290561 0.19271035584672164
143.01663770435863 0.18887085347464594
144.6539973927156 0.18511402854535267
146.3101027794198 0.18143833717326754
147.98516847901755 0.17784225343088314
149.67941156312042 0.17432426969139175
151.39305158853531 0.17088289693900935
153.12631062571683 0.1675166650482262
154.87941328754593 0.16422412303320352
156.652586758437 0.1610038392685108
158.4460608237785 0.15785440168237527
160.26006789971106 0.15477441792359192
162.0948430632466 0.1517625082825525
163.9506240827316 0.14881702894608867
165.8276514486592 0.1459360107188731
167.72616840483465 0.14311752963300112
169.6464209798975 0.14035973082615325
171.58865801920427 0.1376608258698109
173.55313121707582 0.13501909021293995
175.54009514941475 0.13243286073561772
177.54980730669627 0.12990053340735852
179.58252812733596 0.12742056104516078
181.6385210314397 0.12499145116654463
183.71805245494045 0.12261176393309012
185.82139188412617 0.12028011018020851
187.9488118905621 0.11799514952909441
190.10058816641296 0.11575558857700548
192.27699956017014 0.11356017916220575
194.47832811278815 0.11140771670009428
196.7048590942338 0.10929703858720746
198.956881040454 0.10722702266994773
201.23468579076746 0.10519658577504336
203.5385685256845 0.10320468229889226
205.86882780515913 0.10125030285307998
208.2257656072789 0.09933247296349261
210.60968736739878 0.09745025182057145
213.02090201772268 0.09560273107837144
215.45972202733776 0.09378903370020347
217.92646344270676 0.09200831284874116
220.4214459286248 0.09025975081857636
222.94499280964516 0.0885425580093064
225.4974311119786 0.08685597193732277
228.07909160587204 0.08519925628456382
230.69030884847345 0.08357169998257043
233.33142122718775 0.08197261633026703
236.00277100352778 0.08040134214396548
238.7047043574675 0.07885723693815662
241.43757143230394 0.07733968213572688
244.20172638003268 0.07584808030629821
246.99752740724185 0.07438185443145516
249.82533682153172 0.07294044719567915
252.68552107846645 0.07152332030186567
255.57845082906366 0.07012995381035526
258.5045009678265 0.06875984550046088
261.4640506813258 0.06741251025352002
264.45748349733896 0.06608747945654832
267.4851873345523 0.06478430042561624
270.54755455283055 0.06350253584811189
273.64498200406246 0.062241763439345475
276.777871083589 0.06100170952653708
279.94662778222084 0.059782465304132636
283.15166273885035 0.05858415632755811
286.39339129366533 0.057406878457525255
289.67223354197364 0.05625069925113111
292.9886143886439 0.05511565933765346
296.3429636031683 0.054001773776262495
299.7357158753557 0.052909033393116034
303.16731087166386 0.05183740609554631
306.63819329217597 0.05078683816127925
310.1488129282291 0.04975725550084943
313.699624720702 0.048748564891589186
317.291088818971 0.04776065518177517
320.9236706405418 0.04679339846371203
324.59784093136216 0.04584665121472056
328.31407582682516 0.04492025540517319
332.07285691347204 0.04401403957288711
335.87467129140185 0.04312781986334481
339.7200116373939 0.042261401035359636
343.609376268753 0.04141457743194284
347.54326920788725 0.0405871339162582
351.5222002476246 0.03977884677267287
355.54668501727645 0.038989484573023835
359.61724504945727 0.03821880900832463
363.7344078476705 0.03746657568623005
367.8987069546685 0.03673253489466688
372.11068202159373 0.036016432332116655
376.3708788779111 0.035318009805110094
380.6798496021427 0.0346370058935563
385.0381525934128 0.033973156584591206
389.44635264380935 0.0333261958756805
393.90502101157506 0.032695856347758394
398.4147354951372 0.03208186970922472
402.9760805079854 0.031483967311658236
407.58964715440476 0.030901880638133965
412.25603330607646 0.030335341765057856
416.9758436795565 0.029784083798453105
421.74968991464164 0.02924784128565026
426.57819065363117 0.028726350603345923
431.46197162149565 0.0282193503230056
436.40166570696545 0.02772658155459258
441.4746161378143 0.027190186297721495
446.60653707243506 0.02666416808177883
451.79811401335087 0.026148326153724408
457.05004043170584 0.025642463644263667
462.36301785990014 0.02514638749271255
467.73775598529426 0.024659908373316837
473.1749727450102 0.024182840622996516
478.6753944218274 0.023715002170488313
484.23975574119794 0.023256214466858518
489.8687999693906 0.02280630241736055
495.5632790127694 0.02236509431461084
501.32395351823465 0.021932421773056782
507.15159297482336 0.02150811966471362
513.0469758164985 0.021092026056143413
519.0108895261259 0.020683982146653877
525.0441307406645 0.020283832207692826
531.14750535758 0.01989142352341444
537.3218286424894 0.01950660633239636
543.5679253380661 0.019129233770483315
549.8866297742006 0.018759161814737132
556.2787859794526 0.018396249228470787
562.7452477937882 0.01804035750734607
569.2868789826349 0.017691350826513647
575.904553352262 0.017349095988776132
582.5991548664956 0.0170134623737538
589.3715777648002 0.016684321888033718
596.2227266817241 0.016361548916283504
603.1535167677376 0.016045020273310423
610.1648738114787 0.015734615157048326
617.2577343634111 0.01543021510245405
624.4330458609302 0.015131703936295312
631.6917667549133 0.014838967732814042
639.034866637751 0.014551894770246642
646.4633263728564 0.014270375488185938
653.9781382256903 0.013994302445767787
661.5803059962997 0.013723570280666616
669.2708451534035 0.01345807566888436
677.0507829700372 0.013197717285317054
684.9211586607669 0.012942395765084564
692.8830235205099 0.01269201366560827
700.9374410649573 0.012446475429422543
709.0854871726362 0.012205687347705413
717.3282502286245 0.011969557524515027
725.6668312699272 0.01173799584171785
734.1023441325555 0.011510913924595365
742.635915600302 0.011288225108116287
751.2686855552593 0.011069844403860893
760.0018071300744 0.010855688467585792
768.8364468619836 0.010645675567415728
777.7737848486349 0.010439725552650773
786.815014905717 0.010237759823177373
795.9613447264296 0.010039701299470637
805.2139960427974 0.009845474393177322
814.5742047888696 0.009655004978267746
824.0432212658067 0.00946822036274593
833.6223103088927 0.009285049260906826
843.3127514564898 0.009105421766130457
853.1158391209484 0.008929269324202271
863.0328827615166 0.008756524707149646
873.0652070592464 0.008587121987584639
883.2141520939427 0.008420996513542915
893.4810735231688 0.008258084883809604
903.8673427633228 0.00809832492372251
914.3743471728346 0.007941655661443187
925.0034902374761 0.007788017304687469
935.7561917578406 0.007637351217905783
946.6338880389875 0.007489599899905163
957.6380320823058 0.007344706961904109
968.7700937795938 0.007202617106011984
980.0315601094044 0.007063276104124828
991.4239353356731 0.006926630777229295
1002.9487412086454 0.00679262897510713
1014.6075171681537 0.0066612195564321845
1026.401820549243 0.006532352369252565
1038.3332267901972 0.006405978231850227
1050.4033296429825 0.006282048913970999
1062.6137413861288 0.006160517118417658
1074.966093040099 0.0060413364629991065
1087.4620345851454 0.005924461462828826
1100.1032351817187 0.005809847512965596
1112.8913833934173 0.0056974508713903416
1125.828187412549 0.005587228642312007
1138.9153752882964 0.005479138759796579
1152.1546951575478 0.005373139971712794
1165.5479154784086 0.005269191823988344
1179.096825266418 0.005167254645170758
1192.8032343335278 0.0050672895312869224
1206.6689735298426 0.004969258330995499
1220.695894988181 0.004873123631026643
1234.8858723714795 0.004778848741903293
1249.2408011230623 0.004686397683938797
1263.7625987198353 0.004595735173505377
1278.4532049284073 0.00450682660956829
1293.3145820642053 0.0044196380604803725
1308.3487152535838 0.0043341362510322615
1323.5576126990002 0.004250288549752932
1338.9433059472547 0.004168062956456045
1354.5078501608593 0.004087428090027209
1370.2533243925632 0.004008353176447436
1386.1818318630555 0.003930808037048376
1402.2955002419162 0.0038547630769947276
1418.5964819318128 0.0037801892739894585
1435.0869543560136 0.0037070581671975805
1451.7691202492447 0.0036353418463841197
1468.6452079519117 0.003565012941262306
1485.7174717077667 0.0034960446110477816
1502.988191965009 0.0034284105342149347
1520.4596756809046 0.00336208489845134
1538.1342566299431 0.0032970423908066046
1556.0142957155724 0.003233258188031762
1574.1021812855547 0.0031707079471055585
1592.4003294509973 0.0031093677959440546
1610.9111844090912 0.0030492143242898547
1629.637218769588 0.002990224574777754
1648.5809338850927 0.00293237603417307
1667.7448601851754 0.002875646624779567
1687.1315575143797 0.0028200146960135983
1706.7436154741636 0.0027654590161412017
1726.5836537687958 0.0027119587641751017
1746.6543225552994 0.0026594935219284477
1766.9583027974386 0.0026080432662222777
1787.4983066238365 0.0025575883612437627
1808.2770776902555 0.0025081095510522326
1829.2973915460732 0.0024595879522302357
1850.5620560050434 0.002412005046676738
1872.0739115203387 0.0023653426745397763
1893.8358315639828 0.00231958302728576
1915.8507230106613 0.0022747086409029746
1938.1215265260291 0.0022307023892364484
1960.6512169594969 0.0021875474774518326
1983.442803741608 0.0021452274356257304
2006.4993312860317 0.002103726112459956
2029.823879396211 0.002063027669117513
2053.4195636767668 0.0020231165731777034
2077.289535949655 0.0019839775927082545
2101.43698467518 0.0019455957904521155
2125.8651353779046 0.001907956518126679
2150.577251077487 0.0018710454108333326
2175.5766327245606 0.0018348483815751352
2200.8666196416493 0.0017993516158805796
2226.4505899692235 0.0017645415665313235
2252.3319611169477 0.0017304049483919562
2278.514190220159 0.0016969287333397677
2305.000774601654 0.0016641001452926084
2331.7952522388523 0.001631906655332957
2358.9012022363927 0.001600335976926266
2386.322245304201 0.001569376061231895
2414.062044241148 0.0015390150925046746
2442.1243044242983 0.0015092414835854834
2470.5127743038643 0.0014800438714790557
2499.23124590392 0.0014514111130173159
2528.2835553289055 0.0014233322806066389
2557.6735832760633 0.0013957966580573692
2587.405255553784 0.0013687937364940202
2617.482543606013 0.0013423132103446097
2647.909465042744 0.0013163449734075604
2678.690084176671 0.0012908791149946997
2709.8285125660786 0.0012659059161489014
2741.3289095640544 0.0012414158459348658
2773.195482874087 0.0012173995578016554
2805.432489112096 0.0011938478860156498
2838.0442343750365 0.0011707518421624466
2871.0350748160727 0.0011481026117164746
2904.4094172264636 0.0011258915506769693
2938.1717196242134 0.0011041101822689943
2972.3264918495393 0.0010827501937083425
3006.878296167299 0.0010618034330289637
3041.831747876383 0.0010412619059718057
3077.191515926213 0.0010211177729338389
3112.962323540414 0.001001363345976087
3149.148948847717 0.000981991085889551
3185.7562255201924 0.000962993599317914
3222.7890434189276 0.0009443636359358715
3260.2523492471987 0.0009260940856820784
3298.151147211214 0.0009081779760456262
3336.4904996885816 0.0008906084694049868
3375.2755279044995 0.000873378860418483
3414.5114126158396 0.0008564825734652058
3454.2033948031826 0.0008399131601354413
3494.356776370867 0.0008236642967696807
3534.976920855222 0.0008077297820451968
3576.0692541409862 0.0007921035346093393
3617.6392651860856 0.0007767795907586109
3659.692506754839 0.0007617521021626317
3702.234596159651 0.0007470153336321498
3745.2712160113792 0.0007325636609302247
3788.80811497837 0.0007183915686257554
3832.851108554356 0.0007044936479885409
3877.406079835274 0.0006908645949250491
3922.4789803051 0.0006774992079541275
3968.075830630817 0.0006643923862218859
4014.2027214666427 0.000651539127554967
4060.8658142676054 0.0006389345265514758
4108.071342112541 0.0006265737727088669
4155.825610536716 0.0006144521485880187
4204.13499837407 0.0006025650280128441
4253.005958609285 0.0005909078743047315
4302.445019239766 0.0005794762385511229
4352.458784147597 0.0005682657579076195
4403.053933981693 0.0005572721539329034
4454.237227050152 0.0005464912309558902
4506.015500223009 0.0005359188744744693
4558.395669845494 0.000525551049585212
4611.384732661881 0.0005153837994434639
4664.989766750075 0.0005054132437532386
4719.217932467094 0.0004956355772863043
4774.076473405506 0.0004860470684299406
4829.572717361018 0.00047664405776277555
4885.714077311288 0.00046742295665817927
4942.508052406111 0.00045838024591468443
4999.962228969134 0.0004495124744128905
5058.084281511221 0.00044081625779835115
5116.881973755576 0.0004322882771899546
5176.36315967478 0.00042392527791328295
5236.535784539908 0.00041572406825847176
5297.407885981822 0.00040768151826211244
5358.987595064821 0.00039979455851270367
5421.283137372748 0.00039206017897922826
5484.302834107717 0.00038447542786238436
5548.055103201653 0.00037703741046803666
5612.548460440707 0.0003697432881024728
5677.791520602784 0.00036259027698902057
5743.792998608261 0.0003555756472056291
5810.56171068408 0.00034869672164300887
5878.106575541399 0.0003419508749829188
5946.436615566937 0.00033533553269621816
6015.560958028106 0.0003288481700603157
6085.48883629225 0.0003224863111956101
6156.229591059955 0.0003162475281205822
6227.792671612769 0.00031012943982516633
6300.1876370754035 0.00030412971136203995
6373.424157692608 0.0002982460529555046
6447.512016120855 0.00029247621912760035
6522.461108735103 0.00028681800784112303
6598.281446950695 0.0002812692596592294
6674.983158560668 0.00027582785692129155
6752.576489088573 0.0002704917229346989
6831.07180315702 0.00026525882118230064
6910.479585872155 0.00026012715454517004
6990.810444224246 0.00025509476454041354
7072.0751085044685 0.00025015973057372436
7154.284433738285 0.0002453201692063886
7237.449401135357 0.00024057423343648408
7321.581119556402 0.00023592011199397532
7406.690826997082 0.0002313560286494461
7492.789892089122 0.0002268802415362116
7579.889815618875 0.00022249104248554043
7668.00223206357 0.0002181867563747351
7757.138911145389 0.00021396574048783136
7847.3117594036485 0.00020982638388865633
7938.532821785209 0.00020576710680602438
8030.81428325338 0.00020178636003082224
8124.168470415565 0.00019788262432475634
8218.607853169786 0.00019405440984054392
8314.14504637039 0.00019030025555331553
8410.792811513076 0.00018661872870301963
8508.564058439517 0.00018300842424761815
8607.471847061812 0.000179467964326853
8707.529389107007 0.0001759959977363926
8808.750049881846 0.00017259119941214892
8911.147350058041 0.0001692522699245709
9014.73496747834 0.00016597793498272285
9119.52673898354 0.0001627669449479552
9225.536662260793 0.00015961807435698228
9332.778897713335 0.00015653012145419115
9441.267770351971 0.00015350190773299533
9551.01777170858 0.00015053227748605992
9662.043561771821 0.0001476200973642324
9774.359970945381 0.00014476425594400194
9887.982002028952 0.00014196366330332817
10002.924832222227 0.00013921725060567897
10119.203815152243 0.0001365239696921093
10236.834482924221 0.00013388279268123786
10355.832548196388 0.00013129271157695668
10476.213906278661 0.00012875273788373533
10597.994637255997 0.00012626190222936448
10721.191008136264 0.00012381925399499802
10845.819475023116 0.00012142386095235241
10971.896685314225 0.00011907480890792444
11099.43947992484 0.0001167712013540948
11228.464895537425 0.00011451215912697617
11358.99016687733 0.0001122968200708856
11491.032729014914 0.00011012433870930436
11624.610219694561 0.00010799388592220447
11759.740481690507 0.00010590464862961998
11896.44156519029 0.00010385582948133574
12034.731730205916 0.0001018466465525813
12174.629449012706 9.987633304561496e-05
12316.15340861708 9.794413699707361e-05
12459.322513252437 9.60493209909925e-05
12604.155886904404 9.419116187737069e-05
12750.672875865423 9.236895049618337e-05
12898.893051318802 9.058199140673515e-05
13048.83621195307 8.882960262224538e-05
13200.522386606566 8.711111534957176e-05
13353.971836942806 8.542587373396752e-05
13509.205060157063 8.377323460877476e-05
13666.242791714134 8.215256724996539e-05
13825.106008118224 8.056325313542539e-05
13985.815929714874 7.900468570889791e-05
14148.39402352547 7.747627014849449e-05
14312.862006114834 7.597742313968152e-05
14479.241846491877 7.450757265266174e-05
14647.555769044242 7.306615772406083e-05
14817.826256506934 7.165262824283677e-05
14990.076052965438 7.02664447403332e-05
15164.328166893916 6.890707818439147e-05
15340.60587422841 6.757400977744863e-05
15518.932721476067 6.626673075853981e-05
15699.332528860372 6.498474220913129e-05
15881.829393502921 6.372755486270969e-05
16066.447692642361 6.2494688918055e-05
16253.21208689041 6.12856738561271e-05
16442.147523526055 6.0100048260492544e-05
16633.27923982789 5.893735964122755e-05
16826.632766445175 5.779716426222614e-05
17022.233930808263 5.6679026971849596e-05
17220.108860578322 5.5582521036853485e-05
17420.28398713748 5.450722797952525e-05
17622.78604911956 5.345273741797358e-05
17827.642095981333 5.241864690950912e-05
18034.879491616197 5.1404561797051294e-05
18244.52591800893 5.041009505851085e-05
18456.6093789335 4.9434867159083026e-05
18671.158203693805 4.847850590639945e-05
18888.201050907584 4.754064630848305e-05
19107.76691233466 4.662093043444911e-05
19329.885116749527 4.571900727790288e-05
19554.58533385892 4.483453262297913e-05
19781.897578265154 4.3967168912972335e-05
20011.852213475122 4.311658512151099e-05
20244.47995595629 4.2282456626221494e-05
20479.81187923964 4.146446508483707e-05
20717.87941807034 4.0662298313704256e-05
20958.714372606802 3.987565016863812e-05
21202.34891266822 3.9104220428084155e-05
21448.815582031835 3.834771467853969e-05
21698.14730277996 3.7605844202191446e-05
21950.377379697566 3.6878325866728175e-05
22205.539504721175 3.616488201728327e-05
22463.66776143903 3.546524037046945e-05
22724.796629644028 3.4779133910462695e-05
22988.960989939376 3.4106300787096065e-05
23256.196128397736 3.344648421592621e-05
23526.537741274806 3.279943238023165e-05
23800.021939777205 3.2164898334908434e-05
24076.685254886266 3.1542639912224254e-05
24356.564642237645 3.0932419629395876e-05
24639.69748705768 3.033400459795462e-05
24926.12160915736 2.9747166434865125e-05
25215.875267983844 2.9171681175364343e-05
25508.997167731177 2.8607329187485568e-05
25805.5264625104 2.8053895088236685e-05
26105.502761579286 2.7511167661400515e-05
26408.96613463342 2.6978939776924227e-05
26715.957117158498 2.645700831186939e-05
27026.516715844835 2.5945174072890454e-05
27340.686414065127 2.544324172021326e-05
27658.508177415286 2.4951019693084764e-05
27980.02445932029 2.446832013666395e-05
28305.278206704887 2.3994958830328097e-05
28634.31286573021 2.3530755117365555e-05
28967.172387597402 2.3075531836028195e-05
29303.901234418096 2.262911525191912e-05
29644.544385153713 2.2191334991686986e-05
29989.147341623553 2.1762023978003576e-05
30337.75613458267 2.1341018365799652e-05
30690.417329870725 2.0928157479733586e-05
31047.178034631743 2.0523283752870545e-05
31408.08590360671 2.012624266654758e-05
31773.18914549907 1.9736882691401846e-05
32142.5365294142 1.9355055229540325e-05
32516.17739137405 1.8980614557827504e-05
32894.16164090689 1.8613417772271e-05
33276.539767714276 1.82533247334827e-05
33663.3628484152 1.7900198013194828e-05
34054.682553368686 1.7553902841811237e-05
34450.55115357594 1.7214307056972677e-05
34851.02152766215 1.68812810531178e-05
35256.14716893998 1.6554697732019633e-05
35665.98219255529 1.623443245427862e-05
36080.58134271488 1.592036299175504e-05
36499.99999999999 1.5612369480920356e-05
