"t (day)" "dm/dt (M_sun/yr)"
11.333777861724188 1.665059314682513e-05
11.463605541484062 2.0948414194206405e-05
11.594920388774264 2.708066387423416e-05
11.727739439001 3.5865724184806675e-05
11.862079922709954 4.852186406146467e-05
11.997959267821578 6.685876587126269e-05
12.135395101891982 9.355514434011662e-05
12.274405254399799 0.00013255339655026164
12.415007759059156 0.0001896065560128196
12.55722085615918 0.0002730112683759469
12.701062994930323 0.0003945462871081364
12.846552835937763 0.0005705989209001362
12.993709253502198 0.0008233888089538132
13.142551338148458 0.0011820760945955946
13.293098399082055 0.0016833630938892284
13.445369966694196 0.0023709778261117157
13.59938579509543 0.00329354803591757
13.755165864678345 0.004506763098251957
13.912730384709599 0.006075443633412162
14.07209979595169 0.00806990439575123
14.233294773314682 0.010563321539231429
14.396336228538393 0.013628213055372923
14.561245312905244 0.017331981749884436
14.72804341998419 0.021731665627882618
14.896752188406118 0.026868156951931885
15.067393504671026 0.03276026446571396
15.239989505987294 0.03939920603505448
15.414562583143598 0.04675429558225832
15.591135383413617 0.054786886977979316
15.769730813494045 0.06344472397903549
15.9503720424763 0.07266426850520706
16.133082504852215 0.08237501924694467
16.317885903554167 0.09250433925709654
16.504806213030086 0.1029824829704462
16.693867682353623 0.1137475399491767
16.88509483836995 0.12475006812789331
17.07851248887766 0.13595726468450142
17.274145725847053 0.14735660854539967
17.47201992867526 0.15895899654293974
17.672160767478776 0.17080147908401724
17.874594206423584 0.18294977737001977
18.07934650709345 0.1955008323178052
18.286444231896905 0.2085652970361398
18.49591424751307 0.22216348838212557
18.707783728377144 0.23627456712024325
18.922080160205677 0.2508714735097443
19.138831343562316 0.2659205874734315
19.35806539746429 0.281381396532586
19.579810763030373 0.2972062241798621
19.80409620717044 0.3133400310693425
20.030950826317447 0.3297203014939238
20.260404050202084 0.34627702741158334
20.492485645670662 0.3629347611043637
20.72722572054674 0.37964099180937727
20.964654727537045 0.3963653918816532
21.204803468182025 0.4130812945522411
21.44770309685177 0.4297655337536345
21.693385124787632 0.44639874735075963
21.94188142419015 0.46296564024773224
22.193224232353813 0.47945520846398504
22.447446155849224 0.49586092623708344
22.704580174753072 0.5121808990872079
22.964659646926687 0.5284179865626076
23.227718312343505 0.5445798990732801
23.493790297466102 0.5606792738132946
23.762910119673474 0.576733735275831
24.035112691738927 0.5927659462880461
24.31043332635924 0.6088035152272535
24.58890774073586 0.6248442310491136
24.87057206120842 0.6408052041254259
25.155462827941363 0.6565852186094617
25.443616999664357 0.6720756052080615
25.73507195846684 0.6871606383374823
26.02986551464766 0.7017181062531721
26.328035911620148 0.7156200660218812
26.629621830873415 0.7287337924271098
26.93466239699046 0.7409229263729737
27.243197182723858 0.7520488240710489
27.555266214129393 0.7619792390823087
27.870909975758742 0.770620943891035
28.190169415911438 0.7778975947559951
28.513085951947108 0.7837388733273905
28.839701475658458 0.7880813945592549
29.17005835870599 0.7908695877567241
29.504199458114726 0.7920565295513025
29.84216812183414 0.7916047139456338
30.18400819436159 0.7894867447390269
30.52976402243029 0.785685936126713
30.879480460762323 0.7801968080712746
31.233202877887713 0.7730254641779175
31.590977162029958 0.764189841261836
31.952849727059178 0.7537198215623213
32.31886751851331 0.7416572006116927
32.68907801968835 0.7280606263865506
33.063529257798294 0.713118565318204
33.44226981020575 0.6971371438685898
33.82534881072379 0.6804131382362346
34.21281595599009 0.6632249471364927
34.60472151191408 0.6458303019616092
35.001116320197795 0.6284649909094869
35.402051804931716 0.6113424827616604
35.8075799792658 0.5946543272724746
36.217753452157304 0.5785712086679577
36.63262543519557 0.563244212355281
37.05224974950525 0.5487518509811804
37.476680832728356 0.5350478059997616
37.905973746086595 0.5220744347315255
38.34018418152427 0.5097784086937855
38.77936846893329 0.49811031991244553
39.22358358346077 0.48702432693264747
39.672887152900394 0.4764778363275203
40.12733746516837 0.46643121599583703
40.58699347586523 0.45684753696992436
41.05191481592395 0.44769234083260795
41.522161799346 0.43893343017306286
41.99779543102573 0.43054067980214666
42.47887741466457 0.42248586670311106
42.9654701607757 0.41474251691796704
43.45763679478077 0.40728576776698827
43.95544116519882 0.4000922439721958
44.4589478519296 0.39313994640799854
44.968222174631315 0.38640815233601084
45.48333020119458 0.3798773260985205
46.00433875631331 0.373529039348107
46.531315430153896 0.36734589998109124
47.06432858712366 0.3613114890213277
47.60344737473973 0.35541030476958607
48.14874173259946 0.34962771359351874
48.700282401453734 0.343949906784999
49.25814093238402 0.3383641269211308
49.82238969608473 0.3328638260163508
50.39310189225185 0.327447931920356
50.97035155907907 0.3221155789171024
51.554213582862694 0.3168658947982824
52.14476370771666 0.3116980015436946
52.7420785453987 0.30661101598165597
53.346235585249175 0.3016040504296438
53.95731320424381 0.2966762133153706
54.5753906771614 0.29182660977850516
55.20054818686814 0.28705434225326515
55.832866834719596 0.28235851103211856
56.47242865108215 0.2777382148108359
57.119316605974504 0.27319255121515384
57.77361461983158 0.26872061730930896
58.435407574391284 0.2643215100867164
59.10478132370633 0.2599943269430683
59.781822705281826 0.25573816613214095
60.46661955134093 0.2515521272045975
61.159260700219015 0.2474353114300846
61.85983600788882 0.24338682220292138
62.56843635961733 0.2394057654316881
63.28515368175629 0.2354912499130202
64.0100809536677 0.2316423876899198
64.74331221978609 0.22785829439489702
65.48494260181876 0.2241380895782602
66.23506831108595 0.22048086881267653
66.99378666100225 0.21688554332289656
67.76119607970097 0.21335096448334678
68.53739612280324 0.20987600721522195
69.32248748633322 0.20645956972925392
70.11657201978149 0.20310057299535966
70.9197527393178 0.19979796022534912
71.73213384115536 0.19655069636834746
72.55382071506817 0.1933577676185972
73.3849199580631 0.19021818093531367
74.2255393882087 0.1871309635742758
75.07578805862249 0.1840951626308459
75.93577627161825 0.18110984459411947
76.80561559301552 0.178174094911911
77.68541886661285 0.17528701756629758
78.57530022882727 0.17244773465943986
79.47537512350077 0.16965538600941868
80.38576031687707 0.16690912875582226
81.30657391274949 0.16420813697483547
82.2379353677826 0.16155160130358243
83.17996550700904 0.15893872857348604
84.13278653950447 0.15636874145240862
85.09652207424125 0.15384087809535218
86.07129713612454 0.15135439180349453
87.05723818221152 0.1489085506913503
88.05447311811666 0.1465026373618477
89.06313131460475 0.1441359485891184
90.08334362437431 0.14180779500880508
91.11524239903272 0.13951750081569608
92.15896150626652 0.1372644034684966
93.21463634720769 0.13504785340156183
94.28240387399931 0.13286721374341098
95.3624026075622 0.13072186004185296
96.4547726555652 0.1286111799955563
97.55965573060132 0.12653457319190142
98.67719516857203 0.12449145085095692
99.80753594728206 0.12248123557542745
100.95082470524753 0.12050336110642136
102.10720976071872 0.11855727208489586
103.27684113092207 0.11664242381863428
104.45987055152136 0.11475828205462064
105.65645149630245 0.11290432275667672
106.86673919708326 0.11108003188822972
108.09089066385202 0.1092849052000846
109.32906470513613 0.10751844802307724
110.5814219486039 0.10578017506548806
111.84812486190336 0.10406961021509725
113.12933777373861 0.10238628634577013
114.4252268951884 0.10072974512845922
115.7359603412681 0.09909953684651626
117.06170815273984 0.09749522021520665
118.40264231817139 0.09591636267896074
119.75893679624826 0.09436255497682576
121.13076753834127 0.09283341273112963
122.51831251133257 0.09132855821634007
123.92175172070328 0.08984761916999214
125.34126723388559 0.08839022872061099
126.77704320388172 0.08695602531644175
128.22926589315483 0.0855446526549792
129.69812369779237 0.08415575961329384
131.18380717194614 0.08278900017914692
132.68650905255365 0.08144403338288694
134.20642428434115 0.08012052323012375
135.74375004511396 0.07881813863517319
137.29868577133618 0.07753655335526548
138.87143318400348 0.07627544592551205
140.46219631481227 0.07503449959462422
142.07118153262857 0.0738134022613776
143.69859757026043 0.07261184641181599
145.34465555153594 0.07142952905718895
147.00956901869324 0.07026615167261605
148.6935539600828 0.06912142013647211
150.3968288381869 0.06799504467048832
152.1196146179617 0.06688673978055981
153.8621347955022 0.06579622419825791
155.62461542703647 0.06472322082303719
157.40728515825188 0.0636674566651329
159.21037525395698 0.06262866278914286
161.0341196280836 0.06160657425828623
162.87875487403215 0.06060093007933469
164.7445202953652 0.05961147314820834
166.63165793685124 0.058637950196232275
168.54041261586622 0.0576801117370448
170.47103195415303 0.0567377120141539
172.42376640994482 0.055810508949135126
174.39886931045783 0.054898264090463576
176.39659688475473 0.05400074256297572
178.41720829698528 0.053117713017954066
180.4609656800074 0.05224894758382902
182.52813416939384 0.05139422181749168
184.61898193782773 0.050553314656211885
186.73378022989291 0.049726008370155665
188.8728033972615 0.04891208851549594
191.03632893428653 0.04811134388811048
193.22463751400062 0.04732356647786187
195.43801302452692 0.046548551423453315
197.67674260590894 0.04578609696785391
199.94111668736025 0.045036004414288906
202.23142902494206 0.04429807808278777
204.5479767396718 0.04357212526728591
206.89106035606875 0.042857956193272526
209.26098384114067 0.04215538397598065
211.65805464381748 0.04146422457911285
214.08258373483653 0.04078429677409702
216.53488564708388 0.040115422099867105
219.01527851639972 0.039457424823162626
221.52408412284944 0.038810131899342376
224.0616279324672 0.0381733729337059
226.62823913947977 0.03754698014331785
229.22425070901204 0.03693078831932978
231.8499994202824 0.036324634789794016
234.50582591029303 0.03572835938296382
237.19207471802065 0.035141804391075546
239.90909432911323 0.034564814534606206
242.65723722109885 0.03399723692700252
245.43685990911288 0.033438921039875336
248.24832299214722 0.03288971866865474
251.09199119983256 0.03234948389870035
253.96823343975254 0.03181807307186238
256.8774228453036 0.03129534475348756
259.81993682410047 0.030781159699865404
262.79615710693724 0.030275380826110213
265.8064697973092 0.029777873174472797
268.85126542150175 0.0292885038830783
271.9309389792531 0.02880714215508394
275.0458899949976 0.02833365922825337
278.19652256969596 0.027867928344941083
281.3832454332579 0.027409824722484082
284.6064719975684 0.026959225523994077
287.8666204101181 0.026516009829547167
291.164113608249 0.026080058607765837
294.4993793740233 0.025651254687787915
297.87285038971834 0.02522948273161928
301.28496429395835 0.024814629206864676
304.73616373848944 0.02440658235983284
308.22689644560415 0.024005232189011082
311.7576152662245 0.023610470418905072
315.32877823865005 0.023222190474239544
318.9408486479792 0.022840287454515405
322.5942950862097 0.02246465810891922
326.2895915130309 0.022095200811580288
330.0272173173091 0.021731815537171826
333.80765737927766 0.021374403836851644
337.6314021334419 0.021022868814537913
341.498947632202 0.020677115103516656
345.4107956102055 0.020337048843376244
349.36745354943776 0.02000257765726514
353.3694347450564 0.01967361062946892
357.4172583719816 0.019350058283302527
361.511449552248 0.01903183255931391
365.652539423129 0.018718846793795024
369.8410652060394 0.01841101569759678
374.0775702762314 0.018108255335243396
378.3626042332836 0.017810483104343272
382.6967229724026 0.017517617715291728
387.0804887565377 0.017229579171262867
391.5144702893233 0.01694628874848616
395.9992427888565 0.01666766897680441
400.53538806231995 0.016393643620509622
405.1234945814591 0.016124137659453086
409.7641575589247 0.015859077270426146
414.45797902548964 0.015598389808808252
419.20556790814845 0.015342003790478983
424.0075401091155 0.015089848873990225
428.86451858572457 0.01484185584299556
433.7771334312435 0.01459795658893358
438.7460219566183 0.01435808409396117
443.77182877314937 0.01412217241413434
448.85520587611734 0.013890156662832843
453.99681272936584 0.01366197299442562
459.1973163508533 0.013437558588173675
464.45739139918527 0.013216851632367644
469.77772026113695 0.012999791308696482
475.15899314017975 0.012786317776844674
480.601908146019 0.012576372159314684
486.10717138516225 0.012369896526471566
491.67549705252065 0.012166833881807119
497.30760752405945 0.011967128147420392
503.00423345051473 0.01177072414971162
508.7661138521781 0.01157756760528695
514.5939962147698 0.011387605107070972
520.4886365864104 0.011200784110624277
526.4507996757013 0.011017052920663293
532.481258950931 0.010836360677779698
538.5807967404165 0.010658657345356645
544.7502043339932 0.010483893696679243
550.9902820856707 0.010312021302236426
557.3018395174612 0.010142992517211855
563.6856954243966 0.009976760469161287
570.1426779807538 0.009813279045873423
576.6736248474909 0.00965250288341235
583.2793832809174 0.00949438735433862
589.9608102426075 0.009338888556106725
596.7187725105747 0.009185963299636418
603.5541467917169 0.009035569098055599
610.4678198355521 0.00888766415561228
617.4606885492565 0.00874220735675332
624.5336601140167 0.00859915825536778
631.6876521027224 0.008458477064192185
638.9235925990001 0.008320124644375914
646.2424203176115 0.00818406249520429
653.645084726236 0.008050252743976943
661.1325461686419 0.007918658136039685
668.7057759892725 0.0077892420249674
676.3657566592576 0.007661968362896031
684.1134819038695 0.00753680169100144
691.9499568314376 0.007413707130123069
699.8761980637414 0.007292650371530549
707.8932338678968 0.00717359766783091
716.0021042897494 0.007056515824014658
724.2038612888039 0.006941372188638645
732.4995688746919 0.006828134645143754
740.8903032452033 0.006716771603305602
749.3771529259046 0.006607251990816157
757.9612189113509 0.006499545244994611
766.6436148079172 0.006393621304625488
775.4254669782661 0.006289450601922313
784.3079146874705 0.006187004054614858
793.2921102508102 0.006086253058158351
802.379219183261 0.00598716947806278
811.5704203506937 0.0058897256423406505
820.8669061228127 0.005793894334071334
830.2698825278388 0.005699648784080496
839.7805694089645 0.005606962663732853
849.4002005826079 0.005515810077836517
859.1300239984726 0.005426165557657477
868.9713019014434 0.005338004054042532
878.9253109953378 0.0052513009306490105
888.9933426085312 0.005166031957279894
899.1767028614806 0.005082173303322587
909.4767128361672 0.004999701531290054
919.8947087474797 0.004918593590462577
930.4320421165584 0.004838826810628841
941.0900799461314 0.004760378895924792
951.8702048978538 0.004683227918768813
962.7738154716757 0.004607352313891908
973.8023261872752 0.0045327308724613345
984.957167767559 0.0044593427362963995
996.2397873242711 0.004387167392175044
1007.6516485457248 0.004316184666229849
1019.194231886687 0.004246374718432098
1030.8690347604365 0.004177718037162696
1042.6775717330227 0.004110195433868503
1054.6213747197503 0.0040437880378029305
1066.7019931839104 0.0039784772908494975
1078.920994337798 0.003914244942427034
1091.2799633460174 0.0038510730444754654
1103.7805035311328 0.003788943946520812
1116.4242365816615 0.0037278402908182983
1129.2128027624562 0.0036677450075723954
1142.1478611274956 0.0036086413102325984
1155.2310897351138 0.0035505126908637985
1168.649649213454 0.003492108693514778
1182.2240716529573 0.003434665410069167
1195.956167476172 0.003378167037307218
1209.8477681345705 0.0033225980319635242
1223.9007263528033 0.0032679431064509368
1238.1169163758009 0.003214187224654757
1252.4982342187407 0.0031613155977961802
1267.0465979199234 0.003109313680363747
1281.7639477965752 0.003058167166111722
1296.6522467036311 0.0030078619841243295
1311.7134802955215 0.002958384294944664
1326.949657291002 0.0029097204867673454
1342.3628097410503 0.0028618571716937614
1357.9549932998846 0.0028147811820489494
1373.7282874991258 0.002768479566759
1389.6847960251491 0.0027229395877881113
1405.826646999645 0.0026781487166342246
1422.1559932634525 0.002634094630882301
1438.6750126636814 0.0025907652108143296
1455.3859083441776 0.0025481485360750143
1472.290909039348 0.0025062328823924392
1489.3922693714128 0.0024650067183525403
1506.692270151102 0.0024244587022267516
1524.1932186818533 0.002384577678851722
1541.8974490675287 0.0023453526765604875
1559.80732252372 0.0023067729041640027
1577.925227692661 0.0022688277479824006
1596.2535809618087 0.002231506768925056
1614.794826786106 0.0021947996996187036
1633.5514380140066 0.0021586964415827564
1652.5259162172752 0.0021231870624511284
1671.7207920246296 0.0020882617932397396
1691.1386254592405 0.002053911025658966
1710.7820062801693 0.00202012530947032
1730.6535543277607 0.0019868953498865705
1750.7559198730585 0.0019542120050146713
1771.091783971262 0.0019220662833407268
1791.663858819306 0.0018904493412563535
1812.4748881175824 0.0018593524806256897
1833.5276474358764 0.0018287671463924702
1854.8249445835327 0.0017986849242264378
1876.3696199839412 0.0017690975382084768
1898.1645470533608 0.0017399968485538409
1920.212632584155 0.0017113748493727786
1942.5168171324592 0.0016832236664680834
1965.080075410372 0.001655535555168781
1987.9054166826877 0.0016283028981995274
2010.9958851682509 0.0016015182035849808
2034.3545604459523 0.0015751741025887302
2057.984557865461 0.001549263347686047
2081.8890289627134 0.0015237788105700349
2106.0711618802457 0.0014987134801905551
2130.5341817923804 0.0014740604608254292
2155.2813513353794 0.0014498129701833384
2180.3159710425757 0.0014259643375379605
2205.6413797845776 0.0014025080018927826
2231.2609552145586 0.001379437510176104
2257.178114218745 0.0013567465154657415
2283.396313372123 0.001334428775242913
2309.919049399451 0.001312478149674868
2336.7498596416035 0.001290888599925753
2363.892322527357 0.0012696541864952796
2391.3500580506416 0.0012487690675846914
2419.126728253347 0.001228227497489638
2447.2260377137195 0.0012080238250194724
2475.651734040447 0.0011881524919425484
2504.407608372475 0.0011686080314571073
2533.4974958846433 0.0011493850666872898
2562.9252762991655 0.0011304783092039145
2592.69487440308 0.0011118825575695734
2622.810260571695 0.0010935926959076768
2653.2754512981255 0.001075603692494998
2684.0945097289605 0.0010579105983774297
2715.2715462061756 0.0010405085460084484
2746.810718815323 0.0010233927479100283
2778.7162339401084 0.0010065584953555303
2810.9923468233796 0.0009900011570743155
2843.64336213466 0.0009737161779776125
2876.6736345442587 0.0009576990779053783
2910.0875693040616 0.0009419454503937591
2943.8896228350472 0.0009264509614628262
2978.084303321649 0.000911211348424263
3012.6761713130063 0.0008962224187086447
3047.6698403312207 0.0008814800487120293
3083.0699774866407 0.0008669801826615089
3118.8813041003277 0.0008527188314994328
3155.1085963337337 0.0008386920717859684
3191.7566858257105 0.0008248960446197297
3228.830460336889 0.0008113269545761543
3266.3348644015696 0.000797981068663342
3304.2748999871724 0.0007848547152950784
3342.6556271613617 0.0007719442832807351
3381.4821647668878 0.0007592462208318016
3420.7596911043024 0.0007467570345847496
3460.493444622581 0.0007344732886399817
3500.6887246177916 0.0007223916036165648
3541.3508919398378 0.000710508655722549
3582.4853697074536 0.000698821175840542
3624.0976440314817 0.0006873259486283557
3666.19326474655 0.0006760198116344228
3708.777846151273 0.000664899654427781
3751.8570677570065 0.000653962417742361
3795.4366750453346 0.0006432050926353517
3839.522480234362 0.0006326247196594105
3884.120363053861 0.000622218388048488
3929.236271529473 0.0006119832349170527
3974.876222775989 0.0006019164444724734
4021.0463037998516 0.0005920152472403787
4067.7526723109954 0.0005822769193027311
4115.0015575440775 0.0005726987815484682
4162.7992610892825 0.0005632781989364379
4211.152157732779 0.0005540125797704799
4260.066696306906 0.0005448993749864217
4309.5494005502605 0.0005359360774508055
4359.606869977774 0.0005271202212711543
4410.245780760885 0.0005184493811175748
4461.472886617955 0.0005099211715555283
4513.295019714989 0.0005015332463895725
4565.719091576857 0.0004932832980179044
4618.7520940090935 0.0004851690567975052
4672.401100030374 0.000477188290419753
4726.6732648158595 0.00046933880329628016
4781.575826651479 0.00046161843595495417
4837.116107899296 0.0004540250644457784
4893.301515974114 0.0004465565997565763
4950.139544331373 0.0004392109872382824
5007.637773466567 0.00043198620603968746
5065.803871926271 0.00042488026855148285
5124.645597330869 0.0004178912198594479
5184.170797409208 0.0004110171372066375
5244.387411045238 0.00040425612946440597
5305.30346933683 0.0003976063366121468
5366.927096666894 0.0003910659292255722
5429.2665117869055 0.0003846331079734319
5492.330028913052 0.00037830610312249006
5556.12605883512 0.0003720831740506582
5620.663110038208 0.00036596260876813123
5685.949789837532 0.00035994272344640476
5751.994805526372 0.00035402186195503273
5818.806965537362 0.00034819839540601254
5886.395180617296 0.0003424707217056607
5954.76846501552 0.0003368372651138605
6023.935937686178 0.0003312964758105634
6093.906823504432 0.0003258468294694106
6164.690454496745 0.00032048682683838545
6236.296271085518 0.0003152149933273458
6308.733823348157 0.00031002987860235577
6382.012772290759 0.0003049300561866798
6456.142891136631 0.0002999141230683473
6531.134066629705 0.0002949806993141694
6606.996300353151 0.00029012842769010556
6683.739710063316 0.000285355973287875
6761.374531039087 0.0002806620231577095
6839.911117446994 0.00027604528594715033
6919.359943722149 0.00027150449154577993
6999.7316059652085 0.00026703839073580725
7081.036823355608 0.0002626457548483889
7163.286439581139 0.00025832537542561746
7246.49142428419 0.00025407606388805695
7330.662874524795 0.0002498966512077554
7415.812016260607 0.00024578598758663264
7501.95020584413 0.00024174294214016116
7589.088931537314 0.0002377664025862458
7677.2398150437375 0.00023385527493922565
7766.414613058624 0.00023000848320890737
7856.625218836792 0.0002262249691045489
7947.88366377888 0.00022250369174371562
8040.202119036 0.00021884362736591804
8133.59289713296 0.00021524376905097153
8228.068453610418 0.00021170312644197716
8323.641388686068 0.00020822072547286853
8420.32444893513 0.00020479560810043353
8518.13052899039 0.0002014268320407488
8617.072673261915 0.0001981134705099476
8717.164077676807 0.0001948546119692524
8818.418091439178 0.0001916493598742013
8920.848218810474 0.00018849683242799957
9024.468120910582 0.0001853961623389299
9129.291617539806 0.00018234649658174922
9235.332689022005 0.00017934699616301635
9342.605478069188 0.00017639683589027204
9451.124291667673 0.0001734952041450255
9560.903602986238 0.00017064130265946606
9671.958053306447 0.00016783434629685348
9784.302453975288 0.00016507356283551835
9897.951788380617 0.00016235819275641763
10012.921213949472 0.00015968748903418122
10129.226064169623 0.0001570607169315993
10246.881850634642 0.00015447715379748815
10365.904265112582 0.00015193608886788278
10486.309181638915 0.00014943682307049723
10608.112658633603 0.00014697866883240206
10731.33094104274 0.00014456094989087064
10855.980462505273 0.0001421830011073263
10982.077847544693 0.00013984416828436043
11109.639913786192 0.0001375438079857556
11238.68367419977 0.000135281287359468
11369.226339369097 0.00013305598396352625
11501.285319787035 0.00013086728559478825
11634.87822817762 0.00012871459012052058
11770.022881844992 0.00012659730531274532
11906.737305049868 0.00012451484868531082
12045.039731413242 0.00012246664733364592
12184.948606348373 0.00012045213777714672
12326.482589520787 0.00011847076580415718
12469.660557336838 0.00011652198631950223
12614.501605461408 0.00011460526319452415
12761.025051364624 0.00011272006911958925
12909.250436898157 0.00011086588545902043
13059.19753090167 0.00010904220210841413
13210.88633183932 0.0001072485173543054
13364.337070466869 0.00010548433773614346
13519.57021253003 0.00010374917791053358
13676.6064614939 0.00010204256051771518
13835.466761304107 0.00010036401605023624
13996.172299180294 9.871308272378472e-05
14158.744508441643 9.708930635015056e-05
14323.20507136566 9.549224021227019e-05
14489.575922079726 9.392144494133333e-05
14657.879249486641 9.237648839590703e-05
14828.137500223887 9.08569455430481e-05
15000.373381657242 8.936239834137492e-05
15174.609864909451 8.789243562605712e-05
15350.870187923785 8.64466529957027e-05
15529.177858563215 8.502465270110192e-05
15709.556657745823 8.362604353580162e-05
15892.030642616393 8.225044072848244e-05
16076.624149754805 8.089746583710337e-05
16263.361798422009 7.95667466447879e-05
16452.2684938434 7.825791705742417e-05
16643.369430530325 7.697061700294943e-05
16836.690095640533 7.570449233228965e-05
17032.2562723771 7.445919472193024e-05
17230.094043427438 7.323438157808752e-05
17430.22979444165 7.202971594245994e-05
17632.690217551855 7.0844866399525e-05
17837.50231493199 6.967950698536574e-05
18044.693402399007 6.85333170979938e-05
18254.29111305619 6.740598140914809e-05
18466.323400978486 6.629718977754526e-05
18680.818544940626 6.520663716355846e-05
18897.8051521889 6.413402354529478e-05
19117.312162256378 6.307905383605806e-05
19339.368850822502 6.204143780316789e-05
19564.00483361777 6.1020889988113136e-05
19791.25007037352 6.001712962801877e-05
20021.134868817513 5.902988057840689e-05
20253.689888716366 5.805887123722469e-05
20488.946145964335 5.710383447012573e-05
20726.935016720225 5.6164507536977614e-05
20967.68824159171 5.524063201958009e-05
21211.23792986887 5.433195375057087e-05
21457.61656380648 5.343822274350219e-05
21706.85700295606 5.255919312406744e-05
21958.992488548607 5.169462306245825e-05
22214.05664792784 5.084427470683407e-05
22472.083499034972 5.000791411788805e-05
22733.107454945944 4.918531120448732e-05
22997.163328460967 4.837623966037207e-05
23264.286336747376 4.758047690189782e-05
23534.51210603687 4.6797804006798875e-05
23807.876676376607 4.602800565396199e-05
24084.41650643626 4.5270870064188616e-05
24364.168478370124 4.452618894193268e-05
24647.169902736438 4.379375741799588e-05
24933.45852347334 4.307337399316651e-05
25223.072522932653 4.236484048278536e-05
25516.05052697255 4.166796196222274e-05
25812.43161010896 4.098254671325232e-05
26112.25530072676 4.0308406171308705e-05
26415.561586352018 3.964535487361009e-05
26722.390918984962 3.899321040813678e-05
27032.78422049492 3.83517933634473e-05
27346.78288807838 3.7720927279320086e-05
27664.428799780002 3.7100438598208425e-05
27985.764320077713 3.6490156617492614e-05
28310.83230553326 3.588991344251746e-05
28639.676110507542 3.529954394040391e-05
28972.339592943248 3.47188856946181e-05
29308.867120213734 3.4147778960290006e-05
29649.303575040707 3.358606662026559e-05
29993.694361480073 3.303359414188191e-05
30342.085410977303 3.2490209534454555e-05
30694.52318849366 3.195576330746248e-05
31051.054698703076 3.143010842942256e-05
31411.727492260983 3.091310028743938e-05
31776.589672146503 3.0404596647420522e-05
32145.6899000778 2.9904457614946703e-05
32519.077403001862 2.9412545596786272e-05
32896.801979660326 2.8928725263040466e-05
33278.91400723094 2.8452863509913677e-05
33665.46444804616 2.798482942309537e-05
34056.5048563905 2.752449424174391e-05
34452.08738537576 2.7071731323063382e-05
34852.26479389727 2.662641610746247e-05
35257.090453669785 2.6188426084287638e-05
35666.618356346145 2.5757640758118355e-05
36080.90312071799 2.533394161561836e-05
36499.99999999999 2.4917212092931124e-05
