"t (day)" "dm/dt (M_sun/yr)"
12.365450551480926 0.00022451117782518962
12.506668635845923 0.00027246571492970756
12.64949948371426 0.0003404464273909745
12.793961513450183 0.0004359962631476836
12.940073353762589 0.0005697021517798583
13.087853846107214 0.0007560980183807545
13.237322047116269 0.0010146295990871661
13.38849723105588 0.0013704720515985331
13.541398892311516 0.0018548128990224068
13.696046747901823 0.002503982795061678
13.85246074002122 0.003356587112337153
14.010661038611465 0.004449151093937664
14.1706680439626 0.005823845908358053
14.33250238934365 0.007529994109479502
14.496184943663316 0.009619126594281078
14.661736814161046 0.012143310232071047
14.829179349128895 0.01515315931531704
14.99853414066443 0.018695545443990838
15.16982302745505 0.022811095683898885
15.343068097594177 0.0275315974014716
15.518291691429544 0.032877450693475335
15.695516404444021 0.03885548299231704
15.874765090169387 0.04546138091529116
16.05606086313333 0.05268188902820137
16.23942710184009 0.060492661706674056
16.424887451785217 0.06885903364765213
16.612465828504703 0.07773744509411377
16.8021864206589 0.08707729867168278
16.99407369315176 0.09682315122185851
17.18815239028562 0.10691713050594699
17.384447538952003 0.11730146253011123
17.58298445185895 0.1279210001129392
17.783788730795134 0.1387256560322236
17.986886269931215 0.14967266296139156
18.19230325915904 0.16072860546976236
18.400066187468834 0.17187119461217695
18.610201846365005 0.18309078125228043
18.822737333321033 0.19439162877698987
19.03770005527367 0.20579298824895256
19.2551177321572 0.2173300387954792
19.47501840047795 0.22905477314067552
19.697430416929638 0.24103692312488217
19.922382462050102 0.2533471700075547
20.149903543919674 0.265994065664036
20.38002300190182 0.2789669269892007
20.612770510426564 0.2922535818527992
20.84817608281707 0.3058403576568578
21.086270075159867 0.31971207718836786
21.327083190219422 0.3338520621388978
21.570646481397286 0.348242144545908
21.816991356736473 0.3628626863614211
22.06614958297167 0.37769260730127824
22.31815328962558 0.39270942107291323
22.57303497315209 0.40788928002186303
22.830827501126805 0.42320702817755546
23.091564116485376 0.4386362626177475
23.355278441810224 0.4541494030089517
23.6220044836663 0.4697177691177443
23.891776636986286 0.4853116660256115
24.164629689505873 0.5009004767185506
24.440598826249783 0.5164527616625667
24.719719634068873 0.5319363649180375
25.002028106229226 0.547318422011783
25.287560647053528 0.5625628058637339
25.576354076615452 0.5776296973697258
25.86844563548776 0.5924782821812734
26.163872989544526 0.6070670440294019
26.4626742348182 0.6213539340311932
26.76488790241225 0.6352965501379625
27.070552963469815 0.6488523258690373
27.37970883419905 0.6619787273565901
27.692395380956043 0.6746334576122784
28.008652925385633 0.6867746668170317
28.328522249620914 0.6983611673327283
28.652044601542293 0.7093526520401682
28.979261700096444 0.7197099145230992
29.310215740676014 0.7293950695445665
29.644949400560918 0.7383717722007692
29.983505844421614 0.7466054340902046
30.325928729885238 0.7540634348032684
30.672262213165464 0.7607153270206268
31.02255095475649 0.7665330335083871
31.376840125192054 0.7714910343150516
31.735175410870397 0.7755478834418267
32.097603019945566 0.7785823047805426
32.464169688286006 0.7804524214473838
32.83492268550137 0.7810199711770401
33.20990982103798 0.7801524231290417
33.589179450343934 0.7777252734047211
33.97278048110472 0.7736244786974104
34.36076237954997 0.7677489768818776
34.75317517683213 0.7600132336703405
35.150069475478254 0.7503497455739304
35.551496455915235 0.7387346180803857
35.95750788306958 0.7253885705541222
36.368156113042744 0.7106601628666162
36.783494099862494 0.6948876151980234
37.2035754023114 0.6783921935990228
37.6284541908335 0.6614745117306862
38.0581852545196 0.6444121521635857
38.49282400817243 0.6274584839396787
38.932426499452625 0.6108425328083785
39.37704941610611 0.5947697528108172
39.8267500932741 0.5794199585667467
40.281586520886684 0.564855610249147
40.7416173511407 0.5510257732879752
41.20690190606302 0.5378777271008247
41.67750018516038 0.5253625406257495
42.15347287315642 0.5134347419080942
42.63488134781697 0.5020520201667873
43.121787687865094 0.4911749570314388
43.61425468098613 0.48076678401473827
44.11234583192428 0.4707931636126806
44.61612537067182 0.4612219917137907
45.12565826075163 0.4520232192526
45.64101020759432 0.4431686912663909
46.162247667011265 0.43463200171136784
46.68943785376409 0.426388362568122
47.22264875023219 0.41841448591930913
47.761949115179284 0.41068847781728957
48.30740849261996 0.4031897428782316
48.859097220787504 0.3958988986436564
49.417086441204255 0.38879769884228216
49.98144810785544 0.38186896476572757
50.55225499646772 0.3750980503290341
51.12958071389392 0.3684780730410219
51.71349970760476 0.3620044239257397
52.30408727528891 0.35567265626185485
52.90141957456297 0.3494784791240479
53.505573632792114 0.34341775139069125
54.11662735702283 0.33748647601073284
54.73465954402938 0.3316807945175895
55.35974989047475 0.32599698177846875
55.991979003187666 0.3204314409681134
56.63142840955711 0.3149806987565115
57.27818056804548 0.3096414007006364
57.932318878821626 0.3044103068307724
58.59392769451573 0.2992842874224394
59.26309233109664 0.29426031894538396
59.939899078873495 0.2893354801815087
60.62443521362323 0.28450694850401176
61.31678900784488 0.27977199631038924
62.0170497421425 0.2751279876022951
62.72530771673807 0.2705723747056029
63.44165426311621 0.26610269512432255
64.16618175580115 0.2617165685223387
64.89898362426884 0.25741169382721146
65.64015436499508 0.2531858464505617
66.38978955364071 0.2490368756198249
67.14798585737645 0.24496270181638835
67.91484104734859 0.24096131431537254
68.69045401128638 0.2370307688225396
69.47492476625402 0.2331691852040068
70.26835447154834 0.22937474530466026
71.07084544174307 0.22564569085134495
71.88250115988278 0.2219803214370851
72.7034262908274 0.2183769925827658
73.53372669474865 0.21483411387287116
74.37350944078109 0.21135014716201783
75.22288282082924 0.207923604849183
76.08195636353152 0.20455304821666392
76.9508408483845 0.2012370858309285
77.82964832002844 0.1979743720026585
78.71849210269512 0.19476360530340117
79.61748681482163 0.1916035271363569
80.52674838383082 0.18849297990438807
81.44639406107993 0.18543112587039515
82.37654243698078 0.18241722829911758
83.31731345629224 0.17945056129299655
84.26882843358734 0.1765304096180721
85.2312100688969 0.17365606855093876
86.20458246353226 0.170826843727866
87.18907113608832 0.16804205099605482
88.18480303862923 0.16530101626699917
89.19190657305954 0.16260307537192212
90.2105116076817 0.15994757391925896
91.24074949394273 0.1573338671541575
92.28275308337263 0.15476131981996613
93.3366567447157 0.15222930602168366
94.40259638125755 0.14973720909134253
95.48070944835048 0.1472844214552966
96.57113497113846 0.14487034450338895
97.6740135624846 0.14249438845997262
98.78948744110383 0.14015597225675605
99.91770044990216 0.13785452340745133
101.05879807452531 0.1355894778841963
102.21292746212008 0.1333602799957273
103.38023744030852 0.1311663822672782
104.56087853638012 0.12900724532218016
105.7550029967023 0.12688233776513913
106.96276480635353 0.124791136067166
108.18431970897916 0.12273312445213995
109.41982522687582 0.12070779478497579
110.66944068130357 0.1187146464613797
111.93332721303113 0.11675318629916442
113.21164780311516 0.11482292843110778
114.5045672939174 0.11292339419932752
115.81225241036086 0.11105411205115641
117.13487178143008 0.10921461743649122
118.47259596191557 0.10740445270659926
119.82559745440766 0.10562316701435932
121.19405073154078 0.10387031621591769
122.57813225849279 0.1021454627737387
123.97802051573946 0.10044817566103255
125.39389602207116 0.0987780302675364
126.82594135787015 0.09713460830663577
128.27434118865526 0.0955174977238014
129.73928228889469 0.09392629260632715
131.2209535660916 0.09236059309434903
132.71954608514312 0.09082000529312786
134.23525309297972 0.08930414118657674
135.7682700434839 0.08781261855201769
137.31879462269507 0.08634506087614856
138.88702677430106 0.08490109727220328
140.47316872542217 0.08348036239828957
142.07742501268768 0.08208249637688772
143.7000025086125 0.08070714471549206
145.3411104482728 0.07935395822838194
147.000960456288 0.07802259295950377
148.67976657410992 0.07671271010645002
150.3777452876245 0.07542397594551942
152.09511555506705 0.07415606175784338
153.83209883525882 0.07290864375656204
155.58891911616325 0.07168140301503834
157.3658029437707 0.07047402539609215
159.1629794513114 0.0692862014822424
160.98068038880362 0.0681176265069416
162.81914015293705 0.06696800028679069
164.67859581730028 0.06583702715471744
166.55928716295065 0.06472441589410832
168.4614567093353 0.06362987967387769
170.38534974556444 0.06255313598446237
172.3312143620418 0.06149390657472871
174.29930148245697 0.06045191738977832
176.2898648961421 0.05942689850964096
178.30316129079847 0.05841858408884226
180.33945028559737 0.05742671229683186
182.39899446465841 0.05645102525926278
184.48205941091015 0.05549126900010775
186.58891374033828 0.05454719338460193
188.71982913662373 0.0536185520630001
190.8750803861767 0.05270510241513713
193.0549454135714 0.05180660549577943
195.25970531738497 0.050922825980757695
197.4896444064456 0.05005353211386881
199.74505023649527 0.04919849565453654
202.02621364727054 0.04835749182622058
204.33342880000635 0.047530299265563
206.66699321536956 0.04671669997226193
209.0272078118247 0.045916479259662024
211.41437694443778 0.04512942570605218
213.82880844412426 0.04435533110665936
216.27081365734423 0.04359399042633088
218.74070748625067 0.042845201752892886
221.23880842929753 0.042108766251177356
223.76543862231054 0.04138448811770762
226.32092388002724 0.04067217453603275
228.90559373811215 0.03997163563270241
231.51978149565068 0.039282684433872714
234.16382425812844 0.03860513682253433
236.83806298090232 0.037938811496353905
239.54284251316733 0.03728352992612028
242.27851164242543 0.036639116314787244
245.04542313946317 0.03600539755710389
247.84393380384182 0.035382203199824706
250.67440450990708 0.03476936540249127
253.53720025332518 0.03416671889877712
256.43269019814994 0.033574100958388094
259.36124772442673 0.032991351349510485
262.3232504763419 0.032418312301798896
265.3190804109198 0.03185482846989647
268.349123847277 0.03130074689748017
271.41377151643945 0.030755916981823155
274.51341861172796 0.0302201904388672
277.6484648397192 0.02969342126879854
280.8193144717894 0.029175465722118824
284.0263763962455 0.028666182266205462
287.27006417105184 0.028165431552353914
290.5507960771601 0.02767307638329468
293.86899517244734 0.027188981681179055
297.22508934627 0.026713014456026737
300.6195113746421 0.026245043774628468
304.05269897604217 0.02578494072989791
307.5250948678573 0.025332578410665763
311.03714682347356 0.024887831871910533
314.589307730017 0.02445057810541894
318.1820356467544 0.024020696010870833
321.815793864162 0.023598066367341873
325.49105096366594 0.023182571805218787
329.20828087806933 0.02277409677852036
332.96796295266455 0.022372527537619587
336.77058200704755 0.02197775210236045
340.61662839763557 0.02158966023556425
344.50659808090114 0.02120814341691941
348.4409926773243 0.020833094817250267
352.4203195360806 0.020464409273158433
356.4450918004626 0.020101983262032223
360.51582847405194 0.019745714877418635
364.63305448764555 0.019395503804752624
368.7973007669481 0.01905125129743894
373.0091043010337 0.018712860153281434
377.26900821159427 0.018380234691254518
381.5775618229744 0.018053280728612744
385.93532073300906 0.017731905558332782
390.34284688466846 0.01741601792688392
394.80070863852364 0.017105528012321642
399.30948084603494 0.01680034740270062
403.8697449236837 0.016500389074801555
408.4820889279444 0.016205567373168372
413.1471076311173 0.01591579798945072
417.86540259802536 0.015630997942047784
422.63758226358846 0.015351085556048725
427.4642620112801 0.015075980443466435
432.3460642524853 0.014805603483759096
437.2836185067597 0.014539876804636857
442.2775614830086 0.014278723763148492
447.32853716159144 0.01402206892704468
452.4371968773665 0.013769838056413708
457.6041994036784 0.013521958085585954
462.83021103731267 0.013278357105302898
468.1159056844124 0.01303896434514756
473.4619649473823 0.012803710156231957
478.8690782127817 0.012572525994138394
484.3379427402246 0.012345344402110665
489.9678627322842 0.01212193928340022
495.66322463239953 0.011902576971876085
501.42478913403374 0.011687184307665932
507.25332577291124 0.011475689454820954
513.1496130298009 0.011268021877357511
519.1144384344949 0.011064112315732597
525.1485986709904 0.0108638927637451
531.2528996839004 0.010667296445854823
537.4281567860967 0.010474257794912204
543.6751947676091 0.010284712430290695
549.9948480057835 0.010098597136415291
556.3879605767266 0.0099158498416793
562.855386368045 0.009736409597742761
569.39798919289 0.009560216559205468
576.0166429053344 0.009387211963647852
582.7122315170883 0.009217338112032942
589.485649315568 0.009050538349463257
596.3378009833419 0.00888675704628557
603.2696017189652 0.00872593957953779
610.2819773592132 0.008568032314731671
617.3758645027425 0.008412982587964994
624.5522106351845 0.00826073868835765
631.8119742556983 0.00811124984080529
639.1561250049874 0.00796446618904541
646.5856437948102 0.007820338779029629
654.1015229389959 0.0076788195425969595
661.7047662859785 0.007539861281442522
669.3963893528755 0.007403417651376374
677.177419461127 0.007269443146867114
685.0488958737034 0.007137893085865412
693.0118699339164 0.007008723594901885
701.0674052058415 0.006881891594454813
709.2165776163678 0.0067573547845826845
717.4604755989052 0.006635071630816608
725.8002002387584 0.006515001350308168
734.2368654201948 0.006397103898227732
742.7715979752146 0.00628133995440918
751.4055378340564 0.006167670910236096
760.1398381774536 0.006056058855765369
768.9756655906519 0.005946466567083783
777.9142002192258 0.005838857493893425
786.956635926705 0.005733195747321675
796.1041804540268 0.0056294460879519745
805.3580555808497 0.005527573914070948
814.7194972887365 0.005427545250128407
824.1897559262405 0.005329326735406053
833.7700963759016 0.00523288561289134
843.4617982231908 0.005138189718352652
853.2661559274192 0.005045207469612057
863.1844789946255 0.00495390785601239
873.2180921524808 0.004864260428074791
883.3683355272274 0.004776235287343457
893.6365648226648 0.004689803076414165
904.024151501226 0.004604934969143243
914.5324829671571 0.004521602661033673
925.1629627518189 0.004439778359795305
935.9170107011506 0.004359434776075724
946.7960631653123 0.004280545114358945
957.8015731905233 0.00420308306402884
968.9350107131409 0.0041270227905942005
980.1978627559874 0.004052338927072687
991.5916336269676 0.003979006565530561
1003.1178451199822 0.003907001248775686
1014.7780367181887 0.0038362989622007272
1026.5737657996224 0.0037668761257740103
1038.5066078452 0.0036987095861753085
1050.5781566491507 0.0036317766090739416
1062.7900245318863 0.0035660548715466135
1075.143842555354 0.0035015224546324584
1087.6412607408804 0.0034381578360228138
1100.283948289557 0.0033759398828832866
1113.0735938051882 0.0033148478448056834
1126.0119055198218 0.0032548613468875408
1139.100611521909 0.003195960382936867
1152.341459987118 0.0031381253087997838
1165.7362194118205 0.003081336835809042
1179.2866788493004 0.0030255760243509916
1192.994648148712 0.0029708242775490106
1206.8619581968014 0.00291706333506123
1220.8904611624507 0.0028642752669905047
1235.082030744064 0.002812442467904553
1249.4385624198178 0.002761547650964404
1263.9619737008325 0.00271157384215898
1278.6542043872853 0.002662504374644076
1293.5172168274898 0.002614322883183802
1308.5529961799991 0.0025670132986925563
1323.763550678749 0.0025205598428758363
1339.1509119012894 0.0024749470229679374
1354.717135040123 0.0024301596265649916
1370.4642991772057 0.002386182716551427
1386.3945075616434 0.0023430016261182718
1402.5098878905994 0.0023006019538716043
1418.812592593484 0.0022589695590295215
1435.3047991194373 0.0022180905567060227
1451.988710228164 0.002177951313280241
1468.866554284133 0.0021385384418494725
1485.9405855542095 0.0020998387977644926
1503.213084508749 0.002061839474245647
1520.6863581261753 0.0020245277980783113
1538.362740201114 0.0019878913253862326
1556.2445916561073 0.0019519178374813142
1574.334300856938 0.0019165953367885837
1592.6342839316333 0.001881912042844841
1611.1469850931758 0.0018478563883697428
1629.8748769659535 0.0018144170154079792
1648.820460916016 0.001781582771541269
1667.986267385171 0.0017493427061688797
1687.3748562289513 0.0017176860668555126
1706.988817058521 0.0016866022957452078
1726.8307695865603 0.0016560810260401804
1746.9033639771537 0.001626112078543392
1767.2092811997613 0.0015966854582636525
1787.7512333872965 0.0015677913510821948
1808.5319641983751 0.0015394201204795195
1829.5542491837582 0.001511562304321537
1850.8208961570715 0.001484208611703817
1872.3347455698236 0.001457349919852982
1894.0986708907951 0.001430977271084127
1916.1155789898182 0.0014050818698133577
1938.3884105260345 0.0013796550796243469
1960.9201403406657 0.0013546884203879913
1983.7137778543333 0.0013301735654341915
2006.772367469013 0.0013061023387748135
2030.0989889746631 0.0012824667123768876
2053.69675796056 0.001259258803485195
2077.5688262314334 0.0012364708719932508
2101.7183822284396 0.0012140953178618947
2126.14865145501 0.0011921246785846008
2150.8628969076653 0.0011705516266986354
2175.864419511841 0.0011493689673412661
2201.1565585627577 0.0011285696358501918
2226.7426921714373 0.0011081466954073976
2252.626237715901 0.0010880933347256348
2278.8106522975945 0.0010684028657768005
2305.2994332031376 0.0010490687215613818
2332.0961183714417 0.001030084453918288
2359.2042868662356 0.001011443731374324
2386.627559354108 0.0009931403370325683
2414.3695985880954 0.0009751681664989572
2442.434109896889 0.0009575212258464083
2470.824841679742 0.0009401936296157664
2499.545585907107 0.0009231795988529448
2528.60017862711 0.0009064734591815785
2557.9925004779166 0.0008900696389105372
2587.7264772060275 0.0008739626671757205
2617.806080190625 0.0008581471721154524
2648.235326974012 0.0008426178790789042
2679.0182817981936 0.0008273696088669381
2710.15905614772 0.0008123972760047854
2741.6618092988415 0.0007976958870459742
2773.5307488750177 0.0007832605389069727
2805.770131408913 0.00076908641723194
2838.3842629109226 0.0007551687947870839
2871.3774994442833 0.0007415030298840821
2904.754247706891 0.0007280845648320187
2938.518965619888 0.0007149089244173429
2972.6761629230587 0.0007019717144113338
3007.2304017771767 0.0006892686201045756
3042.1862973733537 0.0006767954048679445
3077.548518549443 0.0006645479087396584
3113.3217884136375 0.0006525220470378675
3149.5108849752996 0.0006407138089983732
3186.120641783145 0.0006291192564369843
3223.1559485708053 0.0006177345224361003
3260.621751909936 0.0006065558100550359
3298.52305587089 0.0005955793910637056
3336.864922691093 0.000584801604699209
3375.652473451156 0.0005742188564449307
3414.8908887588727 0.0005638276168317281
3454.585409441175 0.0005536244202608017
3494.741337244093 0.0005436058638478903
3535.364035540886 0.0005337686062883628
3576.458930048408 0.0005241093667428566
3618.0315095517635 0.0005146249237430789
3660.087326637418 0.0005053121141174107
3702.6319984348365 0.0004961678319359481
3745.6712073667045 0.0004871890274746482
3789.210701907904 0.00047837270619820166
3833.256297353312 0.00046971592776132187
3877.813876594492 0.0004612158050281104
3922.8893909054423 0.0004528695031091601
3968.488860737486 0.00044467423841608716
4014.6183765233573 0.00043662727773317265
4061.284099490676 0.00042872593730580304
4108.492262484876 0.000420967581945407
4156.249170801661 0.0004133496241505897
4204.561203029183 0.00040586952324417086
4253.434811899975 0.0003985247845258404
4302.876525152826 0.000391312958440143
4352.892946404619 0.0003842316397595309
4403.490756032353 0.0003772784667821847
4454.676712065391 0.00037045112054436333
4506.457651088107 0.0003637473240469986
4558.840489152972 0.00035716484149629364
4611.832222704304 0.00035070147755806067
4665.439929512757 0.0003443550766255446
4719.67076962062 0.0003381235221005107
4774.531986298158 0.000332004735687331
4830.030907011055 0.00032599667669984926
4886.174944399082 0.0003200973413807885
4942.971597266158 0.0003143047622334753
5000.428451581941 0.00030861700736565395
5058.553181495005 0.00030303217984518406
5117.353550357841 0.00029754841706738607
5176.8374117637795 0.0002921638901338418
5237.012710595906 0.0002868768032424387
5297.8874840882345 0.0002816853930884463
5359.469862899196 0.00027658792827643474
5421.768072197575 0.00027158270874283393
5484.790432761105 0.00026666806518894296
5548.545362087844 0.00026184235852419935
5613.041375520389 0.00025710397931952354
5678.287087383286 0.00025245134727055617
5744.291212133558 0.0002478829106706056
5811.062565524603 0.00024339714589314103
5878.610065783741 0.00023899255688364005
5946.942734803293 0.00023466767466063992
6016.069699345604 0.00023042105682581502
6086.000192262067 0.00022625128708291854
6156.743553726258 0.0002221569747654335
6228.309232481464 0.00021813675437277
6300.706787102708 0.00021418928511485053
6373.945887273393 0.00021031325046494574
6448.036315076837 0.00020650735772059526
6522.987966302823 0.0002027703375724767
6598.810851769282 0.00019910094368107652
6675.515098659387 0.00019549795226102157
6753.110951874206 0.0001919601616729307
6831.6087754010005 0.00018848639202265788
6911.0190536975015 0.00018507548476778035
6991.352393092274 0.00018172630233121177
7072.619523201291 0.0001784377277218089
7154.831298361047 0.0001752086641618407
7237.99869907832 0.0001720380347212005
7322.132833496729 0.00016892478195823743
7407.244938880398 0.00016586786756708736
7493.346383114875 0.00016286627203138544
7580.448666225386 0.00015991899428424743
7668.563421912923 0.00015702505137439916
7757.702419108037 0.00015418347813835254
7847.877563542687 0.00015139332687851413
7939.100899340524 0.00014865366704711394
8031.384610625452 0.00014596358493585863
8124.741023149026 0.00014332218337119925
8219.182605936741 0.00014072858141511214
8314.7219729534 0.00013818191407129757
8411.371884787894 0.0001356813319966935
8509.145250357591 0.00013322600121820746
8608.05512863244 0.00013081510285457954
8708.114730379206 0.00012844783284327472
8809.337419925965 0.00012612340167231884
8911.736716947054 0.00012384103411698744
9015.326298268823 0.00012159996898125928
9120.119999696395 0.00011939945884394766
9226.131817861573 0.00011723876980942914
9333.375912092304 0.00011511718126287864
9441.866606303884 0.00011303398562993636
9551.618390912055 0.00011098848814072468
9662.645924768423 0.00010898000659813342
9774.964037118398 0.00010700787115029922
9888.587729581714 0.00010507142406720328
10003.532178156254 0.00010317001952130855
10119.812735244932 0.00010130302337217083
10237.444931706168 9.946981295494545e-05
10356.444478928364 9.766977687271968e-05
10476.82727092831 9.590231479260593e-05
10598.609386473994 9.416683724552464e-05
10721.807091232256 9.246276542960797e-05
10846.43683994124 9.078953101716272e-05
10972.515278608067 8.914657596512828e-05
11100.059246732308 8.75333523289601e-05
11229.085779554942 8.594932207988651e-05
11359.6121103338 8.43939569254681e-05
11491.65567264522 8.286673813340645e-05
11625.234102712584 8.136715635854094e-05
11760.365241761774 7.989471147297716e-05
11897.067138404289 7.844891239928687e-05
12035.358051047686 7.702927694672956e-05
12175.25645033441 7.563533165043471e-05
12316.781021608704 7.42666116134967e-05
12459.95066741234 7.29226603519263e-05
12604.78451000922 7.160302964240826e-05
12751.301893939579 7.030727937281217e-05
12899.522388603518 6.903497739541199e-05
13049.465790874945 6.778569938275837e-05
13201.152127745634 6.655902868616053e-05
13354.601659000034 6.535455619673043e-05
13509.83487992139 6.41718802089384e-05
13666.8725240291 6.301060628664095e-05
13825.735565847865 6.187034713153176e-05
13986.44522370929 6.07507224539722e-05
14149.022962585816 5.965135884616097e-05
14313.490496957553 5.857188965759887e-05
14479.869793712762 5.75119548728054e-05
14648.18307508159 5.64712009912506e-05
14818.452821604371 5.544928090945738e-05
14990.701775134075 5.444585380523918e-05
15164.952941873873 5.346058502403184e-05
15341.22959544979 5.249314596728261e-05
15519.555280019438 5.154321398285762e-05
15699.953813416418 5.0610472257435345e-05
15882.449290331726 4.969460971084402e-05
16067.066085531811 4.879532089231409e-05
16253.828857114218 4.791230587860583e-05
16442.762549800886 4.7045270173982634e-05
16633.89239827008 4.6193924611991846e-05
16827.243930526573 4.535798525902579e-05
17022.842971311482 4.453717331962573e-05
17220.7156455514 4.3731215043500393e-05
17420.888381847784 4.29398416342275e-05
17623.38791600672 4.216278915960709e-05
17828.24129461012 4.1399798463636214e-05
18035.47587862786 4.065061508007869e-05
18245.11934707247 3.99149891475964e-05
18457.199700695925 3.919267532641849e-05
18671.745265729445 3.8483432716517665e-05
18888.784697667084 3.778702477726648e-05
19108.34698509277 3.7103219248549465e-05
19330.461453552398 3.6431788073300544e-05
19555.1577694705 3.577250732144423e-05
19782.465944112682 3.512515711521166e-05
20012.416337593877 3.448952155580965e-05
20245.03966293364 3.3865388651414886e-05
20480.36699015795 3.325255024647324e-05
20718.429750449348 3.26508019522768e-05
20959.259740344827 3.205994307879801e-05
21202.889125982772 3.1479776567757197e-05
21449.350447399018 3.091010892690177e-05
21698.676622873325 3.0350750165473657e-05
21950.90095332571 2.980151373084582e-05
22206.05712676455 2.92622164463041e-05
22464.179222785904 2.873267844995635e-05
22725.30171712539 2.8212723134745796e-05
22989.459486262713 2.7702177089551255e-05
23256.687812080218 2.7200870041351644e-05
23527.022386574896 2.6708634798438806e-05
23800.499316625865 2.6225307194656578e-05
24077.1551288168 2.5750726034649477e-05
24357.026774314407 2.5284733040102737e-05
24640.151633804053 2.482717279695388e-05
24926.567522482317 2.4377892703560898e-05
25216.312695107586 2.3936742919807774e-05
25509.425851109783 2.350357631713072e-05
25805.946139759075 2.307824842944931e-05
26105.913165394628 2.2660617404985643e-05
26409.366992714677 2.2250543958954613e-05
26716.348152127277 2.1847891327111324e-05
27026.897645164096 2.1452525220138137e-05
27341.056949956477 2.106431377885794e-05
27658.868026775566 2.0683127530257552e-05
27980.37332363641 2.0308839344307066e-05
28305.615781967896 1.9941324391560093e-05
28634.63884234769 1.9580460101522317e-05
28967.486450304743 1.9226126121772197e-05
29304.203062188568 1.8878204277822527e-05
29644.833651107117 1.8536578533707492e-05
29989.423712933327 1.820113495328373e-05
30338.019272382113 1.787176166223095e-05
30690.666889157135 1.7548348810740724e-05
31047.413664169897 1.723078853688031e-05
31408.307245830543 1.691897493061926e-05
31773.395836411757 1.661280399850757e-05
32142.728198487224 1.631217362899232e-05
32516.353661444347 1.601698355836231e-05
32894.32212807264 1.572713533730928e-05
33276.68408122938 1.5442532298093446e-05
33663.490590582005 1.5163079522304056e-05
34054.793319429045 1.4888683809202949e-05
34450.64453160087 1.4619253644640754e-05
34851.097098439735 1.4354699170536302e-05
35256.20450586194 1.409493215490747e-05
35666.020861501325 1.3839865962445144e-05
36080.60090193622 1.358941552561906e-05
36499.99999999999 1.3343497316307126e-05
