"t (day)" "dm/dt (M_sun/yr)"
13.397992734886717 0.6574238561177038
13.550991025904356 0.7111621011963564
13.705736479912563 0.7655228649492449
13.86224904862777 0.82026144803021
14.020548911604884 0.8751634230577755
14.180656478839126 0.9300512787435451
14.342592393397517 0.9847900719497575
14.506377534080462 1.039292071398993
14.672033018113662 1.0935204397852483
14.839580203870868 1.1474920576722738
15.009040693627627 1.2012796413825557
15.180436336346546 1.255013347613913
15.353789230494291 1.3088820902009934
15.52912172689085 1.3631348204858194
15.706456431591244 1.4180820440591952
15.885816208800197 1.4740978656156838
16.067224183820073 1.5316228732161072
16.25070374603246 1.5911681966658762
16.43627855191385 1.6533211056981956
16.62397252808572 1.718752556386706
16.813809874399436 1.7882271535333627
17.005815067056407 1.8626117293579625
17.20001286176387 1.9424755015731237
17.396428296926704 2.027668608490063
17.595086696875686 2.117891348165315
17.796013675132627 2.2127518181264154
17.999235137712773 2.3117513939196788
18.20477728646495 2.414270914363407
18.412666622449837 2.5195581671533493
18.62292994935678 2.6267173865900575
18.8355943769597 2.734701581564767
19.0506873246124 2.8423085964506356
19.26823652478382 2.9483379301340347
19.48827002663365 3.0522900068451597
19.71081619962875 3.153930834490461
19.935903737200956 3.2530573343308604
20.163561660446554 3.3494985957340493
20.39381932186805 3.4431168322270023
20.626706409158643 3.5338079489853413
20.862252949029976 3.6215017456154093
21.10048931108352 3.706161783711268
21.341446211726222 3.7877849532643464
21.585154718130834 3.8663760749700393
21.831646252241466 3.941521156801671
22.08095259482494 4.012409188657501
22.33310588956833 4.078189178101229
22.58813864722335 4.137990860664141
22.846083749797987 4.190934800954236
23.106974454796156 4.236143957262038
23.370844399505593 4.272756613803115
23.637727605334838 4.299940529614144
23.907658482199686 4.31690809457899
24.18067183295971 4.32293384730397
24.45680285790555 4.317727867207711
24.73608715929733 4.301892373115852
25.018560745954925 4.276212012676926
25.304260037900722 4.24152615055847
25.59322187105531 4.198712297102606
25.885483501986833 4.148670571151177
26.181082612714572 4.09230945259166
26.4800573155674 4.030533011593282
26.78244615809764 3.964229736694688
27.08828812805117 3.894263024762817
27.397622658394187 3.8214258448107454
27.710489632397355 3.7462326741337857
28.026929388778115 3.6690810915136645
28.34698272690163 3.5903533266664596
28.670690912041135 3.5104149017789053
28.998095680698405 3.429613296931691
29.32923924598489 3.3482769133354786
29.664164303064425 3.2667143174721978
30.00291403465798 3.185213747086786
30.34553211661134 3.1040428584030275
30.69206272352629 3.0234486928998776
31.042550534456232 2.943657841432839
31.397040738666707 2.864876783367104
31.755579041461793 2.7872923786508035
32.118211670076995 2.7110724913437765
32.4849853796394 2.6363667239760376
32.855947459195995 2.563307243189148
33.231145737810756 2.4920096783647527
33.61062859073127 2.4225740763223693
33.99444494562601 2.3550858966328017
34.38264428889263 2.2896170007927026
34.77527667203837 2.2261976035223596
35.172392718133345 2.1647690432060194
35.57404362833749 2.105260126472866
35.980281188502026 2.0476024944985354
36.391157775846395 1.991730499811915
36.80672636571136 1.9375810888780132
37.22704053838921 1.8850936901673472
37.65215448603205 1.834210107437718
38.08212301963894 1.7848744179688227
38.51700157612276 1.7370328755038131
38.95684622545788 1.6906338176648983
39.40171367790932 1.6456275776223277
39.85166129134467 1.6019663998076208
40.306747078629286 1.5596043594728723
40.76702971510609 1.5184972859082302
41.232568546160635 1.4786026891394362
41.70342359487279 1.4398796899364834
42.17965556975557 1.4022889529732232
42.661325872582445 1.3657926229859296
43.14849660630406 1.3303542637866526
43.64123058305532 1.2959387999945502
44.13959133225381 1.2625124613553689
44.643643108791004 1.230042729525803
45.15345090131659 1.1984982872057708
45.66908044061777 1.1678489695074679
46.19059820809405 1.138065717455726
46.71807144432883 1.109120533519452
47.25156815775892 1.0809864390789483
47.79115713344304 1.0536374337386745
48.3369079419304 1.0270484563994955
48.88889094823072 1.0011953480087146
49.44717732088639 0.9760548159102657
50.0118390411486 0.951604399721204
50.582948912257926 0.9278224386643285
51.1605805688311 0.9046880402901547
51.74480848635486 0.8821810505247469
52.33570799078829 0.8602820249830003
52.9333552682748 0.8389722014898946
53.53782737496489 0.818233473755034
54.14920224695138 0.7980483661484021
54.76755871031769 0.7784000095278072
55.392976491301255 0.7592721180708162
56.02553622657274 0.7406489670662867
56.66531947363276 0.7225153716227047
57.312408721327266 0.7048566662525952
57.96688740048305 0.6876586852941935
58.62883989466472 0.6709077441334029
59.29835155105436 0.6545906211908086
59.97550869145578 0.6386945406401614
60.660398623423916 0.6232071558263442
61.35310965152189 0.6081165333522927
62.05373108870615 0.5934111378057991
62.76235326784188 0.579079817098454
63.47906755334983 0.565111788390274
64.2039663529862 0.551496624574787
64.93714312975685 0.5382242413005076
65.67869241396797 0.5252848845058286
66.42870981541382 0.5126691184454311
67.1872920357042 0.5003678141872853
67.9545368807323 0.48837213856029066
68.73054327328504 0.47667354353349756
69.51541126579744 0.46526375600871556
70.30924205325272 0.45413476800913943
71.11213798622954 0.44327882724739986
71.92420258409825 0.43268842805719815
72.74554054836808 0.4223563026733777
73.57625777618637 0.4122754128459856
74.4164613739923 0.4024389417744904
75.26625967132638 0.39284028634896245
76.1257622347975 0.38347304968559104
76.99507988220982 0.37433103394447353
77.87432469685065 0.3654082334181453
78.76361004194172 0.35669882787982005
79.6630505752552 0.34819717618079976
80.57276226389715 0.3398978100869619
81.49286239925901 0.3317954283446869
82.4234696121407 0.3238848909669883
83.36470388804572 0.3161612188051836
84.31668658265123 0.30861976450816603
85.27954043745477 0.30125623294147214
86.25338959559964 0.2940664452942368
87.23835961788089 0.2870463211598654
88.23457749893434 0.28019187619616037
89.24217168361014 0.2734992198419877
90.26127208353361 0.2669645530890779
91.29201009385508 0.26058416630761033
92.3345186101909 0.2543544371242495
93.38893204575804 0.24827182835134592
94.45538634870435 0.24233288596604055
95.5340190196367 0.23653423713804447
96.62496912934913 0.2308725883049012
97.72837733675387 0.22534472329355917
98.8443859070165 0.21994750148712472
99.97313872989892 0.2146778560356803
101.11478133831112 0.20953279211009151
102.26946092707524 0.20450938519774964
103.43732637190375 0.1996047794392189
104.61852824859433 0.19481618600479222
105.81321885244401 0.1901408815099746
107.02155221788507 0.18557620646894565
108.2436841383447 0.18111956378507324
109.47977218633243 0.176768417277569
110.7299757337559 0.17252029024341095
111.99445597246923 0.16837276405366686
113.27337593505591 0.16432347678338247
114.5669005158489 0.16037012187421745
115.8751964921911 0.15651044682902857
117.19843254593766 0.1527422519376284
118.53677928520595 0.14906338903295135
119.8904092663708 0.1454717602769027
121.25949701631389 0.1419653169751534
122.64421905492539 0.1385420584201898
124.0447539178632 0.13520003076192688
125.46128217957202 0.13193732590521814
126.89398647656525 0.12875208043361003
128.34305153097287 0.12564247455870442
129.80866417435752 0.1226067310945117
131.29101337180458 0.11964311445618267
132.7902902462841 0.11674992968254277
134.30668810329405 0.11392552148183623
135.84040245578333 0.1111682733001345
137.39163104935957 0.1084766064118524
138.96057388778513 0.1058489790318425
140.54743325876396 0.10328388544854582
142.15241376002336 0.10077985517769085
143.77572232569244 0.09833545213604872
145.41756825298427 0.09594927383475464
147.07816322917907 0.09361995059173513
148.75772135891916 0.09134614476276963
150.45645919181328 0.0891265499907485
152.174595750357 0.08695989047268264
153.91235255817213 0.08484492024404351
155.66995366856722 0.082780422480015
157.44762569342737 0.0807652088132492
159.24559783242933 0.07879811866773717
161.06410190259533 0.07687801860839899
162.90337236817945 0.07500380170602568
164.76364637089947 0.07317438691719744
166.64516376051128 0.07138871847882539
168.54816712573353 0.06964576531696381
170.4729018255253 0.06794452046955295
172.4196160207201 0.06628400052275932
174.38856070602358 0.06466324506058652
176.37998974237246 0.06308131612744512
178.3941598896682 0.06153729770336401
180.431330839879 0.06003029519155115
182.4917652505245 0.05855943491800017
184.57572877854014 0.057123863642862774
186.68349011452884 0.055722748083302416
188.8153210174044 0.05435527444755771
190.97149634942895 0.053020647979948814
193.15229411165384 0.0517180925165639
195.35799547976004 0.050446850051377064
197.58888484031394 0.049206180312542924
199.84524982743113 0.04799536034863286
202.12738135986388 0.04681368704940987
204.43557367850906 0.04566050248826292
206.77012438434556 0.044535178188381215
209.13133447680497 0.04343709707471895
211.51950839257898 0.04236565316606775
213.9349540448737 0.04132025148275772
216.37798286310633 0.04030030795030649
218.84890983306204 0.03930524929927293
221.34805353750252 0.03833451296157688
223.87573619724424 0.03738754696352759
226.43228371270186 0.036463809815802564
229.01802570590775 0.03556277040060702
231.63329556301122 0.03468390785623698
234.27843047726154 0.03382671145926257
236.95377149248577 0.03299068050453736
239.65966354705708 0.032175324183237465
242.39645551837114 0.03138016145911982
245.16450026782644 0.030604720943188016
247.96415468632003 0.02984854076694318
250.7957797402622 0.0291111684543923
253.65974051811676 0.028392160792978103
256.55640627747323 0.027691083703589255
259.4861504926546 0.027007512109802928
262.44935090287345 0.026341029806503078
265.44638956093087 0.02569122932801667
268.47765288247854 0.02505771181589698
271.54353169583896 0.024440086886484056
274.644421292396 0.023837972498361504
277.7807214775613 0.023250994819825718
280.9528366223206 0.02267878809647768
284.1611757153736 0.022120994519040815
287.4061524158613 0.02157726409150617
290.688185106705 0.021047254499696594
294.0076969485452 0.020530630980341906
297.3651159343034 0.020027066190747
300.76087494436337 0.019536240079135066
304.1954118023837 0.019057839755739516
307.66916933174764 0.018591559364716813
311.1825954126558 0.01813709995694638
314.73614303987625 0.017694169363780043
318.3302703811452 0.01726248207180136
321.9654408362451 0.01684175899319451
325.64212309674656 0.016431716402559852
329.36079120644223 0.016032057689900927
333.12192462246423 0.015642493216497223
336.9260082771024 0.01526274239623046
340.77353264032797 0.014892533384322736
344.6649937830295 0.01453160277764426
348.60089344097617 0.014179695326128144
352.5817390795029 0.013836563654851964
356.60804395894434 0.013501967996360853
360.68032720080583 0.013175675932828968
364.79911385469876 0.012857462147669575
368.9649349660348 0.012547108186223009
373.17832764449514 0.01224440222516566
377.4398351332821 0.011949138850299124
381.7500068791585 0.011661118842392454
386.10939860329364 0.011380148970763625
390.518572372908 0.011106041794300789
394.97809667374827 0.010838615469634267
399.48854648337743 0.010577693566184456
404.0505033453128 0.010323104887819859
408.66455544400367 0.010074683300872321
413.33129768066783 0.009832267568265834
418.05133174999406 0.009595701189525414
422.825266217718 0.009364832246442474
427.65371659909084 0.009139513254181534
432.53730543823315 0.008919601017622838
437.47666238840566 0.008704956492742517
442.4724242931901 0.008495444652841088
447.5252352685994 0.008290934359438139
452.6357467861249 0.008091298237658312
457.8046177567327 0.007896412555940915
463.0325146158185 0.007706157109912295
468.3201114091312 0.007520415110266192
473.6680898796837 0.007339073074503564
479.0771395556457 0.007162020722389714
484.54795783925124 0.006989150874991169
490.1797508485078 0.0068170863820980225
495.8770009337585 0.006649257910181403
501.64046888802096 0.006485561173496997
507.47092434684 0.006325894453690128
513.3691458910646 0.0061701585365897356
519.3359211508139 0.006018256650558412
525.3720469106572 0.005870094406360133
531.4783292160132 0.0057255797385083644
537.6555834807873 0.005584622848058212
543.9046345962583 0.005447136146806859
550.2263170412346 0.005313034202867732
556.6214749934837 0.005182233687584602
563.0909624424646 0.005054653323752615
569.6356433033652 0.0049302138351139824
576.2563915324673 0.004808837897097096
582.9540912438518 0.00469045008876832
589.7296368274606 0.004574976845966777
596.5839330685317 0.004462346415592774
603.5178952684194 0.004352488811021676
610.5324493668219 0.004245335768615436
617.6285320654287 0.004140820705304705
624.807090953004 0.004038878677215272
632.0690846319251 0.003939446339313021
639.4154828461926 0.0038424619060424326
646.8472666109242 0.003747865112934105
654.3654283433582 0.003655597179157431
661.9709719953776 0.0035656007709951682
669.6649131875746 0.003477819966217296
677.4482793448732 0.003392200219331864
685.3221098337278 0.003308688327691379
693.2874561009202 0.0032272323984335336
701.3453818139612 0.00314778181623595
709.4969630031334 0.003070287211864636
717.7432882051795 0.0029947004314967753
726.0854586086625 0.002920974506798801
734.524588201014 0.002849063625741059
743.0618039172958 0.002778923104130982
751.6982457906827 0.0027105093578471103
760.4350671047017 0.0026437798757566727
769.2734345472378 0.002578693193299878
778.2145283663292 0.002515208866724559
787.2595425277744 0.002453287447955093
796.4096848745695 0.00239289046008008
805.6661772882034 0.002333980373443404
815.0302558518188 0.00227652058232399
824.5031710152784 0.002220475382189591
834.0861877621453 0.0021658099475106397
843.7805857786047 0.002112490310120236
853.5876596243486 0.0020604833381069262
863.5087189054505 0.0020097567152270626
873.545088449241 0.0019602789208240943
883.698108481225 0.0019120192102421386
893.9691348040494 0.0018649475957217719
904.3595389785538 0.0018190348277661703
914.870708506924 0.0017742523769659572
925.5040470179732 0.001730572416271527
936.2609744545834 0.0016879678037017625
947.142927263313 0.0016464120654785168
958.1513585862202 0.0016058793795762287
969.2877384549095 0.0015663445596765695
980.5535539868354 0.0015277830395180813
991.9503095838867 0.001490170857631145
1003.4795271332829 0.0014534846424487074
1015.142746210797 0.001417701597783613
1026.9415242863495 0.0013827994886634189
1038.8774369319865 0.0013487566275139844
1050.9520780322775 0.00131555186068317
1063.1670599971574 0.0012831645552963261
1075.5240139772413 0.0012515745864353687
1088.0245900816483 0.001220762324633505
1100.670457598345 0.0011907086236778264
1113.463305217061 0.0011613948087121591
1126.4048412547909 0.0011328026646328481
1139.4967938839175 0.0011049144247701906
1152.7409113629844 0.0010777127598485393
1166.1389622701597 0.001051180767218169
1179.692735739397 0.0010253019603522846
1193.4040416993573 0.0010000602586025585
1207.2747111150989 0.000975439977206896
1221.3065962325795 0.0009514258175431844
1235.5015708259991 0.0009280028576230035
1249.8615304480165 0.0009051565428193517
1264.3883926828814 0.0008828726768226368
1279.0840974024932 0.0008611374128193549
1293.9506070254527 0.0008399372448879013
1308.9899067791146 0.0008192589996062277
1324.204004964689 0.0007990898278660955
1339.594933225423 0.0007794171968888719
1355.1647468179037 0.000760228882437862
1370.915524886505 0.0007415129612223898
1386.8493707410332 0.0007232578034888565
1402.9684121375967 0.0007054520657942215
1419.274801562739 0.0006880846839573745
1435.7707165208753 0.000671144866184045
1452.458359825069 0.000654622086360962
1469.3399598911922 0.0006385060775151098
1486.4177710354954 0.0006227868254340095
1503.6940737756456 0.0006074545624430547
1521.1711751352586 0.0005924997613360425
1538.8514089519713 0.0005779131294551394
1556.7371361890994 0.000563685602916573
1574.8307452509052 0.0005498083409784937
1593.1346523015438 0.0005362727205474916
1611.6513015877074 0.0005230703308203492
1630.3831657650237 0.0005101929680577146
1649.3327462282462 0.000497632630486434
1668.5025734452822 0.000485381513327393
1687.8952072951026 0.0004734320039457566
1707.5132374095867 0.0004617766771206065
1727.359283519323 0.00045040829043103747
1747.435995803447 0.0004393197797558428
1767.7460552435364 0.00042850425488398725
1788.2921739816186 0.00041795499523315024
1809.0770956823494 0.0004076654456736638
1830.1035958993825 0.00039762921245527786
1851.3744824460155 0.0003878400592341857
1872.8925957701344 0.00037829190319786936
1894.6608093335187 0.00036897881128534045
1916.6820299955543 0.00035989499650044236
1938.9591984014062 0.0003510348143159073
1961.4952893747013 0.0003423927591659421
1984.2933123147852 0.0003339634610251651
2007.356311598576 0.0003257416820717657
2030.6873669871086 0.00031772231343280997
2054.2895940367944 0.0003099003720096721
2078.1661445154614 0.0003022709973816269
2102.320206823239 0.0002948294487856623
2126.755006418316 0.0002875711021706551
2151.4738062476645 0.0002804914473240598
2176.479907182763 0.00027358608506934386
2201.776648460384 0.00026685072453241205
2227.3674081285058 0.0002602811804753319
2253.255603497406 0.00025387337069569625
2279.444691595995 0.000247623313490016
2305.9381696334694 0.00024152712517955393
2332.739575466301 0.00023558101769707496
2359.8524880706827 0.00022978129623300658
2387.2805280204498 0.00022412435693954595
2415.0273579705595 0.0002186066846912919
2443.0966831461988 0.00021322485090100239
2471.4922518375547 0.0002079755113891344
2500.2178559003582 0.00020285540430582446
2529.277331262236 0.00019786134810403198
2558.6745584349474 0.00019299023956257877
2588.413463032575 0.00018823905185786293
2618.4980162957386 0.00018360483268304066
2648.9322356219036 0.00017908470241351443
2679.7201851018576 0.00017467585231758053
2710.8659760624028 0.00017037554281113557
2742.3737676153796 0.00016618110175534284
2774.247767213059 0.00016208992279621195
2806.492231209991 0.00015809946374505397
2839.1114654313947 0.00015420724499880955
2872.109825748127 0.00015041084799926693
2905.491718658367 0.00014670791373020886
2939.261601876039 0.00014309614125156256
2973.4239849260844 0.00013957328626963353
3007.983429746648 0.00013613715974254053
3042.944551298267 0.00013278562651998103
3078.312018180133 0.00012951660401648755
3114.0905532535353 0.0001263280609173421
3150.2849342725203 0.0001232180159163544
3186.899994521909 0.0001201845364847097
3223.940623462713 0.00011722573767013044
3261.41176738506 0.00011433978092559817
3299.3184300687144 0.00011152487296691144
3337.66567345125 0.00010877926465837018
3376.4586183040155 0.00010610124992589304
3415.702444915946 0.00010348916469689169
3455.402393785321 0.0001009413858662439
3495.563766319563 9.845633028772505e-05
3536.1919255431744 9.603245379026728e-05
3577.2922968138932 9.366825021843852e-05
3618.870368547192 9.136225049654179e-05
3660.931692949164 8.911302171575888e-05
3703.48188675796 8.691916624376388e-05
3746.5266319938305 8.477932085625878e-05
3790.0716767178747 8.269215588988871e-05
3834.1228357996392 8.065637441601221e-05
3878.6859916935923 7.867071143481231e-05
3923.7670952246654 7.673393308924682e-05
3969.3721663829015 7.484483589835028e-05
4015.5072951273487 7.300224600941236e-05
4062.1786421992915 7.120501846856519e-05
4109.39243994494 6.945203650932892e-05
4157.15499314767 6.774221085867174e-05
4205.472679869965 6.607447906015441e-05
4254.351952305096 6.444780481373851e-05
4303.799337638742 6.286117733184624e-05
4353.82143892061 6.131361071127532e-05
4404.424935946175 5.980414332057518e-05
4455.616586148703 5.83318372025053e-05
4507.403225501592 5.689577749120491e-05
4559.791769431235 5.549507184371124e-05
4612.789213740488 5.412884988547243e-05
4666.402635542868 5.279626266951194e-05
4720.639194207604 5.149648214890694e-05
4775.506132315681 5.0228700662254765e-05
4831.010776626981 4.89921304318056e-05
4887.160539058705 4.778600307395063e-05
4943.962917675098 4.660956912176183e-05
5001.425497688743 4.5462097559286204e-05
5059.5559524734535 4.434287536730484e-05
5118.362044588974 4.325120708027426e-05
5177.851626817536 4.218641435417752e-05
5238.0326432125175 4.114783554501134e-05
5298.913130159257 4.013482529765243e-05
5360.501217448212 3.914675414484536e-05
5422.805129360583 3.818300811606136e-05
5485.83318576656 3.724298835598803e-05
5549.593803236332 3.632611075241133e-05
5614.095496164008 3.543180557325716e-05
5679.346877904598 3.455951711257098e-05
5745.3566619242365 3.370870334520978e-05
5812.133662963719 3.2878835590039035e-05
5879.686798215606 3.2069398181417655e-05
5948.0250885150235 3.127988814877287e-05
6017.157659544235 3.05098149040627e-05
6087.093743051283 2.9758699936933373e-05
6157.842678082763 2.902607651738045e-05
6229.413912230928 2.8311489405731148e-05
6301.817002895292 2.7614494569766532e-05
6375.061618558895 2.693465890880667e-05
6449.157540079404 2.627155998459019e-05
6524.114661995212 2.5624785758777567e-05
6599.942993846729 2.4993934336917998e-05
6676.652661513039 2.4378613718718843e-05
6754.253908564043 2.3778441554463737e-05
6832.757097628376 2.3193044907426413e-05
6912.172711777218 2.2622060022134606e-05
6992.511355924131 2.2065132098338405e-05
7073.78375824123 2.1521915070543827e-05
7156.000771591788 2.099207139297307e-05
7239.17337497949 2.047527182981963e-05
7323.312675014537 1.9971195250667026e-05
7408.429907396783 1.9479528430943366e-05
7494.536438416125 1.899996585728918e-05
7581.643766470313 1.853220953771689e-05
7669.763523600405 1.8075968816443213e-05
7758.907477044108 1.7630960193280916e-05
7849.087530807087 1.719690714747652e-05
7940.315727252614 1.6773539965885298e-05
8032.604248709692 1.6360595575375715e-05
8125.965419099797 1.5957817379360566e-05
8220.411705582608 1.55649550983521e-05
8315.955720220823 1.5181764614442893e-05
8412.61022166434 1.4808007819614749e-05
8510.388116853997 1.4443452467782658e-05
8609.30246274514 1.408787203048122e-05
8709.36646805119 1.3741045556103307e-05
8810.593495007512 1.3402757532604983e-05
8912.997061155738 1.3072797753589595e-05
9016.590841148913 1.2750961187689347e-05
9121.388668577492 1.2437047851162196e-05
9227.404537816681 1.213086268362563e-05
9334.652605895215 1.1832215426848926e-05
9443.147194385792 1.1540920506530637e-05
9552.902791317572 1.1256796916985339e-05
9663.934053110854 1.0979668108670006e-05
9776.25580653424 1.0709361878479262e-05
9889.883050684568 1.0445710262741004e-05
10004.830958989834 1.0188549432847e-05
10121.11488123541 9.937719593452291e-06
10238.750345613807 9.693064883181217e-06
10357.753060798235 9.454433277777986e-06
10478.1389180404 9.221676495640964e-06
10599.923993292343 8.99464990568357e-06
10723.12454935346 8.77321243746256e-06
10847.75703804196 8.557226493519458e-06
10973.838102391892 8.34655786387978e-06
11101.38457887558 8.14107564265738e-06
11230.413499651924 7.940652146711535e-06
11360.942094840808 7.745162836307084e-06
11492.987794823965 7.5544862377273465e-06
11626.56823257257 7.368503867792521e-06
11761.701246001901 7.187100160236357e-06
11898.40488035335 7.010162393895065e-06
12036.697390604102 6.837580622664439e-06
12176.597243904982 6.66924760718116e-06
12318.123122046221 6.505058748186209e-06
12461.293923952513 6.344912021528501e-06
12606.128768206441 6.188707914768933e-06
12752.646995601644 6.03634936534501e-06
12900.868171725499 5.8877417002579135e-06
13050.812089571846 5.742792577244181e-06
13202.498772184086 5.601411927395873e-06
13355.948475328994 5.463511899193358e-06
13511.18169020161 5.329006803915723e-06
13668.219146161577 5.197813062395445e-06
13827.081813501258 5.069849153083572e-06
13987.790906246037 4.9450355613937075e-06
14150.367884987296 4.823294730292973e-06
14314.834459747895 4.704551012109483e-06
14481.21259288166 4.588730621525963e-06
14649.524502005845 4.475761589731088e-06
14819.792662968148 4.365573719699078e-06
14992.039812848045 4.258098542570543e-06
15166.28895299302 4.15326927510716e-06
15342.5633520901 4.051020778193583e-06
15520.886549273075 3.9512895163612505e-06
15701.282357265847 3.85401351830841e-06
15883.774865562309 3.7591323383922643e-06
16068.38844364317 3.6665870190691274e-06
16255.147744230158 3.576320054259133e-06
16444.077706578228 3.488275353612917e-06
16635.203559805508 3.402398207658233e-06
16828.550826262777 3.3186352538041347e-06
17024.14532494129 3.2369344431825733e-06
17222.01317492071 3.15724500830609e-06
17422.180798856956 3.0795174315216877e-06
17624.674926510583 3.003703414241511e-06
17829.52259831621 2.9297558469308414e-06
18036.7511689934 2.8576287798350744e-06
18246.388311199527 2.787277394427363e-06
18458.462019225113 2.7186579755590816e-06
18673.000612732063 2.6517278842960125e-06
18890.03274053539 2.586445531423286e-06
19109.587384429044 2.5227703516024233e-06
19331.69386305564 2.4606627781649307e-06
19556.381835822132 2.400084218526026e-06
19783.681306859988 2.340997030204014e-06
20013.622629032056 2.2833644974298674e-06
20246.236507985755 2.227150808332628e-06
20481.5540062534 2.1723210326865515e-06
20719.606547400203 2.118841100206088e-06
20960.42592022048 2.0666777793751374e-06
21204.04428298262 2.015798656797576e-06
21450.49416772341 1.966172117056155e-06
21699.808484592246 1.9177673230671623e-06
21952.020526245826 1.8705541969188537e-06
22207.16397229416 1.8245034011814643e-06
22465.272893797548 1.7795863206775353e-06
22726.38175781695 1.7357750447008491e-06
22990.525432016133 1.6930423496732312e-06
23257.739189317977 1.6513616822282696e-06
23528.058712614715 1.6107071427115337e-06
23801.520099532867 1.5710534690869246e-06
24078.159867253646 1.5323760212393303e-06
24358.01495738932 1.4946507656636343e-06
24641.122740916293 1.4578542605307254e-06
24927.521023165507 1.4219636411211639e-06
25217.24804887084 1.386956605617399e-06
25510.342507276146 1.352811401245825e-06
25806.843537301964 1.3195068107599683e-06
26106.790732771406 1.2870221392564791e-06
26410.22414769815 1.2553372013156142e-06
26717.184301634552 1.224432308458436e-06
27027.71218508274 1.1942882569126652e-06
27341.849264968325 1.1648863156798313e-06
27659.637490177767 1.1362082148961142e-06
27981.119297160083 1.1082361344797805e-06
28306.33761559369 1.0809526930580998e-06
28635.335874119097 1.0543409371668318e-06
28968.15800613823 1.0283843307156455e-06
29304.848455681164 1.0030667447128888e-06
29645.452183340974 9.783724472432868e-07
29990.014672277946 9.54286093692392e-07
30338.58193429257 9.307927172117575e-07
30691.20051597069 9.078777194187116e-07
31047.917504898494 8.85526861325245e-07
31408.78053595077 8.637262544901024e-07
31773.837797651835 8.424623523887566e-07
32143.138038610505 8.217219419958402e-07
32516.730574029814 8.014921355747772e-07
32894.66529229242 7.817603626695737e-07
33276.99266162255 7.62514362293761e-07
33663.76373682535 7.437421753116059e-07
34055.030166104596 7.254321370069329e-07
34450.84419795958 7.075728698348508e-07
34851.25868816255 6.901532763519349e-07
35256.32710681609 6.731625323205063e-07
35666.10354549443 6.565900799825775e-07
36080.64272446579 6.404256214994824e-07
36499.99999999999 6.246591125529694e-07
