3.185919783420101936e+01 1.180208044622539035e-04
3.229220809303918571e+01 1.361094792298910483e-04
3.273111451384224324e+01 1.588933016646378342e-04
3.317599738275868049e+01 1.877020395090957423e-04
3.362693807916759425e+01 2.242660665081940095e-04
3.408401909056513546e+01 2.708186807145521440e-04
3.454732402765336019e+01 3.302032944653191492e-04
3.501693763963417183e+01 4.059924977766575516e-04
3.549294582971248246e+01 5.026354229393623259e-04
3.597543567080958127e+01 6.256309602606568640e-04
3.646449542149061784e+01 7.816387270018964814e-04
3.696021454210966795e+01 9.784838195041611897e-04
3.746268371117344742e+01 1.225102842281240029e-03
3.797199484192911711e+01 1.531326426303264779e-03
3.848824109917703140e+01 1.907547010362400930e-03
3.901151691631258700e+01 2.364199150563347368e-03
3.954191801260078876e+01 2.911057299247735847e-03
4.007954141068483267e+01 3.556359416479096258e-03
4.062448545433445446e+01 4.306023816538523397e-03
4.117684982643498870e+01 5.162938518546288102e-03
4.173673556722143729e+01 6.126399787425636234e-03
4.230424509276153344e+01 7.191656583758115895e-03
4.287948221368981905e+01 8.349559792926744550e-03
4.346255215419670748e+01 9.586576023470738672e-03
4.405356157127700101e+01 1.088540069624299722e-02
4.465261857423960379e+01 1.222566789460557968e-02
4.525983274448296356e+01 1.358475454554070039e-02
4.587531515554057648e+01 1.493760267097116179e-02
4.649917839339873638e+01 1.625300654381187093e-02
4.713153657709077038e+01 1.748945577679983376e-02
4.777250537957238663e+01 1.861339625212637960e-02
4.842220204888103297e+01 1.961513736197473268e-02
4.908074542958306097e+01 2.050002691859259540e-02
4.974825598451302966e+01 2.127761756458718123e-02
5.042485581680951157e+01 2.195798134769930132e-02
5.111066869225051335e+01 2.255004781052208362e-02
5.180582006189256816e+01 2.306125356215729671e-02
5.251043708501937601e+01 2.349769234214973967e-02
5.322464865240196730e+01 2.386409463990180058e-02
5.394858540987526396e+01 2.416419858372942375e-02
5.468237978223707785e+01 2.440072494192707664e-02
5.542616599747120176e+01 2.457574613771967842e-02
5.618008011130056900e+01 2.469081167390915765e-02
5.694499693954833219e+01 2.474685914149243882e-02
5.771902461821334640e+01 2.474470410556717237e-02
5.850359198379238279e+01 2.468532191755240524e-02
5.929884255182529529e+01 2.456991201674779690e-02
6.010492179205724739e+01 2.439980328056767789e-02
6.092197715504838840e+01 2.417707919970607522e-02
6.175015809914548015e+01 2.390419521691233840e-02
6.258961611782211776e+01 2.358444930683376017e-02
6.344050476738999578e+01 2.322148902500104084e-02
6.430297969508747258e+01 2.281899224607386589e-02
6.517719866755197700e+01 2.238021967232367571e-02
6.606332159967853102e+01 2.190835425273232606e-02
6.696151058387181365e+01 2.140635649962605025e-02
6.787192991969718037e+01 2.087687077445565809e-02
6.879474614393444654e+01 2.032226967086117608e-02
6.973012806104115668e+01 1.974488716929714838e-02
7.067824677403133649e+01 1.914733565402759741e-02
7.163927571577406184e+01 1.853261233993452883e-02
7.261339068071785618e+01 1.790369132926580842e-02
7.360076985704795050e+01 1.726394322289651062e-02
7.460159385928128017e+01 1.661705665942136978e-02
7.561604576130483224e+01 1.596701849816178909e-02
7.664431112986355288e+01 1.531782875846074421e-02
7.768657805850575926e+01 1.467315125743190452e-02
7.874303720198946621e+01 1.403612822174632457e-02
7.981388181115680425e+01 1.340953138855141558e-02
8.089930776828533965e+01 1.279573861726121531e-02
8.199951362291875512e+01 1.219685030111397617e-02
8.311470062818578697e+01 1.161473704361791481e-02
8.424507277761506430e+01 1.105112519896675471e-02
8.539083684244977235e+01 1.050758911079023583e-02
8.655220240947022603e+01 9.985412659246462042e-03
8.772938191933343433e+01 9.485734125060998889e-03
8.892259070543272514e+01 9.009356696075720983e-03
9.013204703328692347e+01 8.556662659818525807e-03
9.135797214046645820e+01 8.127633185137983496e-03
9.260059027706314794e+01 7.721965112672715681e-03
9.386012874671072836e+01 7.339098459270346209e-03
9.513681794816280046e+01 6.978274253484240131e-03
9.643089141743983816e+01 6.638546220549657040e-03
9.774258587054731606e+01 6.318827463815304690e-03
9.907214124677612688e+01 6.017992146636036432e-03
1.004198007525943552e+02 5.734967463855496217e-03
1.017858109061344720e+02 5.468654056045275935e-03
1.031704215822868349e+02 5.217948507095976352e-03
1.045738860584087746e+02 4.981836381164277128e-03
1.059964610606542124e+02 4.759388016109186714e-03
1.074384068109342252e+02 4.549759492125687865e-03
1.088999870745189327e+02 4.352136528525889225e-03
1.103814692082856510e+02 4.165749861258401243e-03
1.118831242096241141e+02 3.989863457975466321e-03
1.134052267660088233e+02 3.823745832820350798e-03
1.149480553052459726e+02 3.666600420292868978e-03
1.165118920464040286e+02 3.517658347048313594e-03
1.180970230514373611e+02 3.376194804846029129e-03
1.197037382775150576e+02 3.241559636968028429e-03
1.213323316300600823e+02 3.113194369596603006e-03
1.229831010165105454e+02 2.990596270114810606e-03
1.246563484008156877e+02 2.873346695563546577e-03
1.263523798586708438e+02 2.761160475320413588e-03
1.280715056335054101e+02 2.653801051319657628e-03
1.298140401932348595e+02 2.551066144514176071e-03
1.315803022877836099e+02 2.452770500650472418e-03
1.333706150073907679e+02 2.358761010076183828e-03
1.351853058417127045e+02 2.268884994069114008e-03
1.370247067397272644e+02 2.182994442772111243e-03
1.388891541704547876e+02 2.100911339425890617e-03
1.407789891845064858e+02 2.022435448721490031e-03
1.426945574764710045e+02 1.947360327743168085e-03
1.446362094481492875e+02 1.875489710102592328e-03
1.466043002726507325e+02 1.806649870534625738e-03
1.485991899593638834e+02 1.740693972188948890e-03
1.506212434198098435e+02 1.677494668968987704e-03
1.526708305343920813e+02 1.616921201653874485e-03
1.547483262200578906e+02 1.558864240096834858e-03
1.568541104988786685e+02 1.503230192332654508e-03
1.589885685675634761e+02 1.449933790098480169e-03
1.611520908679225101e+02 1.398892946348050809e-03
1.633450731582872493e+02 1.350024387049777660e-03
1.655679165859022532e+02 1.303250373398874909e-03
1.678210277603068619e+02 1.258491085261685336e-03
1.701048188277120801e+02 1.215669671788079109e-03
1.724197075463912370e+02 1.174709049137493896e-03
1.747661173630981182e+02 1.135510063191985664e-03
1.771444774905260715e+02 1.097961194211141689e-03
1.795552229858202224e+02 1.061965401008045998e-03
1.819987948301582890e+02 1.027431774300835779e-03
1.844756400094184698e+02 9.942740249584674367e-04
1.869862115959426205e+02 9.624079580633571399e-04
1.895309688314121388e+02 9.317578342799212598e-04
1.921103772108566830e+02 9.022531702889795280e-04
1.947249085678023732e+02 8.738342629881473006e-04
1.973750411605801958e+02 8.464561864285581258e-04
2.000612597598129980e+02 8.200812935249181951e-04
2.027840557370894032e+02 7.946658020788460036e-04
2.055439271548466991e+02 7.701669033996026009e-04
2.083413788574800662e+02 7.465402003203414419e-04
2.111769225636887768e+02 7.237347333242192399e-04
2.140510769600810761e+02 7.017019405569690019e-04
2.169643677960544608e+02 6.803983660929185939e-04
2.199173279799684906e+02 6.597823392975443041e-04
2.229104976766250843e+02 6.398204994209726049e-04
2.259444244060758535e+02 6.204861886555069692e-04
2.290196631437788426e+02 6.017521562568526119e-04
2.321367764221152470e+02 5.835896059427749319e-04
2.352963344332879103e+02 5.659788542048335702e-04
2.384989151336257862e+02 5.489037473066218573e-04
2.417451043493038583e+02 5.323541690595021483e-04
2.450354958835030459e+02 5.163205122529421209e-04
2.483706916250334018e+02 5.007933629570509443e-04
2.517513016584321974e+02 4.857635511721592955e-04
2.551779443755606565e+02 4.712227291219627662e-04
2.586512465887255416e+02 4.571612984107355573e-04
2.621718436453357981e+02 4.435692215261632931e-04
2.657403795441218790e+02 4.304371251484247034e-04
2.693575070529380469e+02 4.177517518001937734e-04
2.730238878281705865e+02 4.055003640649956428e-04
2.767401925357690402e+02 3.936708330686913317e-04
2.805071009739243664e+02 3.822509030957559409e-04
2.843253021974234684e+02 3.712304600136280552e-04
2.881954946436916316e+02 3.605976203898356852e-04
2.921183862605508921e+02 3.503387416681621666e-04
2.960946946357237834e+02 3.404392604319786061e-04
3.001251471280950227e+02 3.308833098138214308e-04
3.042104810007603533e+02 3.216571351306644032e-04
3.083514435558925584e+02 3.127499684389017411e-04
3.125487922714391971e+02 3.041508040892903705e-04
3.168032949396797449e+02 2.958470185580649309e-04
3.211157298076776101e+02 2.878241915311350284e-04
3.254868857196370300e+02 2.800687912746595808e-04
3.299175622611996346e+02 2.725677190279530981e-04
3.344085699057085890e+02 2.653088560794518089e-04
3.389607301624641309e+02 2.582795283760201677e-04
3.435748757269956855e+02 2.514670404911009335e-04
3.482518506333785808e+02 2.448583283465653564e-04
3.529925104086321994e+02 2.384430257230040970e-04
3.577977222292128090e+02 2.322110949512525523e-04
3.626683650796389315e+02 2.261528308201469183e-04
3.676053299132814232e+02 2.202594485495317118e-04
3.726095198153382171e+02 2.145223782230919283e-04
3.776818501680261306e+02 2.089344770603428648e-04
3.828232488180314590e+02 2.034896685503856818e-04
3.880346562462309521e+02 1.981820205262596005e-04
3.933170257397260343e+02 1.930056592666085351e-04
3.986713235662253396e+02 1.879553989517213346e-04
4.040985291507956845e+02 1.830269475713642343e-04
4.095996352550194501e+02 1.782164818131778180e-04
4.151756481585951519e+02 1.735209326176843925e-04
4.208275878434114929e+02 1.689376603508042831e-04
4.265564881801237220e+02 1.644646713975888002e-04
4.323633971172699830e+02 1.601006552430048625e-04
4.382493768729705721e+02 1.558441196886414110e-04
4.442155041292297710e+02 1.516930735276425784e-04
4.502628702288824911e+02 1.476452954824016353e-04
4.563925813752327372e+02 1.436990847962173103e-04
4.626057588344001488e+02 1.398506378257659017e-04
4.689035391404233337e+02 1.361011385759441396e-04
4.752870743031631946e+02 1.324494830873240280e-04
4.817575320190301795e+02 1.288943413352151412e-04
4.883160958845797950e+02 1.254342498524168648e-04
4.949639656130252092e+02 1.220670960941063138e-04
5.017023572536904226e+02 1.187906982762451137e-04
5.085325034144512983e+02 1.156030739651374385e-04
5.154556534872101565e+02 1.125021789744498450e-04
5.224730738764408216e+02 1.094859397911113457e-04
5.295860482308410155e+02 1.065519887234151830e-04
5.367958776781382539e+02 1.036975506274865656e-04
5.441038810631025626e+02 1.009197193936405652e-04
5.515113951887913117e+02 9.821597613038769541e-05
5.590197750610765297e+02 9.558397469541324385e-05
5.666303941365152923e+02 9.302137834456736167e-05
5.743446445735820589e+02 9.052587818644938691e-05
5.821639374873241195e+02 8.809525160983935725e-05
5.900897032074933577e+02 8.572728264159325002e-05
5.981233915401842296e+02 8.341979636851762098e-05
6.062664720330316186e+02 8.117107928982817463e-05
6.145204342440345044e+02 7.897925475074986379e-05
6.228867880140256830e+02 7.684255719365919342e-05
6.313670637428538157e+02 7.475935123001521253e-05
6.399628126693326067e+02 7.272810706016475529e-05
6.486756071549995113e+02 7.074742077333763274e-05
6.575070409717359325e+02 6.881617914304878365e-05
6.664587295933004043e+02 6.693329198065572222e-05
6.755323104908438836e+02 6.509770180588637153e-05
6.847294434324367103e+02 6.330850564939028997e-05
6.940518107866764694e+02 6.156488254943073488e-05
7.035011178304383748e+02 5.986601570927101417e-05
7.130790930608062581e+02 5.821111636719150618e-05
7.227874885112510128e+02 5.659942696464853725e-05
7.326280800721266360e+02 5.503021805287292446e-05
7.426026678155164973e+02 5.350278234509124771e-05
7.527130763245046410e+02 5.201642906216838794e-05
7.629611550269429472e+02 5.057048311598233079e-05
7.733487785337496234e+02 4.916426599193440307e-05
7.838778469818165604e+02 4.779708142997238750e-05
7.945502863815902401e+02 4.646804855314807733e-05
8.053680489693880418e+02 4.517693778165264139e-05
8.163331135645034919e+02 4.392212801770305035e-05
8.274474859311742421e+02 4.270282008480506255e-05
8.387131991454900799e+02 4.151817871097347387e-05
8.501323139672887237e+02 4.036734209137982912e-05
8.617069192171089753e+02 3.924943220861480762e-05
8.734391321582929777e+02 3.816358591098717445e-05
8.853310988842814595e+02 3.710890934396731105e-05
8.973849947111757501e+02 3.608449957409663820e-05
9.096030245756652448e+02 3.508946140004770130e-05
9.219874234383555631e+02 3.412291323378358076e-05
9.345404566925896006e+02 3.318398407222555987e-05
9.472644205788509453e+02 3.227181374160814392e-05
9.601616426047944515e+02 3.138557244740703442e-05
9.732344819709974217e+02 3.052445380273040038e-05
9.864853300025140470e+02 2.968766949782149591e-05
9.999166105863115490e+02 2.887443808663621696e-05
1.013530780614648620e+03 2.808398545078291458e-05
1.027330330434494044e+03 2.731557234795180711e-05
1.041317784303072585e+03 2.656849671456686449e-05
1.055495700849621926e+03 2.584208965272308538e-05
1.069866673543403294e+03 2.513573263831397116e-05
1.084433331168116410e+03 2.444883670889275683e-05
1.099198338302780940e+03 2.378083835006004681e-05
1.114164395809120379e+03 2.313119789473431056e-05
1.129334241325627772e+03 2.249940209675526802e-05
1.144710649768357371e+03 2.188489017742413284e-05
1.160296433838490884e+03 2.128716176517182930e-05
1.176094444536861147e+03 2.070575851348646266e-05
1.192107571685480252e+03 2.014023497287292601e-05
1.208338744456127188e+03 1.959015706909795606e-05
1.224790931906172318e+03 1.905510288927321863e-05
1.241467143521706703e+03 1.853466211017398878e-05
1.258370429768011945e+03 1.802843567003518835e-05
1.275503882647579758e+03 1.753603569111186625e-05
1.292870636265723988e+03 1.705708418267292716e-05
1.310473867403849681e+03 1.659121381218321342e-05
1.328316796100577676e+03 1.613806732944132543e-05
1.346402686240779758e+03 1.569729742489753179e-05
1.364734846152584169e+03 1.526856604216212049e-05
1.383316629212564976e+03 1.485154421156824941e-05
1.402151434459166467e+03 1.444591211346280381e-05
1.421242707214433722e+03 1.405135870655739572e-05
1.440593939714258795e+03 1.366758168966899698e-05
1.460208671747206836e+03 1.329428646626678971e-05
1.480090491301994462e+03 1.293118672477190417e-05
1.500243035223836614e+03 1.257800401301087140e-05
1.520669989879701461e+03 1.223446754001431816e-05
1.541375091832632734e+03 1.190031402869787963e-05
1.562362128525272283e+03 1.157528697893429252e-05
1.583634938972637656e+03 1.125913711342713390e-05
1.605197414464382064e+03 1.095162199774009457e-05
1.627053499276624734e+03 1.065250599845967718e-05
1.649207191393407356e+03 1.036155956838127315e-05
1.671662543238040826e+03 1.007855952287367877e-05
1.694423662414406635e+03 9.803288828251016879e-06
1.717494712458289769e+03 9.535536407886719031e-06
1.740879913599010479e+03 9.275097104849912874e-06
1.764583543531418172e+03 9.021770991636345440e-06
1.788609938198343571e+03 8.775363773837180749e-06
1.812963492583759944e+03 8.535686491054905191e-06
1.837648661516752099e+03 8.302555424707308096e-06
1.862669960486362243e+03 8.075791804578981914e-06
1.888031966467602160e+03 7.855221612193851778e-06
1.913739318758704940e+03 7.640675684954474688e-06
1.939796719829723315e+03 7.431989503844900003e-06
1.966208936182732941e+03 7.229003175894119432e-06
1.992980799223769282e+03 7.031560883245075669e-06
2.020117206146549279e+03 6.839511186784843827e-06
2.047623120828306583e+03 6.652706805361034953e-06
2.075503574737831059e+03 6.471004499655991313e-06
2.103763667855778749e+03 6.294265039768626440e-06
2.132408569607613117e+03 6.122352745422843961e-06
2.161443519809233294e+03 5.955135766497416175e-06
2.190873829625404596e+03 5.792485872623948627e-06
2.220704882541323059e+03 5.634278419985729676e-06
2.250942135347402655e+03 5.480392020746859797e-06
2.281591119137400710e+03 5.330708614970139619e-06
2.312657440320211663e+03 5.185113407806195534e-06
2.344146781645406463e+03 5.043494754988435251e-06
2.376064903242722721e+03 4.905744145479578873e-06
2.408417643675773888e+03 4.771755834290662191e-06
2.441210921009988851e+03 4.641427053658662906e-06
2.474450733895202120e+03 4.514657857469018306e-06
2.508143162662965551e+03 4.391351063795742604e-06
2.542294370438733949e+03 4.271412136739761588e-06
2.576910604269260148e+03 4.154749024568221217e-06
2.611998196265368733e+03 4.041272253077667623e-06
2.647563564760171630e+03 3.930894803945638404e-06
2.683613215483168915e+03 3.823532107373713907e-06
2.720153742750329911e+03 3.719101749034886735e-06
2.757191830670272338e+03 3.617523628840333170e-06
2.794734254366986079e+03 3.518719846239568098e-06
2.832787881219185238e+03 3.422614638444431421e-06
2.871359672116441288e+03 3.329134364853883493e-06
2.910456682732537502e+03 3.238207262113279702e-06
2.950086064816133785e+03 3.149763591659612150e-06
2.990255067498927019e+03 3.063735529284625534e-06
3.030971038621720709e+03 2.980057142191686335e-06
3.072241426078544464e+03 2.898664239277251104e-06
3.114073779178982022e+03 2.819494369841597613e-06
3.156475750029141636e+03 2.742486816220183706e-06
3.199455094931453914e+03 2.667582527094290354e-06
3.243019675803392147e+03 2.594724109574289198e-06
3.287177461615639004e+03 2.523855633618281519e-06
3.331936529849839644e+03 2.454922743098710691e-06
3.377305067976082228e+03 2.387872574142226441e-06
3.423291374950602858e+03 2.322653720583994969e-06
3.469903862733919595e+03 2.259216191020526444e-06
3.517151057829467391e+03 2.197511292556676422e-06
3.565041602843369674e+03 2.137491700355612632e-06
3.613584258065345239e+03 2.079111388478100487e-06
3.662787903071154233e+03 2.022325625133025031e-06
3.712661538346945690e+03 1.967090823726992750e-06
3.763214286935553901e+03 1.913364616131477027e-06
3.814455396105368891e+03 1.861105799003494251e-06
3.866394239041913806e+03 1.810274299768281224e-06
3.919040316562332009e+03 1.760831169142560758e-06
3.972403258853351417e+03 1.712738450623837289e-06
4.026492827232910713e+03 1.665959258048136914e-06
4.081318915935642963e+03 1.620457717711515957e-06
4.136891553922801904e+03 1.576198953389354953e-06
4.193220906716846912e+03 1.533149020271292086e-06
4.250317278260842613e+03 1.491274883879667502e-06
4.308191112803350734e+03 1.450544429299482094e-06
4.366852996808971511e+03 1.410926423039890319e-06
4.426313660894747045e+03 1.372390509425458683e-06
4.486583981793090061e+03 1.334907106402542949e-06
4.547674984341460913e+03 1.298447463931974303e-06
4.609597843498931070e+03 1.262983621181015391e-06
4.672363886390411608e+03 1.228488386058807148e-06
4.735984594378705879e+03 1.194935322713093536e-06
4.800471605164597349e+03 1.162298674160509282e-06
4.865836714915712037e+03 1.130553409279127532e-06
4.932091880424368355e+03 1.099675184017125747e-06
4.999249221294634481e+03 1.069640336832562755e-06
5.067321022159351742e+03 1.040425818814842813e-06
5.136319734927325044e+03 1.012009218576601575e-06
5.206257981060946804e+03 9.843687428159304885e-07
5.277148553885033834e+03 9.574831963673634513e-07
5.349004420927054525e+03 9.313319785526852303e-07
5.421838726289089209e+03 9.058950139058895550e-07
5.495664793052265850e+03 8.811527925545804116e-07
5.570496125713846595e+03 8.570863401888788365e-07
5.646346412657459950e+03 8.336772085322980246e-07
5.723229528657167066e+03 8.109074646839893873e-07
5.801159537415292107e+03 7.887596252648785777e-07
5.880150694135096273e+03 7.672166946658939279e-07
5.960217448128451906e+03 7.462621529461102698e-07
6.041374445458795890e+03 7.258799447337984008e-07
6.123636531620326423e+03 7.060544239278299938e-07
6.207018754253665065e+03 6.867703840733776881e-07
6.291536365898234180e+03 6.680130361886448906e-07
6.377204826782426608e+03 6.497679971644573373e-07
6.464039807651667616e+03 6.320212865055850431e-07
6.552057192634832063e+03 6.147592802646792830e-07
6.641273082149893526e+03 5.979687390068095414e-07
6.731703795849140079e+03 5.816367867338785572e-07
6.823365875604235953e+03 5.657509073417672609e-07
6.916276088532235008e+03 5.502989125286920467e-07
7.010451430062718828e+03 5.352689473656174239e-07
7.105909127046524191e+03 5.206494849862119759e-07
7.202666640906968496e+03 5.064293148938041633e-07
7.300741670834090655e+03 4.925975412249309002e-07
7.400152157022023857e+03 4.791435459478778142e-07
7.500916283950781690e+03 4.660570099193635078e-07
7.603052483712705907e+03 4.533278972932561916e-07
7.706579439383954195e+03 4.409464496006481334e-07
7.811516088442122964e+03 4.289031747268056285e-07
7.917881626230492657e+03 4.171888293883532039e-07
8.025695509469069293e+03 4.057944292755762484e-07
8.134977459813791029e+03 3.947112366852770793e-07
8.245747467464161673e+03 3.839307597938042565e-07
8.358025794819726798e+03 3.734447232736753072e-07
8.471832980186678469e+03 3.632450841292989787e-07
8.587189841534725929e+03 3.533240201952965363e-07
8.704117480305179924e+03 3.436739239692680033e-07
8.822637285271017390e+03 3.342874010902452788e-07
8.942770936449194778e+03 3.251572457188646795e-07
9.064540409066466964e+03 3.162764552698211563e-07
9.187967977579390208e+03 3.076382193837710063e-07
9.313076219748483709e+03 2.992359174873094732e-07
9.439888020768428760e+03 2.910631043625987612e-07
9.568426577454387370e+03 2.831135091135035487e-07
9.698715402484991500e+03 2.753810349603413522e-07
9.830778328703496300e+03 2.678597524522579077e-07
9.964639513477464789e+03 2.605438986992020679e-07
1.010032344311746783e+04 2.534278577169457549e-07
1.023785493735632372e+04 2.465061715143793213e-07
1.037725915388934482e+04 2.397735319399808699e-07
1.051856159297596059e+04 2.332247771129339870e-07
1.066178810210448137e+04 2.268548875696836976e-07
1.080696488072031570e+04 2.206589738978735576e-07
1.095411848501819441e+04 2.146322841272548786e-07
1.110327583280003091e+04 2.087701967211228816e-07
1.125446420839898383e+04 2.030682200120872987e-07
1.140771126767007991e+04 1.975219776299797051e-07
1.156304504304925467e+04 1.921272152414291354e-07
1.172049394868131094e+04 1.868797955557983905e-07
1.188008678561718625e+04 1.817756948250058829e-07
1.204185274708252291e+04 1.768110021245841881e-07
1.220582142381790072e+04 1.719819062209962040e-07
1.237202280949138185e+04 1.672847033135450876e-07
1.254048730618520312e+04 1.627157912734075667e-07
1.271124572995716699e+04 1.582716680683877091e-07
1.288432931647730402e+04 1.539489254273662816e-07
1.305976972674180615e+04 1.497442462462962300e-07
1.323759905286452340e+04 1.456544058198450179e-07
1.341784982394726467e+04 1.416762679504066944e-07
1.360055501203036692e+04 1.378067846053492697e-07
1.378574803812370737e+04 1.340429854373605685e-07
1.397346277832035048e+04 1.303819836083848293e-07
1.416373356999344651e+04 1.268209715346981724e-07
1.435659521807697820e+04 1.233572187744500396e-07
1.455208300143253473e+04 1.199880710032729832e-07
1.475023267930288603e+04 1.167109418768196712e-07
1.495108049785274125e+04 1.135233179838184337e-07
1.515466319679921435e+04 1.104227549067385956e-07
1.536101801613260795e+04 1.074068767202948786e-07
1.557018270292800116e+04 1.044733691732471166e-07
1.578219551825032795e+04 1.016199818553364807e-07
1.599709524415336818e+04 9.884452647336061425e-08
1.621492119077352072e+04 9.614487479544732840e-08
1.643571320352071052e+04 9.351895829639311876e-08
1.665951167036723564e+04 9.096476118219035564e-08
1.688635752923529071e+04 8.848032443725690270e-08
1.711629227548561175e+04 8.606374282758913330e-08
1.734935796950818985e+04 8.371316390676903159e-08
1.758559724441567596e+04 8.142678535970121597e-08
1.782505331384213787e+04 7.920285254081369248e-08
1.806776997984807167e+04 7.703965984105478804e-08
1.831379164093238796e+04 7.493554846895619630e-08
1.856316330015411950e+04 7.288890629117002561e-08
1.881593057336475977e+04 7.089816226546757294e-08
1.907213969755203289e+04 6.896178948387808751e-08
1.933183753929790328e+04 6.707830296272306019e-08
1.959507160335176741e+04 6.524625847391097369e-08
1.986189004131977708e+04 6.346425222484206951e-08
2.013234166047314284e+04 6.173091621405057105e-08
2.040647593267605407e+04 6.004492104844103072e-08
2.068434300343513314e+04 5.840497382933623915e-08
2.096599370107256254e+04 5.680981777380564042e-08
2.125147954602324171e+04 5.525822909230569445e-08
2.154085276025931671e+04 5.374901738383514647e-08
2.183416627684309424e+04 5.228102521781579438e-08
2.213147374960911475e+04 5.085312693118918371e-08
2.243282956297904093e+04 4.946422845995763623e-08
2.273828884191003453e+04 4.811326363012581211e-08
2.304790746197786211e+04 4.679919627845622231e-08
2.336174205959808751e+04 4.552101868936479208e-08
2.367985004238650436e+04 4.427775098186371885e-08
2.400228959965972899e+04 4.306844008089236799e-08
2.432911971307965359e+04 4.189215783009255558e-08
2.466040016744285458e+04 4.074800210040910798e-08
2.499619156161603678e+04 3.963509552469879208e-08
2.533655531962127861e+04 3.855258542958741477e-08
2.568155370187215158e+04 3.749964087502712412e-08
2.603124981656206000e+04 3.647545424865379408e-08
2.638570763120840638e+04 3.547924011339753505e-08
2.674499198435417202e+04 3.451023458731441900e-08
2.710916859742762608e+04 3.356769519167297328e-08
2.747830408676471779e+04 3.265089837504466209e-08
2.785246597579497029e+04 3.175914099568364780e-08
2.823172270739254600e+04 3.089173921292382277e-08
2.861614365639623429e+04 3.004802823097167156e-08
2.900579914230016220e+04 2.922736090076377738e-08
2.940076044211612316e+04 2.842910753567121979e-08
2.980109980341211121e+04 2.765265594652518121e-08
3.020689045752856691e+04 2.689741074594701384e-08
3.061820663297311330e+04 2.616279327246266378e-08
3.103512356899942824e+04 2.544823961352793102e-08
3.145771752936994744e+04 2.475320172196418948e-08
3.188606581630619621e+04 2.407714659543442116e-08
3.232024678462970041e+04 2.341955590962683681e-08
3.276033985609408046e+04 2.277992567104130074e-08
3.320642553391351976e+04 2.215776491258813229e-08
3.365858541748908465e+04 2.155259647922135528e-08
3.411690221733434009e+04 2.096395631269719522e-08
3.458145977020541613e+04 2.039139338592359960e-08
3.505234305443710036e+04 1.983446827641977355e-08
3.552963820548654621e+04 1.929275378925270407e-08
3.601343253168976662e+04 1.876583448975372627e-08
3.650381453023291397e+04 1.825330634451933182e-08
3.700087390333948861e+04 1.775477664849533028e-08
3.750470157467947865e+04 1.726986270781086406e-08
3.801538970600173343e+04 1.679819261555402080e-08
3.853303171399172425e+04 1.633940467342747784e-08
3.905772228735995304e+04 1.589314722696851264e-08
3.958955740416322806e+04 1.545907805748010384e-08
4.012863434936037811e+04 1.503686408045443245e-08
4.067505173260827723e+04 1.462618149511256500e-08
4.122890950630044972e+04 1.422671538800341037e-08
4.179030898384962347e+04 1.383815969833390689e-08
4.235935285822080186e+04 1.346021616647064632e-08
4.293614522071670945e+04 1.309259491789960786e-08
4.352079158001747419e+04 1.273501403565119229e-08
4.411339888148109458e+04 1.238719934334604685e-08
4.471407552670681616e+04 1.204888432387190845e-08
4.532293139336319291e+04 1.171980927087729549e-08
4.594007785528773093e+04 1.139972180566927440e-08
4.656562780286060297e+04 1.108837647735387502e-08
4.719969566365276842e+04 1.078553470706341139e-08
4.784239742335990741e+04 1.049096412451121567e-08
4.849385064701777446e+04 1.020443875531728240e-08
4.915417450050639309e+04 9.925738866424854900e-09
4.982348977235072380e+04 9.654650755541613570e-09
5.050191889581362921e+04 9.390966715285836639e-09
5.118958597129241389e+04 9.134484335364871078e-09
5.188661678902044514e+04 8.885006904903520419e-09
5.259313885207570274e+04 8.642343113299701795e-09
5.330928139970474876e+04 8.406307102749475155e-09
5.403517543096419104e+04 8.176717987554542064e-09
5.477095372868221602e+04 7.953399315540296805e-09
5.551675088374815823e+04 7.736179821692081986e-09
5.627270331973314751e+04 7.524892941939847230e-09
5.703894931784358778e+04 7.319376797007712414e-09
5.781562904221684585e+04 7.119473635391668143e-09
5.860288456556107849e+04 6.925030135771169631e-09
5.940085989514234097e+04 6.735897186378150363e-09
6.020970099912746082e+04 6.551929767492488978e-09
6.102955583328573994e+04 6.372986920153776870e-09
6.186057436805208999e+04 6.198931280146448740e-09
6.270290861596075410e+04 6.029629358892385343e-09
6.355671265945272171e+04 5.864951332142424698e-09
6.442214267905945599e+04 5.704770999163674334e-09
6.529935698197269812e+04 5.548965481528004263e-09
6.618851603100320790e+04 5.397415244732907076e-09
6.708978247393172933e+04 5.250004067110783026e-09
6.800332117326164735e+04 5.106618916697811902e-09
6.892929923637710453e+04 4.967149934883130108e-09
6.986788604610912444e+04 4.831490064228952702e-09
7.081925329172043712e+04 4.699535259917019376e-09
7.178357500031264499e+04 4.571184333449214509e-09
7.276102756865657284e+04 4.446338889110930965e-09
7.375178979546308983e+04 4.324903229986732790e-09
7.475604291408794234e+04 4.206784154668219330e-09
7.577397062568152614e+04 4.091891076833845307e-09
7.680575913279602537e+04 3.980135896524969791e-09
7.785159717344302044e+04 3.871432993165176444e-09
7.891167605561904202e+04 3.765698930406160491e-09
7.998618969230128278e+04 3.662852612328621233e-09
8.107533463691687211e+04 3.562815169922155375e-09
8.217931011929793749e+04 3.465509898444586459e-09
8.329831808212645410e+04 3.370862243145310574e-09
8.443256321787211346e+04 3.278799549712158260e-09
8.558225300623652583e+04 3.189251212599426797e-09
8.674759775210681255e+04 3.102148564350973621e-09
8.792881062402334646e+04 3.017424848587592830e-09
8.912610769317433005e+04 2.935015085552601719e-09
9.033970797292100906e+04 2.854856044436050038e-09
9.156983345885846938e+04 2.776886252476198206e-09
9.281670916942459007e+04 2.701045924000998090e-09
9.408056318706242018e+04 2.627276953422768229e-09
9.536162669993931195e+04 2.555522716105522420e-09
9.666013404423797328e+04 2.485728179968717287e-09
9.797632274702288851e+04 2.417839823682330590e-09
9.931043356968734588e+04 2.351805598808682293e-09
1.006627105519953911e+05 2.287574899498580175e-09
1.020334010567235673e+05 2.225098424467693159e-09
1.034227558149067772e+05 2.164328260133668886e-09
1.048310289717042178e+05 2.105217808052331552e-09
1.062584781328895187e+05 2.047721777641842600e-09
1.077053644119703094e+05 1.991796046522786722e-09
1.091719524779531203e+05 1.937397716905347060e-09
1.106585106037594815e+05 1.884485072828330830e-09
1.121653107152940793e+05 1.833017543182976672e-09
1.136926284411922097e+05 1.782955694699955294e-09
1.152407431632361113e+05 1.734261099339932727e-09
1.168099380674574204e+05 1.686896411838923800e-09
1.184005001959445071e+05 1.640825312106427014e-09
1.200127204993439373e+05 1.596012488054921062e-09
1.216468938900840876e+05 1.552423577380308376e-09
1.233033192963228648e+05 1.510025132456525440e-09
1.249822997166255809e+05 1.468784638619385885e-09
1.266841422753919906e+05 1.428670473633471506e-09
1.284091582790379325e+05 1.389651904423372562e-09
1.301576632729373232e+05 1.351698981254112309e-09
1.319299770991445112e+05 1.314782596046182432e-09
1.337264239549020422e+05 1.278874439882989593e-09
1.355473324519409216e+05 1.243946980796253384e-09
1.373930356765928154e+05 1.209973457291716600e-09
1.392638712507209275e+05 1.176927790258221661e-09
1.411601813934755337e+05 1.144784636810744600e-09
1.430823129838952736e+05 1.113519349736417964e-09
1.450306176243614755e+05 1.083107971484735278e-09
1.470054517049105489e+05 1.053527169494920404e-09
1.490071764684279333e+05 1.024754251707871035e-09
1.510361580767294508e+05 9.967671533691959532e-10
1.530927676775371656e+05 9.695444153258552551e-10
1.551773814723729447e+05 9.430651805286579179e-10
1.572903807853759499e+05 9.173091236738819707e-10
1.594321521330522373e+05 8.922564917294078644e-10
1.616030872949790792e+05 8.678880739567732479e-10
1.638035833854728844e+05 8.441851911511897759e-10
1.660340429262264806e+05 8.211296720045175471e-10
1.682948739199413685e+05 7.987038233824860748e-10
1.705864899249642331e+05 7.768904473637844155e-10
1.729093101309281774e+05 7.556728180750108039e-10
1.752637594354414614e+05 7.350346801729910288e-10
1.776502685218069528e+05 7.149601926823866658e-10
1.800692739377999096e+05 6.954339594586667517e-10
1.825212181755316560e+05 6.764410070954313220e-10
1.850065497523839585e+05 6.579667731127185276e-10
1.875257232930561586e+05 6.399971028604490487e-10
1.900791996127286693e+05 6.225182025452598518e-10
1.926674458013523254e+05 6.055166675905209452e-10
1.952909353090919612e+05 5.889794613664451315e-10
1.979501480329344340e+05 5.728939108876747287e-10
2.006455704044672020e+05 5.572476775116756108e-10
2.033776954788611911e+05 5.420287575763904767e-10
2.061470230250638560e+05 5.272254803638864446e-10
2.089540596172139049e+05 5.128264954608533134e-10
2.117993187273077783e+05 4.988207711619096466e-10
2.146833208191281883e+05 4.851975569562084322e-10
2.176065934434437659e+05 4.719464048915642943e-10
2.205696713345128810e+05 4.590571538219923487e-10
2.235730965079017915e+05 4.465199228741720904e-10
2.266174183596263465e+05 4.343251027515604500e-10
2.297031937666517042e+05 4.224633341182274060e-10
2.328309871887613263e+05 4.109255204661206648e-10
2.360013707718036894e+05 3.997028149573290640e-10
2.392149244523541129e+05 3.887866195676278305e-10
2.424722360638012760e+05 3.781685560935625716e-10
2.457739014438696613e+05 3.678404808650724241e-10
2.491205245436156110e+05 3.577944739789078223e-10
2.525127175379060500e+05 3.480228328713413916e-10
2.559511009373941633e+05 3.385180708609302747e-10
2.594363037020277989e+05 3.292728921074164138e-10
2.629689633561050869e+05 3.202802065069498205e-10
2.665497261048810324e+05 3.115331185651134699e-10
2.701792469527865760e+05 3.030249245703096285e-10
2.738581898232385865e+05 2.947490995899760448e-10
2.775872276800794643e+05 2.866992939478191421e-10
2.813670426506926306e+05 2.788693346147678487e-10
2.851983261507672141e+05 2.712532179805414583e-10
2.890817790107776527e+05 2.638451091394155660e-10
2.930181116041865898e+05 2.566393218975181267e-10
2.970080439773806138e+05 2.496303299925286121e-10
3.010523059813872096e+05 2.428127588571293219e-10
3.051516374053853215e+05 2.361813817336974108e-10
3.093067881120222737e+05 2.297311170154423082e-10
3.135185181745848968e+05 2.234570138178519000e-10
3.177875980160384788e+05 2.173542606860629098e-10
3.221148085499464651e+05 2.114181782310703711e-10
3.265009413233230007e+05 2.056442182923835493e-10
3.309467986614275142e+05 2.000279503067059038e-10
3.354531938145217719e+05 1.945650664184351693e-10
3.400209511066359119e+05 1.892513775244284298e-10
3.446509060863601044e+05 1.840828094876977392e-10
3.493439056796779623e+05 1.790554024107292648e-10
3.541008083448930993e+05 1.741652973911736573e-10
3.589224842296646093e+05 1.694087442197808403e-10
3.638098153301696293e+05 1.647820956342183486e-10
3.687636956524440902e+05 1.602818055172857353e-10
3.737850313759227865e+05 1.559044233470842870e-10
3.788747410191907547e+05 1.516465902538309147e-10
3.840337556080059148e+05 1.475050411100552592e-10
3.892630188456111937e+05 1.434766004058227253e-10
3.945634872853487032e+05 1.395581819039559861e-10
3.999361305056413403e+05 1.357467780723913423e-10
4.053819312873571180e+05 1.320394658654681004e-10
4.109018857935646665e+05 1.284334024878241589e-10
4.164970037517763558e+05 1.249258268458368016e-10
4.221683086386400973e+05 1.215140511160529437e-10
4.279168378671473474e+05 1.181954528040043571e-10
4.337436429764220957e+05 1.149674869749647793e-10
4.396497898240525392e+05 1.118276785518163036e-10
4.456363587810682948e+05 1.087736216471612111e-10
4.517044449295707163e+05 1.058029733219908225e-10
4.578551582630372141e+05 1.029134547850967651e-10
4.640896238893713453e+05 1.001028502822667755e-10
4.704089822367157903e+05 9.736900487031282347e-11
4.768143892620525439e+05 9.470982406981040248e-11
4.833070166626590653e+05 9.212326681981105289e-11
4.898880520904453006e+05 8.960734950914719543e-11
4.965586993691910175e+05 8.716014298027031860e-11
5.033201787147582509e+05 8.477977140480683130e-11
5.101737269583038869e+05 8.246441009919533589e-11
5.171205977725122939e+05 8.021228226828304148e-11
5.241620619009266957e+05 7.802166087773185028e-11
5.312994073904050747e+05 7.589086629482149556e-11
5.385339398267199285e+05 7.381826613906113664e-11
5.458669825733866310e+05 7.180226965542830508e-11
5.532998770137445536e+05 6.984133074670779740e-11
5.608339827963139396e+05 6.793394576239038657e-11
5.684706780835125828e+05 6.607865231069381062e-11
5.762113598037614720e+05 6.427402897369327267e-11
5.840574439070017543e+05 6.251869056707905939e-11
5.920103656237107934e+05 6.081129098007898027e-11
6.000715797274468932e+05 5.915052105093660036e-11
6.082425608009470161e+05 5.753510810815010002e-11
6.165248035058674868e+05 5.596381314698214040e-11
6.249198228562049335e+05 5.443543071632991250e-11
6.334291544953980483e+05 5.294878881846955440e-11
6.420543549772653496e+05 5.150274761794937931e-11
6.507970020507200388e+05 5.009619929763870968e-11
6.596586949483612552e+05 4.872806427659042024e-11
6.686410546790445223e+05 4.739729334680216074e-11
6.777457243243729463e+05 4.610286610203269094e-11
6.869743693392653950e+05 4.484379026106538817e-11
6.963286778566148132e+05 4.361910088464645015e-11
7.058103609960706672e+05 4.242785807011838818e-11
7.154211531770508736e+05 4.126914832143119583e-11
7.251628124360146467e+05 4.014208321417404067e-11
7.350371207480326993e+05 3.904579929938493819e-11
7.450458843527584104e+05 3.797945525843421292e-11
7.551909340848415159e+05 3.694223326322659745e-11
7.654741257088109851e+05 3.593333797411108223e-11
7.758973402585472213e+05 3.495199587627331747e-11
7.864624843813754851e+05 3.399745514092882564e-11
7.971714906868172111e+05 3.306898310475719940e-11
8.080263181001187768e+05 3.216586775554522299e-11
8.190289522205939284e+05 3.128741662502952006e-11
8.301814056848154869e+05 3.043295649485532676e-11
8.414857185347842751e+05 2.960183214358912339e-11
8.529439585911096074e+05 2.879340590104394378e-11
8.645582218312408077e+05 2.800705785016777063e-11
8.763306327728810720e+05 2.724218508711366248e-11
8.882633448626209283e+05 2.649820165432040277e-11
9.003585408698325045e+05 2.577453652944828589e-11
9.126184332859588321e+05 2.507063474275682860e-11
9.250452647292414913e+05 2.438595655986088436e-11
9.376413083549248986e+05 2.371997708187145760e-11
9.504088682710803114e+05 2.307218602043642698e-11
9.633502799600950675e+05 2.244208617677359354e-11
9.764679107058453374e+05 2.182919436500742061e-11
9.897641600267767208e+05 2.123304066182509912e-11
1.003241460114808986e+06 2.065316831482206639e-11
1.016902276280215709e+06 2.008913241195330452e-11
1.030749107402639231e+06 1.954050032906133561e-11
1.044784486388148158e+06 1.900685137845650013e-11
1.059010980632583145e+06 1.848777641863555985e-11
1.073431192491202150e+06 1.798287778266211276e-11
1.088047759754690109e+06 1.749176794253411692e-11
1.102863356131681008e+06 1.701407028475533454e-11
1.117880691737855552e+06 1.654941853447821344e-11
1.133102513591660885e+06 1.609745656808098718e-11
1.148531606116811046e+06 1.565783788617572125e-11
1.164170791651640786e+06 1.523022516602430221e-11
1.180022930965347681e+06 1.481429050797172391e-11
1.196090923781307647e+06 1.440971501238050478e-11
1.212377709307512967e+06 1.401618874676644028e-11
1.228886266774198040e+06 1.363340967956866754e-11
1.245619615978817921e+06 1.326108426326442143e-11
1.262580817838458577e+06 1.289892700985497462e-11
1.279772974949718686e+06 1.254666026610120060e-11
1.297199232156259008e+06 1.220401415082736094e-11
1.314862777124085696e+06 1.187072566381090857e-11
1.332766840924616205e+06 1.154653922781891818e-11
1.350914698625730816e+06 1.123120628101862635e-11
1.369309669890876627e+06 1.092448520604427708e-11
1.387955119586279383e+06 1.062614072040237244e-11
1.406854458396469010e+06 1.033594396860558888e-11
1.426011143448189367e+06 1.005367243089334167e-11
1.445428678942756727e+06 9.779109694436768263e-12
1.465110616797073046e+06 9.512045420117190234e-12
1.485060557293378515e+06 9.252274630791890335e-12
1.505282149737761356e+06 8.999598119569337408e-12
1.525779093127777101e+06 8.753822147998303680e-12
1.546555136829047231e+06 8.514758330104577809e-12
1.567614081261065323e+06 8.282223426637390474e-12
1.588959778592463816e+06 8.056038995746572970e-12
1.610596133445597254e+06 7.836031597133802010e-12
1.632527103610808961e+06 7.622032550701171929e-12
1.654756700770427007e+06 7.413877922855862553e-12
1.677288991232552333e+06 7.211407958368748112e-12
1.700128096674900735e+06 7.014467387507799454e-12
1.723278194898772053e+06 6.822905203179144800e-12
1.746743520593228284e+06 6.636574541952845369e-12
1.770528366109735332e+06 6.455332654678095756e-12
1.794637082247355487e+06 6.279040431214725187e-12
1.819074079048565822e+06 6.107562685471532827e-12
1.843843826605979819e+06 5.940767941791718728e-12
1.868950855880049989e+06 5.778528387010500418e-12
1.894399759527846938e+06 5.620719595793034606e-12
1.920195192743175663e+06 5.467220505319486729e-12
1.946341874108153395e+06 5.317913414703831554e-12
1.972844586456290213e+06 5.172683853087296468e-12
1.999708177747408394e+06 5.031420564804901521e-12
2.026937561954471748e+06 4.894015129886166172e-12
2.054537719962414121e+06 4.760362178812631920e-12
2.082513700479282998e+06 4.630359234290751306e-12
2.110870620959792286e+06 4.503906641874091516e-12
2.139613668541369494e+06 4.380907498290480137e-12
2.168748100993034430e+06 4.261267409130309530e-12
2.198279247677186504e+06 4.144894633707997250e-12
2.228212510524418205e+06 4.031699949203743591e-12
2.258553365021683276e+06 3.921596638894094024e-12
2.289307361213919241e+06 3.814500214070307553e-12
2.320480124719188549e+06 3.710328540102814641e-12
2.352077357757843100e+06 3.609001742229116228e-12
2.384104840195543598e+06 3.510442137616776007e-12
2.416568430600474589e+06 3.414574220797660031e-12
2.449474067315132823e+06 3.321840210924382524e-12
2.482827769542484079e+06 3.232235109652225939e-12
2.516635638447049540e+06 3.145761749664576967e-12
2.550903858270986937e+06 3.062430645397776572e-12
2.585638697465265635e+06 2.982258981979533592e-12
2.620846509836341254e+06 2.905269171482108824e-12
2.656533735708453692e+06 2.831487373146473014e-12
2.692706903101637494e+06 2.760941688905095428e-12
2.729372628925885540e+06 2.693660230153030460e-12
2.766537620191568974e+06 2.629668918356547608e-12
2.804208675236235373e+06 2.568989323266572300e-12
2.842392684968215879e+06 2.511636566178667290e-12
2.881096634127168916e+06 2.457617283189338304e-12
2.920327602561680600e+06 2.406927833397306631e-12
2.960092766524362378e+06 2.359552506514749102e-12
3.000399399984600488e+06 2.315462292523786553e-12
3.041254875959051307e+06 2.274613894276503857e-12
3.082666667860379443e+06 2.236949139263463018e-12
3.124642350864349399e+06 2.202394727413938978e-12
3.167189603295434732e+06 2.170862333901104002e-12
