2.178669335319103340e+01 2.387399212504003661e-04
2.208283133474432347e+01 2.755609944513517755e-04
2.238307029473476462e+01 3.222449138944372994e-04
2.268746702433801588e+01 3.818129320789761041e-04
2.299607910118545817e+01 4.582629539269999705e-04
2.330896490025507717e+01 5.568954982165625830e-04
2.362618360491327962e+01 6.847215594511148890e-04
2.394779521810967537e+01 8.509609238278679350e-04
2.427386057372696015e+01 1.067616229861331756e-03
2.460444134808736294e+01 1.350120973777731853e-03
2.493960007161959780e+01 1.718085734465961412e-03
2.527940014068613550e+01 2.196118873830144036e-03
2.562390582957515051e+01 2.814575260012858182e-03
2.597318230265803862e+01 3.610096645047425334e-03
2.632729562671558199e+01 4.625806183110370284e-03
2.668631278343467983e+01 5.911013145954463477e-03
2.705030168207809638e+01 7.520473676655842210e-03
2.741933117232971640e+01 9.512961286313958986e-03
2.779347105731776324e+01 1.194911610186677464e-02
2.817279210681826029e+01 1.488838480860765756e-02
2.855736607064126531e+01 1.838531131593329482e-02
2.894726569220280510e+01 2.248720957240646356e-02
2.934256472228429402e+01 2.723305247447571631e-02
2.974333793298277229e+01 3.262715892226653036e-02
3.014966113185449359e+01 3.866457506763387730e-02
3.056161117625386581e+01 4.532052583299661652e-02
3.097926598787157104e+01 5.254858628639258455e-02
3.140270456747344596e+01 6.027492879828377781e-02
3.183200700984393805e+01 6.838965772745697613e-02
3.226725451893614860e+01 7.675739776114975932e-02
3.270852942323190149e+01 8.524687981258760594e-02
3.315591519131445608e+01 9.374567812839562642e-02
3.360949644765678102e+01 1.021483286627182796e-01
3.406935898862857215e+01 1.103363498199678716e-01
3.453558979872518364e+01 1.181973034945560386e-01
3.500827706702031605e+01 1.256541901702912245e-01
3.548751020384821686e+01 1.326634509873028112e-01
3.597337985771518731e+01 1.392346863804856394e-01
3.646597793244635710e+01 1.453984478978724848e-01
3.696539760456956714e+01 1.511875616424016577e-01
3.747173334093998420e+01 1.566262055266731679e-01
3.798508091660880837e+01 1.617263618676592074e-01
3.850553743293945530e+01 1.664908211200091248e-01
3.903320133597457442e+01 1.709135075816949900e-01
3.956817243505739867e+01 1.749835625004394490e-01
4.011055192171135531e+01 1.786865625986640005e-01
4.066044238877990580e+01 1.820048227871158275e-01
4.121794784983343618e+01 1.849156183016784638e-01
4.178317375884294904e+01 1.873892183776622034e-01
4.235622703012730739e+01 1.893974357915531037e-01
4.293721605857643198e+01 1.909199763824367402e-01
4.352625074015448803e+01 1.919501587001595233e-01
4.412344249268712559e+01 1.924946439486157068e-01
4.473313989644785948e+01 1.925650044846869413e-01
4.530887532927724948e+01 1.921984048335496631e-01
4.589252290870530260e+01 1.914460598263065805e-01
4.648419136881428670e+01 1.903309302732290043e-01
4.708399093798370671e+01 1.888790461074019156e-01
4.769203335942616917e+01 1.871146745813911938e-01
4.830843191200528963e+01 1.850582969018228496e-01
4.893330143133965748e+01 1.827271377150914144e-01
4.956675833119669505e+01 1.801382208445645450e-01
5.020892062518084487e+01 1.773084805352991289e-01
5.085990794871935350e+01 1.742556009032796283e-01
5.151984158135061875e+01 1.709980564574697937e-01
5.218884446931898680e+01 1.675505310388705205e-01
5.286704124847901198e+01 1.639424993766378513e-01
5.355455826751588688e+01 1.601973897943007596e-01
5.425152361148396807e+01 1.563383226040997442e-01
5.495806712566938046e+01 1.523851267401750142e-01
5.567432043978006817e+01 1.483546020034069990e-01
5.640041699246872042e+01 1.442613268758463629e-01
5.713649205619245208e+01 1.401192445070171821e-01
5.788268276241402788e+01 1.359418224581141477e-01
5.863912812715022227e+01 1.317416738232508600e-01
5.940596907686934003e+01 1.275306808388776414e-01
6.018334847474751825e+01 1.233180795516586326e-01
6.097141114728310640e+01 1.191126874566170724e-01
6.177030391127839692e+01 1.149246666740801892e-01
6.258017560119184708e+01 1.107602976108115200e-01
6.340117709686575154e+01 1.066271500507123271e-01
6.423346135163561144e+01 1.025322127455181587e-01
6.507718342082517893e+01 9.848169647082527511e-02
6.593250049063409790e+01 9.448246523894332505e-02
6.679957190742038620e+01 9.054263517020921803e-02
6.767855920738864484e+01 8.667069413978245596e-02
6.856962614668306344e+01 8.287517517858145055e-02
6.947293873189578051e+01 7.916408776063932340e-02
7.038866525099406601e+01 7.554529638516938039e-02
7.131697630467269278e+01 7.202604769365716919e-02
7.225804483813658408e+01 6.861228269227037657e-02
7.321204617332105613e+01 6.530878438929443863e-02
7.417915804155428816e+01 6.212118081471318387e-02
7.515956061666868493e+01 5.905639514650429245e-02
7.615343654856799560e+01 5.611227509122851398e-02
7.716097099725442376e+01 5.329098739561050069e-02
7.818235166732446828e+01 5.059390934033625165e-02
7.921776884293856824e+01 4.802159124780452926e-02
8.026741542327087586e+01 4.557341524681746137e-02
8.133148695844701592e+01 4.324794965616091114e-02
8.241018168597484816e+01 4.104295367064364486e-02
8.350370056767640392e+01 3.895574856305394906e-02
8.461224732712727814e+01 3.698318511540282794e-02
8.573602848761110806e+01 3.512183601842433500e-02
8.687525341059338757e+01 3.336791446864467714e-02
8.803013433472786176e+01 3.171724399610620360e-02
8.920088641539516061e+01 3.016532677319994082e-02
9.038772776478712956e+01 2.870723483831888467e-02
9.159087949254120531e+01 2.733789780643613998e-02
9.281056574693337780e+01 2.605240314583323613e-02
9.404701375663715623e+01 2.484651445926264191e-02
9.530045387305635529e+01 2.371603845522579634e-02
9.657111961324062577e+01 2.265382461952014648e-02
9.785924770338800727e+01 2.165504833929865480e-02
9.916507812294960900e+01 2.071516765866665555e-02
1.004888541493361913e+02 1.982992873904376729e-02
1.018308224032417968e+02 1.899549560353724909e-02
1.031912328945890920e+02 1.820821182323739684e-02
1.045703390691067227e+02 1.746462029160825158e-02
1.059683978555462289e+02 1.676141357043092750e-02
1.073856697135481539e+02 1.609552333647265576e-02
1.088224186821666990e+02 1.546418189235744534e-02
1.102789124290582947e+02 1.486481395428432273e-02
1.117554223003512277e+02 1.429498400004221292e-02
1.132522233711954271e+02 1.375248574786921973e-02
1.147695944970101465e+02 1.323539479637629579e-02
1.163078183654348976e+02 1.274200370668364390e-02
1.178671815489943100e+02 1.227078020305825967e-02
1.194479745584869192e+02 1.182038842764042419e-02
1.210504918971076336e+02 1.138973724132624765e-02
1.226750321153138117e+02 1.097774582642624397e-02
1.243218978664454255e+02 1.058337038634270255e-02
1.259913959631105485e+02 1.020558205694779841e-02
1.276838374343432605e+02 9.843784353136833531e-03
1.293995375835498294e+02 9.496631665552673907e-03
1.311388160472496338e+02 9.163215071212288398e-03
1.329019968546236328e+02 8.842799713817336982e-03
1.346894084878817353e+02 8.534735920565347800e-03
1.365013839434587908e+02 8.238423722605123234e-03
1.383382607940525304e+02 7.953320233341110157e-03
1.402003812515131926e+02 7.678965020309347356e-03
1.420880922305993863e+02 7.414918812633009004e-03
1.440017454136055335e+02 7.160747781270217216e-03
1.459416973158844542e+02 6.916062168860648285e-03
1.479083093522636432e+02 6.680472891156842563e-03
1.499019479043782610e+02 6.453596791129709298e-03
1.519229843889283700e+02 6.235090052510383618e-03
1.539717953268740871e+02 6.024624458441804609e-03
1.560487624135817271e+02 5.821900512732396116e-03
1.581542725899338961e+02 5.626658092681570411e-03
1.602887181144182591e+02 5.438651537765015753e-03
1.624524966362023406e+02 5.257627889334114124e-03
1.646460112692203381e+02 5.083356587527405879e-03
1.668696706672699861e+02 4.915605148905169419e-03
1.691238891001470677e+02 4.754142662267021868e-03
1.714090865308235436e+02 4.598752676665221473e-03
1.737256886936873741e+02 4.449224001047559496e-03
1.760741271738569367e+02 4.305323803325367821e-03
1.784548394875858150e+02 4.166828691369993398e-03
1.808682691637728794e+02 4.033512538000799674e-03
1.833148658265909887e+02 3.905173288945920640e-03
1.857950852792545220e+02 3.781596486177641464e-03
1.883093895889334703e+02 3.662615519057690200e-03
1.908582471728385030e+02 3.548039826624601462e-03
1.934421328854870410e+02 3.437596216332276106e-03
1.960615281071693516e+02 3.331088778035364711e-03
1.987169208336296151e+02 3.228330753422485599e-03
2.014088057669807199e+02 3.129140776093452397e-03
2.041376844078671695e+02 3.033345544631135121e-03
2.069040651488948299e+02 2.940773859437743887e-03
2.097084633693471005e+02 2.851274606728598782e-03
2.125514015311959497e+02 2.764701325913325458e-03
2.154334092764430295e+02 2.680915603457831309e-03
2.183550235257872316e+02 2.599794531566380212e-03
2.213167885786565989e+02 2.521221494236450950e-03
2.243192562146107036e+02 2.445096381426356547e-03
2.273629857961378207e+02 2.371320467225736944e-03
2.304485443728647454e+02 2.299796115913157329e-03
2.335765067871982126e+02 2.230431421736189107e-03
2.367474557814207685e+02 2.163146198642723270e-03
2.399619821062513267e+02 2.097865475362434284e-03
2.432206846309087496e+02 2.034522158892717106e-03
2.465241704546768347e+02 1.973056760574956256e-03
2.498730550200097298e+02 1.913418840613270028e-03
2.532679622271890878e+02 1.855560676503878112e-03
2.567095245505572052e+02 1.799439059233244945e-03
2.601983831563472904e+02 1.745015651612219845e-03
2.637351880221330589e+02 1.692250513117537353e-03
2.673205980579231209e+02 1.641105287368138307e-03
2.709552812289097687e+02 1.591541538622393351e-03
2.746399146799204232e+02 1.543518508717117710e-03
2.783751848615626727e+02 1.496995945203387010e-03
2.821617876581146334e+02 1.451933237790843309e-03
2.860004285171679044e+02 1.408290277943998955e-03
2.898918225810530771e+02 1.366029607831052359e-03
2.938366948200713864e+02 1.325114186429237131e-03
2.978357801675575729e+02 1.285506323115082061e-03
3.018898236567980575e+02 1.247165422274416555e-03
3.059995805598314291e+02 1.210053831943461167e-03
3.101658165281584729e+02 1.174135708953569224e-03
3.143893077353801573e+02 1.139377335694103169e-03
3.186708410218013796e+02 1.105742514767854914e-03
3.230112140410203665e+02 1.073196795098745743e-03
3.274112354085315815e+02 1.041708843865136319e-03
3.318717248523716421e+02 1.011261935385900090e-03
3.363935133658362133e+02 9.818161044455675848e-04
3.409774433622931724e+02 9.533407565557438373e-04
3.456243688321258674e+02 9.258103657846595072e-04
3.503351555018351178e+02 8.991978609760951230e-04
3.551106809953169545e+02 8.734760403453284069e-04
3.599518349973752152e+02 8.486174718324787647e-04
3.648595194194626856e+02 8.245923145920337066e-04
3.698346485677108717e+02 8.013691956844197495e-04
3.748781493132664195e+02 7.789177675759590205e-04
3.799909612649674386e+02 7.572077722248823223e-04
3.851740369443934355e+02 7.362095563793772876e-04
3.904283419633208041e+02 7.158922255102581275e-04
3.957548552036201954e+02 6.962253847132967785e-04
4.011545689996154920e+02 6.771789472169668228e-04
4.066284893229675390e+02 6.587225183596707653e-04
4.121776359700751300e+02 6.408268781684474044e-04
4.178030427520765784e+02 6.234636925456522177e-04
4.235057576874401661e+02 6.066060090941603061e-04
4.292868431972149779e+02 5.902277298475556815e-04
4.351473763029610495e+02 5.743037378972849077e-04
4.410884488273970874e+02 5.588103774454146293e-04
4.471111675978137328e+02 5.437250149338650196e-04
4.532166546522661861e+02 5.290261692444831604e-04
4.594060474486245198e+02 5.146870111676559931e-04
4.656804990764685499e+02 5.006912748569433518e-04
4.720411784719232173e+02 4.870228838453104572e-04
4.784892706354222014e+02 4.736746961403947784e-04
4.850259768524798005e+02 4.606354405383115969e-04
4.916525149174897251e+02 4.478946599767719139e-04
4.983701193606012225e+02 4.354432769595089139e-04
5.051800416777170426e+02 4.232741335400418310e-04
5.120835505636385960e+02 4.113813256026222810e-04
5.190819321484394777e+02 3.997599204765525834e-04
5.261764902370554182e+02 3.884056747855222508e-04
5.333685465522019058e+02 3.773149341768913465e-04
5.406594409805987880e+02 3.664846835188975520e-04
5.480505318225991687e+02 3.559125633484832088e-04
5.555431960452401654e+02 3.455965605476565665e-04
5.631388295387735070e+02 3.355348263633659359e-04
5.708388473767203095e+02 3.257256750453766010e-04
5.786446840795014168e+02 3.161675191853839315e-04
5.865577938816928736e+02 3.068585592975459075e-04
5.945796510029409774e+02 2.977968559408623699e-04
6.027117499226256996e+02 2.889799284678069499e-04
6.109556056582705423e+02 2.804051792537802859e-04
6.193127540477989896e+02 2.720699264046680388e-04
6.277847520356593805e+02 2.639713126629545520e-04
6.363731779628869845e+02 2.561061193171417557e-04
6.450796318611480729e+02 2.484709131717480549e-04
6.539057357508290806e+02 2.410618671442098324e-04
6.628531339432249752e+02 2.338745879156014194e-04
6.719234933468608233e+02 2.269042546879404369e-04
6.811185037780602443e+02 2.201458767783083092e-04
6.904398782757378967e+02 2.135941752619333316e-04
6.998893534205587912e+02 2.072437337444711820e-04
7.094686896584520355e+02 2.010890674070083591e-04
7.191796716285890625e+02 1.951246060468898348e-04
7.290241084958626061e+02 1.893446762311090138e-04
7.390038342879346374e+02 1.837435953058667686e-04
7.491207082369238606e+02 1.783157647002433024e-04
7.593766151257672163e+02 1.730556464130405831e-04
7.697734656393781734e+02 1.679577230088566062e-04
7.803131967205852106e+02 1.630178265311955921e-04
7.909977719310089697e+02 1.582296098409517911e-04
8.018291818168589771e+02 1.535874756178960384e-04
8.128094442797820420e+02 1.490896829676093688e-04
8.239406049527960931e+02 1.447294035702856047e-04
8.352247375813943790e+02 1.405001282161989426e-04
8.466639444098919967e+02 1.363976257037810124e-04
8.582603565730595392e+02 1.324177912372462036e-04
8.700161344931794929e+02 1.285566181330012126e-04
8.819334682825084428e+02 1.248102343791922079e-04
8.940145781513218708e+02 1.211749231095643085e-04
9.062617148215233556e+02 1.176470741323479589e-04
9.186771599459641493e+02 1.142232573615311686e-04
9.312632265335159900e+02 1.109002114627960977e-04
9.440222593799859396e+02 1.076747730943975129e-04
9.569566355049548747e+02 1.045438559012827010e-04
9.700687645946161410e+02 1.015045312684720140e-04
9.833610894507119156e+02 9.855403510019200477e-05
9.968360864456080890e+02 9.568970132262457923e-05
1.010496265983674675e+03 9.290893868592624196e-05
1.024344172968943440e+03 9.020925192449228379e-05
1.038382387279254999e+03 8.758819471621959087e-05
1.052613524246880388e+03 8.504342192238779387e-05
1.067040235145751240e+03 8.257267149566944759e-05
1.081665207685402947e+03 8.017375430525866889e-05
1.096491166511703796e+03 7.784454517983837576e-05
1.111520873714455547e+03 7.558301104913670108e-05
1.126757129341956443e+03 7.338716635743033423e-05
1.142202771922682814e+03 7.125505211500371330e-05
1.157860678994077716e+03 6.918479685698314266e-05
1.173733767638665086e+03 6.717462512509684647e-05
1.189824995027498062e+03 6.522279949859653789e-05
1.206137358971066988e+03 6.332762902897052506e-05
1.222673898477806461e+03 6.148747172219693781e-05
1.239437694320275796e+03 5.970073312344702839e-05
1.256431869609097703e+03 5.796586451103366089e-05
1.273659590374784557e+03 5.628136194325351113e-05
1.291124066157606421e+03 5.464576542028539742e-05
1.308828550605489454e+03 5.305765708880737360e-05
1.326776342080212316e+03 5.151566026766863466e-05
1.344970784271877164e+03 5.001843756968879680e-05
1.363415266821830528e+03 4.856469030961076128e-05
1.382113225954168229e+03 4.715315799150857556e-05
1.401068145115918469e+03 4.578261641527696553e-05
1.420283555626000179e+03 4.445187693092678485e-05
1.439763037333092370e+03 4.315978467906496797e-05
1.459510219282605703e+03 4.190521842806254260e-05
1.479528780392728777e+03 4.068708993951105106e-05
1.499822450139856755e+03 3.950434232438318873e-05
1.520395009253374383e+03 3.835594923754957405e-05
1.541250290420005058e+03 3.724091351754827100e-05
1.562392178997847168e+03 3.615826725092489676e-05
1.583824613740238874e+03 3.510707095495899121e-05
1.605551587529535709e+03 3.408641223081858448e-05
1.627577148120969241e+03 3.309540493115861216e-05
1.649905398896795987e+03 3.213318811217131935e-05
1.672540499630703152e+03 3.119892625269769207e-05
1.695486667262837727e+03 3.029180830656639958e-05
1.718748176685367753e+03 2.941104668048141377e-05
1.742329361538954572e+03 2.855587631884175118e-05
1.766234615020061483e+03 2.772555391511761385e-05
1.790468390699452812e+03 2.691935828080072946e-05
1.815035203351887503e+03 2.613658928054868238e-05
1.839939629797191856e+03 2.537656708430737797e-05
1.865186309752985835e+03 2.463863119895576379e-05
1.890779946699001812e+03 2.392213994183023796e-05
1.916725308753412946e+03 2.322647083393563922e-05
1.943027229561069362e+03 2.255101955328815536e-05
1.969690609194080025e+03 2.189519920937880331e-05
1.996720415064633471e+03 2.125843962309871310e-05
2.024121682850487559e+03 2.064018695240379953e-05
2.051899517433098026e+03 2.003990390361022080e-05
2.080059093848636621e+03 1.945706887504234772e-05
2.108605658252165540e+03 1.889117523216885561e-05
2.137544528894931318e+03 1.834173077471797997e-05
2.166881097115226112e+03 1.780825750568447604e-05
2.196620828342738605e+03 1.729029167832684202e-05
2.226769263116824732e+03 1.678738310394114910e-05
2.257332018118658198e+03 1.629909444946968996e-05
2.288314787217678713e+03 1.582500084169762066e-05
2.319723342532338847e+03 1.536468975902201804e-05
2.351563535505437812e+03 1.491776095413665029e-05
2.383841297994266370e+03 1.448382588680316365e-05
2.416562643375742027e+03 1.406250706252649030e-05
2.449733667666680503e+03 1.365343773588327981e-05
2.483360550659466298e+03 1.325626190554923291e-05
2.517449557073419783e+03 1.287063416328250540e-05
2.552007037721837605e+03 1.249621914465151899e-05
2.587039430695229839e+03 1.213269101220441860e-05
2.622553262560714757e+03 1.177973325868941388e-05
2.658555149577893189e+03 1.143703864417979453e-05
2.695051798931494432e+03 1.110430910571138488e-05
2.732050009980945561e+03 1.078125516865147127e-05
2.769556675527082007e+03 1.046759560285599570e-05
2.807578783096248117e+03 1.016305726398548199e-05
2.846123416242155599e+03 9.867417663789369462e-06
2.885197755865468935e+03 9.580400436635456074e-06
2.924809081551689815e+03 9.301728178846401657e-06
2.964964772927319700e+03 9.031158353560653695e-06
3.005672311034666109e+03 8.768455424575535243e-06
3.046939279725591859e+03 8.513390753141559012e-06
3.088773367074418729e+03 8.265742565682428656e-06
3.131182366810191525e+03 8.025295366152623031e-06
3.174174179768633621e+03 7.791839821665681514e-06
3.217756815364153681e+03 7.565172670581561145e-06
3.261938393081910817e+03 7.345096607691808509e-06
3.306727143990577133e+03 7.131420246807591693e-06
3.352131412275746243e+03 6.923957586414149342e-06
3.398159656794440707e+03 6.722527976136756284e-06
3.444820452651030791e+03 6.526956002835026041e-06
3.492122492794810114e+03 6.337071417435154533e-06
3.540074589639476471e+03 6.152709032397652453e-06
3.588685676704847083e+03 5.973708319581514672e-06
3.637964810281281643e+03 5.799913395271774478e-06
3.687921171116761343e+03 5.631172879225042208e-06
3.738564066127375554e+03 5.467339871699018647e-06
3.789902930131164794e+03 5.308271799350208677e-06
3.841947327605803821e+03 5.153830123172861428e-06
3.894706954470499113e+03 5.003880334131302480e-06
3.948191639892387684e+03 4.858291795970920537e-06
4.002411348117682792e+03 4.716937757215853807e-06
4.057376180327975362e+03 4.579695167577790295e-06
4.113096376522207720e+03 4.446444467234726331e-06
4.169582317424258690e+03 4.317069591432381569e-06
4.226844526417023189e+03 4.191457811722042198e-06
4.284893671502790312e+03 4.069499761912467981e-06
4.343740567290830768e+03 3.951089241920104360e-06
4.403396177012044063e+03 3.836123077856637626e-06
4.463871614561528077e+03 3.724501117787572301e-06
4.525178146569066485e+03 3.616126098791284206e-06
4.587327194498047902e+03 3.510903640250824450e-06
4.650330336773429735e+03 3.408742090091018852e-06
4.714199310938657618e+03 3.309552427139895910e-06
4.778946015842531779e+03 3.213248227502898420e-06
4.844582513855821162e+03 3.119745572918804271e-06
4.911121033118650303e+03 3.028963016391212140e-06
4.978573969818456135e+03 2.940821463360664411e-06
5.046953890499543377e+03 2.855244104985633902e-06
5.116273534404191196e+03 2.772156365444523220e-06
5.186545815845915058e+03 2.691485840863926880e-06
5.257783826615572252e+03 2.613162246852760031e-06
5.330000838420191940e+03 2.537117327726438843e-06
5.403210305355686614e+03 2.463284812451672012e-06
5.477425866413190306e+03 2.391600350470780807e-06
5.552661348020187688e+03 2.322001472922508036e-06
5.628930766616207620e+03 2.254427529261275129e-06
5.706248331264262561e+03 2.188819618910750920e-06
5.784628446297945629e+03 2.125120563538398220e-06
5.864085714004919282e+03 2.063274839693420243e-06
5.944634937347374034e+03 2.003228544690050569e-06
6.026291122719891973e+03 1.944929340992450638e-06
6.109069482745110690e+03 1.888326410429931129e-06
6.192985439107758793e+03 1.833370416416744801e-06
6.278054625427909741e+03 1.780013454015638556e-06
6.364292890173343949e+03 1.728209009308117334e-06
6.451716299612306102e+03 1.677911920406290045e-06
6.540341140806589465e+03 1.629078343977139853e-06
6.630183924645776642e+03 1.581665709813604421e-06
6.721261388923289815e+03 1.535632686879086735e-06
6.813590501454706100e+03 1.490939137383292124e-06
6.907188463238831901e+03 1.447546091841693804e-06
7.002072711662171059e+03 1.405415725299428157e-06
7.098260923747725428e+03 1.364511306244997881e-06
7.195771019448018706e+03 1.324797176070741152e-06
7.294621164983796007e+03 1.286238699536433113e-06
7.394829776228322771e+03 1.248802250756385302e-06
7.496415522138219785e+03 1.212455197163544949e-06
7.599397328231558276e+03 1.177165846603191132e-06
7.703794380113778061e+03 1.142903433431132738e-06
7.809626127051909862e+03 1.109638070213655341e-06
7.916912285597905793e+03 1.077340745272101433e-06
8.025672843262062088e+03 1.045983303942841602e-06
8.135928062236468577e+03 1.015538404429415033e-06
8.247698483170081090e+03 9.859794997707794690e-07
8.361004928995389491e+03 9.572808003442637796e-07
8.475868508807670878e+03 9.294172779428982727e-07
8.592310621797683780e+03 9.023646406137029899e-07
8.710352961238455464e+03 8.760992999285108083e-07
8.830017518526674394e+03 8.505983494464700075e-07
8.951326587279601881e+03 8.258395356736399521e-07
9.074302767488639802e+03 8.018012673052454055e-07
9.198968969729452510e+03 7.784625852569215611e-07
9.325348419430471040e+03 7.558031391824459035e-07
9.453464661199714101e+03 7.338031639188708757e-07
9.583341563211088214e+03 7.124434583804643725e-07
9.715003321651118313e+03 6.917053960051941841e-07
9.848474465226809116e+03 6.715708934013926425e-07
9.983779859735286664e+03 6.520223940628824423e-07
1.012094471269619498e+04 6.330428429932044655e-07
1.025999457804816484e+04 6.146156736697760640e-07
1.040095536090919995e+04 5.967248171748494802e-07
1.054385332240317621e+04 5.793546724212707941e-07
1.068871508455196454e+04 5.624900909647336398e-07
1.083556763523547306e+04 5.461163567019563062e-07
1.098443833321917737e+04 5.302191782408766109e-07
1.113535491325138901e+04 5.147846924648661684e-07
1.128834549123012948e+04 4.997994399585338682e-07
1.144343856944101572e+04 4.852503500607275307e-07
1.160066304186757952e+04 4.711247248942820694e-07
1.176004819957387190e+04 4.574102358509932728e-07
1.192162373616179320e+04 4.440949230194754241e-07
1.208541975330265450e+04 4.311671746842577073e-07
1.225146676634554206e+04 4.186157131174379805e-07
1.241979571000195210e+04 4.064295818727671673e-07
1.259043794410930059e+04 3.945981456428102802e-07
1.276342525947315880e+04 3.831110866052113567e-07
1.293878988378973372e+04 3.719583871167227569e-07
1.311656448765030473e+04 3.611303165600752180e-07
1.329678219062733478e+04 3.506174210837961894e-07
1.347947656744512278e+04 3.404105261802528640e-07
1.366468165423437313e+04 3.305007311844353424e-07
1.385243195487359117e+04 3.208793928412478877e-07
1.404276244741674782e+04 3.115381153104784317e-07
1.423570859061010924e+04 3.024687424880292266e-07
1.443130633049806966e+04 2.936633594993259282e-07
1.462959210711982632e+04 2.851142885432216914e-07
1.483060286129827364e+04 2.768153275687907263e-07
1.503437604152228596e+04 2.687583547115167719e-07
1.524094961092323138e+04 2.609358581345428878e-07
1.545036205434738986e+04 2.533410141556711988e-07
1.566265238552614755e+04 2.459672037565736302e-07
1.587786015434375258e+04 2.388079959166266947e-07
1.609602545420599745e+04 2.318571444502844377e-07
1.631718892950941517e+04 2.251085829356200734e-07
1.654139178321325744e+04 2.185564247085382077e-07
1.676867578451579175e+04 2.121949591779595960e-07
1.699908327663602176e+04 2.060186375900041546e-07
1.723265718470220600e+04 2.000220705834545104e-07
1.746944102374858630e+04 1.942000246432387917e-07
1.770947890682279831e+04 1.885474215090307422e-07
1.795281555320357802e+04 1.830593342434045182e-07
1.819949629673253366e+04 1.777309752044841631e-07
1.844956709425965892e+04 1.725576947714141909e-07
1.870307453420497040e+04 1.675349778310308210e-07
1.896006584523814308e+04 1.626584437332770233e-07
1.922058890507740216e+04 1.579238411702569948e-07
1.948469224940902859e+04 1.533270393516872488e-07
1.975242508092936623e+04 1.488640270382840040e-07
2.002383727851189542e+04 1.445309090634693961e-07
2.029897940649905286e+04 1.403239064453628922e-07
2.057790272412298873e+04 1.362393508934507554e-07
2.086065919505498823e+04 1.322736783497773921e-07
2.114730149708614772e+04 1.284234283169302700e-07
2.143788303194147738e+04 1.246852404811637144e-07
2.173245793522887834e+04 1.210558548963181370e-07
2.203108108652446754e+04 1.175321063778704345e-07
2.233380811959641869e+04 1.141109198477977179e-07
2.264069543277024786e+04 1.107893099643722456e-07
2.295180019943508887e+04 1.075643778158500520e-07
2.326718037869586988e+04 1.044333112204799591e-07
2.358689472617079446e+04 1.013933790948297971e-07
2.391100280493743412e+04 9.844192833517668699e-08
2.423956499662950955e+04 9.557638350117168131e-08
2.457264251268632870e+04 9.279424388330200967e-08
2.491029740575625692e+04 9.009308321102046595e-08
2.525259258125693304e+04 8.747054502519477674e-08
2.559959180909528732e+04 8.492434061414538340e-08
2.595135973554713928e+04 8.245224802548706493e-08
2.630796189530166157e+04 8.005211006187375477e-08
2.666946472366971284e+04 7.772183337012821438e-08
2.703593556896168957e+04 7.545938477747206474e-08
2.740744270503366715e+04 7.326278991223379927e-08
2.778405534400766555e+04 7.113013180730480022e-08
2.816584364916561026e+04 6.905954957993615821e-08
2.855287874802045189e+04 6.704923712058609175e-08
2.894523274556813703e+04 6.509744021192165973e-08
2.934297873771983723e+04 6.320245564659265404e-08
2.974619082492078087e+04 6.136262959401978130e-08
3.015494412595427275e+04 5.957635677578728344e-08
3.056931479193732594e+04 5.784207891830088441e-08
3.098938002050673822e+04 5.615828250552928357e-08
3.141521807020194319e+04 5.452349825021583336e-08
3.184690827504427943e+04 5.293629940643215428e-08
3.228453105931658502e+04 5.139530106018422999e-08
3.272816795254723547e+04 4.989915874054492441e-08
3.317790160469814873e+04 4.844656680593511803e-08
3.363381580156353448e+04 4.703625767481018930e-08
3.409599548037828936e+04 4.566700055836706482e-08
3.456452674564289191e+04 4.433760057888408879e-08
3.503949688516367314e+04 4.304689774194021806e-08
3.552099438631560770e+04 4.179376575486009721e-08
3.600910895252716728e+04 4.057711106358762259e-08
3.650393151999184192e+04 3.939587193020994099e-08
3.700555427460995270e+04 3.824901743091935237e-08
3.751407066916319309e+04 3.713554674627770652e-08
3.802957544072467863e+04 3.605448829218889535e-08
3.855216462830868841e+04 3.500489865660809750e-08
3.908193559076243400e+04 3.398586194017604791e-08
3.961898702490444703e+04 3.299648866857600582e-08
4.016341898391210270e+04 3.203591536942989202e-08
4.071533289596140821e+04 3.110330391489010459e-08
4.127483158312279556e+04 3.019784042286816795e-08
4.184201928051723371e+04 2.931873478767593616e-08
4.241700165573578124e+04 2.846521957028368305e-08
4.299988582852516265e+04 2.763654985505080537e-08
4.359078039074370463e+04 2.683200260952204246e-08
4.418979542659341678e+04 2.605087573766378444e-08
4.479704253312728542e+04 2.529248755550759831e-08
4.541263484104122472e+04 2.455617595157740430e-08
4.603668703574984829e+04 2.384129834573778300e-08
4.666931537875210051e+04 2.314723096694650421e-08
4.731063772929128754e+04 2.247336815554360187e-08
4.796077356631265138e+04 2.181912176764049010e-08
4.861984401072216133e+04 2.118392056537756547e-08
4.928797184795074281e+04 2.056721025148098068e-08
4.996528155083076854e+04 1.996845268803120037e-08
5.065189930278385145e+04 1.938712540954920834e-08
5.134795302133030054e+04 1.882272097404275766e-08
5.205357238191974466e+04 1.827474654688208592e-08
5.276888884208929085e+04 1.774272399010958686e-08
5.349403566595467419e+04 1.722618904210102708e-08
5.422914794903781149e+04 1.672469100725109501e-08
5.497436264343491348e+04 1.623779206480554062e-08
5.572981858333029959e+04 1.576506703264818423e-08
5.649565651086173602e+04 1.530610346840294115e-08
5.727201910234128445e+04 1.486050086830889548e-08
5.805905099483543745e+04 1.442787039602989067e-08
5.885689881311148929e+04 1.400783429813134661e-08
5.966571119695320522e+04 1.360002581382372425e-08
6.048563882885304338e+04 1.320408914776319918e-08
6.131683446208490932e+04 1.281967880117601442e-08
6.215945294916172861e+04 1.244645929846323101e-08
6.301365127068413858e+04 1.208410471583619697e-08
6.387958856458658556e+04 1.173229868698523589e-08
6.475742615578540426e+04 1.139073428630940538e-08
6.564732758623307745e+04 1.105911346456396116e-08
6.654945864538667956e+04 1.073714678589944180e-08
6.746398740109389473e+04 1.042455304309476872e-08
6.839108423090461292e+04 1.012105934056299417e-08
6.933092185381313902e+04 9.826400912819163900e-09
7.028367536243527138e+04 9.540320642941378520e-09
7.124952225562764215e+04 9.262568818263979001e-09
7.222864247155653720e+04 8.992902812376404020e-09
7.322121842122098315e+04 8.731087232528469193e-09
7.422743502243541298e+04 8.476893680084910018e-09
7.524747973428046680e+04 8.230100338371967735e-09
7.628154259202597314e+04 7.990491762628120893e-09
7.732981624253527843e+04 7.757858639987836794e-09
7.839249598015603260e+04 7.531997919243333106e-09
7.946977978310329490e+04 7.312712573153388418e-09
8.056186835034232354e+04 7.099811226648149604e-09
8.166896513897953264e+04 6.893108007217014127e-09
8.279127640216753935e+04 6.692422346544425962e-09
8.392901122752926312e+04 6.497579090531454954e-09
8.508238157611177303e+04 6.308408273698123598e-09
8.625160232187384099e+04 6.124744785091278762e-09
8.743689129171792592e+04 5.946458058975462572e-09
8.863846930607204558e+04 5.773367144584675395e-09
8.985656022002824466e+04 5.605314296401521639e-09
9.109139096504639019e+04 5.442152981611373795e-09
9.234319159123206919e+04 5.283740837268565880e-09
9.361219531019631540e+04 5.129939586522876194e-09
9.489863853850180749e+04 4.980614953940558318e-09
9.620276094170815486e+04 4.835636678799555541e-09
9.752480547902088438e+04 4.694878345455430129e-09
9.886501844855558011e+04 4.558217124132684911e-09
1.002236495332243067e+05 4.425533714910590279e-09
1.016009518472509517e+05 4.296712291039590470e-09
1.029971819833258342e+05 4.171640486652380820e-09
1.044126000604100118e+05 4.050209226453193358e-09
1.058474697721963312e+05 3.932312537021524222e-09
1.073020584362352674e+05 3.817847501764526001e-09
1.087766370437349542e+05 3.706714202440192328e-09
1.102714803100500576e+05 3.598815709854504208e-09
1.117868667258582864e+05 3.494057911465155059e-09
1.133230786090462061e+05 3.392349376619713920e-09
1.148804021573042119e+05 3.293601322676848659e-09
1.164591275014445418e+05 3.197727554276634531e-09
1.180595487594534934e+05 3.104644458385838262e-09
1.196819640912873583e+05 3.014270833501987772e-09
1.213266757544184075e+05 2.926527795763436033e-09
1.229939901601446618e+05 2.841338755874163612e-09
1.246842179306779290e+05 2.758629356103368916e-09
1.263976739570088248e+05 2.678327470335138733e-09
1.281346774575751188e+05 2.600363037170753826e-09
1.298955520377306966e+05 2.524667998310233286e-09
1.316806257500324573e+05 2.451176283196303829e-09
1.334902311553581385e+05 2.379823749149533958e-09
1.353247053848632495e+05 2.310548170914441926e-09
1.371843902027884906e+05 2.243289098949632965e-09
1.390696320701290970e+05 2.177987823865324479e-09
1.409807822091822454e+05 2.114587345218246948e-09
1.429181966689811961e+05 2.053032332538222043e-09
1.448822363916256581e+05 1.993269100314349939e-09
1.468732672795271210e+05 1.935245493865565013e-09
1.488916602635747986e+05 1.878910868259843629e-09
1.509377913722415396e+05 1.824216048302611027e-09
1.530120418016397161e+05 1.771113305172207668e-09
1.551147979865369562e+05 1.719556320395468796e-09
1.572464516723483393e+05 1.669500096499812230e-09
1.594073999881198688e+05 1.620900945380672683e-09
1.615980455205153849e+05 1.573716443084920136e-09
1.638187963888168742e+05 1.527905418661569468e-09
1.660700663209591003e+05 1.483427908474790320e-09
1.683522747306048404e+05 1.440245090357211859e-09
1.706658467952840147e+05 1.398319277979604616e-09
1.730112135356056388e+05 1.357613873112687575e-09
1.753888118955560785e+05 1.318093358760187391e-09
1.777990848239008919e+05 1.279723253941079699e-09
1.802424813567076635e+05 1.242470068235425492e-09
1.827194567010035680e+05 1.206301290733087597e-09
1.852304723195786064e+05 1.171185350459237164e-09
1.877759960169580008e+05 1.137091604597931352e-09
1.903565020265523053e+05 1.103990303987691862e-09
1.929724710990089807e+05 1.071852558949853272e-09
1.956243905917786178e+05 1.040650321737871620e-09
1.983127545599080040e+05 1.010356359090551862e-09
2.010380638480818889e+05 9.809442337844213543e-10
2.038008261839319894e+05 9.523882788491486244e-10
2.066015562726290664e+05 9.246635732192421569e-10
2.094407758927704999e+05 8.977459197437482856e-10
2.123190139935895277e+05 8.716118267227692837e-10
2.152368067934967694e+05 8.462384853814931536e-10
2.181946978799795907e+05 8.216037510175166212e-10
2.211932383108749054e+05 7.976861259375806538e-10
2.242329867170300276e+05 7.744647351930167346e-10
2.273145094063743600e+05 7.519193142314569530e-10
2.304383804694243881e+05 7.300301842703180371e-10
2.336051818862398504e+05 7.087782408940173481e-10
2.368155036348438880e+05 6.881449389144529836e-10
2.400699438011385500e+05 6.681122707942634373e-10
2.433691086903258984e+05 6.486627529592247442e-10
2.467136129398650082e+05 6.297794077081157139e-10
2.501040796339816006e+05 6.114457554124634838e-10
2.535411404197472439e+05 5.936457970057337933e-10
2.570254356247535325e+05 5.763639985639399031e-10
2.605576143764082226e+05 5.595852757240116185e-10
2.641383347228695638e+05 5.432949811315284301e-10
2.677682637556401896e+05 5.274788994426812547e-10
2.714480777338427142e+05 5.121232280823283690e-10
2.751784622102156864e+05 4.972145670142002493e-10
2.789601121588234673e+05 4.827399017474011551e-10
2.827937321045387071e+05 4.686865954274180694e-10
2.866800362542923540e+05 4.550423859949302430e-10
2.906197486301286845e+05 4.417953657627184228e-10
2.946136032040941063e+05 4.289339755125694066e-10
2.986623440349782468e+05 4.164469865017123374e-10
3.027667254069314804e+05 4.043234964587396930e-10
3.069275119699844508e+05 3.925529283017844271e-10
3.111454788825117867e+05 3.811250095882048904e-10
3.154214119556350634e+05 3.700297679037636710e-10
3.197561077996286331e+05 3.592575149801985907e-10
3.241503739723252947e+05 3.487988465981284521e-10
3.286050291295624920e+05 3.386446384738941334e-10
3.331209031777012860e+05 3.287860289946202351e-10
3.376988374282405130e+05 3.192144143606457362e-10
3.423396847545529017e+05 3.099214357004389479e-10
3.470443097507717321e+05 3.008989811135446166e-10
3.518135888928694185e+05 2.921391790757251893e-10
3.566484107019477524e+05 2.836343853931349296e-10
3.615496759097666363e+05 2.753771770926392159e-10
3.665182976265539764e+05 2.673603422044115790e-10
3.715552015111143119e+05 2.595768836524377136e-10
3.766613259432826890e+05 2.520200106435710915e-10
3.818376221987495082e+05 2.446831291612321502e-10
3.870850546262800926e+05 2.375598350359727859e-10
3.924046008273717016e+05 2.306439057715690176e-10
3.977972518383832648e+05 2.239293059892693180e-10
4.032640123151711305e+05 2.174101773818184225e-10
4.088059007202511420e+05 2.110808314637953917e-10
4.144239495125436224e+05 2.049357427894788088e-10
4.201192053397158161e+05 1.989695434742574256e-10
4.258927292331763892e+05 1.931770272753933657e-10
4.317455968057507998e+05 1.875531405372705238e-10
4.376788984520648373e+05 1.820929754483464256e-10
4.436937395516827237e+05 1.767917647887147768e-10
4.497912406750441878e+05 1.716448782832522581e-10
4.559725377922311309e+05 1.666478247831269621e-10
4.622387824845944415e+05 1.617962447439066628e-10
4.685911421592986444e+05 1.570859039129440336e-10
4.750308002668049885e+05 1.525126892187747640e-10
4.815589565213531023e+05 1.480726066453778468e-10
4.881768271244728821e+05 1.437617819548422306e-10
4.948856449915604317e+05 1.395764543654031381e-10
5.016866599815663067e+05 1.355129707655092067e-10
5.085811391298507224e+05 1.315677824479955560e-10
5.155703668842363986e+05 1.277374442329320581e-10
5.226556453442967031e+05 1.240186660062241666e-10
5.298382945039424812e+05 1.204088391346796437e-10
5.371196524973307969e+05 1.169040808790076215e-10
5.445010758481661323e+05 1.135013314982495488e-10
5.519839397224249551e+05 1.101976210670120547e-10
5.595696381845470751e+05 1.069900685749260662e-10
5.672595844571469352e+05 1.038758765413788848e-10
5.750552111843010643e+05 1.008523273974556558e-10
5.829579706984570948e+05 9.791678158909898701e-11
5.909693352909976384e+05 9.506667708955401317e-11
5.990907974865337601e+05 9.229952867013336107e-11
6.073238703209568048e+05 8.961292260976713066e-11
6.156700876233222662e+05 8.700451426450234057e-11
6.241310043016102863e+05 8.447202657404182549e-11
6.327081966323994566e+05 8.201324936873769566e-11
6.414032625545253977e+05 7.962603883207303803e-11
6.502178219667823287e+05 7.730831237805392654e-11
6.591535170297162840e+05 7.505804710357512387e-11
6.682120124715574784e+05 7.287327867124343952e-11
6.773949958983517718e+05 7.075210043149249665e-11
6.867041781083816895e+05 6.869266308114387512e-11
6.961412934108694317e+05 6.669316976007400055e-11
7.057080999490973772e+05 6.475187514951215829e-11
7.154063800279458519e+05 6.286708469712590828e-11
7.252379404459301149e+05 6.103715370625795576e-11
7.352046128318165429e+05 5.926048665986737830e-11
7.453082539858609671e+05 5.753553324228426681e-11
7.555507462257266743e+05 5.586078787590511482e-11
7.659339977371543646e+05 5.423478863748602376e-11
7.764599429294775473e+05 5.265611682740465825e-11
7.871305427959827939e+05 5.112339579553428698e-11
7.979477852792644408e+05 4.963528798984921746e-11
8.089136856415721122e+05 4.819049465466258773e-11
8.200302868402490858e+05 4.678775456285544517e-11
8.312996599083417095e+05 4.542584394276806824e-11
8.427239043404451804e+05 4.410357500435356517e-11
8.543051484838312026e+05 4.281979375494069748e-11
8.660455499349564780e+05 4.157337982904289069e-11
8.779472959414302604e+05 4.036324518066478500e-11
8.900126038095081458e+05 3.918833416848526896e-11
9.022437213171679759e+05 3.804762196102805524e-11
9.146429271328801988e+05 3.694011293065285888e-11
9.272125312401143601e+05 3.586484058044863184e-11
9.399548753676984925e+05 3.482086631711262358e-11
9.528723334260939155e+05 3.380727947943881738e-11
9.659673119496481959e+05 3.282319581878603359e-11
9.792422505449276650e+05 3.186775642314076483e-11
9.926996223452255363e+05 3.094012749691637198e-11
1.006341934471317916e+06 3.003949940454879124e-11
1.020171728498528711e+06 2.916508646600553131e-11
1.034191580930238822e+06 2.831612576241556740e-11
1.048404103677875595e+06 2.749187636848113349e-11
1.062811944547523977e+06 2.669161895155200360e-11
1.077417787733223522e+06 2.591465510989786849e-11
1.092224354317028774e+06 2.516030699285925647e-11
1.107234402775938157e+06 2.442791636972226771e-11
1.122450729495811276e+06 2.371684409151759289e-11
1.137876169292348670e+06 2.302646957858912889e-11
1.153513595939202467e+06 2.235619037615102475e-11
1.169365922703377437e+06 2.170542166503953331e-11
1.185436102887957590e+06 2.107359554294237955e-11
1.201727130382320378e+06 2.046016065451349839e-11
1.218242040219910908e+06 1.986458161888300006e-11
1.234983909143659519e+06 1.928633874282546842e-11
1.251955856179175200e+06 1.872492745982688024e-11
1.269161043215830345e+06 1.817985782585328204e-11
1.286602675595836248e+06 1.765065420795526224e-11
1.304284002711381763e+06 1.713685476132550526e-11
1.322208318610013463e+06 1.663801111069941233e-11
1.340378962608301779e+06 1.615368794145388822e-11
1.358799319913966581e+06 1.568346262134604173e-11
1.377472822256560903e+06 1.522692481414457264e-11
1.396402948526789667e+06 1.478367611352347127e-11
1.415593225424622186e+06 1.435332966935832894e-11
1.435047228116328130e+06 1.393550991573395935e-11
1.454768580900548259e+06 1.352985228761877298e-11
1.474760957883485360e+06 1.313600277968744164e-11
1.495028083663406782e+06 1.275361771203267226e-11
1.515573734024522593e+06 1.238236331774454688e-11
1.536401736640427494e+06 1.202191557721300460e-11
1.557515971787215210e+06 1.167196001177676170e-11
1.578920373066362925e+06 1.133219121819766923e-11
1.600618928137554321e+06 1.100231272733431394e-11
1.622615679461594205e+06 1.068203657191079629e-11
1.644914725053537404e+06 1.037108320455376226e-11
1.667520219246141845e+06 1.006918134543455562e-11
1.690436373463797849e+06 9.776067538088363873e-12
1.713667457007176243e+06 9.491486014837347960e-12
1.737217797848541057e+06 9.215188315303538724e-12
1.761091783438108396e+06 8.946933299672038248e-12
1.785293861521407031e+06 8.686486935167185404e-12
1.809828540967887500e+06 8.433621956499489752e-12
1.834700392610940384e+06 8.188117696446844402e-12
1.859914050099459011e+06 7.949759787335318077e-12
1.885474210761086317e+06 7.718340224590136183e-12
1.911385636477298569e+06 7.493657105999653409e-12
1.937653154570608400e+06 7.275514383350368156e-12
1.964281658703834750e+06 7.063721671127075621e-12
1.991276109791852301e+06 6.858094025487219290e-12
2.018641536925790599e+06 6.658452020172128169e-12
2.046383038309942232e+06 6.464621471620549586e-12
2.074505782211580779e+06 6.276433261708816699e-12
2.103015007923826110e+06 6.093723129992488770e-12
2.131916026741717476e+06 5.916331518141850556e-12
2.161214222951695323e+06 5.744103653324445159e-12
2.190915054834709968e+06 5.576889267480821668e-12
2.221024055683130398e+06 5.414542468088430882e-12
2.251546834831568878e+06 5.256921530473333603e-12
2.282489078701926861e+06 5.103888810208707377e-12
2.313856551862751599e+06 4.955310795970162528e-12
2.345655098103199154e+06 4.811057857915778250e-12
2.377890641521753743e+06 4.671004124988508881e-12
2.410569187629881315e+06 4.535097927232952603e-12
2.443696824470836204e+06 4.403886901461266611e-12
2.477279723753888626e+06 4.277344726658340345e-12
2.511324142004142515e+06 4.155456637924164146e-12
2.545836421728100628e+06 4.038218261942824326e-12
2.580822992595300078e+06 3.925634109199133399e-12
2.616290372636134736e+06 3.817715721906737066e-12
2.652245169456189964e+06 3.714479496850451914e-12
2.688694081467266660e+06 3.615944155575621432e-12
2.725643899135284591e+06 3.522128033270545290e-12
2.763101506245324388e+06 3.433046293376201483e-12
2.801073881184108090e+06 3.348708095231213992e-12
2.839568098240103573e+06 3.269113851161096010e-12
2.878591328921430744e+06 3.194252568318782138e-12
2.918150843291950412e+06 3.124099477112242940e-12
2.958254011325645726e+06 3.058614066102729776e-12
2.998908304279677104e+06 2.997738482400243755e-12
3.040121296086309012e+06 2.941396427341223979e-12
3.081900664763918612e+06 2.889492418944788536e-12
3.124254193847391289e+06 2.841911638573974967e-12
3.167189773838224821e+06 2.798520292958132126e-12
