2.137708100443419923e+01 2.685650952253678617e-04
2.166179911592786667e+01 3.177750975313828850e-04
2.195046006119712345e+01 3.810531714941970023e-04
2.224311844139847949e+01 4.628838600881871740e-04
2.253982961381636585e+01 5.692307342291830913e-04
2.284064970233398384e+01 7.080316608143412058e-04
2.314563560804935349e+01 8.898101504961064556e-04
2.345484502003838045e+01 1.128401642620704276e-03
2.376833642626706222e+01 1.441769272958158543e-03
2.408616912465421933e+01 1.852878537375108464e-03
2.440840323428853154e+01 2.390659322765720241e-03
2.473509970679971559e+01 3.090986653921101723e-03
2.506632033788804748e+01 3.997467958196616877e-03
2.540212777901303554e+01 5.161811211537734034e-03
2.574258554924426079e+01 6.643528031728976324e-03
2.608775804727621050e+01 8.508821138829891773e-03
2.643771056360942850e+01 1.082875352632753363e-02
2.679250929290044070e+01 1.367649599283574102e-02
2.715222134648275087e+01 1.712374515849651724e-02
2.751691476506115563e+01 2.123626125484423532e-02
2.788665853158175167e+01 2.606902895209650683e-02
2.826152258428051667e+01 3.166516023965704196e-02
2.864157782991210510e+01 3.805783415643493317e-02
2.902689615716217375e+01 4.522055494243715223e-02
2.941755045024549631e+01 5.312159955556239321e-02
2.981361460269200236e+01 6.170465316550022283e-02
3.021516353132423660e+01 7.088809641004656381e-02
3.062227319042790441e+01 8.055811544295266025e-02
3.103502058611902470e+01 9.055279076264222127e-02
3.145348379090978597e+01 1.006750190383347565e-01
3.187774195847626757e+01 1.107455668135159943e-01
3.230787533863063743e+01 1.206335189035367961e-01
3.274396529250058308e+01 1.302500062666922531e-01
3.318609430791904913e+01 1.395226030385943172e-01
3.363434601502736143e+01 1.483946049372213416e-01
3.408880520209341114e+01 1.568349598610481177e-01
3.454955783155061511e+01 1.648335860239924511e-01
3.501669105625719425e+01 1.724089571820837108e-01
3.549029323598177399e+01 1.795863533883594876e-01
3.597045395411687707e+01 1.863848826548277771e-01
3.645726403462388987e+01 1.928118553380098188e-01
3.695081555921270677e+01 1.988650371133398043e-01
3.745120188475929268e+01 2.045362742648766385e-01
3.795851766096446056e+01 2.098108465286725455e-01
3.847285884825706148e+01 2.146718042819102390e-01
3.899432273594561593e+01 2.190990393481691001e-01
3.952300796062002775e+01 2.230705654591003118e-01
4.005901452481012370e+01 2.265578820934384119e-01
4.060244381590063512e+01 2.295213484554641248e-01
4.115339862530927206e+01 2.319223559875234209e-01
4.171198316793002192e+01 2.337347185187992338e-01
4.227830310184568674e+01 2.349543947222296758e-01
4.285246554831353194e+01 2.355985773411863882e-01
4.344318645734072959e+01 2.356850588278800451e-01
4.401892212466266585e+01 2.352407028380105736e-01
4.460256994180581813e+01 2.343070254598389468e-01
4.519423864289674952e+01 2.329096693895098547e-01
4.579403845635984283e+01 2.310810891326742222e-01
4.640208112545323615e+01 2.288511864214941571e-01
4.701847992908667351e+01 2.262446552881853812e-01
4.764334970292551219e+01 2.232822301167292078e-01
4.827680686078460326e+01 2.199863212077419750e-01
4.891896941631643614e+01 2.163806602317119854e-01
4.956995700499699353e+01 2.124910149664551717e-01
5.022989090641407728e+01 2.083435214126221346e-01
5.089889406686209838e+01 2.039650867365601083e-01
5.157709112224637238e+01 1.993930866970023974e-01
5.226460842130355644e+01 1.946605243586061462e-01
5.296157404914018230e+01 1.897995864051535975e-01
5.366811785109524635e+01 1.848364978371268563e-01
5.438437145693031738e+01 1.797919777767265082e-01
5.511046830535242691e+01 1.746833139727210771e-01
5.584654366887377819e+01 1.695278500935490928e-01
5.659273467901299881e+01 1.643428883036912591e-01
5.734918035184347929e+01 1.591443967596135600e-01
5.811602161389092913e+01 1.539472759467759300e-01
5.889340132838966468e+01 1.487612760995977723e-01
5.968146432189702466e+01 1.435954558177849893e-01
6.048035741127510079e+01 1.384593636150908136e-01
6.129022943104295962e+01 1.333604997423147864e-01
6.211123126110435777e+01 1.283064470482608854e-01
6.294351585485709677e+01 1.233049566917938655e-01
6.378723826768808181e+01 1.183633050101375872e-01
6.464255568586095535e+01 1.134899614247244504e-01
6.550962745579865043e+01 1.086950344189833162e-01
6.638861511377157854e+01 1.039891457402104535e-01
6.727968241599060661e+01 9.938297497854242657e-02
6.818299536911547420e+01 9.488554647478042448e-02
6.909872226118203287e+01 9.050500430848418265e-02
7.002703369295448965e+01 8.624840654000609508e-02
7.096810260970825368e+01 8.212117748212532931e-02
7.192210433345000808e+01 7.812762569801767754e-02
7.288921659558035060e+01 7.427267286785421696e-02
7.386961957000505663e+01 7.056243998224065450e-02
7.486349590670228338e+01 6.699762496024108671e-02
7.587103076574960880e+01 6.358137740228991808e-02
7.689241185182002880e+01 6.031587545195316036e-02
7.792782944915146004e+01 5.720249644433261782e-02
7.897747645699662655e+01 5.424093302405458283e-02
8.004154842556077654e+01 5.142983557257574390e-02
8.112024359243254423e+01 4.876678465301526044e-02
8.221376291951581550e+01 4.624865843669223597e-02
8.332231013046911983e+01 4.387147721411688295e-02
8.444609174866023693e+01 4.163090561080595720e-02
8.558531713563992582e+01 3.952201490999729394e-02
8.674019853014839043e+01 3.753922481337501615e-02
8.791095108765387067e+01 3.567658544530549758e-02
8.909779292043704402e+01 3.392780852730797880e-02
9.030094513822541558e+01 3.228682204349109242e-02
9.152063188938628002e+01 3.074776973804313474e-02
9.275708040268567345e+01 2.930527999297821706e-02
9.401052102962123058e+01 2.795383581590585309e-02
9.528118728733772969e+01 2.668633484588983640e-02
9.656931590212963101e+01 2.549675784249536004e-02
9.787514685354575761e+01 2.437931543341298468e-02
9.919892341909599054e+01 2.332847973744633929e-02
1.005408922195747579e+02 2.233913194115125234e-02
1.019013032650066322e+02 2.140646519065658726e-02
1.032804100012234301e+02 2.052605473459728769e-02
1.046784693570813687e+02 1.969378717990502570e-02
1.060957417923270611e+02 1.890594370215598063e-02
1.075324913461222280e+02 1.815923960490160860e-02
1.089889856862323541e+02 1.745069045444541667e-02
1.104654961588962294e+02 1.677747256217278216e-02
1.119622978393758217e+02 1.613692652744969092e-02
1.134796695832039433e+02 1.552664393925257125e-02
1.150178940781352566e+02 1.494443093505043452e-02
1.165772578968111048e+02 1.438834299514790693e-02
1.181580515501483575e+02 1.385674687152640971e-02
1.197605695414618765e+02 1.334827215763186026e-02
1.213851104213305945e+02 1.286157152399855508e-02
1.230319768432177767e+02 1.239537687571197477e-02
1.247014756198564100e+02 1.194847962777878525e-02
1.263939177804073211e+02 1.151993740253959286e-02
1.281096186284051726e+02 1.110840070804199053e-02
1.298488978004995147e+02 1.071288340105201742e-02
1.316120793260032826e+02 1.033256970942304787e-02
1.333994916872601664e+02 9.966793880093721691e-03
1.352114678808407007e+02 9.614932609773460537e-03
1.370483454795800071e+02 9.276438931219030404e-03
1.389104666954677896e+02 8.950848770469213567e-03
1.407981784434039412e+02 8.637727705891148910e-03
1.427118324058260725e+02 8.336608820012872401e-03
1.446517850982322670e+02 8.047062154474746154e-03
1.466183979355971303e+02 7.768631899502172200e-03
1.486120372997051788e+02 7.500865413324883657e-03
1.506330746074076785e+02 7.243357180716877841e-03
1.526818863798180814e+02 6.995707482311319669e-03
1.547588543124581975e+02 6.757562919004755919e-03
1.568643653463682028e+02 6.528613436216211541e-03
1.589988117401955492e+02 6.308540703948650741e-03
1.611625911432697080e+02 6.097009071266250302e-03
1.633561066696890975e+02 5.893733731099172479e-03
1.655797669734178612e+02 5.698411223608645937e-03
1.678339863244204935e+02 5.510745153883438163e-03
1.701191846858400538e+02 5.330438885758133349e-03
1.724357877922378179e+02 5.157191517281632664e-03
1.747842272289080370e+02 4.990656551580829187e-03
1.771649405122824703e+02 4.830518727318745820e-03
1.795783711714405513e+02 4.676463710141701147e-03
1.820249688307384019e+02 4.528208787080850728e-03
1.845051892935759383e+02 4.385462713993669437e-03
1.870194946273113885e+02 4.247963384980624202e-03
1.895683532493462167e+02 4.115445368404468951e-03
1.921522400143912250e+02 3.987610726445985770e-03
1.947716363029327340e+02 3.864221479363754569e-03
1.974270301109137336e+02 3.745053790246540004e-03
2.001189161406485084e+02 3.629894519628876215e-03
2.028477958929859426e+02 3.518542444350469117e-03
2.056141777607388690e+02 3.410804059622688650e-03
2.084185771234006097e+02 3.306510812480820821e-03
2.112615164431559833e+02 3.205511296016642919e-03
2.141435253622223058e+02 3.107659400467130406e-03
2.170651408015171739e+02 3.012836218554137968e-03
2.200269070606903199e+02 2.920926447800259451e-03
2.230293759195260463e+02 2.831834402932484340e-03
2.260731067407404282e+02 2.745463046981002492e-03
2.291586665741912725e+02 2.661713714284849597e-03
2.322866302625193953e+02 2.580496177705993849e-03
2.354575805482447208e+02 2.501738523903422259e-03
2.386721081823267241e+02 2.425373424632060182e-03
2.419308120342282393e+02 2.351338746424720336e-03
2.452342992034802762e+02 2.279573142017468981e-03
2.485831851327877189e+02 2.210019576175340644e-03
2.519780937226862534e+02 2.142617952205111073e-03
2.554196574477758759e+02 2.077312306129848463e-03
2.589085174745507629e+02 2.014049873387761813e-03
2.624453237808495487e+02 1.952774198501511238e-03
2.660307352769490876e+02 1.893430876843436167e-03
2.696654199283138382e+02 1.835963770389926683e-03
2.733500548800469119e+02 1.780311122089199560e-03
2.770853265830355099e+02 1.726413787963057209e-03
2.808719309218412263e+02 1.674217734865110149e-03
2.847105733443429472e+02 1.623670343252772361e-03
2.886019689931625294e+02 1.574722371768044055e-03
2.925468428388964526e+02 1.527323320604694404e-03
2.965459298151788516e+02 1.481420564808010043e-03
3.005999749555996345e+02 1.436961538232294291e-03
3.047097335325048562e+02 1.393903743549180715e-03
3.088759711977073152e+02 1.352209791638579392e-03
3.130994641251239727e+02 1.311845101991235621e-03
3.173809991553802661e+02 1.272772215860947312e-03
3.217213739423992251e+02 1.234956132661026856e-03
3.261213971020047779e+02 1.198364919226790545e-03
3.305818883625673834e+02 1.162975735645156022e-03
3.351036787177210385e+02 1.128754439166043851e-03
3.396876105811769548e+02 1.095671446728254533e-03
3.443345379436660778e+02 1.063700947766230837e-03
3.490453265320419405e+02 1.032815346713265164e-03
3.538208539705580051e+02 1.002985189124201183e-03
3.586620099443804861e+02 9.741802381798732313e-04
3.635696963653294915e+02 9.463654310391160854e-04
3.685448275399089653e+02 9.195039657669944883e-04
3.735883303396429369e+02 8.935596943820166629e-04
3.787011443737522995e+02 8.684953636941446231e-04
3.838842221642045729e+02 8.442745923428222540e-04
3.891385293231693367e+02 8.208583611577502381e-04
3.944650447329159419e+02 7.982078210351890510e-04
3.998647607281724845e+02 7.762837981522162020e-04
4.053386832810095370e+02 7.550461679870215312e-04
4.108878321882412479e+02 7.344563662177892513e-04
4.165132412614269128e+02 7.144770196594362258e-04
4.222159585194617648e+02 6.950724514962402720e-04
4.279970463838275236e+02 6.762088221250041158e-04
4.338575818765229428e+02 6.578544647601932555e-04
4.397986568207114146e+02 6.399804778722917135e-04
4.458213780441344056e+02 6.225603628512771034e-04
4.519268675853040236e+02 6.055696423072050652e-04
4.581162629025537285e+02 5.889826775952421156e-04
4.643907170859328630e+02 5.727816319381663634e-04
4.707513990720425454e+02 5.569407331648791940e-04
4.771994938617991693e+02 5.414581388504349259e-04
4.837362027412061138e+02 5.263229058310660465e-04
4.903627435051532188e+02 5.115252748663285699e-04
4.970803506842925685e+02 4.970571313707376065e-04
5.038902757750365140e+02 4.829131141380039148e-04
5.107937874727034000e+02 4.690894547262130718e-04
5.177921719078902925e+02 4.555837315944788642e-04
5.248867328860643511e+02 4.423941965992408271e-04
5.320787921304793144e+02 4.295192454100240677e-04
5.393696895284004995e+02 4.169574844398952346e-04
5.467607833807344377e+02 4.047080521340693481e-04
5.542534506550791775e+02 3.927701652695196090e-04
5.618490872422545408e+02 3.811429280011508630e-04
5.695491082163584906e+02 3.698252978797658339e-04
5.773549480983959938e+02 3.588159674006471782e-04
5.852680611235351762e+02 3.481128122475611250e-04
5.932899215120230565e+02 3.377133951305835366e-04
6.014220237438481718e+02 3.276142569525776482e-04
6.096658828371511163e+02 3.178113239191882218e-04
6.180230346304807654e+02 3.083001833885101739e-04
6.264950360689198305e+02 2.990761746002475706e-04
6.350834654941461395e+02 2.901340585442144498e-04
6.437899229384779574e+02 2.814681900765736173e-04
6.526160304229621261e+02 2.730722767617114934e-04
6.615634322595634558e+02 2.649393714506838565e-04
6.706337953574858375e+02 2.570620604886058366e-04
6.798288095337411505e+02 2.494328647970245252e-04
6.891501878279418634e+02 2.420441055057849511e-04
6.985996668214601186e+02 2.348880032676612523e-04
7.081790069609421607e+02 2.279568315934762338e-04
7.178899928862863362e+02 2.212429251873485742e-04
7.277344337631221833e+02 2.147386856594139196e-04
7.377141636198584820e+02 2.084366325709040724e-04
7.478310416893715455e+02 2.023294956097496447e-04
7.580869527553655871e+02 1.964102208090827677e-04
7.684838075035326028e+02 1.906718609349096309e-04
7.790235428774898310e+02 1.851083410546836439e-04
7.897081224396575863e+02 1.797126077607903195e-04
8.005395367370562099e+02 1.744782356869432069e-04
8.115198036721543531e+02 1.694011622130160363e-04
8.226509688788032690e+02 1.644771098951690325e-04
8.339351061033405585e+02 1.596971065212834245e-04
8.453743175909378351e+02 1.550565678982251776e-04
8.569707344772334636e+02 1.505510822601750873e-04
8.687265171853899801e+02 1.461763831768402239e-04
8.806438558285558429e+02 1.419283816781519072e-04
8.927249706179110262e+02 1.378031981820231284e-04
9.049721122762755385e+02 1.337970533525062846e-04
9.173875624574302492e+02 1.299064205183482782e-04
9.299736341711886780e+02 1.261279513425397599e-04
9.427326722143130837e+02 1.224584152470288047e-04
9.556670536073522726e+02 1.188946469041831386e-04
9.687791880374812763e+02 1.154336519198101993e-04
9.820715183074371453e+02 1.120725786588761940e-04
9.955465207905943998e+02 1.088086547585755430e-04
1.009206705892345440e+03 1.056391626541638290e-04
1.023054618517758513e+03 1.025614830814590948e-04
1.037092838545725044e+03 9.957299460354354214e-05
1.051323981309581541e+03 9.667116877390305278e-05
1.065750698084338865e+03 9.385355342429095669e-05
1.080375676580627669e+03 9.111775979327141860e-05
1.095201641445425821e+03 8.846144412464094576e-05
1.110231354769659902e+03 8.588235322360814744e-05
1.125467616602768658e+03 8.337828194173894448e-05
1.140913265474384843e+03 8.094706820210005073e-05
1.156571178923122716e+03 7.858664328451025072e-05
1.172444274032695148e+03 7.629500830717497609e-05
1.188535507975359451e+03 7.407016720808258558e-05
1.204847878562826736e+03 7.191017400491134465e-05
1.221384424804769651e+03 6.981313992378285075e-05
1.238148227475002159e+03 6.777723175095472881e-05
1.255142409685418897e+03 6.580066912149185694e-05
1.272370137467821905e+03 6.388172253219759952e-05
1.289834620363788190e+03 6.201871341293511974e-05
1.307539112022569498e+03 6.021001229197336891e-05
1.325486910807287813e+03 5.845403785546316898e-05
1.343681360409406579e+03 5.674925391553793663e-05
1.362125850471653621e+03 5.509416820479232351e-05
1.380823817219524017e+03 5.348733287135554529e-05
1.399778744101465008e+03 5.192734226150099363e-05
1.418994162437833211e+03 5.041283222594885802e-05
1.438473652078766236e+03 4.894247723850734567e-05
1.458220842071152447e+03 4.751499004515406018e-05
1.478239411334679062e+03 4.612912171238409999e-05
1.498533089347260329e+03 4.478365979381296325e-05
1.519105656839820540e+03 4.347742728904002403e-05
1.539960946500644468e+03 4.220928053799946253e-05
1.561102843689412566e+03 4.097810927465404948e-05
1.582535287161067572e+03 3.978283613649059077e-05
1.604262269799590968e+03 3.862241535103309192e-05
1.626287839361863462e+03 3.749583142027669374e-05
1.648616099231812086e+03 3.640209762586886369e-05
1.671251209184819118e+03 3.534025637540243138e-05
1.694197386162748444e+03 3.430937831538539312e-05
1.717458905059509561e+03 3.330856147179731930e-05
1.741040099517528915e+03 3.233692971279665453e-05
1.764945362735059007e+03 3.139363174014587511e-05
1.789179148284677922e+03 3.047784166751573917e-05
1.813745970942983377e+03 2.958875783777933531e-05
1.838650407531665905e+03 2.872560231199331078e-05
1.863897097770235632e+03 2.788761918033933764e-05
1.889490745140339868e+03 2.707407406913914672e-05
1.915436117762094455e+03 2.628425466902144757e-05
1.941738049282317661e+03 2.551746957818055907e-05
1.968401439775114795e+03 2.477304764371106717e-05
1.995431256654696881e+03 2.405033673469087353e-05
2.022832535600873371e+03 2.334870349966888651e-05
2.050610381497178878e+03 2.266753353344031971e-05
2.078769969381893134e+03 2.200623053501090027e-05
2.107316545412214509e+03 2.136421549056707545e-05
2.136255427841556411e+03 2.074092580730215363e-05
2.165592008010406516e+03 2.013581527426751218e-05
2.195331751350679042e+03 1.954835394380022274e-05
2.225480198403986833e+03 1.897802754283957100e-05
2.256042965853792339e+03 1.842433655827670257e-05
2.287025747571852662e+03 1.788679564864950220e-05
2.318434315678971871e+03 1.736493376327070341e-05
2.350274521620332507e+03 1.685829381317534802e-05
2.382552297255641861e+03 1.636643227631840423e-05
2.415273655964265799e+03 1.588891823381375387e-05
2.448444693765503416e+03 1.542533299364996996e-05
2.482071590454255784e+03 1.497527033055912407e-05
2.516160610752395314e+03 1.453833604343454970e-05
2.550718105475805260e+03 1.411414755060349743e-05
2.585750512717617767e+03 1.370233310016414935e-05
2.621264359047608650e+03 1.330253161307590973e-05
2.657266260728074485e+03 1.291439272184007937e-05
2.693762924946476232e+03 1.253757648204523840e-05
2.730761151065009926e+03 1.217175285035980090e-05
2.768267831887318152e+03 1.181660114095186003e-05
2.806289954942591521e+03 1.147180996439114303e-05
2.844834603787427113e+03 1.113710041180385668e-05
2.883908959325413889e+03 1.081216887368539837e-05
2.923520301145018038e+03 1.049671560304092416e-05
2.963676008875747357e+03 1.019046407042653233e-05
3.004383563562956169e+03 9.893145839481423177e-06
3.045650549061595939e+03 9.604500379904481165e-06
3.087484653449119833e+03 9.324274982041803525e-06
3.129893670457747248e+03 9.052224122221765468e-06
3.172885500926418445e+03 8.788109257112273153e-06
3.216468154272805805e+03 8.531698893782511158e-06
3.260649749985374456e+03 8.282768342233627211e-06
3.305438519136149353e+03 8.041099652035687173e-06
3.350842805914121982e+03 7.806481013081314503e-06
3.396871069179760980e+03 7.578706693309761214e-06
3.443531884040928617e+03 7.357577042933453198e-06
3.490833943450459628e+03 7.142898303705387997e-06
3.538786059825640677e+03 6.934482460893256128e-06
3.587397166689927417e+03 6.732146805069534363e-06
3.636676320337367997e+03 6.535713924820483610e-06
3.686632701519683451e+03 6.345011626021523801e-06
3.737275617156753015e+03 6.159872825577889167e-06
3.788614502070460730e+03 5.980135333586832774e-06
3.840658920742376267e+03 5.805641545406523495e-06
3.893418569095655130e+03 5.636238473460079964e-06
3.946903276301438382e+03 5.471777605582327355e-06
4.001123006609997447e+03 5.312114862030740785e-06
4.056087861207036440e+03 5.157110333145988919e-06
4.111808080095668629e+03 5.006628070792229094e-06
4.168294044004002899e+03 4.860536149139100637e-06
4.225556276319218341e+03 4.718706484526307776e-06
4.283605445047947796e+03 4.581014833852400356e-06
4.342452364803869386e+03 4.447340503188480749e-06
4.402107998822346417e+03 4.317566236430224008e-06
4.462583461003005141e+03 4.191578265154738582e-06
4.523890017980214907e+03 4.069266141894951341e-06
4.586039091222017305e+03 3.950522696706316078e-06
4.649042259158088200e+03 3.835243819543147979e-06
4.712911259336648982e+03 3.723328399735571662e-06
4.777657990611350215e+03 3.614678317661486464e-06
4.843294515357873024e+03 3.509198334184233367e-06
4.909833061721321428e+03 3.406796006679080135e-06
4.977286025894180966e+03 3.307381531693317546e-06
5.045665974425876811e+03 3.210867721311570213e-06
5.114985646563874070e+03 3.117169953118133297e-06
5.185257956626948726e+03 3.026206102454646879e-06
5.256495996411291344e+03 2.937896430911206952e-06
5.328713037629336213e+03 2.852163476677726785e-06
5.401922534382474623e+03 2.768932057899527394e-06
5.476138125667396707e+03 2.688129193525491678e-06
5.551373637917218730e+03 2.609684067799252337e-06
5.627643087577175720e+03 2.533527901251847312e-06
5.704960683716071799e+03 2.459593878491662976e-06
5.783340830673363598e+03 2.387817170807694680e-06
5.862798130742660760e+03 2.318134843121984773e-06
5.943347386892185568e+03 2.250485819424764369e-06
6.025003605522631005e+03 2.184810771088192255e-06
6.107781999262828322e+03 2.121052083355217497e-06
6.191697989803790733e+03 2.059153847358033724e-06
6.276767210771956343e+03 1.999061794303634370e-06
6.363005510641562068e+03 1.940723242383495157e-06
6.450428955687396410e+03 1.884087018336034501e-06
6.539053832977884667e+03 1.829103442646825255e-06
6.628896653409336068e+03 1.775724298629679682e-06
6.719974154781989455e+03 1.723902790769999411e-06
6.812303304918332287e+03 1.673593477846730033e-06
6.905901304824176805e+03 1.624752221210152577e-06
7.000785591893129094e+03 1.577336184118837971e-06
7.096973843155390568e+03 1.531303783910478169e-06
7.194483978570784529e+03 1.486614669573332930e-06
7.293334164367453923e+03 1.443229645596228897e-06
7.393542816426165700e+03 1.401110641085352943e-06
7.495128603711143114e+03 1.360220719657376766e-06
7.598110451748167179e+03 1.320524021733500989e-06
7.702507546150490271e+03 1.281985750545007199e-06
7.808339336193066629e+03 1.244572096509590598e-06
7.915625538435876479e+03 1.208250228533645384e-06
8.024386140397358758e+03 1.172988294917274560e-06
8.134641404277854235e+03 1.138755374983371491e-06
8.246411870734686090e+03 1.105521455164719373e-06
8.359718362708825225e+03 1.073257373441069342e-06
8.474581989304146191e+03 1.041934821374966376e-06
8.591024149720122296e+03 1.011526330294044080e-06
8.709066537238615638e+03 9.820052382559536905e-07
8.828731143265275023e+03 9.533456575374048896e-07
8.950040261426440338e+03 9.255224348795367052e-07
9.073016491722715728e+03 8.985111616717175549e-07
9.197682744739096961e+03 8.722881491786538532e-07
9.324062245913477454e+03 8.468304076039801922e-07
9.452178539863465630e+03 8.221156079076293716e-07
9.582055494772686870e+03 7.981220551512149613e-07
9.713717306837525030e+03 7.748287031989631860e-07
9.847188504774969260e+03 7.522151231589187191e-07
9.982493954392277374e+03 7.302614917669813304e-07
1.011965886321935795e+04 7.089485487604624007e-07
1.025870878520525184e+04 6.882575834801184087e-07
1.039966962547851290e+04 6.681704486077497040e-07
1.054256764517371266e+04 6.486695287748202447e-07
1.068742946632356507e+04 6.297377262692869504e-07
1.083428207681897220e+04 6.113584285194905525e-07
1.098315283543654732e+04 5.935155025945112754e-07
1.113406947693590155e+04 5.761932990325447290e-07
1.128706011722651238e+04 5.593766286501295713e-07
1.144215325860559642e+04 5.430507443011587340e-07
1.159937779506845982e+04 5.272013172948553673e-07
1.175876301769108250e+04 5.118144373428383622e-07
1.192033862008745746e+04 4.968766091237515342e-07
1.208413470394115939e+04 4.823747354860124386e-07
1.225018178461369826e+04 4.682960967719016054e-07
1.241851079682917043e+04 4.546283341811476641e-07
1.258915310043776662e+04 4.413594539003260407e-07
1.276214048625800933e+04 4.284778183257451631e-07
1.293750518199922590e+04 4.159721342143305142e-07
1.311527985826600343e+04 4.038314307210936894e-07
1.329549763464429816e+04 3.920450481181176358e-07
1.347819208587207868e+04 3.806026450677875897e-07
1.366339724809391191e+04 3.694941868254402770e-07
1.385114762520236218e+04 3.587099338554573078e-07
1.404147819526564126e+04 3.482404233458961736e-07
1.423442441704445991e+04 3.380764635592637220e-07
1.443002223659785341e+04 3.282091368188229266e-07
1.462830809397985649e+04 3.186297910229543526e-07
1.482931893002841571e+04 3.093307107739960085e-07
1.503309219324765218e+04 3.003032554066160067e-07
1.523966584678439722e+04 2.915392398567861289e-07
1.544907837550060867e+04 2.830309764633395232e-07
1.566136879314356156e+04 2.747710073957336521e-07
1.587657664961360933e+04 2.667520890539732411e-07
1.609474203833287720e+04 2.589671842018474727e-07
1.631590560371444917e+04 2.514094610737811783e-07
1.654010854873436256e+04 2.440722903302430946e-07
1.676739264260789423e+04 2.369492411931421604e-07
1.699780022857130098e+04 2.300340659958815487e-07
1.723137423177031087e+04 2.233206950816017219e-07
1.746815816725690092e+04 2.168032377577198597e-07
1.770819614809666746e+04 2.104759774749677239e-07
1.795153289358656184e+04 2.043333687294482758e-07
1.819821373758665868e+04 1.983700226111996742e-07
1.844828463696566541e+04 1.925807048810008286e-07
1.870179218016257801e+04 1.869603359142789712e-07
1.895878359586630177e+04 1.815039867680602911e-07
1.921930676181456874e+04 1.762068742386956352e-07
1.948341021371342504e+04 1.710643504154291104e-07
1.975114315427925612e+04 1.660719020708931851e-07
2.002255546240584954e+04 1.612251488311508647e-07
2.029769770245624750e+04 1.565198407803973715e-07
2.057662113368347491e+04 1.519518522431952580e-07
2.085937771977997545e+04 1.475171744134124352e-07
2.114602013855830592e+04 1.432119157582078660e-07
2.143660179176522433e+04 1.390322989102001310e-07
2.173117681503068161e+04 1.349746594371144856e-07
2.202980008795314643e+04 1.310354388273146645e-07
2.233252724432345349e+04 1.272111795017953684e-07
2.263941468249009267e+04 1.234985260014520402e-07
2.295051957586547360e+04 1.198942209512961439e-07
2.326589988357813854e+04 1.163951047548651592e-07
2.358561436127021807e+04 1.129981080295939929e-07
2.390972257204354537e+04 1.097002487919872763e-07
2.423828489755643750e+04 1.064986337499233447e-07
2.457136254927312984e+04 1.033904542676426455e-07
2.490901757986725715e+04 1.003729853018742508e-07
2.525131289478208419e+04 9.744357944018419313e-08
2.559831226395051272e+04 9.459966553311498234e-08
2.595008033367469397e+04 9.183874850044714762e-08
2.630668263867048881e+04 8.915840665800163715e-08
2.666818561427582245e+04 8.655628966218646962e-08
2.703465660882851080e+04 8.403011412153687513e-08
2.740616389621244161e+04 8.157766311444565173e-08
2.778277668857782555e+04 7.919678497184140081e-08
2.816456514923516443e+04 7.688539164278143950e-08
2.855160040572638172e+04 7.464145596461358356e-08
2.894395456307678251e+04 7.246300852518685174e-08
2.934170071722731882e+04 7.034813782694535876e-08
2.974491296865339609e+04 6.829498835422422860e-08
3.015366643616891452e+04 6.630175972100982992e-08
3.056803727092190456e+04 6.436670351181276751e-08
3.098810267058060344e+04 6.248812113122841798e-08
3.141394089371632072e+04 6.066436442714872628e-08
3.184563127438270385e+04 5.889383339600569138e-08
3.228325423689535091e+04 5.717497543008687784e-08
3.272689131081584492e+04 5.550628247209250100e-08
3.317662514613975509e+04 5.388628988623503467e-08
3.363253952869543718e+04 5.231357640947904489e-08
3.409471939575236320e+04 5.078676245782993746e-08
3.456325085184608906e+04 4.930450891428005011e-08
3.503822118481849611e+04 4.786551509445407416e-08
3.551971888208061137e+04 4.646851816007460507e-08
3.600783364709741727e+04 4.511229248484469079e-08
3.650265641609945305e+04 4.379564854179821655e-08
3.700427937502459827e+04 4.251743134471785672e-08
3.751279597669259238e+04 4.127651907161214426e-08
3.802830095821514988e+04 4.007182287533160922e-08
3.855089035864565085e+04 3.890228584056951815e-08
3.908066153687096812e+04 3.776688231824535819e-08
3.961771318974984024e+04 3.666461613083517182e-08
4.016214537050038052e+04 3.559451973082325386e-08
4.071405950733990903e+04 3.455565428964595777e-08
4.127355842238074547e+04 3.354710839668201714e-08
4.184074635078629944e+04 3.256799766222123053e-08
4.241572896019068139e+04 3.161746284893206744e-08
4.299861337038422789e+04 3.069466958932072619e-08
4.358950817326951073e+04 2.979880834673204297e-08
4.418852345309336670e+04 2.892909326967244735e-08
4.479577080695424229e+04 2.808476157836277477e-08
4.541136336559412302e+04 2.726507220333750782e-08
4.603541581447432691e+04 2.646930574170542424e-08
4.666804441514116479e+04 2.569676408684304483e-08
4.730936702688592777e+04 2.494676965025700353e-08
4.795950312870254857e+04 2.421866453727927057e-08
4.861857384154629835e+04 2.351180959554719864e-08
4.928670195089813205e+04 2.282558454900193823e-08
4.996401192964110669e+04 2.215938738208952920e-08
5.065062996124823985e+04 2.151263385630308191e-08
5.134668396329192910e+04 2.088475653852583268e-08
5.205230361127463402e+04 2.027520417826724237e-08
5.276762036278698361e+04 1.968344197066328543e-08
5.349276748199899885e+04 1.910895076446537317e-08
5.422788006448763190e+04 1.855122681252784690e-08
5.497309506240485644e+04 1.800978069384572500e-08
5.572855130999154790e+04 1.748413698965175241e-08
5.649438954944278521e+04 1.697383458303065497e-08
5.727075245712875767e+04 1.647842583039841482e-08
5.805778467017485673e+04 1.599747627766170189e-08
5.885563281340809044e+04 1.553056379043212609e-08
5.966444552667276730e+04 1.507727846173798757e-08
6.048437349252273270e+04 1.463722265938530337e-08
6.131556946429408708e+04 1.421001040599358812e-08
6.215818829456283129e+04 1.379526698916709830e-08
6.301238696399355103e+04 1.339262832038368097e-08
6.387832461058548506e+04 1.300174097692523405e-08
6.475616255932070635e+04 1.262226207230579255e-08
6.564606435221827996e+04 1.225385879953429043e-08
6.654819577880282304e+04 1.189620797373044070e-08
6.746272490699045011e+04 1.154899556959111185e-08
6.838982211440046376e+04 1.121191686559591361e-08
6.932966012009751284e+04 1.088467618521140747e-08
7.028241401676870009e+04 1.056698656705255938e-08
7.124826130334296613e+04 1.025856926923343014e-08
7.222738191805988026e+04 9.959153445622560351e-09
7.321995827199275664e+04 9.668476367912973120e-09
7.422617528303134895e+04 9.386283080327326996e-09
7.524622041033265123e+04 9.112326119565305204e-09
7.628028368924389360e+04 8.846365065794785495e-09
7.732855776670685736e+04 8.588166369608574297e-09
7.839123793714876228e+04 8.337503485898129464e-09
7.946852217886531434e+04 8.094156582657635522e-09
8.056061119090348075e+04 7.857912225895661753e-09
8.166770843045256333e+04 7.628563061465201928e-09
8.279002015074918745e+04 7.405907713751168593e-09
8.392775543950141582e+04 7.189750832103144436e-09
8.508112625784266856e+04 6.979902868918556913e-09
8.625034747981920373e+04 6.776179740053921570e-09
8.743563693242223235e+04 6.578418866261953697e-09
8.863721543616968847e+04 6.386432874105589793e-09
8.985530684624479909e+04 6.200049680275991013e-09
9.109013809419986501e+04 6.019105897470337599e-09
9.234193923023415846e+04 5.843442803680752203e-09
9.361094346605372266e+04 5.672906197551433340e-09
9.489738721831748262e+04 5.507346421482412077e-09
9.620151015268269111e+04 5.346618259530199042e-09
9.752355522845384257e+04 5.190580824106040200e-09
9.886376874384679832e+04 5.039097212345605334e-09
1.002224003818753699e+05 4.892034441601705016e-09
1.015997032568664872e+05 4.749263470141950962e-09
1.029959339616150100e+05 4.610659089220026336e-09
1.044113526151879050e+05 4.476099780348370975e-09
1.058462229113854555e+05 4.345467467462071729e-09
1.073008121678669850e+05 4.218647487650548868e-09
1.087753913759510178e+05 4.095528565086735614e-09
1.102702352511041245e+05 3.976002741673496111e-09
1.117856222841174022e+05 3.859965205599617334e-09
1.133218347929924057e+05 3.747314118280750703e-09
1.148791589755361492e+05 3.637950613010528661e-09
1.164578849626789597e+05 3.531778733534688245e-09
1.180583068725269986e+05 3.428705395741871927e-09
1.196807228651579499e+05 3.328640198079656219e-09
1.213254351981672226e+05 3.231495306380163187e-09
1.229927502829776058e+05 3.137185474288541339e-09
1.246829787419274362e+05 3.045627955782426881e-09
1.263964354661355901e+05 2.956742491566976619e-09
1.281334396741698438e+05 2.870451108690121378e-09
1.298943149715158943e+05 2.786678053060817595e-09
1.316793894108642417e+05 2.705349821761627106e-09
1.334889955532280728e+05 2.626395067481857600e-09
1.353234705299001944e+05 2.549744572472255717e-09
1.371831561052605102e+05 2.475331082938596168e-09
1.390683987404454383e+05 2.403089282062926326e-09
1.409795496578951133e+05 2.332955784018386749e-09
1.429169649067878199e+05 2.264869071552031591e-09
1.448810054293703288e+05 2.198769445203266149e-09
1.468720371282031119e+05 2.134598899352893414e-09
1.488904309343264904e+05 2.072301116238996692e-09
1.509365628763664863e+05 2.011821434688147604e-09
1.530108141505906242e+05 1.953106813159126988e-09
1.551135711919240421e+05 1.896105761188209085e-09
1.572452257459413086e+05 1.840768249901320149e-09
1.594061749418502150e+05 1.787045720805159314e-09
1.615968213664785435e+05 1.734891036643879763e-09
1.638175731392745220e+05 1.684258464154574078e-09
1.660688439883413957e+05 1.635103592430210665e-09
1.683510533275128109e+05 1.587383272585797863e-09
1.706646263344917970e+05 1.541055636679484505e-09
1.730099940300629823e+05 1.496080038159170592e-09
1.753875933583906735e+05 1.452417039815213934e-09
1.777978672684208141e+05 1.410028335548421642e-09
1.802412647964039352e+05 1.368876718468007533e-09
1.827182411495525448e+05 1.328926085534848898e-09
1.852292577908446256e+05 1.290141389949335231e-09
1.877747825249959424e+05 1.252488617517327550e-09
1.903552895856101823e+05 1.215934729859419141e-09
1.929712597235306457e+05 1.180447646498037476e-09
1.956231802964063536e+05 1.145996233698529588e-09
1.983115453594854043e+05 1.112550273473412469e-09
2.010368557576564781e+05 1.080080429075274847e-09
2.037996192187580746e+05 1.048558205274234064e-09
2.066003504481706477e+05 1.017955941610257378e-09
2.094395712247040647e+05 9.882467897373657558e-10
2.123178104978069896e+05 9.594046950623575722e-10
2.152356044861084374e+05 9.314043551044133254e-10
2.181934967773171957e+05 9.042211931878198014e-10
2.211920384294945979e+05 8.778313598555861729e-10
2.242317880737155210e+05 8.522117025872133554e-10
2.273133120181399572e+05 8.273397560268293422e-10
2.304371843535182998e+05 8.031936961794507934e-10
2.336039870601472212e+05 7.797523285627486212e-10
2.368143101162902312e+05 7.569950885165206596e-10
2.400687516080929490e+05 7.349020131448477089e-10
2.433679178410044115e+05 7.134537262857308741e-10
2.467124234527339577e+05 6.926314054072758876e-10
2.501028915277611522e+05 6.724167763997263356e-10
2.535399537134148122e+05 6.527921052740179975e-10
2.570242503375473025e+05 6.337401793562106035e-10
2.605564305278308166e+05 6.152442868015079689e-10
2.641371523326915922e+05 5.972881937409198888e-10
2.677670828439039760e+05 5.798561440935450786e-10
2.714468983208659338e+05 5.629328448613508768e-10
2.751772843165954109e+05 5.465034547309234303e-10
2.789589358054396580e+05 5.305535597604469753e-10
2.827925573125583469e+05 5.150691587347899698e-10
2.866788630451732897e+05 5.000366666992157078e-10
2.906185770256237593e+05 4.854428956337683145e-10
2.946124332262549433e+05 4.712750489251601927e-10
2.986611757061596145e+05 4.575206945019745940e-10
3.027655587497953093e+05 4.441677568146503770e-10
3.069263470075041405e+05 4.312045228947836873e-10
3.111443156379764550e+05 4.186196210342900020e-10
3.154202504526539124e+05 4.064020152349769318e-10
3.197549480621351977e+05 3.945409823948493664e-10
3.241492160245821578e+05 3.830261109351943848e-10
3.286038729961655918e+05 3.718473004941931434e-10
3.331197488835846307e+05 3.609947458671021628e-10
3.376976849986807210e+05 3.504589286305905407e-10
3.423385342151739751e+05 3.402306002051347511e-10
3.470431611275498290e+05 3.303007837432831781e-10
3.518124422121376847e+05 3.206607691945731255e-10
3.566472659904011525e+05 3.113021022512735712e-10
3.615485331944670761e+05 3.022165734000878981e-10
3.665171569349352503e+05 2.933962057793038021e-10
3.715540628709872253e+05 2.848332596154670833e-10
3.766601893828401226e+05 2.765202237808865947e-10
3.818364877465720056e+05 2.684498087537159429e-10
3.870839223113408079e+05 2.606149339635852448e-10
3.924034706790420460e+05 2.530087193691365645e-10
3.977961238864382613e+05 2.456244918421547677e-10
4.032628865897949436e+05 2.384557744559280722e-10
4.088047772520427825e+05 2.314962812841582480e-10
4.144228283325227094e+05 2.247399051227081929e-10
4.201180864793281071e+05 2.181807133065041836e-10
4.258916127242998336e+05 2.118129517354307413e-10
4.317444826807015343e+05 2.056310357429151045e-10
4.376777867436030065e+05 1.996295437809057648e-10
4.436926302930186503e+05 1.938032084616173781e-10
4.497901338998447172e+05 1.881469146258685101e-10
4.559714335346257431e+05 1.826557003736653404e-10
4.622376807791814790e+05 1.773247503641820103e-10
4.685900430411521811e+05 1.721493885750924130e-10
4.750297037714809994e+05 1.671250719299485240e-10
4.815578626848961576e+05 1.622473901255124451e-10
4.881757359834229574e+05 1.575120644140918458e-10
4.948845565829596017e+05 1.529149427925579484e-10
5.016855743429657887e+05 1.484519922592020094e-10
5.085800562993176864e+05 1.441192944385887725e-10
5.155692869003612432e+05 1.399130467612386518e-10
5.226545682462000987e+05 1.358295879306271334e-10
5.298372203312828206e+05 1.318656847214985141e-10
5.371185812903112965e+05 1.280174597310192131e-10
5.445000076475427486e+05 1.242815347352264882e-10
5.519828745695136022e+05 1.206546320469824403e-10
5.595685761212314246e+05 1.171335714053004187e-10
5.672585255258864490e+05 1.137152658909189076e-10
5.750541554281383287e+05 1.103967162267509297e-10
5.829569181610266678e+05 1.071750095588800245e-10
5.909682860165333841e+05 1.040473194412893558e-10
5.990897515198775800e+05 1.010109037584374638e-10
6.073228277075670194e+05 9.806309998358188782e-11
6.156690484092814149e+05 9.520132127949773564e-11
6.241299685336347902e+05 9.242305605800897022e-11
6.327071643578474177e+05 8.972586697935665640e-11
6.414022338214057963e+05 8.710738970955964789e-11
6.502167968237638706e+05 8.456532777900307618e-11
6.591524955261365976e+05 8.209745006990138327e-11
6.682109946574321948e+05 7.970159098877199339e-11
6.773939818243839545e+05 7.737564872797913284e-11
6.867031678259711480e+05 7.511758469050576288e-11
6.961402869721222669e+05 7.292541814783315537e-11
7.057070974068357609e+05 7.079722478386240848e-11
7.154053814357179217e+05 6.873113734193476000e-11
7.252369458580199862e+05 6.672534353621775628e-11
7.352036223032542039e+05 6.477808522420397797e-11
7.453072675724327564e+05 6.288765396904801786e-11
7.555497639839855256e+05 6.105239055858600273e-11
7.659330197244305164e+05 5.927068475100247379e-11
7.764589692038889043e+05 5.754097396895122885e-11
7.871295734164462192e+05 5.586174177693512083e-11
7.979468203055062331e+05 5.423151467980717880e-11
8.089127251341394149e+05 5.264886206465041662e-11
8.200293308605211787e+05 5.111239532242573388e-11
8.312987085185415344e+05 4.962076716854933539e-11
8.427229576036504004e+05 4.817266965334248979e-11
8.543042064639868913e+05 4.676683191155709009e-11
8.660446126968858298e+05 4.540202042265025643e-11
8.779463635508478619e+05 4.407703772521827841e-11
8.900116763330313843e+05 4.279072215650234409e-11
9.022427988223298453e+05 4.154194559399296733e-11
9.146420096881417558e+05 4.032961193610909959e-11
9.272116189148775302e+05 3.915265759183463959e-11
9.399539682323188754e+05 3.801004999496432758e-11
9.528714315518940566e+05 3.690078743343162127e-11
9.659664154089308577e+05 3.582389684658062059e-11
9.792413594109890983e+05 3.477843303802575305e-11
9.926987366923693335e+05 3.376347885774674513e-11
1.006341054374868865e+06 3.277814400539970923e-11
1.020170854034846881e+06 3.182156451556881356e-11
1.034190712176733301e+06 3.089290112851612790e-11
1.048403240713019622e+06 2.999133887138350444e-11
1.062811087450869149e+06 2.911608682856275492e-11
1.077416936585414456e+06 2.826637736021698661e-11
1.092223509199818363e+06 2.744146530566481749e-11
1.107233563772203401e+06 2.664062681065306314e-11
1.122449896689567715e+06 2.586315918237883291e-11
1.137875342768765986e+06 2.510838036662405061e-11
1.153512775784621714e+06 2.437562848184711186e-11
1.169365109005325474e+06 2.366426083578273757e-11
1.185435295735164545e+06 2.297365311366595887e-11
1.201726329864735715e+06 2.230319943265570298e-11
1.218241246428719722e+06 2.165231161816518430e-11
1.234983122171300929e+06 2.102041897452969857e-11
1.251955076119357953e+06 2.040696716463107960e-11
1.269160270163551671e+06 1.981141777047856205e-11
1.286601909647397930e+06 1.923324836093494371e-11
1.304283243964410154e+06 1.867195178514826377e-11
1.322207567163475556e+06 1.812703582542481246e-11
1.340378218562525231e+06 1.759802237682590662e-11
1.358798583370657871e+06 1.708444720634337263e-11
1.377472093318823492e+06 1.658585979009906050e-11
1.396402227299145190e+06 1.610182284223114410e-11
1.415592512013027444e+06 1.563191182404219233e-11
1.435046522628196515e+06 1.517571438197193528e-11
1.454767883444769774e+06 1.473283024789186648e-11
1.474760268570445711e+06 1.430287090671958044e-11
1.495027402605009265e+06 1.388545931375008366e-11
1.515573061334207887e+06 1.348022930371722831e-11
1.536401072433195775e+06 1.308682523109143109e-11
1.557515316179646412e+06 1.270490197766842210e-11
1.578919726176639553e+06 1.233412450486824601e-11
1.600618290085482877e+06 1.197416771128402022e-11
1.622615050368627999e+06 1.162471577923694204e-11
1.644914105042798212e+06 1.128546197309587121e-11
1.667519608442443889e+06 1.095610872252275757e-11
1.690435771993670613e+06 1.063636713137341753e-11
1.713666864998887759e+06 1.032595683467290745e-11
1.737217215432122583e+06 1.002460542724814101e-11
1.761091210745377699e+06 9.732048431787020779e-12
1.785293298685993766e+06 9.448029240478138229e-12
1.809827988125257427e+06 9.172298757061068658e-12
1.834699849898421206e+06 8.904615168638042957e-12
1.859913517656265758e+06 8.644743527294356068e-12
1.885473688728346722e+06 8.392455799109548517e-12
1.911385124998080311e+06 8.147530696322615227e-12
1.937652653789945180e+06 7.909753437951203055e-12
1.964281168768753298e+06 7.678915460955446966e-12
1.991275630851399619e+06 7.454814129035714221e-12
2.018641069131062832e+06 7.237252827866386506e-12
2.046382581814111210e+06 7.026040727835105239e-12
2.074505337169923820e+06 6.820992636552190268e-12
2.103014574493754189e+06 6.621928668358671753e-12
2.131915605082804803e+06 6.428674055150555827e-12
2.161213813225708902e+06 6.241059273979082269e-12
2.190914657205640338e+06 6.058919766540459890e-12
2.221023670317221899e+06 5.882095840915466078e-12
2.251546461897349916e+06 5.710432338299153477e-12
2.282488718370242044e+06 5.543778551768999656e-12
2.313856204306793865e+06 5.381988305742855691e-12
2.345654763498540502e+06 5.224919710038721009e-12
2.377890320046380162e+06 5.072435031339044602e-12
2.410568879464224912e+06 4.924438973285363018e-12
2.443696529797807336e+06 4.781561759926823556e-12
2.477279442758912221e+06 4.643773990129664513e-12
2.511323874875191599e+06 4.511059003656824724e-12
2.545836168655731715e+06 4.383411589700554790e-12
2.580822753772688564e+06 4.260836320859325045e-12
2.616290148259109817e+06 4.143345550201720964e-12
2.652244959723273292e+06 4.030957015276107714e-12
2.688693886579706799e+06 3.923691127482094428e-12
2.725643719297096599e+06 3.821567946118015405e-12
2.763101341663327534e+06 3.724604125393836988e-12
2.801073732067962643e+06 3.632809811542166088e-12
2.839567964802352246e+06 3.546185610703240673e-12
2.878591211377535947e+06 3.464719733202851297e-12
2.918150741860337555e+06 3.388385311929706208e-12
2.958253926227739546e+06 3.317138265855997707e-12
2.998908235739947297e+06 3.250915539745871997e-12
3.040121244332308415e+06 3.189633872856576544e-12
3.081900630026328843e+06 3.133189040839918782e-12
3.124254176360063255e+06 3.081455628380081295e-12
3.167189773838222958e+06 3.034287447774670623e-12
