1.703856357095965279e+01 3.780505316670256183e-04
1.726262207848358798e+01 4.841670687009776066e-04
1.748973087195668086e+01 6.288461039989350770e-04
1.771993147733775231e+01 8.272347887233397201e-04
1.795326598591148226e+01 1.100477572430966222e-03
1.818977706198458932e+01 1.477850264041784267e-03
1.842950795068663794e+01 1.999355922053974374e-03
1.867250248587754413e+01 2.718857522416556066e-03
1.891880509816227018e+01 3.707741211059059627e-03
1.916846082301468357e+01 5.058754457397091064e-03
1.942151530901234935e+01 6.889413226797730383e-03
1.967801482618307674e+01 9.344108350154867182e-03
1.993800627446510632e+01 1.259472197613822897e-02
2.020153719228283862e+01 1.683898449423160137e-02
2.046865576523874353e+01 2.229413304502325666e-02
2.073941083492419679e+01 2.918583876461955384e-02
2.101385190784979073e+01 3.775983827607470866e-02
2.129202916449752081e+01 4.820863416510301480e-02
2.157399346849589961e+01 6.070121437332876013e-02
2.185979637592047808e+01 7.536582761596777313e-02
2.214949014472033184e+01 9.226993150922657705e-02
2.244312774427351442e+01 1.114128535417689969e-01
2.274076286507214917e+01 1.327250884098956085e-01
2.304244992853961094e+01 1.560566022596172608e-01
2.334824409698106251e+01 1.811254884643618279e-01
2.365820128367001018e+01 2.074760353182387718e-01
2.397237816307148961e+01 2.346427831895494531e-01
2.429083218120501186e+01 2.622963692545456915e-01
2.461362156614831775e+01 2.901641801357950357e-01
2.494080533868390148e+01 3.180000873410220308e-01
2.527244332309108543e+01 3.456095582979745728e-01
2.560859615808449874e+01 3.728852699740672350e-01
2.594932530790146430e+01 3.997849365213248518e-01
2.629469307354083440e+01 4.263132953765298438e-01
2.664476260415429465e+01 4.524932612367811302e-01
2.699959790859279352e+01 4.783631970031909653e-01
2.735926386711063074e+01 5.039414692953991803e-01
2.772382624322841949e+01 5.292069504901566468e-01
2.809335169575746960e+01 5.541435668305858542e-01
2.846790779098851942e+01 5.787171643010409205e-01
2.884756301504569365e+01 6.028578155491741697e-01
2.923238678640882782e+01 6.264769838744239649e-01
2.962244946860674233e+01 6.494897127648604496e-01
3.001782238308246065e+01 6.718044205323474571e-01
3.041857782223451778e+01 6.933025095745426469e-01
3.082478906263504115e+01 7.137953190410151194e-01
3.123653037842827729e+01 7.330645424123183318e-01
3.165387705491101400e+01 7.509212916003811245e-01
3.207690540229868503e+01 7.672255122784576997e-01
3.250569276967789989e+01 7.818648294690966338e-01
3.294031755914979698e+01 7.947433125841589785e-01
3.338085924016550621e+01 8.057719936424980745e-01
3.382739836405645661e+01 8.149161377758202818e-01
3.428001657876342989e+01 8.221972748652763840e-01
3.473879664376526222e+01 8.276721589901754328e-01
3.520382244521094606e+01 8.314193284361852676e-01
3.567517901125828672e+01 8.335213163872756681e-01
3.616321540663104628e+01 8.340109252806833240e-01
3.662097322212382977e+01 8.329500108689336102e-01
3.708496285736821818e+01 8.304115753996814675e-01
3.755526915106302965e+01 8.264462029420682754e-01
3.803197809688331432e+01 8.211592110080063733e-01
3.851517685920428846e+01 8.146232829273154508e-01
3.900495378903898569e+01 8.068581168040811491e-01
3.950139844019238922e+01 7.978617655829118860e-01
4.000460158563679869e+01 7.876302324788211351e-01
4.051465523410851688e+01 7.762132738716314151e-01
4.103165264693191006e+01 7.637069436804511113e-01
4.155568835507152414e+01 7.502434242021926991e-01
4.208685817641692495e+01 7.359805706513347090e-01
4.262525923330225908e+01 7.210629045577512386e-01
4.317098997026527485e+01 7.056164232442148077e-01
4.372415017204679089e+01 6.897580074532694283e-01
4.428484098183672302e+01 6.735969125897049992e-01
4.485316491976726638e+01 6.572184433351653254e-01
4.542922590165816388e+01 6.406618147219784731e-01
4.601312925801773446e+01 6.239387451359519332e-01
4.660498175330202741e+01 6.070565855569594049e-01
4.720489160543586848e+01 5.900371912921169582e-01
4.781296850560072897e+01 5.728904965567251928e-01
4.842932363829100240e+01 5.556403711421706859e-01
4.905406970164338532e+01 5.383271442610100266e-01
4.968732092804391698e+01 5.210057755350048225e-01
5.032919310501458909e+01 5.037262425447734948e-01
5.097980359638427217e+01 4.865343284566905346e-01
5.163927136374898907e+01 4.694865905258778227e-01
5.230771698822323401e+01 4.526497549128176701e-01
5.298526269248730358e+01 4.360795084475701522e-01
5.367203236313619641e+01 4.198024118838090679e-01
5.436815157333076343e+01 4.038264705052903025e-01
5.507374760575911665e+01 3.881486787518162451e-01
5.578894947590930542e+01 3.727736693559968728e-01
5.651388795565956968e+01 3.577274455055299285e-01
5.724869559718887757e+01 3.430218934276294540e-01
5.799350675721462522e+01 3.286614802474505659e-01
5.874845762155804607e+01 3.146513414878109316e-01
5.951368623004618286e+01 3.010023795918592704e-01
6.028933250175158065e+01 2.877327362181281156e-01
6.107553826057593938e+01 2.748643132327777128e-01
6.187244726118184701e+01 2.624135968462613100e-01
6.268020521527836308e+01 2.503871231035843525e-01
6.349895981826304592e+01 2.387872109697708467e-01
6.432886077622822540e+01 2.276180682247570530e-01
6.517005983333389452e+01 2.168961690117725549e-01
6.602271079955309574e+01 2.066321265391377615e-01
6.688696957879622573e+01 1.968224856459401817e-01
6.776299419741721408e+01 1.874634521614517713e-01
6.865094483310740259e+01 1.785434520616735465e-01
6.955098384418445789e+01 1.700467485067580498e-01
7.046327579927830698e+01 1.619567423225619640e-01
7.138798750742166987e+01 1.542593388197610604e-01
7.232528804855130034e+01 1.469415635650853647e-01
7.327534880442249232e+01 1.399912942854533160e-01
7.423834348994660104e+01 1.333950946358485323e-01
7.521444818495345430e+01 1.271391563651499412e-01
7.620384136638733708e+01 1.212118481709916207e-01
7.720670394094001665e+01 1.156104929177170781e-01
7.822321927813000286e+01 1.103201538696207962e-01
7.925357324382974866e+01 1.053272964439118109e-01
8.029795423425134970e+01 1.006188785558602694e-01
8.135655321039386934e+01 9.618020644906333239e-02
8.242956373295970707e+01 9.199424252487042875e-02
8.351718199774599327e+01 8.804395199538939121e-02
8.461960687151923821e+01 8.431231269092781533e-02
8.573703992837633336e+01 8.078393206040246355e-02
8.686968548660232159e+01 7.744405519610964017e-02
8.801775064602877308e+01 7.427901646095008692e-02
8.918144532590150675e+01 7.127621039217180154e-02
9.036098230326285830e+01 6.842440444599068305e-02
9.155657725185827189e+01 6.571438331195028626e-02
9.276844878156990148e+01 6.313730829255648214e-02
9.399681847839011084e+01 6.068926222012099858e-02
9.524191094493679088e+01 5.836023304005522050e-02
9.650395384152065503e+01 5.614285376662370153e-02
9.778317792777338013e+01 5.402952968179752791e-02
9.907981710483947779e+01 5.201228696254162065e-02
1.003941084581455954e+02 5.008390111746374718e-02
1.017262923007498188e+02 4.823769273256767187e-02
1.030766122172827721e+02 4.646802964912627454e-02
1.044453151084846212e+02 4.476999322402286374e-02
1.058326512363519356e+02 4.313907527959656707e-02
1.072388742698952200e+02 4.157148605252680706e-02
1.086642413315227600e+02 4.006387866558891453e-02
1.101090130440535972e+02 3.861294863390507537e-02
1.115734535783720389e+02 3.721570329872722627e-02
1.130578307017290456e+02 3.586944749952772349e-02
1.145624158267043526e+02 3.457228448646415542e-02
1.160874840608310592e+02 3.332265821968719011e-02
1.176333142568998653e+02 3.211964184372087527e-02
1.192001890639450608e+02 3.096307409449877701e-02
1.207883949789265330e+02 2.985114844429051506e-02
1.223982223991132940e+02 2.878292713044555695e-02
1.240299656751835613e+02 2.775735169169352146e-02
1.256839231650434385e+02 2.677283162393134797e-02
1.273603972883822877e+02 2.582759767792816574e-02
1.290596945819683583e+02 2.491995011879305499e-02
1.307821257556968533e+02 2.404803012985257116e-02
1.325280057494037180e+02 2.321003169653038101e-02
1.342976537904504255e+02 2.240451823674322052e-02
1.360913934520925181e+02 2.163023493270532782e-02
1.379095527126454499e+02 2.088610459090416149e-02
1.397524640154532278e+02 2.017113001384934767e-02
1.416204643296737231e+02 1.948433595787661676e-02
1.435138952118938107e+02 1.882479253956058363e-02
1.454331028685798515e+02 1.819153030510749225e-02
1.473784382193816782e+02 1.758359394128275466e-02
1.493502569612961963e+02 1.700004233884411242e-02
1.513489196337056342e+02 1.643992486523818131e-02
1.533747916842992822e+02 1.590217070822652623e-02
1.554282435358967405e+02 1.538568419988092795e-02
1.575096506541756014e+02 1.488954550421811573e-02
1.596193936163259082e+02 1.441278294370273994e-02
1.617578581806364753e+02 1.395398086102056512e-02
1.639254353570293858e+02 1.351212052293286614e-02
1.661225214785535513e+02 1.308626554033982814e-02
1.683495182738549829e+02 1.267561291536678514e-02
1.706068329406287205e+02 1.227940231373698954e-02
1.728948782200753556e+02 1.189692711315889356e-02
1.752140724723687697e+02 1.152755655252225842e-02
1.775648397531499256e+02 1.117072823175857543e-02
1.799476098910663211e+02 1.082595080952575284e-02
1.823628185663633872e+02 1.049271783511238065e-02
1.848109073905455944e+02 1.017050437581304423e-02
1.872923239871258545e+02 9.858783332709127045e-03
1.898075220734705226e+02 9.557052572113935995e-03
1.923569615437588425e+02 9.264828987809538285e-03
1.949411085530752246e+02 8.981630832132318776e-03
1.975604356026408368e+02 8.707000584810734023e-03
2.002154216262117643e+02 8.440583316309674400e-03
2.029065520776480582e+02 8.182055519936601296e-03
2.056343190196781450e+02 7.931096501209447536e-03
2.083992212138689695e+02 7.687407288192567301e-03
2.112017642118254344e+02 7.450703870686470331e-03
2.140424604476253307e+02 7.220743625186369641e-03
2.169218293315185235e+02 6.997353502444826623e-03
2.198403973448977240e+02 6.780383915136398154e-03
2.227986981365644681e+02 6.569724250784940434e-03
2.257972726203026355e+02 6.365280124776780124e-03
2.288366690737857425e+02 6.166963407557415899e-03
2.319174432388238927e+02 5.974701977082226556e-03
2.350401584229819605e+02 5.788302767224924594e-03
2.382053856025763707e+02 5.607628538646727834e-03
2.414137035270772458e+02 5.432552384718916660e-03
2.446656988249278015e+02 5.262958744061109473e-03
2.479619661108112894e+02 5.098712133097607624e-03
2.513031080943694633e+02 4.939692918853971076e-03
2.546897356904092931e+02 4.785764783837822417e-03
2.581224681306052275e+02 4.636777106626254613e-03
2.616019330767213091e+02 4.492599484102466345e-03
2.651287667353803954e+02 4.353117623534297209e-03
2.687036139743881336e+02 4.218228754978056716e-03
2.723271284406478117e+02 4.087825926425245338e-03
2.759999726796754089e+02 3.961810196154293834e-03
2.797228182567443469e+02 3.840081236585878022e-03
2.834963458796764826e+02 3.722542732792211151e-03
2.873212455233107221e+02 3.609100978163984341e-03
2.911982165556576092e+02 3.499652366817831983e-03
2.951279678657801355e+02 3.394100292158686721e-03
2.991112179934092410e+02 3.292327061198852683e-03
3.031486952603269742e+02 3.194207528997464879e-03
3.072411379035347636e+02 3.099619052874848235e-03
3.113892942102417010e+02 3.008428763665537548e-03
3.155939226546809095e+02 2.920526865378336376e-03
3.198557920367978227e+02 2.835806523753880287e-03
3.241756816228202069e+02 2.754147579632307621e-03
3.285543812877447181e+02 2.675423955614325208e-03
3.329926916597597710e+02 2.599506777031143981e-03
3.374914242666428663e+02 2.526279115072024156e-03
3.420514016841386820e+02 2.455625530856412123e-03
3.466734576863694883e+02 2.387424313893127606e-03
3.513584373982849343e+02 2.321553740180504199e-03
3.561071974501882664e+02 2.257898772416373420e-03
3.609206061343711553e+02 2.196349667170144002e-03
3.657995435638769663e+02 2.136802604354406943e-03
3.707449018334220909e+02 2.079155369690458000e-03
3.757575851825175164e+02 2.023308693207494582e-03
3.808385101608029686e+02 1.969164827956264990e-03
3.859886057956322247e+02 1.916637549717168168e-03
3.912088137619472832e+02 1.865615164463070921e-03
3.965000885544540665e+02 1.816005855132951305e-03
4.018633976621533179e+02 1.767726681422750537e-03
4.072997217452391396e+02 1.720699915655149806e-03
4.128100548144105346e+02 1.674853907611460399e-03
4.183954044126192571e+02 1.630120631176448440e-03
4.240567917993002993e+02 1.586440386305024153e-03
4.297952521370992827e+02 1.543761722688682600e-03
4.356118346811533684e+02 1.502036826047870727e-03
4.415076029709401837e+02 1.461224372768345388e-03
4.474836350247435917e+02 1.421291770468664437e-03
4.535410235367627365e+02 1.382206476896841868e-03
4.596808760769080777e+02 1.343939880515610669e-03
4.659043152933188594e+02 1.306471387028293983e-03
4.722124791176314034e+02 1.269783832610568187e-03
4.786065209730471111e+02 1.233871271953990677e-03
4.850876099852319498e+02 1.198729644100812557e-03
4.916569311960839741e+02 1.164326481919684096e-03
4.983156857804148103e+02 1.130688307195060541e-03
5.050650912655827938e+02 1.097816602536425858e-03
5.119063817541091339e+02 1.065714814310924838e-03
5.188408081493308828e+02 1.034387804930505389e-03
5.258696383841236184e+02 1.003840316352850801e-03
5.329941576527355664e+02 9.740749830060256576e-04
5.402156686457824435e+02 9.450933637967125212e-04
5.475354917884415045e+02 9.168957771044268512e-04
5.549549654818821409e+02 8.894810180588835075e-04
5.624754463479913511e+02 8.628471286087633155e-04
5.700983094774198889e+02 8.369897079789044569e-04
5.778249486810220787e+02 8.119031063221421665e-04
5.856567767446987318e+02 7.875784899865371710e-04
5.935952256877277478e+02 7.640058053267114596e-04
6.016417470245986578e+02 7.411732088110911665e-04
6.097978120304188678e+02 7.190670757688641564e-04
6.180649120099253651e+02 6.976723359728926113e-04
6.264445585701728305e+02 6.769720561163377823e-04
6.349382838969154363e+02 6.569473916228840346e-04
6.435476410347694127e+02 6.375781091209689611e-04
6.522742041711760521e+02 6.188432797616764958e-04
6.611195689242389335e+02 6.007221123575387858e-04
6.700853526344719739e+02 5.831933404431863081e-04
6.791731946605266330e+02 5.662357745110191236e-04
6.883847566789454504e+02 5.498274094488261009e-04
6.977217229879879596e+02 5.339459277849648196e-04
7.071858008156003734e+02 5.185698456704307922e-04
7.167787206315772437e+02 5.036783506398990855e-04
7.265022364639653460e+02 4.892510471413208037e-04
7.363581262197857313e+02 4.752683906581122407e-04
7.463481920101185096e+02 4.617116265271492374e-04
7.564742604796075511e+02 4.485629884902909287e-04
7.667381831404597960e+02 4.358056831396399551e-04
7.771418367109788505e+02 4.234238065614626123e-04
7.876871234587280242e+02 4.114024670352827914e-04
7.983759715483391801e+02 3.997300131605222018e-04
8.092103353940822217e+02 3.883913861896909868e-04
8.201921960172140871e+02 3.773738730369533521e-04
8.313235614082058191e+02 3.666671304824399482e-04
8.426064668938876139e+02 3.562592236410026814e-04
8.540429755096130293e+02 3.461476230865604201e-04
8.656351783764644097e+02 3.363135537922266795e-04
8.773851950836148035e+02 3.267492493812082684e-04
8.892951740758840060e+02 3.174474789241093532e-04
9.013672930465738773e+02 3.084012528942778157e-04
9.136037593356467141e+02 2.996039979301428832e-04
9.260068103333320551e+02 2.910494543632408636e-04
9.385787138892292205e+02 2.827315592950755720e-04
9.513217687269678891e+02 2.746444381218290671e-04
9.642383048645247072e+02 2.667823293758628690e-04
9.773306840402574380e+02 2.591396226564784879e-04
9.906013001447349779e+02 2.517108394487471007e-04
1.004052579658456239e+03 2.444904614750356871e-04
1.017686982095524286e+03 2.374733022446184200e-04
1.031507000453353157e+03 2.306541221551874996e-04
1.045515161668511837e+03 2.240278330497167888e-04
1.059714027078743584e+03 2.175895052121334331e-04
1.074106192891325691e+03 2.113342796302627178e-04
1.088694290657755801e+03 2.052572672674660018e-04
1.103480987754928719e+03 1.993537235980484372e-04
1.118468987872852040e+03 1.936190011237977956e-04
1.133661031509008581e+03 1.880484936493929688e-04
1.149059896469442265e+03 1.826376601479867646e-04
1.164668398376678169e+03 1.773820559598053830e-04
1.180489391184525857e+03 1.722772972678657906e-04
1.196525767699943117e+03 1.673191151711523206e-04
1.212780460111955335e+03 1.625035216100364534e-04
1.229256440527804898e+03 1.578264210640959331e-04
1.245956721516369726e+03 1.532838355107026592e-04
1.262884356659029663e+03 1.488719011429523236e-04
1.280042441107980949e+03 1.445868648340604187e-04
1.297434112152178386e+03 1.404250787670868316e-04
1.315062549790977300e+03 1.363830013030714865e-04
1.332930977315582140e+03 1.324571932622616586e-04
1.351042661898421329e+03 1.286443140936922684e-04
1.369400915190510204e+03 1.249411190480186713e-04
1.388009093927012145e+03 1.213444542502976507e-04
1.406870600540976966e+03 1.178512581317468604e-04
1.425988883785473718e+03 1.144585575138921561e-04
1.445367439364183156e+03 1.111634647054649244e-04
1.465009810570550826e+03 1.079631736589331905e-04
1.484919588935701995e+03 1.048549583577650362e-04
1.505100414885113651e+03 1.018361722356708266e-04
1.525555978404259349e+03 9.890424514353267100e-05
1.546290019713305128e+03 9.605668099431732311e-05
1.567306329951000635e+03 9.329105300650349531e-05
1.588608751867875299e+03 9.060500524784664920e-05
1.610201180528844816e+03 8.799624997313395093e-05
1.632087564025449865e+03 8.546256557117931554e-05
1.654271904197723416e+03 8.300179411248732961e-05
1.676758257365919235e+03 8.061183763214882763e-05
1.699550735072177758e+03 7.829065980181340242e-05
1.722653504832334420e+03 7.603628312472470287e-05
1.746070790897915458e+03 7.384678770153878594e-05
1.769806875028528339e+03 7.172030701101778875e-05
1.793866097274763888e+03 6.965502816258555474e-05
1.818252856771764073e+03 6.764919104977238588e-05
1.842971612543585252e+03 6.570108645238440870e-05
1.868026884318490829e+03 6.380905478879097485e-05
1.893423253355405905e+03 6.197148235647336042e-05
1.919165363281556438e+03 6.018680237793318883e-05
1.945257920941543262e+03 5.845349352767752410e-05
1.971705697257979864e+03 5.677007869860957326e-05
1.998513528103804902e+03 5.513512294299345237e-05
2.025686315186546381e+03 5.354723151245144265e-05
2.053229026944557972e+03 5.200505030862013155e-05
2.081146699455475300e+03 5.050726442327682251e-05
2.109444437357050901e+03 4.905259749750609283e-05
2.138127414780512481e+03 4.763980861890537797e-05
2.167200876296645674e+03 4.626769244404042988e-05
2.196670137874705688e+03 4.493507873132884562e-05
2.226540587854473415e+03 4.364083102096561937e-05
2.256817687931458750e+03 4.238402262542564133e-05
2.287506974155571243e+03 4.116343351492725614e-05
2.318614057943321768e+03 3.997798023760046771e-05
2.350144627103908988e+03 3.882665200465398609e-05
2.382104446879173793e+03 3.770846745661197833e-05
2.414499360997761869e+03 3.662247313794845995e-05
2.447335292743624450e+03 3.556774263262620431e-05
2.480618246039070982e+03 3.454337621427031936e-05
2.514354306542570612e+03 3.354850027142820368e-05
2.548549642761451651e+03 3.258226673376427452e-05
2.583210507179849174e+03 3.164385129309288456e-05
2.618343237401908027e+03 3.073245330123110870e-05
2.653954257310597313e+03 2.984729521824777058e-05
2.690050078242307336e+03 2.898762207873844155e-05
2.726637300177372708e+03 2.815270080934359183e-05
2.763722612946923618e+03 2.734181899164688802e-05
2.801312797456046610e+03 2.655428462786034688e-05
2.839414726923665057e+03 2.578942577366265775e-05
2.878035368139270759e+03 2.504659010099167496e-05
2.917181782736785408e+03 2.432514375938217392e-05
2.956861128485755671e+03 2.362447115241181990e-05
2.997080660600077863e+03 2.294397423141125594e-05
3.037847733064662407e+03 2.228307230228003825e-05
3.079169799980027165e+03 2.164120161931951147e-05
3.121054416925273017e+03 2.101781433964467274e-05
3.163509242339557204e+03 2.041237842520755906e-05
3.206542038922465053e+03 1.982437706933085617e-05
3.250160675053349223e+03 1.925330853216872641e-05
3.294373126230046182e+03 1.869868542155984448e-05
3.339187476527160470e+03 1.816003436132180074e-05
3.384611920074207319e+03 1.763689553971225696e-05
3.430654762553892397e+03 1.712882235600741705e-05
3.477324422720719667e+03 1.663538125439863570e-05
3.524629433940403942e+03 1.615615093702893359e-05
3.572578445750118590e+03 1.569072235792956960e-05
3.621180225440035429e+03 1.523869813355333295e-05
3.670443659656405089e+03 1.479969235176301643e-05
3.720377756026393854e+03 1.437333029321524269e-05
3.770991644805171290e+03 1.395924790749897900e-05
3.822294580545292774e+03 1.355709170640588925e-05
3.874295943788864861e+03 1.316651826834711817e-05
3.927005242782746336e+03 1.278719418477433742e-05
3.980432115217093724e+03 1.241879546986035337e-05
4.034586329987583213e+03 1.206100760834805926e-05
4.089477788981568210e+03 1.171352511621296505e-05
4.145116528888678658e+03 1.137605123037280263e-05
4.201512723035940326e+03 1.104829783100344406e-05
4.258676683247950677e+03 1.072998494629838175e-05
4.316618861732295045e+03 1.042084078904374658e-05
4.375349852990791078e+03 1.012060136263750727e-05
4.434880395756586950e+03 9.829010266346688903e-06
4.495221374957708576e+03 9.545818433649761088e-06
4.556383823707331430e+03 9.270783979786706246e-06
4.618378925321139832e+03 9.003672048504101613e-06
4.681218015362153892e+03 8.744254499161697406e-06
4.744912583713410640e+03 8.492309790807961998e-06
4.809474276678770366e+03 8.247622636624290366e-06
4.874914899112507555e+03 8.009984056210111756e-06
4.941246416577715536e+03 7.779191112667813417e-06
5.008480957534191475e+03 7.555046659257855929e-06
5.076630815556006382e+03 7.337359232469049331e-06
5.145708451579449502e+03 7.125942812015216641e-06
5.215726496181391667e+03 6.920616820758940561e-06
5.286697751888747007e+03 6.721205896994446663e-06
5.358635195519374065e+03 6.527539718769046677e-06
5.431551980554829242e+03 6.339452752063404396e-06
5.505461439545459143e+03 6.156784305334484203e-06
5.580377086548107400e+03 5.979378346872974066e-06
5.656312619597248158e+03 5.807083338055566389e-06
5.733281923209527122e+03 5.639752097857487839e-06
5.811299070922537794e+03 5.477241583764317230e-06
5.890378327868017550e+03 5.319412951705079036e-06
5.970534153380313910e+03 5.166131382835272836e-06
6.051781203640121021e+03 5.017265943756463983e-06
6.134134334354330349e+03 4.872689407360033219e-06
6.217608603472344839e+03 4.732278197443026175e-06
6.302219273939354935e+03 4.595912344319805128e-06
6.387981816487113065e+03 4.463475361395992564e-06
6.474911912462730470e+03 4.334854120073793727e-06
6.563025456695836510e+03 4.209938636096822740e-06
6.652338560405046337e+03 4.088622157896072690e-06
6.742867554143726011e+03 3.970801025414836047e-06
6.834628990786037321e+03 3.856374591136021513e-06
6.927639648553437837e+03 3.745245089703132772e-06
7.021916534082692124e+03 3.637317485580406984e-06
7.117476885535358633e+03 3.532499543160088582e-06
7.214338175749733637e+03 3.430701699232435533e-06
7.312518115435715117e+03 3.331837003166887186e-06
7.412034656413117773e+03 3.235820925546316763e-06
7.512905994894128526e+03 3.142571378250116472e-06
7.615150574810291801e+03 3.052008665911315282e-06
7.718787091185105055e+03 2.964055407044929852e-06
7.823834493552186359e+03 2.878636467106052862e-06
7.930311989420200007e+03 2.795678791412751544e-06
8.038239047784752074e+03 2.715111461968171811e-06
8.147635402688402792e+03 2.636865618699421905e-06
8.258521056828823930e+03 2.560874413836731917e-06
8.370916285216264441e+03 2.487077023943782381e-06
8.484841638880745450e+03 2.415412661773692459e-06
8.600317948629746752e+03 2.345812975703396282e-06
8.717366328857015105e+03 2.278218496351397360e-06
8.836008181403318304e+03 2.212571506039011349e-06
8.956265199469517029e+03 2.148815884228559233e-06
9.078159371583309621e+03 2.086897127347422991e-06
9.201712985619604297e+03 2.026762322341222277e-06
9.326948632875848489e+03 1.968360088617049665e-06
9.453889212202591807e+03 1.911640548081555469e-06
9.582557934190703236e+03 1.856555204011866789e-06
9.712978325415164363e+03 1.803056967427921054e-06
9.845174232736857448e+03 1.751100119061583701e-06
9.979169827662879470e+03 1.700640276499111897e-06
1.011498961076619707e+04 1.651634316117975556e-06
1.025265841616552098e+04 1.604040341698668273e-06
1.039220141606597826e+04 1.557817669670476735e-06
1.053364412536197779e+04 1.512926797097861168e-06
1.067701240630236498e+04 1.469329379749837200e-06
1.082233247321925774e+04 1.426988146648106458e-06
1.096963089732129447e+04 1.385866898622673962e-06
1.111893461155188743e+04 1.345930485780742079e-06
1.127027091551407466e+04 1.307144779621150928e-06
1.142366748046196699e+04 1.269476643407207233e-06
1.157915235436039438e+04 1.232893873744409603e-06
1.173675396701333011e+04 1.197365192221305685e-06
1.189650113526219684e+04 1.162860229455927298e-06
1.205842306825496416e+04 1.129349505063800046e-06
1.222254937278670150e+04 1.096804372416602572e-06
1.238891005871341076e+04 1.065197011055734602e-06
1.255753554443895155e+04 1.034500397226986688e-06
1.272845666247709960e+04 1.004688291469950687e-06
1.290170466508887694e+04 9.757352222138613202e-07
1.307731122999726176e+04 9.476164356348313380e-07
1.325530846617911811e+04 9.203078927831494476e-07
1.343572891973624064e+04 8.937862456866893943e-07
1.361860557984628758e+04 8.680288277187155600e-07
1.380397188479474062e+04 8.430136215589057789e-07
1.399186172808898482e+04 8.187192430066601360e-07
1.418230946465540910e+04 7.951249206836915328e-07
1.437534991712140254e+04 7.722104821490275117e-07
1.457101838218230296e+04 7.499563450318293306e-07
1.476935063705533139e+04 7.283434816904283578e-07
1.497038294602135647e+04 7.073534176938573074e-07
1.517415206705544915e+04 6.869682051511637399e-07
1.538069525854830135e+04 6.671704160245431881e-07
1.559005028611852140e+04 6.479431288662054669e-07
1.580225542951801435e+04 6.292699041767437396e-07
1.601734948963124771e+04 6.111347790345898793e-07
1.623537179556989031e+04 5.935222464158168695e-07
1.645636221186401599e+04 5.764172522304416728e-07
1.668036114575091779e+04 5.598051685986255301e-07
1.690740955456382653e+04 5.436717950534353351e-07
1.713754895322054290e+04 5.280033386663225990e-07
1.737082142181436575e+04 5.127864015084502627e-07
1.760726961330805352e+04 4.980079766087869982e-07
1.784693676133314148e+04 4.836554253083006221e-07
1.808986668809476032e+04 4.697164784251141720e-07
1.833610381238442278e+04 4.561792180630198549e-07
1.858569315770186222e+04 4.430320702400896976e-07
1.883868036048736394e+04 4.302637927261705378e-07
1.909511167846630269e+04 4.178634678859549459e-07
1.935503399910688313e+04 4.058204953846998249e-07
1.961849484819378631e+04 3.941245774912243348e-07
1.988554239851775856e+04 3.827657150852896529e-07
2.015622547868392940e+04 3.717341923113239094e-07
2.043059358203997908e+04 3.610205779007121926e-07
2.070869687572548719e+04 3.506157131974177694e-07
2.099058620984529261e+04 3.405107008300156529e-07
2.127631312676690504e+04 3.306969007441991714e-07
2.156592987054492187e+04 3.211659188780593661e-07
2.185948939647364023e+04 3.119096068416985904e-07
2.215704538076970857e+04 3.029200511107746397e-07
2.245865223038674958e+04 2.941895661171960376e-07
2.276436509296305303e+04 2.857106829643015563e-07
2.307423986690566380e+04 2.774761513643030285e-07
2.338833321161083586e+04 2.694789314360106745e-07
2.370670255782418462e+04 2.617121855142748005e-07
2.402940611814122531e+04 2.541692729249415142e-07
2.435650289765197522e+04 2.468437404549714324e-07
2.468805270472936536e+04 2.397293242286210477e-07
2.502411616196510295e+04 2.328199421903524877e-07
2.536475471725423267e+04 2.261096870852886281e-07
2.571003065503069229e+04 2.195928190826763233e-07
2.606000710765585245e+04 2.132637638381165328e-07
2.641474806696160886e+04 2.071171095541130848e-07
2.677431839595167912e+04 2.011476017410155019e-07
2.713878384066112267e+04 1.953501368077223890e-07
2.750821104217786342e+04 1.897197536913311770e-07
2.788266754882784153e+04 1.842516373460631270e-07
2.826222182852553306e+04 1.789411122971817709e-07
2.864694328129370479e+04 1.737836385156938547e-07
2.903690225195252060e+04 1.687748060676513157e-07
2.943217004298187021e+04 1.639103288233220750e-07
2.983281892755879380e+04 1.591860467664408212e-07
3.023892216277237094e+04 1.545979206454241173e-07
3.065055400301854024e+04 1.501420286137720820e-07
3.106778971357679984e+04 1.458145581085502604e-07
3.149070558437291402e+04 1.416118072687779528e-07
3.191937894392769158e+04 1.375301819767314356e-07
3.235388817349646706e+04 1.335661926921156518e-07
3.279431272140033252e+04 1.297164507844339959e-07
3.324073311755368923e+04 1.259776615402236437e-07
3.369323098818832659e+04 1.223466270868658498e-07
3.415188907077856129e+04 1.188202422083232855e-07
3.461679122916951746e+04 1.153954926561683596e-07
3.508802246891128016e+04 1.120694495680074666e-07
3.556566895280181052e+04 1.088393177542053603e-07
3.604981801664160594e+04 1.057026810636810863e-07
3.654055818520222965e+04 1.026564328780152634e-07
3.703797918841346109e+04 9.969797044776260065e-08
3.754217197776957619e+04 9.682476302278831867e-08
3.805322874295973452e+04 9.403435315701615529e-08
3.857124292872391379e+04 9.132435503238860269e-08
3.909630925193980511e+04 8.869245208642990143e-08
3.962852371894080716e+04 8.613639523521993907e-08
4.016798364307064912e+04 8.365399769004998018e-08
4.071478766247665772e+04 8.124313645405089830e-08
4.126903575814534997e+04 7.890175022028229375e-08
4.183082927218388795e+04 7.662783809099474871e-08
4.240027092634921428e+04 7.441945567370500123e-08
4.297746484083143150e+04 7.227471393773857701e-08
4.356251655329117057e+04 7.019177878773276570e-08
4.415553303815696563e+04 6.816886930659896190e-08
4.475662272618443967e+04 6.620425691530256267e-08
4.536589552428353636e+04 6.429626124188513672e-08
4.598346283561386372e+04 6.244325021445021901e-08
4.660943757995446504e+04 6.064363929981346360e-08
4.724393421435076743e+04 5.889589002612434710e-08
4.788706875404270249e+04 5.719850855285676043e-08
4.853895879367744055e+04 5.555004302177220264e-08
4.919972352881156257e+04 5.394908344946631946e-08
4.986948377770450315e+04 5.239426084624298581e-08
5.054836200341096992e+04 5.088424634384348248e-08
5.123648233617228107e+04 4.941774856148248248e-08
5.193397059611242730e+04 4.799351331477282852e-08
5.264095431624501362e+04 4.661032248417472169e-08
5.335756276579142286e+04 4.526699331202277620e-08
5.408392697381729522e+04 4.396237769168794970e-08
5.482017975319078687e+04 4.269535978778066800e-08
5.556645572486676974e+04 4.146485594386481195e-08
5.632289134250188363e+04 4.026981377943411894e-08
5.708962491740443511e+04 3.910921163967733038e-08
5.786679664382438932e+04 3.798205715432966492e-08
5.865454862458640855e+04 3.688738643412153986e-08
5.945302489707411587e+04 3.582426316452070968e-08
6.026237145956620952e+04 3.479177813869468373e-08
6.108273629793082364e+04 3.378904876392514605e-08
6.191426941268570226e+04 3.281521745578579456e-08
6.275712284642421582e+04 3.186945147776258168e-08
6.361145071161600208e+04 3.095094187481902406e-08
6.447740921878578229e+04 3.005890318214571042e-08
6.535515670507597679e+04 2.919257276327713627e-08
6.624485366319782042e+04 2.835120968598787399e-08
6.714666277077740233e+04 2.753409444201121017e-08
6.806074892009922769e+04 2.674052813823889657e-08
6.898727924825799710e+04 2.596983232444208671e-08
6.992642316771805054e+04 2.522134776733122269e-08
7.087835239728898159e+04 2.449443446880221024e-08
7.184324099352535268e+04 2.378847075250072052e-08
7.282126538255126798e+04 2.310285280252579720e-08
7.381260439231939381e+04 2.243699444945073889e-08
7.481743928530896665e+04 2.179032612871025946e-08
7.583595379166892963e+04 2.116229490311034886e-08
7.686833414281232399e+04 2.055236362607428248e-08
7.791476910546784347e+04 1.996001070270262058e-08
7.897545001619563845e+04 1.938472950638584360e-08
8.005057081637094961e+04 1.882602805036561959e-08
8.114032808764760557e+04 1.828342861385143050e-08
8.224492108790123893e+04 1.775646709210545307e-08
8.336455178766169411e+04 1.724469288857398507e-08
8.449942490704474039e+04 1.674766818332674102e-08
8.564974795318282850e+04 1.626496797103905360e-08
8.681573125816743413e+04 1.579617948941696582e-08
8.799758801750738348e+04 1.534090178088149030e-08
8.919553432911082928e+04 1.489874550961285437e-08
9.040978923279800802e+04 1.446933242613759923e-08
9.164057475035196694e+04 1.405229534654887647e-08
9.288811592611315427e+04 1.364727763349667116e-08
9.415264086813006725e+04 1.325393294759890485e-08
9.543438078986655455e+04 1.287192473801751729e-08
9.673357005247754569e+04 1.250092630374171038e-08
9.805044620766314620e+04 1.214062042118806670e-08
9.938525004110245209e+04 1.179069894620807039e-08
1.007382256164808059e+05 1.145086263181586144e-08
1.021096203201158351e+05 1.112082070537603693e-08
1.034996849061911053e+05 1.080029091956837271e-08
1.049086735426053929e+05 1.048899921657145373e-08
1.063368438574466127e+05 1.018667938765273873e-08
1.077844569860981428e+05 9.893072790676646832e-09
1.092517776189850556e+05 9.607928260959971261e-09
1.107390740499740059e+05 9.331001954275990171e-09
1.122466182254288142e+05 9.062057085254170862e-09
1.137746857939329348e+05 8.800863674784641540e-09
1.153235561566939577e+05 8.547198195961926616e-09
1.168935125186287769e+05 8.300843691187271510e-09
1.184848419401473802e+05 8.061589498107287838e-09
1.200978353896402696e+05 7.829231030928720857e-09
1.217327877966812812e+05 7.603569570840051940e-09
1.233899981059541897e+05 7.384412006179774495e-09
1.250697693319133832e+05 7.171570897515344817e-09
1.267724086141898442e+05 6.964864252295525862e-09
1.284982272737478197e+05 6.764115344587462540e-09
1.302475408698126703e+05 6.569152377861589285e-09
1.320206692575653724e+05 6.379808567667584511e-09
1.338179366466303472e+05 6.195921975499025710e-09
1.356396716603540990e+05 6.017335379513354675e-09
1.374862073958927649e+05 5.843896083145180121e-09
1.393578814851182688e+05 5.675455628889609637e-09
1.412550361563524057e+05 5.511869941251444086e-09
1.431780182969423477e+05 5.352999116561211082e-09
1.451271795166874363e+05 5.198707338747803515e-09
1.471028762121303880e+05 5.048862627674829840e-09
1.491054696317205380e+05 4.903336745003112704e-09
1.511353259418703674e+05 4.762005217346323102e-09
1.531928162939057220e+05 4.624747182973455426e-09
1.552783168919276795e+05 4.491445311478730752e-09
1.573922090616035275e+05 4.361985519608498361e-09
1.595348793198883650e+05 4.236273784959014545e-09
1.617067194456987490e+05 4.114186104089284233e-09
1.639081265515480773e+05 3.995616788121294439e-09
1.661395031561568030e+05 3.880464498031018815e-09
1.684012572580516280e+05 3.768630700438328237e-09
1.706938024101664487e+05 3.660019751663094459e-09
1.730175577954594628e+05 3.554538782564071255e-09
1.753729483035564772e+05 3.452097651637579981e-09
1.777604046084444562e+05 3.352608748940041334e-09
1.801803632472165336e+05 3.255986959117389338e-09
1.826332666998887726e+05 3.162149655069549447e-09
1.851195634703106771e+05 3.071016602541314076e-09
1.876397081681689306e+05 2.982509925904835345e-09
1.901941615921120392e+05 2.896553909528469969e-09
1.927833908140056883e+05 2.813075024866219702e-09
1.954078692643347313e+05 2.732001885815023639e-09
1.980680768187682552e+05 2.653265184001298768e-09
2.007644998859037587e+05 2.576797613724879019e-09
2.034976314962018514e+05 2.502533759060528213e-09
2.062679713921398506e+05 2.430410098705023229e-09
2.090760261195853236e+05 2.360364957666811841e-09
2.119223091204132652e+05 2.292338470418721281e-09
2.148073408263923775e+05 2.226272454486723142e-09
2.177316487543403637e+05 2.162110400578464169e-09
2.206957676025792316e+05 2.099797431672105960e-09
2.237002393487027730e+05 2.039280263286555595e-09
2.267456133486752224e+05 1.980507173763935064e-09
2.298324464372785005e+05 1.923427890134692461e-09
2.329613030299278034e+05 1.867993586924320328e-09
2.361327552258731157e+05 1.814156854256535876e-09
2.393473829128019861e+05 1.761871666081020536e-09
2.426057738728752593e+05 1.711093316643655972e-09
2.459085238901980338e+05 1.661778377806873961e-09
2.492562368597534369e+05 1.613884665179393774e-09
2.526495248978279706e+05 1.567371219163347128e-09
2.560890084539314557e+05 1.522198279766197571e-09
2.595753164242444036e+05 1.478327211040921582e-09
2.631090862666087924e+05 1.435720493591286512e-09
2.666909641170854447e+05 1.394341683281030101e-09
2.703216049080974772e+05 1.354155395515190487e-09
2.740016724881823757e+05 1.315127273814505577e-09
2.777318397433706559e+05 1.277223938024384195e-09
2.815127887202267302e+05 1.240412970481049011e-09
2.853452107505552704e+05 1.204662885674618092e-09
2.892298065778046148e+05 1.169943119887322736e-09
2.931672864852026687e+05 1.136223975565688200e-09
2.971583704256241326e+05 1.103476619727740363e-09
3.012037881532325991e+05 1.071673042705502414e-09
3.053042793569131754e+05 1.040786042472943109e-09
3.094605937955214758e+05 1.010789212661158708e-09
3.136734914349747123e+05 9.816568953554709651e-10
3.179437425872078747e+05 9.533641796015149554e-10
3.222721280510238139e+05 9.258868646439140370e-10
3.266594392548541073e+05 8.992014530322240996e-10
3.311064784014765755e+05 8.732851220921525261e-10
3.356140586146908463e+05 8.481157080690178744e-10
3.401830040879906737e+05 8.236716874996296613e-10
3.448141502352730604e+05 7.999321518973236204e-10
3.495083438435848220e+05 7.768768027694595477e-10
3.542664432279552566e+05 7.544859169627321389e-10
3.590893183883365709e+05 7.327403480963987126e-10
3.639778511686790735e+05 7.116214993948012993e-10
3.689329354181736126e+05 6.911113074459007211e-10
3.739554771546892007e+05 6.711922333059346891e-10
3.790463947304299218e+05 6.518472375759187672e-10
3.842066189998598420e+05 6.330597787510769432e-10
3.894370934899025597e+05 6.148137887795723456e-10
3.947387745724560809e+05 5.970936648914521310e-10
4.001126316392718581e+05 5.798842461249127515e-10
4.055596472791972337e+05 5.631708152829386189e-10
4.110808174578396720e+05 5.469390815886063756e-10
4.166771516996762366e+05 5.311751618564676785e-10
4.223496732726391056e+05 5.158655748354837374e-10
4.280994193752187421e+05 5.009972221546647196e-10
4.339274413261091686e+05 4.865573891087821440e-10
4.398348047564411536e+05 4.725337286684001943e-10
4.458225898046203074e+05 4.589142474503143313e-10
4.518918913138374337e+05 4.456872943230279261e-10
4.580438190322513692e+05 4.328415547571856040e-10
4.642794978158957674e+05 4.203660440598680069e-10
4.706000678343663458e+05 4.082500941183204075e-10
4.770066847792885965e+05 3.964833439799117397e-10
4.835005200756338309e+05 3.850557245123424879e-10
4.900827610959089943e+05 3.739574621177447809e-10
4.967546113772642566e+05 3.631790668843830441e-10
5.035172908415537095e+05 3.527113214718070155e-10
5.103720360183964949e+05 3.425452731855108402e-10
5.173201002712625777e+05 3.326722230724751326e-10
5.243627540266577853e+05 3.230837273044687660e-10
5.315012850064106751e+05 3.137715874932079502e-10
5.387369984631203115e+05 3.047278414856349249e-10
5.460712174188302597e+05 2.959447495409153577e-10
5.535052829069285654e+05 2.874147986738009932e-10
5.610405542173535796e+05 2.791306939190947017e-10
5.686784091451335698e+05 2.710853524410090654e-10
5.764202442423128523e+05 2.632718944990651347e-10
5.842674750733042601e+05 2.556836326785402040e-10
5.922215364737206837e+05 2.483140765673561969e-10
6.002838828127313172e+05 2.411569239916741482e-10
6.084559882589770714e+05 2.342060559639096021e-10
6.167393470501323463e+05 2.274555263742228402e-10
6.251354737661121180e+05 2.208995586564010563e-10
6.336459036060003564e+05 2.145325454422824587e-10
6.422721926687696250e+05 2.083490423261721653e-10
6.510159182377981488e+05 2.023437631237963451e-10
6.598786790692717768e+05 1.965115681125007531e-10
6.688620956845112378e+05 1.908474679058666695e-10
6.779678106662771897e+05 1.853466180035605321e-10
6.871974889591113897e+05 1.800043151014050940e-10
6.965528181737661362e+05 1.748159915763033401e-10
7.060355088957685512e+05 1.697772383550864349e-10
7.156472949982091086e+05 1.648843871567197418e-10
7.253899339587665163e+05 1.601325375495605538e-10
7.352652071810462512e+05 1.555176291715319697e-10
7.452749203203219222e+05 1.510357147571804762e-10
7.554209036136786453e+05 1.466829600177771522e-10
7.657050122146693757e+05 1.424556429130178133e-10
7.761291265325221466e+05 1.383501492781908126e-10
7.866951525759643409e+05 1.343629707595440545e-10
7.974050223017312819e+05 1.304906961826451703e-10
8.082606939678150229e+05 1.267300133765306107e-10
8.192641524915279588e+05 1.230777066004364580e-10
8.304174098124249140e+05 1.195306538566124568e-10
8.417225052601969801e+05 1.160858229324889135e-10
8.531815059275464155e+05 1.127402666940417069e-10
8.647965070481350413e+05 1.094911237619158136e-10
8.765696323797105579e+05 1.063356158483207382e-10
8.885030345924143912e+05 1.032710462913658328e-10
9.005988956623914419e+05 1.002947939210405813e-10
9.128594272707561031e+05 9.740431284685800071e-11
9.252868712079898687e+05 9.459713108441930662e-11
9.378834997838441050e+05 9.187084831201597806e-11
9.506516162428223761e+05 8.922313471374120834e-11
9.635935551853250945e+05 8.665172539614184883e-11
9.767116829945041100e+05 8.415442071517503949e-11
9.900083982689758996e+05 8.172908503699176923e-11
1.003486132261364255e+06 7.937364510605469748e-11
1.017147349322873284e+06 7.708608693397915965e-11
1.030994547353866976e+06 7.486445398050995711e-11
1.045030258260606672e+06 7.270684594531969276e-11
1.059257048418198945e+06 7.061141773291977528e-11
1.073677519139847253e+06 6.857637831222821472e-11
1.088294307152492693e+06 6.659998714930199730e-11
1.103110085078929085e+06 6.468055389307069803e-11
1.118127561926485971e+06 6.281643682922605591e-11
1.133349483582340647e+06 6.100604200109147206e-11
1.148778633315623505e+06 5.924782176826754719e-11
1.164417832286311081e+06 5.754027237178526161e-11
1.180269940061051166e+06 5.588193330428626238e-11
1.196337855136052240e+06 5.427138622585486378e-11
1.212624515467043268e+06 5.270725433108991902e-11
1.229132899006471271e+06 5.118819986752601791e-11
1.245866024248008616e+06 4.971292390972779911e-11
1.262826950778473401e+06 4.828016454139770284e-11
1.280018779837263748e+06 4.688869638338381827e-11
1.297444654883404030e+06 4.553732993365329245e-11
1.315107762170324568e+06 4.422490936365334833e-11
1.333011331328429049e+06 4.295031237142675539e-11
1.351158635955655482e+06 4.171244872369661671e-11
1.369552994216023944e+06 4.051025994883165975e-11
1.388197769446332706e+06 3.934271794751106870e-11
1.407096370771165006e+06 3.820882427850528488e-11
1.426252253726211609e+06 3.710760924475640801e-11
1.445668920890109381e+06 3.603813094081995702e-11
1.465349922524870606e+06 3.499947498712963448e-11
1.485298857225037878e+06 3.399075292000120984e-11
1.505519372575670714e+06 3.301110221681437882e-11
1.526015165819302667e+06 3.205968503417120211e-11
1.546789984531936236e+06 3.113568763794009970e-11
1.567847627308315830e+06 3.023831994670511820e-11
1.589191944456464378e+06 2.936681439561056029e-11
1.610826838701678440e+06 2.852042580584953925e-11
1.632756265900165541e+06 2.769843025917081139e-11
1.654984235762330238e+06 2.690012486927032737e-11
1.677514812585941749e+06 2.612482668314403052e-11
1.700352115999273956e+06 2.537187273623421755e-11
1.723500321714363527e+06 2.464061920917822848e-11
1.746963662290523760e+06 2.393044063485440935e-11
1.770746427908249665e+06 2.324072973222954796e-11
1.794852967153669102e+06 2.257089645165855999e-11
1.819287687813636381e+06 2.192036802366294200e-11
1.844055057681720704e+06 2.128858817264272430e-11
1.869159605375106446e+06 2.067501659235968058e-11
1.894605921162605984e+06 2.007912843563705819e-11
1.920398657804021845e+06 1.950041401233538621e-11
1.946542531400852138e+06 1.893837848383760721e-11
1.973042322258622386e+06 1.839254121373158004e-11
1.999902875760941766e+06 1.786243543367980302e-11
2.027129103255466558e+06 1.734760756538232219e-11
2.054725982951918151e+06 1.684761733020215072e-11
2.082698560832338640e+06 1.636203722469467143e-11
2.111051951573696919e+06 1.589045197565646105e-11
2.139791339483134914e+06 1.543245825308954630e-11
2.168921979445874691e+06 1.498766420205854919e-11
2.198449197886027396e+06 1.455568944657216741e-11
2.228378393740562256e+06 1.413616465761811703e-11
2.258715039446443785e+06 1.372873110454451901e-11
2.289464681941256858e+06 1.333304012648505777e-11
2.320632943677441217e+06 1.294875328252686819e-11
2.352225523650337011e+06 1.257554195612784149e-11
2.384248198440218344e+06 1.221308703833008980e-11
2.416706823268527631e+06 1.186120836433599600e-11
2.449607333068480715e+06 1.152137876398788145e-11
2.482955743570212740e+06 1.119353788071633822e-11
2.516758152400789317e+06 1.087765555415194683e-11
2.551020740199100692e+06 1.057372886281184605e-11
2.585749771745942533e+06 1.028177822587269213e-11
2.620951597109562252e+06 1.000184236877562006e-11
2.656632652806708589e+06 9.733972766407433548e-12
2.692799462979531381e+06 9.478227213194500216e-12
2.729458640588492621e+06 9.234662775815332845e-12
2.766616888621527236e+06 9.003328302883183257e-12
2.804281001319651026e+06 8.784256968605390048e-12
2.842457865419279318e+06 8.577459038171765912e-12
2.881154461411389988e+06 8.382915036085324810e-12
2.920377864817948081e+06 8.200569507817490682e-12
2.960135247485605534e+06 8.030325483947598132e-12
3.000433878897005226e+06 7.872040372142491915e-12
3.041281127500056289e+06 7.725522887616730647e-12
3.082684462055169046e+06 7.590531318808493669e-12
3.124651453000910114e+06 7.466772900696404648e-12
3.167189773838220630e+06 7.353904611528678959e-12
