1.503883730093094329e+01 4.624756223339105939e-04
1.523236971725349420e+01 6.261559434728772820e-04
1.542851699646269026e+01 8.585978049891352520e-04
1.562731446859798190e+01 1.189724000558383711e-03
1.582879794105157778e+01 1.661807643175913091e-03
1.603300370501783334e+01 2.333737311693766942e-03
1.623996854203025109e+01 3.285687959805563829e-03
1.644972973058632704e+01 4.624245346855612726e-03
1.666232505286240340e+01 6.487344291641272687e-03
1.687779280151874772e+01 9.048274380768620007e-03
1.709617178659702574e+01 1.251862194194267031e-02
1.731750134251069539e+01 1.714808270538512036e-02
1.754182133512983555e+01 2.321786695311361948e-02
1.776917216896185536e+01 3.102872465989947592e-02
1.799959479442921406e+01 4.088782396959311782e-02
1.823313071524537676e+01 5.309289297704655741e-02
1.846982199589028895e+01 6.793772993171343089e-02
1.870971126918734484e+01 8.571476363540608823e-02
1.895284174398207711e+01 1.065124288567473876e-01
1.919925721292524656e+01 1.303903092474847369e-01
1.944900206036046342e+01 1.572674007026158005e-01
1.970212127031902583e+01 1.868613685384774570e-01
1.995866043462206818e+01 2.188106762078354528e-01
2.021866576109295011e+01 2.529189019048767584e-01
2.048218408187982575e+01 2.890385518532530007e-01
2.074926286189137770e+01 3.269241381929832713e-01
2.101995020734603159e+01 3.661646626997439036e-01
2.129429487443675484e+01 4.062506243655636951e-01
2.157234627811329375e+01 4.467754617160113462e-01
2.185415450098246026e+01 4.875161058036843187e-01
2.213977030232934595e+01 5.283745358515448132e-01
2.242924512725975106e+01 5.693273847979538616e-01
2.272263111596680218e+01 6.103762507510692714e-01
2.301998111312211392e+01 6.515382289298239371e-01
2.332134867739450357e+01 6.928478013310499506e-01
2.362678809109660705e+01 7.343348391218613713e-01
2.393635436996256161e+01 7.759885226652052381e-01
2.425010327305729518e+01 8.178005156464891456e-01
2.456809131281970693e+01 8.597358339549305839e-01
2.489037576524182427e+01 9.017183209704535685e-01
2.521701468018543935e+01 9.436550825903182727e-01
2.554806689183794433e+01 9.853919145006599933e-01
2.588359202930939773e+01 1.026712833247485968e+00
2.622365052737324831e+01 1.067390911244116225e+00
2.656830363735148737e+01 1.107221279053186791e+00
2.691761343814758689e+01 1.145983988041901824e+00
2.727164284742777056e+01 1.183409854499807068e+00
2.763045563295415974e+01 1.219164681499748326e+00
2.799411642407016387e+01 1.252917340801603885e+00
2.836269072334199137e+01 1.284416871003138283e+00
2.873624491835650119e+01 1.313480120743429680e+00
2.911484629367930665e+01 1.339936056479547943e+00
2.949856304297395582e+01 1.363628924246318874e+00
2.988746428128474975e+01 1.384495647981404787e+00
3.028162005748614760e+01 1.402555903434782536e+00
3.068110136689954004e+01 1.417858912270942184e+00
3.108598016408133446e+01 1.430410229535784339e+00
3.149632937578300940e+01 1.440188865286435416e+00
3.191222291408705658e+01 1.447199798937884196e+00
3.233373568971964573e+01 1.451526819745913244e+00
3.277311970435293631e+01 1.453210705898888122e+00
3.318329615928382026e+01 1.452276186708825634e+00
3.359901460665889772e+01 1.448896678798570647e+00
3.402034992566708382e+01 1.443050970036194869e+00
3.444737800720794496e+01 1.434773849673245394e+00
3.488017576756108440e+01 1.424111548041510744e+00
3.531882116224063139e+01 1.411189592816761262e+00
3.576339320003629751e+01 1.396198411230315628e+00
3.621397195724429707e+01 1.379362771232036877e+00
3.667063859209122967e+01 1.360869683201922697e+00
3.713347535935157850e+01 1.340814745886383719e+00
3.760256562516416778e+01 1.319188330732400161e+00
3.807799388204739444e+01 1.296211775438885994e+00
3.855984576411863429e+01 1.272100079537537454e+00
3.904820806251805010e+01 1.247041565693214338e+00
3.954316874104200252e+01 1.221169883901543685e+00
4.004481695198656155e+01 1.194589988452227303e+00
4.055324305220600678e+01 1.167399110879713930e+00
4.106853861938774486e+01 1.139695229613273852e+00
4.159079646854709722e+01 1.111556783435891482e+00
4.212011066874558196e+01 1.083052784766608490e+00
4.265657656003409670e+01 1.054254319269540829e+00
4.320029077062606149e+01 1.025238142490566773e+00
4.375135123430163731e+01 9.961083765388396571e-01
4.430985720804802952e+01 9.669134928971336862e-01
4.487590928993712680e+01 9.377010584487832645e-01
4.544960943724575486e+01 9.085268350549737804e-01
4.603106098481967479e+01 8.794573396877298777e-01
4.662036866368679000e+01 8.505672717598464772e-01
4.721763861992097588e+01 8.219207960228516185e-01
4.782297843376105106e+01 7.935688316141851217e-01
4.843649713898822995e+01 7.655610707774131996e-01
4.905830524256541025e+01 7.379560858170695070e-01
4.968851474454164219e+01 7.108107952271862651e-01
5.032723915822521832e+01 6.841661510448151517e-01
5.097459353063027265e+01 6.580550977675807545e-01
5.163069446319840949e+01 6.325323615733315918e-01
5.229566013280162906e+01 6.075859424834901823e-01
5.296961031302759437e+01 5.832395031801782537e-01
5.365266639575393981e+01 5.595017234296397746e-01
5.434495141301311349e+01 5.363730088246287941e-01
5.504659005915259939e+01 5.138647065691728244e-01
5.575770871329511635e+01 4.920030751218567033e-01
5.647843546210221888e+01 4.708314558761603763e-01
5.720890012284507264e+01 4.503861624091722859e-01
5.794923426678688116e+01 4.306842414499660876e-01
5.869957124288202266e+01 4.117182325175505753e-01
5.946004620179422062e+01 3.934649308488680219e-01
6.023079612024064744e+01 3.759039829051680215e-01
6.101195982566333953e+01 3.590262681966209790e-01
6.180367802123566179e+01 3.428335055002742493e-01
6.260609331120470245e+01 3.273533291809096468e-01
6.341935022657833798e+01 3.125904463251627519e-01
6.424359525115704628e+01 2.985215079299581298e-01
6.507897684791936399e+01 2.851284907593969464e-01
6.592564548576278582e+01 2.723843085129251662e-01
6.678375366660590373e+01 2.602596452746099853e-01
6.765345595285727143e+01 2.487256388438203736e-01
6.853490899525550617e+01 2.377569524896565589e-01
6.942827156108494080e+01 2.273291436143396460e-01
7.033370456277229721e+01 2.174186571475291707e-01
7.125137108687125931e+01 2.079994660022630448e-01
7.218143642343650868e+01 1.990463750564754886e-01
7.312406809579675837e+01 1.905397180714987204e-01
7.407943589072817758e+01 1.824636526586267404e-01
7.504771188903714574e+01 1.748050900096260740e-01
7.602907049655493665e+01 1.675485080892618051e-01
7.702368847555186449e+01 1.606734386949373317e-01
7.803174497657533948e+01 1.541566847728641498e-01
7.905342157071922315e+01 1.479731467172127335e-01
8.008890228232802144e+01 1.421092902099523325e-01
8.113837362214272275e+01 1.365363907470870108e-01
8.220202462089632434e+01 1.312323917070681301e-01
8.328004686336075224e+01 1.261781836049480354e-01
8.437263452285638721e+01 1.213548261002913575e-01
8.547998439622526234e+01 1.167441470008367954e-01
8.660229593927932967e+01 1.123307508084266937e-01
8.773977130272527347e+01 1.081029293862142415e-01
8.889261536857708279e+01 1.040518912261203521e-01
9.006103578705803159e+01 1.001719870323602990e-01
9.124524301400397519e+01 9.645798834407937061e-02
9.244545034876989575e+01 9.290311995880562446e-02
9.366187397264940273e+01 8.949874111281042044e-02
9.489473298781312849e+01 8.623520530878681090e-02
9.614424945677417611e+01 8.310236740958176771e-02
9.741064844238550791e+01 8.009158316362852137e-02
9.869415804837765904e+01 7.719575792191052388e-02
9.999500946044621230e+01 7.440968126500835389e-02
1.013134369878912651e+02 7.172892226478239097e-02
1.026496781058228720e+02 6.914897143452608530e-02
1.040039734979334725e+02 6.666551666060738235e-02
1.053765670998511297e+02 6.427406553035980297e-02
1.067677061430767651e+02 6.196997751092186979e-02
1.081776411995149232e+02 5.974937311169731258e-02
1.096066262266072755e+02 5.761078208039466242e-02
1.110549186130756851e+02 5.554989774012181192e-02
1.125227792252829744e+02 5.356516269522570983e-02
1.140104724542191406e+02 5.165502272383215576e-02
1.155182662631251844e+02 4.981827416820283627e-02
1.170464322357568250e+02 4.805359625605098994e-02
1.185952456253038747e+02 4.635950436284136389e-02
1.201649854039671652e+02 4.473402791043790128e-02
1.217559343132084990e+02 4.317456683855921962e-02
1.233683789146773790e+02 4.167823049020613624e-02
1.250026096418259414e+02 4.024231282195828152e-02
1.266589208522224368e+02 3.886387232318458396e-02
1.283376108805711908e+02 3.754001930332595549e-02
1.300389820924483786e+02 3.626802564699280196e-02
1.317633409387633492e+02 3.504567215214002274e-02
1.335109980109572518e+02 3.387103140622063635e-02
1.352822680969472060e+02 3.274227360435810752e-02
1.370774702378254233e+02 3.165755900945779744e-02
1.388969277853237827e+02 3.061525878872550788e-02
1.407409684600583262e+02 2.961386111032476842e-02
1.426099244105556920e+02 2.865194676851479105e-02
1.445041322730819218e+02 2.772801911821293208e-02
1.464239332322754876e+02 2.684052261274627593e-02
1.483696730826029864e+02 2.598771367277155631e-02
1.503417022906430702e+02 2.516776736376191703e-02
1.523403760582116888e+02 2.437893136876248534e-02
1.543660543863419434e+02 2.361946874041803701e-02
1.564191021401275350e+02 2.288766910646991559e-02
1.584998891144421123e+02 2.218174766123795494e-02
1.606087901005456331e+02 2.150014694275748095e-02
1.627461849535937120e+02 2.084157690999381696e-02
1.649124586610549841e+02 2.020539432448981154e-02
1.671080014120573480e+02 1.959037264122784339e-02
1.693332086676660992e+02 1.899555598831104142e-02
1.715884812321171466e+02 1.842019392047507254e-02
1.738742253250082399e+02 1.786358431304599370e-02
1.761908526544669371e+02 1.732508495996135101e-02
1.785387804913081311e+02 1.680403181095235787e-02
1.809184317441932990e+02 1.629974622349990299e-02
1.833302350358043498e+02 1.581151050493936894e-02
1.857746247800464232e+02 1.533858815499336559e-02
1.882520412602949023e+02 1.488026592383540070e-02
1.907629307087001678e+02 1.443584948220502651e-02
1.933077453865624307e+02 1.400464441544239935e-02
1.958869436657913639e+02 1.358609649811667874e-02
1.985009901114712818e+02 1.317973324817267589e-02
2.011503555655347952e+02 1.278510400361169974e-02
2.038355172315747268e+02 1.240179562149325287e-02
2.065569587607942879e+02 1.202942167462398015e-02
2.093151703391253591e+02 1.166762660509355898e-02
2.121106487755195076e+02 1.131610940858862602e-02
2.149438975914322327e+02 1.097458042194839056e-02
2.178154271115181757e+02 1.064276090497807969e-02
2.207257545555518163e+02 1.032040944570247754e-02
2.236754041315878965e+02 1.000730369489874483e-02
2.266649071303805556e+02 9.703189256411406949e-03
2.296948020210824382e+02 9.407815832180622950e-03
2.327656345482305369e+02 9.120945028859378523e-03
2.358779578300485866e+02 8.842347679063701504e-03
2.390323324580717781e+02 8.571802700271788367e-03
2.422293265981229524e+02 8.309095533721770621e-03
2.454695160926501103e+02 8.053996309283849298e-03
2.487534845644454720e+02 7.806312617376735818e-03
2.520818235217685697e+02 7.565817709960849513e-03
2.554551324648902835e+02 7.332311491609871945e-03
2.588740189940730261e+02 7.105631395412960460e-03
2.623390989190106666e+02 6.885637099319635857e-03
2.658509963697517833e+02 6.672202064937036992e-03
2.694103439091132941e+02 6.465203228837701488e-03
2.730177826466224360e+02 6.264535117506325745e-03
2.766739623539884860e+02 6.070105833768449366e-03
2.803795415821446682e+02 5.881814245547026254e-03
2.841351877798614396e+02 5.699573060218683651e-03
2.879415774139718565e+02 5.523285549462297883e-03
2.917993960912123157e+02 5.352857156175588882e-03
2.957093386817179521e+02 5.188185153035318464e-03
2.996721094441809896e+02 5.029200939506817125e-03
3.036884221527005252e+02 4.875706111476377225e-03
3.077590002253485864e+02 4.727558124298234660e-03
3.118845768544735506e+02 4.584641620097400921e-03
3.160658951387615048e+02 4.446842260267733909e-03
3.203037082170808958e+02 4.314028374241763580e-03
3.245987794041431584e+02 4.186063991369746995e-03
3.289518823279845492e+02 4.062797042046591839e-03
3.333638010693183560e+02 3.944085088057491806e-03
3.378353303027575976e+02 3.829780848614832561e-03
3.423672754399565861e+02 3.719727451758601811e-03
3.469604527746795952e+02 3.613762800670685532e-03
3.516156896298302854e+02 3.511726701979911436e-03
3.563338245064706484e+02 3.413452464179803081e-03
3.611157072348527777e+02 3.318774332413593209e-03
3.659621991274892707e+02 3.227526330466551352e-03
3.708741731342904018e+02 3.139543153189747193e-03
3.758525139998047848e+02 3.054657541385553260e-03
3.808981184225741004e+02 2.972693253440954197e-03
3.860118952166521922e+02 2.893473123831317301e-03
3.911947654752938774e+02 2.816816909688785869e-03
3.964476627368693471e+02 2.742547680278005495e-03
4.017715331530062599e+02 2.670495737512924156e-03
4.071673356590173398e+02 2.600499861133698243e-03
4.126360421466166599e+02 2.532407390132954128e-03
4.181786376389828774e+02 2.466074851627310729e-03
4.237961204681789127e+02 2.401375703202583700e-03
4.294895024549704203e+02 2.338189147641903110e-03
4.352598090910751694e+02 2.276410068327440472e-03
4.411080797238781770e+02 2.215944575028966357e-03
4.470353677436352768e+02 2.156710920513968052e-03
4.530427407732087772e+02 2.098637397655794129e-03
4.591312808603724420e+02 2.041665870042364342e-03
4.653020846727040976e+02 1.985753159659197145e-03
4.715562636951229933e+02 1.930871342391912368e-03
4.778949444300845926e+02 1.877002972245987722e-03
4.843192686004916823e+02 1.824123439894654100e-03
4.908303933553393108e+02 1.772222874903795625e-03
4.974294914781377770e+02 1.721332236419431672e-03
5.041177515981566444e+02 1.671466287588987271e-03
5.108963784045228635e+02 1.622621711460750862e-03
5.177665928632069381e+02 1.574842588430774501e-03
5.247296324369411877e+02 1.528152044727832184e-03
5.317867513081137076e+02 1.482571110878370957e-03
5.389392206046740057e+02 1.438117878217523918e-03
5.461883286290853903e+02 1.394806732114496801e-03
5.535353810903727663e+02 1.352649875285326028e-03
5.609817013393104617e+02 1.311656941845595892e-03
5.685286306067836222e+02 1.271834260273886977e-03
5.761775282453669433e+02 1.233185157970626521e-03
5.839297719741737183e+02 1.195707614653956918e-03
5.917867581270124901e+02 1.159395449715204009e-03
5.997499019038934875e+02 1.124237316755329584e-03
6.078206376259307717e+02 1.090217329917432011e-03
6.160004189936950070e+02 1.057315605139550960e-03
6.242907193490560758e+02 1.025508637116637721e-03
6.326930319405599903e+02 9.947692864435662974e-04
6.412088701923870531e+02 9.650669047606402068e-04
6.498397679769593651e+02 9.363693652155620495e-04
6.585872798912164399e+02 9.086435929366197192e-04
6.674529815366279308e+02 8.818555227970408666e-04
6.764384698029922447e+02 8.559706487776888584e-04
6.855453631560714030e+02 8.309533412806397595e-04
6.947753019291075134e+02 8.067674287223769447e-04
7.041299486182740566e+02 7.833776707860265823e-04
7.136109881821298586e+02 7.607494816198262857e-04
7.232201283451159952e+02 7.388488817160858424e-04
7.329590999051474682e+02 7.176436050824260178e-04
7.428296570453627510e+02 6.971077836167871057e-04
7.528335776500883867e+02 6.772047742938797077e-04
7.629726636250757110e+02 6.579065294723901794e-04
7.732487412220575607e+02 6.391866679793787621e-04
7.836636613676859042e+02 6.210203475369049757e-04
7.942192999969323637e+02 6.033843675414280600e-04
8.049175583909755005e+02 5.862570870241419832e-04
8.157603635196563800e+02 5.696184783335828464e-04
8.267496683885678976e+02 5.534499556276517920e-04
8.378874523908326637e+02 5.377347167070611021e-04
8.491757216636299290e+02 5.224663487304738278e-04
8.606165094495337371e+02 5.076191182984790377e-04
8.722118764627479095e+02 4.931785919269349172e-04
8.839639112602828845e+02 4.791384856644076082e-04
8.958747306181437580e+02 4.654806408838198586e-04
9.079464799125991021e+02 4.521952861400824024e-04
9.201813335066148056e+02 4.392731986775397050e-04
9.325814951414972711e+02 4.267055885636469176e-04
9.451491983338264617e+02 4.144839812558428517e-04
9.578867067777597413e+02 4.026000595495748263e-04
9.707963147527736965e+02 3.910456735107818889e-04
9.838803475369038551e+02 3.798129212895301129e-04
9.971411618255729081e+02 3.688938138241499090e-04
1.010581146156080536e+03 3.582806476232921165e-04
1.024202721337824414e+03 3.479658358319457495e-04
1.038008340888349039e+03 3.379418824919306827e-04
1.052000491475251920e+03 3.282015015928785306e-04
1.066181693364091416e+03 3.187376350340888256e-04
1.080554500872351355e+03 3.095431930767245446e-04
1.095121502829500741e+03 3.006111190017809760e-04
1.109885323043301014e+03 2.919345440031047029e-04
1.124848620772424511e+03 2.835066265862921757e-04
1.140014091205412342e+03 2.753206070107510305e-04
1.155384465946147202e+03 2.673698308811236091e-04
1.170962513505868174e+03 2.596477707209913707e-04
1.186751039801828483e+03 2.521480910456736033e-04
1.202752888662716032e+03 2.448646837845578576e-04
1.218970942340856709e+03 2.377914856172278543e-04
1.235408122031377843e+03 2.309224905773388931e-04
1.252067388398389767e+03 2.242517899665439664e-04
1.268951742108230292e+03 2.177736654372897877e-04
1.286064224369960584e+03 2.114825629529158701e-04
1.303407917483161100e+03 2.053730872439198931e-04
1.320985945393085785e+03 1.994399991717985075e-04
1.338801474253368269e+03 1.936782115073418849e-04
1.356857712996301871e+03 1.880827838877090902e-04
1.375157913910827347e+03 1.826489173598966950e-04
1.393705373228360031e+03 1.773719495155142356e-04
1.412503431716471141e+03 1.722473546677438967e-04
1.431555475280642668e+03 1.672707371505871695e-04
1.450864935574154742e+03 1.624378281295778010e-04
1.470435290616161637e+03 1.577444806658226005e-04
1.490270065418173999e+03 1.531866672510631385e-04
1.510372832618971415e+03 1.487604774457911873e-04
1.530747213128131307e+03 1.444621137715391057e-04
1.551396876778189835e+03 1.402878878900821026e-04
1.572325542985679704e+03 1.362342160738367171e-04
1.593536981421051223e+03 1.322976197607433468e-04
1.615035012687699236e+03 1.284747201968948005e-04
1.636823509010086809e+03 1.247622365451734727e-04
1.658906394931227851e+03 1.211569820522268416e-04
1.681287648019602102e+03 1.176558609812110604e-04
1.703971299585547968e+03 1.142558678650863919e-04
1.726961435407411955e+03 1.109540840290036126e-04
1.750262196467471995e+03 1.077476750718089427e-04
1.773877779697802453e+03 1.046338869308084457e-04
1.797812438736255217e+03 1.016100461232698334e-04
1.822070484692583705e+03 9.867355602151807546e-05
1.846656286924975802e+03 9.582189525986488810e-05
1.871574273827090565e+03 9.305261504188942333e-05
1.896828933625650279e+03 9.036333634795918430e-05
1.922424815188886214e+03 8.775174951749196983e-05
1.948366528845904895e+03 8.521561152704214270e-05
1.974658747217046994e+03 8.275274431725454212e-05
2.001306206055557823e+03 8.036103196566149378e-05
2.028313705100579682e+03 7.803841981338555285e-05
2.055686108941673865e+03 7.578291252335070611e-05
2.083428347895061052e+03 7.359257258997129640e-05
2.111545418891623285e+03 7.146551847957616135e-05
2.140042386376974719e+03 6.939992215589243585e-05
2.168924383223688437e+03 6.739400885667561850e-05
2.198196611655794641e+03 6.544605501871748367e-05
2.227864344185808477e+03 6.355438700434660072e-05
2.257932924564458972e+03 6.171737937420943444e-05
2.288407768743145425e+03 5.993345322139452015e-05
2.319294365849495080e+03 5.820107540654593722e-05
2.350598279176048891e+03 5.651875719898350348e-05
2.382325147182325509e+03 5.488505296196246643e-05
2.414480684510447645e+03 5.329855837865501685e-05
2.447070683014407678e+03 5.175790972631249620e-05
2.480101012803329013e+03 5.026178274969192558e-05
2.513577623298813251e+03 4.880889154680094163e-05
2.547506544306500473e+03 4.739798739029186408e-05
2.581893887102172812e+03 4.602785719980668588e-05
2.616745845532560452e+03 4.469732306755706363e-05
2.652068697130908276e+03 4.340524119206531158e-05
2.687868804247734261e+03 4.215050082653025291e-05
2.724152615196791430e+03 4.093202341702535186e-05
2.760926665416544438e+03 3.974876109240734531e-05
2.798197578647357659e+03 3.859969647326927616e-05
2.835972068124515317e+03 3.748388559830735439e-05
2.874256937787426068e+03 3.640053418648477729e-05
2.913059083505197577e+03 3.534848626106522796e-05
2.952385494318638393e+03 3.432683758515259892e-05
2.992243253699162779e+03 3.333471010149519965e-05
3.032639540824706728e+03 3.237125106117063797e-05
3.073581631872758862e+03 3.143563267928961395e-05
3.115076901331002773e+03 3.052705049535491444e-05
3.157132823325593108e+03 2.964472348760720179e-05
3.199756972967380534e+03 2.878789325740151194e-05
3.242957027716396169e+03 2.795582333165060442e-05
3.286740768764634595e+03 2.714779849558444816e-05
3.331116082437640216e+03 2.636312399583641704e-05
3.376090961615033848e+03 2.560112525916224220e-05
3.421673507170110952e+03 2.486114716297362505e-05
3.467871929429019474e+03 2.414255378655896865e-05
3.514694549649595047e+03 2.344472716808429296e-05
3.562149801520165965e+03 2.276706729183224304e-05
3.610246232678694469e+03 2.210899153832953648e-05
3.658992506252279782e+03 2.146993406608642082e-05
3.708397402417611829e+03 2.084934559450685903e-05
3.758469819982497484e+03 2.024669237828169747e-05
3.809218777988625334e+03 1.966145618992023092e-05
3.860653417336116945e+03 1.909313376133046415e-05
3.912783002430036504e+03 1.854123659078610374e-05
3.965616922848997092e+03 1.800529000501009268e-05
4.019164695036477951e+03 1.748483307264565466e-05
4.073435964014907313e+03 1.697941823575240135e-05
4.128440505122907780e+03 1.648861080871503071e-05
4.184188225776096260e+03 1.601198889021757598e-05
4.240689167251507570e+03 1.554914249482562769e-05
4.297953506496278351e+03 1.509967352568933492e-05
4.355991557960774117e+03 1.466319538870602002e-05
4.414813775456310395e+03 1.423933279990422912e-05
4.474430754038162377e+03 1.382772122801448014e-05
4.534853231913990385e+03 1.342800659847099735e-05
4.596092092377897643e+03 1.303984510641005204e-05
4.658158365770804267e+03 1.266290285148422311e-05
4.721063231467209334e+03 1.229685575526504981e-05
4.784818019888803065e+03 1.194138892144713056e-05
4.849434214545377472e+03 1.159619655443026566e-05
4.914923454103122822e+03 1.126098169773828857e-05
4.981297534481038383e+03 1.093545606224289836e-05
5.048568410975671213e+03 1.061933969475879362e-05
5.116748200414390340e+03 1.031236063558099448e-05
5.185849183337923932e+03 1.001425478383280107e-05
5.255883806212389572e+03 9.724765670146328148e-06
5.326864683671031344e+03 9.443644360567525280e-06
5.398804600786455921e+03 9.170649008046119065e-06
5.471716515373444054e+03 8.905544729291008815e-06
5.545613560322900412e+03 8.648103427883576581e-06
5.620509045967432940e+03 8.398103668789966086e-06
5.696416462478683570e+03 8.155330427077313803e-06
5.773349482297227951e+03 7.919574831237334632e-06
5.851321962595343393e+03 7.690634021600475381e-06
5.930347947772813313e+03 7.468311010126503578e-06
6.010441671986668553e+03 7.252414576189293810e-06
6.091617561715128431e+03 7.042758992496901758e-06
6.173890238355941619e+03 6.839163862630387415e-06
6.257274520860094526e+03 6.641453977269614912e-06
6.341785428400973615e+03 6.449459260082534743e-06
6.427438183079593728e+03 6.263014555101062436e-06
6.514248212666499057e+03 6.081959448843109309e-06
6.602231153380470460e+03 5.906138129211089730e-06
6.691402852704985889e+03 5.735399298644968964e-06
6.781779372242755926e+03 5.569596076431818836e-06
6.873376990608573578e+03 5.408585827094621756e-06
6.966212206361524295e+03 5.252230015116413260e-06
7.060301740976690780e+03 5.100394056594048713e-06
7.155662541856980170e+03 4.952947325544200969e-06
7.252311785385807525e+03 4.809762969020452372e-06
7.350266880020747521e+03 4.670717794072109591e-06
7.449545469429205696e+03 4.535692133820451135e-06
7.550165435666509438e+03 4.404569782806593063e-06
7.652144902396629732e+03 4.277237929414810823e-06
7.755502238156703243e+03 4.153587023755125180e-06
7.860256059665677640e+03 4.033510674745255137e-06
7.966425235177350260e+03 3.916905515636649791e-06
8.074028887879066133e+03 3.803671222074684276e-06
8.183086399336126306e+03 3.693710360028842519e-06
8.293617412982783208e+03 3.586928320419232756e-06
8.405641837660536112e+03 3.483233209935626278e-06
8.519179851203918588e+03 3.382535771625525009e-06
8.634251904075017592e+03 3.284749362422831426e-06
8.750878723047138919e+03 3.189789844747841519e-06
8.869081314937866409e+03 3.097575514965273354e-06
8.988880970392941890e+03 3.008026985033206859e-06
9.110299267721240540e+03 2.921067203577981834e-06
9.233358076781230920e+03 2.836621336686540084e-06
9.358079562920320313e+03 2.754616723739251026e-06
9.484486190967238144e+03 2.674982803015934588e-06
9.612600729278363360e+03 2.597651017996110965e-06
9.742446253838916164e+03 2.522554825131241110e-06
9.874046152419166901e+03 2.449629603731699394e-06
1.000742412878716823e+04 2.378812608266403709e-06
1.014260420697837253e+04 2.310042875105556933e-06
1.027961073562262209e+04 2.243261224319595832e-06
1.041846839232993807e+04 2.178410183057539330e-06
1.055920218813557403e+04 2.115433947204586947e-06
1.070183747200473954e+04 2.054278329486235474e-06
1.084639993539864736e+04 1.994890679075388387e-06
1.099291561690200979e+04 1.937219889964784397e-06
1.114141090691303361e+04 1.881216331648601859e-06
1.129191255239707607e+04 1.826831814838142089e-06
1.144444766170402181e+04 1.774019531663553004e-06
1.159904370945116352e+04 1.722734026126944842e-06
1.175572854147207909e+04 1.672931159334613333e-06
1.191453037983194190e+04 1.624568073515321497e-06
1.207547782791101599e+04 1.577603156549416015e-06
1.223859987555683983e+04 1.531995973737766131e-06
1.240392590430558084e+04 1.487707275720935563e-06
1.257148569267444327e+04 1.444698946223756565e-06
1.274130942152532771e+04 1.402933974615545982e-06
1.291342767950091729e+04 1.362376421237569648e-06
1.308787146853456943e+04 1.322991373188760254e-06
1.326467220943402390e+04 1.284744932366493897e-06
1.344386174754108288e+04 1.247604183807889180e-06
1.362547235846777585e+04 1.211537169315792315e-06
1.380953675390949684e+04 1.176512842964836044e-06
1.399608808753723497e+04 1.142501058444437228e-06
1.418515996096917297e+04 1.109472543112983350e-06
1.437678642982312704e+04 1.077398873086655376e-06
1.457100200985039373e+04 1.046252449779825361e-06
1.476784168315291572e+04 1.016006460903369347e-06
1.496734090448413190e+04 9.866348733647088648e-07
1.516953560763535643e+04 9.581172698557121222e-07
1.537446221190777942e+04 9.304252396571580070e-07
1.558215762867250669e+04 9.035336073407227616e-07
1.579265926801921523e+04 8.774192328190119836e-07
1.600600504549409561e+04 8.520596498912196039e-07
1.622223338892941683e+04 8.274330436024386499e-07
1.644138324536513028e+04 8.035182331630838927e-07
1.666349408806390056e+04 7.802946415149167366e-07
1.688860592362131865e+04 7.577422880900388040e-07
1.711675929917147732e+04 7.358417717580189121e-07
1.734799530969051557e+04 7.145742521374782030e-07
1.758235560539886137e+04 6.939214391580095375e-07
1.781988239926286406e+04 6.738655608587728495e-07
1.806061847459835917e+04 6.543893623638432014e-07
1.830460719277703902e+04 6.354760893914898112e-07
1.855189250103630184e+04 6.171094725974445667e-07
1.880251894039524632e+04 5.992737135774132160e-07
1.905653165367737165e+04 5.819534653496354700e-07
1.931397639364161660e+04 5.651338272511379544e-07
1.957489953122365114e+04 5.488003294750973587e-07
1.983934806388774450e+04 5.329389252952122352e-07
2.010736962409216721e+04 5.175359666666195272e-07
2.037901248786900396e+04 5.025782013424726558e-07
2.065432558351913758e+04 4.880527617886606141e-07
2.093335850042545280e+04 4.739471514160825624e-07
2.121616149798515107e+04 4.602492401627691909e-07
2.150278551466191857e+04 4.469472408807414264e-07
2.179328217716134168e+04 4.340297092145361667e-07
2.208770380972980638e+04 4.214855321064004038e-07
2.238610344357904978e+04 4.093039215245149632e-07
2.268853482643847747e+04 3.974743967474668548e-07
2.299505243223570869e+04 3.859867797038248681e-07
2.330571147090866361e+04 3.748311879354254343e-07
2.362056789835022573e+04 3.639980236749594270e-07
2.393967842648651640e+04 3.534779714981200762e-07
2.426310053349205555e+04 3.432619793661678930e-07
2.459089247414308193e+04 3.333412576760050303e-07
2.492311329030977504e+04 3.237072714284118792e-07
2.525982282159129682e+04 3.143517344745212468e-07
2.560108171609395868e+04 3.052665994765371670e-07
2.594695144135508963e+04 2.964440494694674252e-07
2.629749429541497739e+04 2.878764942667965270e-07
2.665277341803733725e+04 2.795565626926017076e-07
2.701285280208239419e+04 2.714771004414171469e-07
2.737779730503354222e+04 2.636311560807067254e-07
2.774767266067891615e+04 2.560119790342218314e-07
2.812254549095156472e+04 2.486130142998485271e-07
2.850248331792980389e+04 2.414278975197159178e-07
2.888755457599864894e+04 2.344504493688998678e-07
2.927782862417653814e+04 2.276746666852571303e-07
2.967337575860831203e+04 2.210947197427774804e-07
3.007426722522671116e+04 2.147049474206490377e-07
3.048057523258573201e+04 2.084998549760085306e-07
3.089237296486612468e+04 2.024741043365495334e-07
3.130973459505760911e+04 1.966225110418132250e-07
3.173273529831937049e+04 1.909400406626465543e-07
3.216145126551979047e+04 1.854218053660413293e-07
3.259595971696048218e+04 1.800630594069734087e-07
3.303633891628509446e+04 1.748591927226675458e-07
3.348266818457593763e+04 1.698057279778407426e-07
3.393502791464195616e+04 1.648983173850503091e-07
3.439349958549819712e+04 1.601327405632730240e-07
3.485816577704215160e+04 1.555048984927421627e-07
3.532911018492862058e+04 1.510108097886653330e-07
3.580641763564397115e+04 1.466466076472949351e-07
3.629017410178562568e+04 1.424085382203952265e-07
3.678046671754778072e+04 1.382929567098999332e-07
3.727738379441521101e+04 1.342963228655515528e-07
3.778101483707045554e+04 1.304151980380300029e-07
3.829145055951533141e+04 1.266462430877143010e-07
3.880878290141006437e+04 1.229862165258521915e-07
3.933310504463422694e+04 1.194319705450716877e-07
3.986451143006958591e+04 1.159804478281294388e-07
4.040309777461129124e+04 1.126286783698074301e-07
4.094896108840897796e+04 1.093737792188062156e-07
4.150219969233912707e+04 1.062129510046054841e-07
4.206291323571513203e+04 1.031434750741829487e-07
4.263120271423672966e+04 1.001627106828580586e-07
4.320717048818023613e+04 9.726809322146207230e-08
4.379092030083637655e+04 9.445713319640003667e-08
4.438255729719633382e+04 9.172741306175256715e-08
4.498218804289033869e+04 8.907658497982746126e-08
4.558992054338292655e+04 8.650236793595605140e-08
4.620586426342582854e+04 8.400254782126245859e-08
4.683013014677527826e+04 8.157497454292567203e-08
4.746283063617574226e+04 7.921756029805718980e-08
4.810407969361207506e+04 7.692827732135840867e-08
4.875399282083677099e+04 7.470515576135412140e-08
4.941268708017499011e+04 7.254628365757937837e-08
5.008028111560767866e+04 7.044980429958785331e-08
5.075689517414443981e+04 6.841391468431500517e-08
5.144265112748026149e+04 6.643686295787086482e-08
5.213767249394781538e+04 6.451694867890272189e-08
5.284208446076623659e+04 6.265252048876824347e-08
5.355601390658852324e+04 6.084197494757625584e-08
5.427958942435561767e+04 5.908375498521538354e-08
5.501294134445916279e+04 5.737634762718455169e-08
5.575620175821529847e+04 5.571828445355236210e-08
5.650950454165765404e+04 5.410813943218273090e-08
5.727298537965193100e+04 5.254452790752806991e-08
5.804678179033296328e+04 5.102610462862831075e-08
5.883103314987774502e+04 4.955156354119528602e-08
5.962588071760729508e+04 4.811963637181015456e-08
6.043146766143109562e+04 4.672909164892264160e-08
6.124793908363543596e+04 4.537873362028308406e-08
6.207544204701758281e+04 4.406740031796326629e-08
6.291412560137551918e+04 4.279396396509078879e-08
6.376414081035560230e+04 4.155732930843468154e-08
6.462564077866054140e+04 4.035643289306803609e-08
6.549878067962732894e+04 3.919024181700810049e-08
6.638371778317833378e+04 3.805775288780143321e-08
6.728061148414554191e+04 3.695799204533621087e-08
6.818962333098471572e+04 3.589001348976091529e-08
6.911091705487042782e+04 3.485289894061436659e-08
7.004465859918837668e+04 3.384575600516169878e-08
7.099101614942606830e+04 3.286771852484761705e-08
7.195016016346450488e+04 3.191794531821775213e-08
7.292226340228205663e+04 3.099561960413984665e-08
7.390750096107296122e+04 3.009994824906267441e-08
7.490605030078375421e+04 2.923016073931201103e-08
7.591809128007835534e+04 2.838550897364866524e-08
7.694380618773537572e+04 2.756526654064217233e-08
7.798337977547879564e+04 2.676872815589675706e-08
7.903699929125954804e+04 2.599520863827796068e-08
8.010485451297927648e+04 2.524404266992442395e-08
8.118713778267432644e+04 2.451458420730200100e-08
8.228404404116145452e+04 2.380620593803416758e-08
8.339577086314863118e+04 2.311829877062982564e-08
8.452251849282287003e+04 2.245027094542721194e-08
8.566448987991957983e+04 2.180154790076796648e-08
8.682189071627569501e+04 2.117157173061566513e-08
8.799492947287976858e+04 2.055980069947722298e-08
8.918381743742346589e+04 1.996582942410000984e-08
9.038876875235437183e+04 1.938902820250829766e-08
9.161000045345281251e+04 1.882889163609661469e-08
9.284773250891997304e+04 1.828493824585812696e-08
9.410218785900018702e+04 1.775670055617700212e-08
9.537359245613806706e+04 1.724372440592229249e-08
9.666217530567466747e+04 1.674556878848767881e-08
9.796816850709715800e+04 1.626180548750118796e-08
9.929180729584614164e+04 1.579201867704084546e-08
1.006333300856817659e+05 1.533580464293787992e-08
1.019929785116322892e+05 1.489277112326094871e-08
1.033709974735145952e+05 1.446253726291361030e-08
1.047676351800433331e+05 1.404473325165318617e-08
1.061831431935434812e+05 1.363899998285096490e-08
1.076177764752572984e+05 1.324498875139899009e-08
1.090717934312694269e+05 1.286236079305835539e-08
1.105454559590525459e+05 1.249078720021811510e-08
1.120390294946374052e+05 1.212994858606396900e-08
1.135527830604247138e+05 1.177953487574386746e-08
1.150869893136431347e+05 1.143924480771721396e-08
1.166419245954553480e+05 1.110878585125898128e-08
1.182178689807388873e+05 1.078787396425673487e-08
1.198151063285284472e+05 1.047623329117519772e-08
1.214339243331460020e+05 1.017359607694614804e-08
1.230746145760220388e+05 9.879702113228460086e-09
1.247374725782122987e+05 9.594298763805252197e-09
1.264227978536281444e+05 9.317140713720272933e-09
1.281308939629869274e+05 9.047989796992102704e-09
1.298620685684860655e+05 8.786614655280431467e-09
1.316166334892206360e+05 8.532790595781710208e-09
1.333949047573505086e+05 8.286299449815718269e-09
1.351972026750180521e+05 8.046929336552556880e-09
1.370238518720483698e+05 7.814474605495426120e-09
1.388751813644160284e+05 7.588735412306995998e-09
1.407515246135090420e+05 7.369517708301699703e-09
1.426532195861941727e+05 7.156633070617492141e-09
1.445806088156876503e+05 6.949898549140322058e-09
1.465340394632541575e+05 6.749136487329161601e-09
1.485138633807394071e+05 6.554174299499509043e-09
1.505204371739416383e+05 6.364844406089013254e-09
1.525541222668459814e+05 6.180984065099695637e-09
1.546152849667258270e+05 6.002435320571071477e-09
1.567042965301157965e+05 5.829044689285990072e-09
1.588215332296908018e+05 5.660663123684661992e-09
1.609673764220338489e+05 5.497145898104426003e-09
1.631422126163278008e+05 5.338352480351740937e-09
1.653464335439761344e+05 5.184146438734266418e-09
1.675804362291569996e+05 5.034395219638969280e-09
1.698446230603374424e+05 4.888970099470060489e-09
1.721394018627537880e+05 4.747746078343638011e-09
1.744651859718647029e+05 4.610601826233476783e-09
1.768223943078033917e+05 4.477419472873472781e-09
1.792114514508364082e+05 4.348084537633048425e-09
1.816327877178307972e+05 4.222485854462738548e-09
1.840868392397733696e+05 4.100515483579507828e-09
1.865740480403181282e+05 3.982068633102112978e-09
1.890948621154067223e+05 3.867043499305760336e-09
1.916497355139637075e+05 3.755341209869471513e-09
1.942391284196752531e+05 3.646865753517730033e-09
1.968635072338796163e+05 3.541523929070028465e-09
1.995233446595785499e+05 3.439225216952266815e-09
2.022191197865717986e+05 3.339881692380762009e-09
2.049513181777611899e+05 3.243407962422975467e-09
2.077204319566053746e+05 3.149721120315310684e-09
2.105269598957558919e+05 3.058740675594778362e-09
2.133714075069073879e+05 2.970388440626412086e-09
2.162542871318406251e+05 2.884588471722204792e-09
2.191761180347088957e+05 2.801267023084884219e-09
2.221374264955709805e+05 2.720352503431288687e-09
2.251387459051788319e+05 2.641775390805100153e-09
2.281806168610547611e+05 2.565468158955490405e-09
2.312635872648675868e+05 2.491365212903401689e-09
2.343882124211103655e+05 2.419402872983463354e-09
2.375550551371350011e+05 2.349519310834075573e-09
2.407646858245146577e+05 2.281654478039348658e-09
2.440176826017899439e+05 2.215750046910912966e-09
2.473146313986028836e+05 2.151749369988607680e-09
2.506561260612281621e+05 2.089597458041193046e-09
2.540427684595400351e+05 2.029240911271410966e-09
2.574751685954240093e+05 1.970627867526033556e-09
2.609539447126442683e+05 1.913707942757770042e-09
2.644797234082045616e+05 1.858432225083844731e-09
2.680531397452154779e+05 1.804753220594620304e-09
2.716748373672700836e+05 1.752624809674614253e-09
2.753454686143916915e+05 1.702002198496231549e-09
2.790656946405220660e+05 1.652841871326945880e-09
2.828361855326122604e+05 1.605101590719662042e-09
2.866576204313220805e+05 1.558740339897520595e-09
2.905306876533403993e+05 1.513718286997135495e-09
2.944560848153679399e+05 1.469996731591040552e-09
2.984345189597753342e+05 1.427538104615285690e-09
3.024667066819488537e+05 1.386305924533214005e-09
3.065533742593665374e+05 1.346264767080429024e-09
3.106952577824210166e+05 1.307380231404587710e-09
3.148931032869894407e+05 1.269618890617345802e-09
3.191476668888279819e+05 1.232948301771595303e-09
3.234597149197486578e+05 1.197336957975905198e-09
3.278300240656563547e+05 1.162754265757454060e-09
3.322593815064496011e+05 1.129170504090627636e-09
3.367485850577991805e+05 1.096556813231628020e-09
3.412984433148546959e+05 1.064885171172594508e-09
3.459097757978928275e+05 1.034128367988973800e-09
3.505834130999214831e+05 1.004259982443317323e-09
3.553201970362891443e+05 9.752543390100195060e-10
3.601209807963196654e+05 9.470865178207667142e-10
3.649866290969719994e+05 9.197323170867694364e-10
3.699180183386135031e+05 8.931682372904627273e-10
3.749160367628614767e+05 8.673714553523163262e-10
3.799815846125785611e+05 8.423198009366453327e-10
3.851155742940286873e+05 8.179917498104962558e-10
3.903189305412117974e+05 7.943664013773900418e-10
3.955925905824301299e+05 7.714234628587493454e-10
4.009375043091070838e+05 7.491432129169738373e-10
4.063546344468725147e+05 7.275065100157797806e-10
4.118449567289722036e+05 7.064947642232357734e-10
4.174094600720251328e+05 6.860899247338209639e-10
4.230491467541279853e+05 6.662744635385521337e-10
4.287650325954089640e+05 6.470313506175777026e-10
4.345581471409788937e+05 6.283440526943131351e-10
4.404295338463792577e+05 6.101965151049598185e-10
4.463802502655350254e+05 5.925731499960689514e-10
4.524113682412303169e+05 5.754588134925615518e-10
4.585239740981744253e+05 5.588388004443495712e-10
4.647191688386774622e+05 5.426988315424652537e-10
4.709980683409426128e+05 5.270250413968713979e-10
4.773618035600829171e+05 5.118039675209240236e-10
4.838115207318163011e+05 4.970225290235966316e-10
4.903483815789155196e+05 4.826680262171670513e-10
4.969735635204815771e+05 4.687281269650129527e-10
5.036882598839994171e+05 4.551908566141167587e-10
5.104936801202879869e+05 4.420445870552617631e-10
5.173910500213522464e+05 4.292780210066854848e-10
5.243816119411606342e+05 4.168801901815586795e-10
5.314666250194241293e+05 4.048420441260786478e-10
5.386473654084005393e+05 3.931526230172567481e-10
5.459251265027321642e+05 3.818007487837427814e-10
5.533012191724415170e+05 3.707766725699643319e-10
5.607769719990214799e+05 3.600709280432657818e-10
5.683537315147476038e+05 3.496743229646418938e-10
5.760328624452240765e+05 3.395779321521909450e-10
5.838157479551816359e+05 3.297730836910451837e-10
5.917037898976223078e+05 3.202513577876874241e-10
5.996984090663266834e+05 3.110045786410326162e-10
6.078010454517543549e+05 3.020248071295452182e-10
6.160131585004203953e+05 2.933043338382738783e-10
6.243362273777825758e+05 2.848356689060313223e-10
6.327717512346396688e+05 2.766115403788775416e-10
6.413212494771941565e+05 2.686248869323149988e-10
6.499862620407004142e+05 2.608688525935323683e-10
6.587683496668467997e+05 2.533367763400758452e-10
6.676690941848849179e+05 2.460221901216639781e-10
6.766900987965324894e+05 2.389188134424394131e-10
6.858329883647504030e+05 2.320205468280290759e-10
6.950994097064209636e+05 2.253214698274562109e-10
7.044910318889553891e+05 2.188158285480357152e-10
7.140095465309359133e+05 2.124980365952694837e-10
7.236566681068196194e+05 2.063626695499381135e-10
7.334341342557191383e+05 2.004044605357062726e-10
7.433437060944262194e+05 1.946182936413390422e-10
7.533871685345924925e+05 1.889991999924637871e-10
7.635663306042387849e+05 1.835423549412667283e-10
7.738830257736059139e+05 1.782430729401212031e-10
7.843391122853821144e+05 1.730968060830898595e-10
7.949364734894180438e+05 1.680991346904774333e-10
8.056770181819653371e+05 1.632457672895537956e-10
8.165626809494699119e+05 1.585325368824291021e-10
8.275954225170391146e+05 1.539553970624903962e-10
8.387772301016201964e+05 1.495104189167460279e-10
8.501101177699023392e+05 1.451937853047175944e-10
8.615961268011360662e+05 1.410017898076507197e-10
8.732373260547718965e+05 1.369308330184776851e-10
8.850358123431155691e+05 1.329774213338599891e-10
8.969937108090189286e+05 1.291381598925985109e-10
9.091131753086368553e+05 1.254097519776004874e-10
9.213963887993904063e+05 1.217889965133257368e-10
9.338455637331784237e+05 1.182727848679549560e-10
9.464629424548402894e+05 1.148580993592970395e-10
9.592507976060973015e+05 1.115420078329740938e-10
9.722114325348786078e+05 1.083216628894478063e-10
9.853471817101755878e+05 1.051942994846213209e-10
9.986604111425778829e+05 1.021572336584959690e-10
1.012153518810395617e+06 9.920785798562671921e-11
1.025828935091598076e+06 9.634363995362181314e-11
1.039689123201588052e+06 9.356212040051227744e-11
1.053736579636848532e+06 9.086091131403941621e-11
1.067973834624625510e+06 8.823769451609871266e-11
1.082403452578689437e+06 8.569021774365327730e-11
1.097028032561189495e+06 8.321629360421989167e-11
1.111850208750857739e+06 8.081379799243808134e-11
1.126872650917428546e+06 7.848066888883187753e-11
1.142098064902536571e+06 7.621490364077175942e-11
1.157529193107103230e+06 7.401455691119881243e-11
1.173168814985275036e+06 7.187773941259009797e-11
1.189019747545068618e+06 6.980261669216836605e-11
1.205084845855785068e+06 6.778740791124359368e-11
1.221367003562238999e+06 6.583038303953122175e-11
1.237869153405971825e+06 6.392986170525606087e-11
1.254594267753520748e+06 6.208421216258976374e-11
1.271545359131744364e+06 6.029185028702758938e-11
1.288725480770508526e+06 5.855123774766294289e-11
1.306137727152581327e+06 5.686088029659580818e-11
1.323785234571028035e+06 5.521932648342979512e-11
1.341671181694138562e+06 5.362516708670469223e-11
1.359798790137935663e+06 5.207703394627531369e-11
1.378171325046468293e+06 5.057359823220377206e-11
1.396792095679947408e+06 4.911356918246590789e-11
1.415664456010774011e+06 4.769569318615064034e-11
1.434791805327675771e+06 4.631875330486284841e-11
1.454177588848008774e+06 4.498156777936996335e-11
1.473825298338244436e+06 4.368298882297089402e-11
1.493738472742990823e+06 4.242190140548331527e-11
1.513920698822361417e+06 4.119722295971311514e-11
1.534375611798045458e+06 4.000790236960148425e-11
1.555106896008101990e+06 3.885291890572949416e-11
1.576118285570547450e+06 3.773128115944384331e-11
1.597413565055961953e+06 3.664202598806562113e-11
1.618996570169185055e+06 3.558421852364203395e-11
1.640871188440165017e+06 3.455695091836328258e-11
1.663041359924199292e+06 3.355934151102826548e-11
1.685511077911645407e+06 3.259053371808915579e-11
1.708284389647113858e+06 3.164969590272829772e-11
1.731365397058559116e+06 3.073602056066946067e-11
1.754758257496037520e+06 2.984872356346443292e-11
1.778467184480561642e+06 2.898704340234953624e-11
1.802496448463055538e+06 2.815024014131188848e-11
1.826850377593509853e+06 2.733759559788288700e-11
1.851533358500586124e+06 2.654841230420199924e-11
1.876549837081761798e+06 2.578201299627956701e-11
1.901904319304078119e+06 2.503773975721752946e-11
1.927601372015775880e+06 2.431495364064132015e-11
1.953645623768911464e+06 2.361303430221701859e-11
1.980041765652960399e+06 2.293137935496875924e-11
2.006794552139890613e+06 2.226940384766465689e-11
2.033908801940447418e+06 2.162653934674246711e-11
2.061389398872133810e+06 2.100223412783684320e-11
2.089241292738905642e+06 2.039595235776679933e-11
2.117469500222681556e+06 1.980717374517988856e-11
2.146079105786976404e+06 1.923539299694094332e-11
2.175075262592740823e+06 1.868011919734991175e-11
2.204463193426457699e+06 1.814087578053529932e-11
2.234248191640987992e+06 1.761719997022792687e-11
2.264435622108949348e+06 1.710864242768992055e-11
2.295030922188984230e+06 1.661476649382095102e-11
2.326039602705258876e+06 1.613514830739716864e-11
2.357467248939967714e+06 1.566937622594476977e-11
2.389319521639391780e+06 1.521705054242777419e-11
2.421602158033542335e+06 1.477804028544637355e-11
2.454320972869491670e+06 1.435409568466702629e-11
2.487481859458754305e+06 1.394513951624367669e-11
2.521090790738828015e+06 1.355113185332013505e-11
2.555153820348933805e+06 1.317206644911719836e-11
2.589677083720533177e+06 1.280796588035379731e-11
2.624666799182333518e+06 1.245887523428117407e-11
2.660129269080369733e+06 1.212485510715042113e-11
2.696070880913221277e+06 1.180597365092511722e-11
2.732498108482457697e+06 1.150229795613183414e-11
2.769417513058733661e+06 1.121388478912288132e-11
2.806835744563639630e+06 1.094077127437858053e-11
2.844759542767418083e+06 1.068296599711076655e-11
2.883195738502962049e+06 1.044044054662750932e-11
2.922151254896230530e+06 1.021312202747057318e-11
2.961633108613121789e+06 1.000088613820416416e-11
3.001648411123465281e+06 9.803552083567850100e-12
3.042204369981820229e+06 9.620878852753929666e-12
3.083308290125744883e+06 9.452563084515256517e-12
3.124967575191595126e+06 9.298238483173956171e-12
3.167189728847994003e+06 9.157476647222352905e-12
