1.270086649423889646e+01 6.184129208556743071e-04
1.286492725387314451e+01 9.132990439410780016e-04
1.303123868714173739e+01 1.356041961929687484e-03
1.319983166999471713e+01 2.017974471092299354e-03
1.337073750195488664e+01 3.000798032452716563e-03
1.354398791192877383e+01 4.445866150152903706e-03
1.371961506409713216e+01 6.543188844220108880e-03
1.389765156388612510e+01 9.541079552186276791e-03
1.407813046402070256e+01 1.375211900753763039e-02
1.426108527066090126e+01 1.955309128753757175e-02
1.444654994962223249e+01 2.737667538091279051e-02
1.463455893268147001e+01 3.770419018565390745e-02
1.482514712396909395e+01 5.116203407477160070e-02
1.501834990644905865e+01 6.818282025626221099e-02
1.521420314848796451e+01 8.920791687179230323e-02
1.541274321051382223e+01 1.145810496806722867e-01
1.561400695176664044e+01 1.445345492285012856e-01
1.581803173714115296e+01 1.791744989923478304e-01
1.602485544412391505e+01 2.184487031809514423e-01
1.623451646982507768e+01 2.620692803882862520e-01
1.644705373810709403e+01 3.093937200670739962e-01
1.666250670681075263e+01 3.594233375888498117e-01
1.688091537508081785e+01 4.115143999752386428e-01
1.710232029079166693e+01 4.652955258328388410e-01
1.732676255807538013e+01 5.204584212203586802e-01
1.755428384495241190e+01 5.769562991023184928e-01
1.778492639106766049e+01 6.348754701684287127e-01
1.801873301553205664e+01 6.943044890491005816e-01
1.825574712487220808e+01 7.553569885575956988e-01
1.849601272108861849e+01 8.181782574219713666e-01
1.873957440982500700e+01 8.829227596582005511e-01
1.898647740864926448e+01 9.497047647060554709e-01
1.923676755544808969e+01 1.018573119723782838e+00
1.949049131693695713e+01 1.089480652943710659e+00
1.974769579728675595e+01 1.162337501957837915e+00
2.000842874686870942e+01 1.237072197477226965e+00
2.027273857111918076e+01 1.313641649964814917e+00
2.054067433952641153e+01 1.392005744546939816e+00
2.081228579474016982e+01 1.472053520950391992e+00
2.108762336180673458e+01 1.553566888622587072e+00
2.136673815753005101e+01 1.636232380704495171e+00
2.164968199996210174e+01 1.719697269567511455e+00
2.193650741802247595e+01 1.803564398480785869e+00
2.222726766125096276e+01 1.887458663912344292e+00
2.252201670969288116e+01 1.970940447951225138e+00
2.282080928392106145e+01 2.053614329414681805e+00
2.312370085519433260e+01 2.135087258140849542e+00
2.343074765575624951e+01 2.214917458964688279e+00
2.374200668927426250e+01 2.292564847855171450e+00
2.405753574142299911e+01 2.367546516164091841e+00
2.437739339061179322e+01 2.439507889422147358e+00
2.470163901886024505e+01 2.508113773356388521e+00
2.503033282282233785e+01 2.572891124818344366e+00
2.536353582496204240e+01 2.633423141983287863e+00
2.570130988488224588e+01 2.689561905398745623e+00
2.604371771080926479e+01 2.741337905444950707e+00
2.639082287123441972e+01 2.788721592446819386e+00
2.674268980671573459e+01 2.831626255827403682e+00
2.709938384184153293e+01 2.869909707601339122e+00
2.746097119735774328e+01 2.903373216879264973e+00
2.782751900246235266e+01 2.931737377735927907e+00
2.819909530726739888e+01 2.954624031050755661e+00
2.857576909543322685e+01 2.971655069544457461e+00
2.895761029697485256e+01 2.982570054621195510e+00
2.935182947982217883e+01 2.987245544482330928e+00
2.976200637273668903e+01 2.985196702507924016e+00
3.017772526401308042e+01 2.976359003862842911e+00
3.059906103292024682e+01 2.960956230647358467e+00
3.102608957043877069e+01 2.939395012189809364e+00
3.145888779293041537e+01 2.912155459599732765e+00
3.189753365599251467e+01 2.879820151205922940e+00
3.234210616849917130e+01 2.843038917909803232e+00
3.279268540683209210e+01 2.802499582575588732e+00
3.324935252930453800e+01 2.758767593965311349e+00
3.371218979077882238e+01 2.712161777420661224e+00
3.418128055748280048e+01 2.662770126404849336e+00
3.465670932202507259e+01 2.610600417430893216e+00
3.513856171861446853e+01 2.555671019068901373e+00
3.562692453848380580e+01 2.498136362743050398e+00
3.612188574552339304e+01 2.438342369092655559e+00
3.662353449212449163e+01 2.376788648097377887e+00
3.713196113523785868e+01 2.313939563555148737e+00
3.764725725264867862e+01 2.250079306002563229e+00
3.816951565947140068e+01 2.185338407801889815e+00
3.869883042486797819e+01 2.119898737698298063e+00
3.923529688899110113e+01 2.054094132722413590e+00
3.977901168015739586e+01 1.988310770481321654e+00
4.033007273225157263e+01 1.922887104215105225e+00
4.088857930236682847e+01 1.858018826925311728e+00
4.145463198868247900e+01 1.793789693469111768e+00
4.202833274858420509e+01 1.730332706883718430e+00
4.260978491702811510e+01 1.667816375468833101e+00
4.319909322515395189e+01 1.606401025766774460e+00
4.379636381914892240e+01 1.546161115588498447e+00
4.440170427936671160e+01 1.487084139735397770e+00
4.501522363970497764e+01 1.429134292124914829e+00
4.563703240724461097e+01 1.372311062654573810e+00
4.626724258215424612e+01 1.316688038122942217e+00
4.690596767786338717e+01 1.262398251995453080e+00
4.755332274150902094e+01 1.209591581242567493e+00
4.820942437465726016e+01 1.158412325801219112e+00
4.887439075430627611e+01 1.108976279849936297e+00
4.954834165417164371e+01 1.061332723700847858e+00
5.023139846626061455e+01 1.015465093870734137e+00
5.092368422273700901e+01 9.713318143292415385e-01
5.162532361808144543e+01 9.289149367805302759e-01
5.233644303155160316e+01 8.882170441576695552e-01
5.305717054994580906e+01 8.492501839969053279e-01
5.378763599067384149e+01 8.119905279026733425e-01
5.452797092513939958e+01 7.763841834734401814e-01
5.527830870243924721e+01 7.423662004290672023e-01
5.603878447338140489e+01 7.098775357954050236e-01
5.680953521482933866e+01 6.788725369940693533e-01
5.759069975437330413e+01 6.493036972314434330e-01
5.838241879533691048e+01 6.211144208845662540e-01
5.918483494211952234e+01 5.942462851727490225e-01
5.999809272588334608e+01 5.686543486383088819e-01
6.082233863058526424e+01 5.443019767880130644e-01
6.165772111936233557e+01 5.211558569931598051e-01
6.250439066127275822e+01 4.991788522820410634e-01
6.336249975839793080e+01 4.783320667559856076e-01
6.423220297331147322e+01 4.585703049914182650e-01
6.511365695691925737e+01 4.398436198768302940e-01
6.600702047667512318e+01 4.220893027441037226e-01
6.691245444517765861e+01 4.052367468463704547e-01
6.783012194915467319e+01 3.892071577743463351e-01
6.876018827883733309e+01 3.739232549630537861e-01
6.970282095773326603e+01 3.593244376698778719e-01
7.065818977279988644e+01 3.453721239899678608e-01
7.162646680502734853e+01 3.320452937928097814e-01
7.260782646043318778e+01 3.193253148955821352e-01
7.360244550147638165e+01 3.071861541191291955e-01
7.461050307889571798e+01 2.955974285723363959e-01
7.563218076397888012e+01 2.845270485457487286e-01
7.666766258126692435e+01 2.739438423230833308e-01
7.771713504169994735e+01 2.638199042503257541e-01
7.878078717621284000e+01 2.541341992405297123e-01
7.985881056978205095e+01 2.448567186234511528e-01
8.095139939593532574e+01 2.359552938987448112e-01
8.205875045172483340e+01 2.273986959475569058e-01
8.318106319317551822e+01 2.191616019003580496e-01
8.431853977120988475e+01 2.112239633265382555e-01
8.547138506806072655e+01 2.035702952564759638e-01
8.663980673417302114e+01 1.961925407174234248e-01
8.782401522560735430e+01 1.890844172741836804e-01
8.902422384194647975e+01 1.822383269783209858e-01
9.024064876471483387e+01 1.756428817812931698e-01
9.147350909631698812e+01 1.692866920152827914e-01
9.272302689950319632e+01 1.631576683075222078e-01
9.398942723736671212e+01 1.572456079553149477e-01
9.527293821388165895e+01 1.515429453857958242e-01
9.657379101499047636e+01 1.460449157851010371e-01
9.789221995024344380e+01 1.407483680107600721e-01
9.922846249500419447e+01 1.356502618511526981e-01
1.005827593332221568e+02 1.307473575087528816e-01
1.019553544007858932e+02 1.260349109636608178e-01
1.033464949294603059e+02 1.215069263960291135e-01
1.047564314914175156e+02 1.171555436343428847e-01
1.061854180443703086e+02 1.129729936265356782e-01
1.076337119773154427e+02 1.089523802583881595e-01
1.091015741568942587e+02 1.050873729413239199e-01
1.105892689743791095e+02 1.013719433640005718e-01
1.120970643932970887e+02 9.780210798445065912e-02
1.136252319976939305e+02 9.437499459626219611e-02
1.151740470410533561e+02 9.108794197811997950e-02
1.167437884958740568e+02 8.793754078494298021e-02
1.183347391039197731e+02 8.491977645826176424e-02
1.199471854271459961e+02 8.203048621805891782e-02
1.215814178993149852e+02 7.926483101917358720e-02
1.232377308783092644e+02 7.661685808385043650e-02
1.249164226991517666e+02 7.408053450004165041e-02
1.266177957277415089e+02 7.164951259822582852e-02
1.283421564153151166e+02 6.931801932667652766e-02
1.300898153536453208e+02 6.708036778759829399e-02
1.318610873309853844e+02 6.493109086179577050e-02
1.336562913887681816e+02 6.286533761774171225e-02
1.354757508790708869e+02 6.087883364936347297e-02
1.373197935228594702e+02 5.896729944974016258e-02
1.391887514690152443e+02 5.712705795183237178e-02
1.410829613541637002e+02 5.535437291080813615e-02
1.430027643633076195e+02 5.364536435230427003e-02
1.449485062912828539e+02 5.199579793543149253e-02
1.469205376050422842e+02 5.040188346634777439e-02
1.489192135067811193e+02 4.886061345027123415e-02
1.509448939979168358e+02 4.736929870306016976e-02
1.529979439439328246e+02 4.592533181085900473e-02
1.550787331400975404e+02 4.452640369618937610e-02
1.571876363780710903e+02 4.317076987587781245e-02
1.593250335134148656e+02 4.185695113531501255e-02
1.614913095340083942e+02 4.058378264652492962e-02
1.636868546293962936e+02 3.935041682831161292e-02
1.659120642610661776e+02 3.815587717708460169e-02
1.681673392336818722e+02 3.699932982825251959e-02
1.704530857672749278e+02 3.587992972892825594e-02
1.727697155704124441e+02 3.479683855539400517e-02
1.751176459143549664e+02 3.374907872640633966e-02
1.774972997082154791e+02 3.273568970950541113e-02
1.799091055751336512e+02 3.175577727113462756e-02
1.823534979294784080e+02 3.080837387205034861e-02
1.848309170550952842e+02 2.989240483656291358e-02
1.873418091846111793e+02 2.900665632596516330e-02
1.898866265798091320e+02 2.814991147046955189e-02
1.924658276130884076e+02 2.732097330044547245e-02
1.950798768500292795e+02 2.651857015722386413e-02
1.977292451330671668e+02 2.574160202545969223e-02
2.004144096663043797e+02 2.498898577503581853e-02
2.031358541014606089e+02 2.425961805347709443e-02
2.058940686249911778e+02 2.355244879574300287e-02
2.086895500463781161e+02 2.286632652354109174e-02
2.115228018876146052e+02 2.220013631026185319e-02
2.143943344739001589e+02 2.155277650765721753e-02
2.173046650255616044e+02 2.092326867186787565e-02
2.202543177512133639e+02 2.031075615691216307e-02
2.232438239421769026e+02 1.971438454006425867e-02
2.262737220681798931e+02 1.913342116187446984e-02
2.293445578743419730e+02 1.856727244816908096e-02
2.324568844794775941e+02 1.801535415762663128e-02
2.356112624757204799e+02 1.747709083536047592e-02
2.388082600295001612e+02 1.695207270253003273e-02
2.420484529838795709e+02 1.643998098443846811e-02
2.453324249622740183e+02 1.594069616537992229e-02
2.486607674735747366e+02 1.545393589176355387e-02
2.520340800186927197e+02 1.497964297811334167e-02
2.554529701985391625e+02 1.451779569121101898e-02
2.589180538234655273e+02 1.406838147595559918e-02
2.624299550241867678e+02 1.363136298695988291e-02
2.659893063641952722e+02 1.320672686554266728e-02
2.695967489537027859e+02 1.279448326380651368e-02
2.732529325651125873e+02 1.239458522053156486e-02
2.769585157500610535e+02 1.200697602572346756e-02
2.807141659580311739e+02 1.163158300368111187e-02
2.845205596565784276e+02 1.126830313409053763e-02
2.883783824531713549e+02 1.091702127313573523e-02
2.922883292186869539e+02 1.057759234996005770e-02
2.962511042125696576e+02 1.024980309725934124e-02
3.002674212096804354e+02 9.933398192852549435e-03
3.043380036288639303e+02 9.628104485399718859e-03
3.084635846632514813e+02 9.333621933804638060e-03
3.126449074123225387e+02 9.049620738270688913e-03
3.168827250157498838e+02 8.775766479037862278e-03
3.211778007890597451e+02 8.511729060458071705e-03
3.255309083611148253e+02 8.257160384536950393e-03
3.299428318134652613e+02 8.011717821524592942e-03
3.344143658215729147e+02 7.775039522070502362e-03
3.389463157979520247e+02 7.546765171498395763e-03
3.435394980372383884e+02 7.326521724113382872e-03
3.481947398632192403e+02 7.113947709501217131e-03
3.529128797778517992e+02 6.908691939035531415e-03
3.576947676122956636e+02 6.710421489353794733e-03
3.625412646799831577e+02 6.518827715484919183e-03
3.674532439317565604e+02 6.333615820049542933e-03
3.724315901131093938e+02 6.154499515300275447e-03
3.774771999235406952e+02 5.981186890603881756e-03
3.825909821780746825e+02 5.813404270307489380e-03
3.877738579709499049e+02 5.650890805449657051e-03
3.930267608415331324e+02 5.493399786363650783e-03
3.983506369424625291e+02 5.340693906038335159e-03
4.037464452100747394e+02 5.192546595170592638e-03
4.092151575371215131e+02 5.048746716485127961e-03
4.147577589478333948e+02 4.909087753316356689e-03
4.203752477753392327e+02 4.773375287077764179e-03
4.260686358414851611e+02 4.641419892165651179e-03
4.318389486390839238e+02 4.513054908636494889e-03
4.376872255166304058e+02 4.388116605624801242e-03
4.436145198655052013e+02 4.266452050946025615e-03
4.496218993097106136e+02 4.147917769687838735e-03
4.557104458981758057e+02 4.032385341489808095e-03
4.618812562996496922e+02 3.919743096290177059e-03
4.681354420002382426e+02 3.809891067887840460e-03
4.744741295035998405e+02 3.702738648077092548e-03
4.808984605338563938e+02 3.598206305688286810e-03
4.874095922412386130e+02 3.496219123122937256e-03
4.940086974105090576e+02 3.396712719599570551e-03
5.006969646722064340e+02 3.299634276711364833e-03
5.074755987167440594e+02 3.204897601394744722e-03
5.143458205113962549e+02 3.112508535535570692e-03
5.213088675202166087e+02 3.022438833774799757e-03
5.283659939269325605e+02 2.934661896904805500e-03
5.355184708608505844e+02 2.849115501971827974e-03
5.427675866258100541e+02 2.765757416800036089e-03
5.501146469322299026e+02 2.684597823634921054e-03
5.575609751322975853e+02 2.605608359821060677e-03
5.651079124583302473e+02 2.528760383030731820e-03
5.727568182643543651e+02 2.454026154783937180e-03
5.805090702709541119e+02 2.381378570926680899e-03
5.883660648134290341e+02 2.310789957511247966e-03
5.963292170933005991e+02 2.242229420733774306e-03
6.043999614332144574e+02 2.175663781430576052e-03
6.125797515352932123e+02 2.111056275085242823e-03
6.208700607429805132e+02 2.048366304899870358e-03
6.292723823064163753e+02 1.987551858797386231e-03
6.377882296513975007e+02 1.928570004626047052e-03
6.464191366519834219e+02 1.871377459436844928e-03
6.551666579067740486e+02 1.815928932523684647e-03
6.640323690189213721e+02 1.762178853782679633e-03
6.730178668799286470e+02 1.710080450680604922e-03
6.821247699572863894e+02 1.659587024486978979e-03
6.913547185859880528e+02 1.610652158664993214e-03
7.007093752639824515e+02 1.563229435843700721e-03
7.101904249516276195e+02 1.517272399339563219e-03
7.197995753751880557e+02 1.472733834968299738e-03
7.295385573344267414e+02 1.429566992973212505e-03
7.394091250143557090e+02 1.387726036125028900e-03
7.494130563011993900e+02 1.347166051080877711e-03
7.595521531026336106e+02 1.307843446644044172e-03
7.698282416723409369e+02 1.269716732215068686e-03
7.802431729389500106e+02 1.232745018839281198e-03
7.907988228394352745e+02 1.196887458510403901e-03
8.014970926570056236e+02 1.162104945182968960e-03
8.123399093635598547e+02 1.128359781323429352e-03
8.233292259667761073e+02 1.095615878282584985e-03
8.344670218618905437e+02 1.063839110396683565e-03
8.457553031882247296e+02 1.032997019689859894e-03
8.571961031905235586e+02 1.003058462386365556e-03
8.687914825851916021e+02 9.739934065398931501e-04
8.805435299314689246e+02 9.457894097018061663e-04
8.924543620076216257e+02 9.184020328113435064e-04
9.045261241922083855e+02 8.918016855015151526e-04
9.167609908505172598e+02 8.659643200764456997e-04
9.291611657262077415e+02 8.408672231826896937e-04
9.417288823382444889e+02 8.165065283418822262e-04
9.544664043832024163e+02 7.928411703863645979e-04
9.673760261430074934e+02 7.698505918862065880e-04
9.804600728981787370e+02 7.475162298050432030e-04
9.937209013466547276e+02 7.258199174250178423e-04
1.007160900028285937e+03 7.047440494761729284e-04
1.020782489755054826e+03 6.842717067836912199e-04
1.034588124047125802e+03 6.643866236713267051e-04
1.048580289574751532e+03 6.450727748101643851e-04
1.062761506606181456e+03 6.263146008475615860e-04
1.077134329461627431e+03 6.080969128477490236e-04
1.091701346973321961e+03 5.904047306983834127e-04
1.106465182951828638e+03 5.732235052087241226e-04
1.121428496658659014e+03 5.565389309411545443e-04
1.136593983285232753e+03 5.403370962319248814e-04
1.151964374438348841e+03 5.246044911374810743e-04
1.167542438632202675e+03 5.093280981095212392e-04
1.183330981787043811e+03 4.944951781174385108e-04
1.199332847734596271e+03 4.800932118682469177e-04
1.215550918730264129e+03 4.661100186163506971e-04
1.231988115972293599e+03 4.525335919768835001e-04
1.248647400127956189e+03 4.393522579018531438e-04
1.265531771866794315e+03 4.265547649425186112e-04
1.282644272401116268e+03 4.141301209252198912e-04
1.299987984033794191e+03 4.020675930378049372e-04
1.317566030713417149e+03 3.903567462046472411e-04
1.335381578596999589e+03 3.789872424070058268e-04
1.353437836620261351e+03 3.679490062404146625e-04
1.371738057075616780e+03 3.572323580836268483e-04
1.390285536197999818e+03 3.468279228881418486e-04
1.409083614758549402e+03 3.367266047203487482e-04
1.428135678666362992e+03 3.269195697620944432e-04
1.447445159578384846e+03 3.173982380731406143e-04
1.467015535517483386e+03 3.081542805699905713e-04
1.486850331498932974e+03 2.991796136417887528e-04
1.506953120165327846e+03 2.904663918312008070e-04
1.527327522430112140e+03 2.820069960278741208e-04
1.547977208129740575e+03 2.737940266980213450e-04
1.568905896684717391e+03 2.658203002886268089e-04
1.590117357769518094e+03 2.580788468010027092e-04
1.611615411991617293e+03 2.505628993224283396e-04
1.633403931579612390e+03 2.432658862245935978e-04
1.655486841080708245e+03 2.361814250304281916e-04
1.677868118067631940e+03 2.293033216414456111e-04
1.700551793855026062e+03 2.226255643817268495e-04
1.723541954225600193e+03 2.161423172442112663e-04
1.746842740166053773e+03 2.098479118850780662e-04
1.770458348612942928e+03 2.037368430408599291e-04
1.794393033208661336e+03 1.978037696754222224e-04
1.818651105067565368e+03 1.920435064653794321e-04
1.843236933552509527e+03 1.864510201756476322e-04
1.868154947061880421e+03 1.810214208362629328e-04
1.893409633827193375e+03 1.757499613564828108e-04
1.919005542721537040e+03 1.706320348518123968e-04
1.944947284078940584e+03 1.656631692731195312e-04
1.971239530524733937e+03 1.608390230886927105e-04
1.997887017817219203e+03 1.561553779476816672e-04
2.024894545700664366e+03 1.516081405094525051e-04
2.052266978769824163e+03 1.471933370279048230e-04
2.080009247346185020e+03 1.429071107028322693e-04
2.108126348365964077e+03 1.387457161993036533e-04
2.136623346280182432e+03 1.347055152478076820e-04
2.165505373966895604e+03 1.307829773410711062e-04
2.194777633655687623e+03 1.269746750647181765e-04
2.224445397864703409e+03 1.232772822894195744e-04
2.254514010350378612e+03 1.196875676587096917e-04
2.284988887069895554e+03 1.162023935189869647e-04
2.315875517156742717e+03 1.128187146287952568e-04
2.347179463909401875e+03 1.095336934609580188e-04
2.378906365793411624e+03 1.063454985795573996e-04
2.411061937456996930e+03 1.032501121835416877e-04
2.443651970760334734e+03 1.002448312268873270e-04
2.476682335818816682e+03 9.732703219415697951e-05
2.510158982060397648e+03 9.449416859469146439e-05
2.544087939297154662e+03 9.174376806139836887e-05
2.578475318811397301e+03 8.907342915439589101e-05
2.613327314456467775e+03 8.648082037267018542e-05
2.648650203772315763e+03 8.396367866866081588e-05
2.684450349116251346e+03 8.151980743387459306e-05
2.720734198808914243e+03 7.914707409783020009e-05
2.757508288295747207e+03 7.684340671972782547e-05
2.794779241324187296e+03 7.460679431397002331e-05
2.832553771136686919e+03 7.243528478998714553e-05
2.870838681679920228e+03 7.032698334446933243e-05
2.909640868830357704e+03 6.828005021153424770e-05
2.948967321636272118e+03 6.629269811136236003e-05
2.988825123576639726e+03 6.436319235150978141e-05
3.029221453837063109e+03 6.248984891669853801e-05
3.070163588602800246e+03 6.067103359800099776e-05
3.111658902369410043e+03 5.890515895032072576e-05
3.153714869271027055e+03 5.719068333229860917e-05
3.196339064426590085e+03 5.552611037796910398e-05
3.239539165304329799e+03 5.390998742916457229e-05
3.283322953104548105e+03 5.234090475534887779e-05
3.327698314161210874e+03 5.081749276557003198e-05
3.372673241362473163e+03 4.933842164671467566e-05
3.418255835590281094e+03 4.790240046674158541e-05
3.464454307179549687e+03 4.650817645907251528e-05
3.511276977396999428e+03 4.515453331007101287e-05
3.558732279939964428e+03 4.384028944634543214e-05
3.606828762455533706e+03 4.256429771238857658e-05
3.655575088080056958e+03 4.132544448525311657e-05
3.704980036999600088e+03 4.012264920012989923e-05
3.755052508031471461e+03 3.895486246775466468e-05
3.805801520226990306e+03 3.782106497797089605e-05
3.857236214496038428e+03 3.672026704337961111e-05
3.909365855253573045e+03 3.565150825538221336e-05
3.962199832088233961e+03 3.461385631591183090e-05
4.015747661453659930e+03 3.360640590122535389e-05
4.070018988382579664e+03 3.262827766887626798e-05
4.125023588224054038e+03 3.167861785747773601e-05
4.180771368404278292e+03 3.075659805040545087e-05
4.237272370211009729e+03 2.986141395650257122e-05
4.294536770602250726e+03 2.899228451459830570e-05
4.352574884039380777e+03 2.814845100646833922e-05
4.411397164344880366e+03 2.732917715956575348e-05
4.471014206585334250e+03 2.653374824194762037e-05
4.531436748979872391e+03 2.576147044862307756e-05
4.592675674834216807e+03 2.501166991514808930e-05
4.654742014501066478e+03 2.428369204057013791e-05
4.717646947366857603e+03 2.357690174864204456e-05
4.781401803865379406e+03 2.289068244630066210e-05
4.846018067518685712e+03 2.222443564416022761e-05
4.911507377005394119e+03 2.157757983349374640e-05
4.977881528257098580e+03 2.094955049614433454e-05
5.045152476583115458e+03 2.033979969663659800e-05
5.113332338823747705e+03 1.974779553924201178e-05
5.182433395532838404e+03 1.917302168681059207e-05
5.252468093189796491e+03 1.861497640806488319e-05
5.323449046441335668e+03 1.807317276759850080e-05
5.395389040373712305e+03 1.754713806564900131e-05
5.468301032815545113e+03 1.703641349005998568e-05
5.542198156671762263e+03 1.654055349701502706e-05
5.617093722289182551e+03 1.605912529972017418e-05
5.693001219853853399e+03 1.559170881598484991e-05
5.769934321820952391e+03 1.513789625392289852e-05
5.847906885377548861e+03 1.469729185288364210e-05
5.926932954938427429e+03 1.426951118405094844e-05
6.007026764675813865e+03 1.385435223743246552e-05
6.088202741083336150e+03 1.345127403018980599e-05
6.170475505574350791e+03 1.305992222591314698e-05
6.253859877115672134e+03 1.267995583641292690e-05
6.338370874896721034e+03 1.231104361655329228e-05
6.424023721034767732e+03 1.195286385178542972e-05
6.510833843316830098e+03 1.160510430993522298e-05
6.598816877978385492e+03 1.126746189964769314e-05
6.687988672519832107e+03 1.093964238574394836e-05
6.778365288561032685e+03 1.062135995702880248e-05
6.869963004734161586e+03 1.031233708839126336e-05
6.962798319615922992e+03 1.001230440234494943e-05
7.056887954699252077e+03 9.721000397863366533e-06
7.152248857405153103e+03 9.438171253686504448e-06
7.248898204135382912e+03 9.163570326589035985e-06
7.346853403366104430e+03 8.896958202418402410e-06
7.446132098783563379e+03 8.638102474197599035e-06
7.546752172462180170e+03 8.386777557217801513e-06
7.648731748085278923e+03 8.142764427321739552e-06
7.752089194209610469e+03 7.905850291639398252e-06
7.856843127573999482e+03 7.675828601115235596e-06
7.963012416452394064e+03 7.452498824870755142e-06
8.070616184052554672e+03 7.235666395131399578e-06
8.179673811960481544e+03 7.025142293562933735e-06
8.290204943631399146e+03 6.820742941031326240e-06
8.402229487928068920e+03 6.622290134351072391e-06
8.515767622706567636e+03 6.429610887775466738e-06
8.630839798450819217e+03 6.242537313691300951e-06
8.747466741956261103e+03 6.060906321679272377e-06
8.865669460062908911e+03 5.884559534044382320e-06
8.985469243439240017e+03 5.713343190924305404e-06
9.106887670417167101e+03 5.547108092563674095e-06
9.229946610878512729e+03 5.385709366919788253e-06
9.354668230194356511e+03 5.229006294231954466e-06
9.481074993217405790e+03 5.076862225781227935e-06
9.609189668328361222e+03 4.929144520994184259e-06
9.739035331537079401e+03 4.785724454663070691e-06
9.870635370638803579e+03 4.646477033561052089e-06
1.000401348942689765e+04 4.511280842846480759e-06
1.013919371196246721e+04 4.380017974542002590e-06
1.027620038690135152e+04 4.252574022772653026e-06
1.041505819187992529e+04 4.128837915356896239e-06
1.055579213796014847e+04 4.008701810366551652e-06
1.069842757413429717e+04 3.892060942713243624e-06
1.084299019189101637e+04 3.778813600647770488e-06
1.098950602984282341e+04 3.668861077472921240e-06
1.113800147841610487e+04 3.562107546453463546e-06
1.128850328460477613e+04 3.458459957515857799e-06
1.144103855678766922e+04 3.357827907224891453e-06
1.159563476961141532e+04 3.260123668789404442e-06
1.175231976893932551e+04 3.165262073578127897e-06
1.191112177686670657e+04 3.073160451578499223e-06
1.207206939680436881e+04 2.983738510715453211e-06
1.223519161863080080e+04 2.896918253025490813e-06
1.240051782391354573e+04 2.812623994379600758e-06
1.256807779120160922e+04 2.730782255667054407e-06
1.273790170138910980e+04 2.651321718981772740e-06
1.291002014315140332e+04 2.574173091041644974e-06
1.308446411845494004e+04 2.499269094822258777e-06
1.326126504814102009e+04 2.426544427774279475e-06
1.344045477758544439e+04 2.355935697396006504e-06
1.362206558243470863e+04 2.287381371002051284e-06
1.380613017441913325e+04 2.220821660099086116e-06
1.399268170724511219e+04 2.156198522780575731e-06
1.418175378256670592e+04 2.093455619443015592e-06
1.437338045603809587e+04 2.032538263733640660e-06
1.456759624344743315e+04 1.973393356575312046e-06
1.476443612693401519e+04 1.915978979560555430e-06
1.496393556128913951e+04 1.860249411965629609e-06
1.516613048034248641e+04 1.806140627864565308e-06
1.537105730343413779e+04 1.753605511410887013e-06
1.557875294197461335e+04 1.702598308570588302e-06
1.578925480609353690e+04 1.653074564828281283e-06
1.600260081137758061e+04 1.604991138464832755e-06
1.621882938570005172e+04 1.558306146457325825e-06
1.643797947614248915e+04 1.512978936439358945e-06
1.666009055600969805e+04 1.468970027111918936e-06
1.688520263193999563e+04 1.426241064800624740e-06
1.711335625111077024e+04 1.384754825696022843e-06
1.734459250854204583e+04 1.344475172708139597e-06
1.757895305449871739e+04 1.305367032227102320e-06
1.781648010199220516e+04 1.267396331574443622e-06
1.805721643438403771e+04 1.230529982504469989e-06
1.830120541309220789e+04 1.194735868066596122e-06
1.854849098540103296e+04 1.159982808832508248e-06
1.879911769237717817e+04 1.126240543768970936e-06
1.905313067689234595e+04 1.093479669118946758e-06
1.931057569175432945e+04 1.061671638006077636e-06
1.957149910794830794e+04 1.030788738002214100e-06
1.983594792298874017e+04 1.000804073032357155e-06
2.010396976938475200e+04 9.716915286518301002e-07
2.037561292321998553e+04 9.434257333650400762e-07
2.065092631284756135e+04 9.159820572433218850e-07
2.092995952770332224e+04 8.893365885256689175e-07
2.121276282723813347e+04 8.634661255372756597e-07
2.149938714997006900e+04 8.383481318720520598e-07
2.178988412265984516e+04 8.139607170831166674e-07
2.208430606960972000e+04 7.902826289342815334e-07
2.238270602208804848e+04 7.672932406481304315e-07
2.268513772788164715e+04 7.449725305977974719e-07
2.299165566097628835e+04 7.233010525461502506e-07
2.330231503136884203e+04 7.022599194304452168e-07
2.361717179501195278e+04 6.818307940146787433e-07
2.393628266389228156e+04 6.619958826006758129e-07
2.425970511624574283e+04 6.427379086544452680e-07
2.458749740691076295e+04 6.240400922990793243e-07
2.491971857782057850e+04 6.058861356023164367e-07
2.525642846863823434e+04 5.882602208582273930e-07
2.559768772753481608e+04 5.711469944473002360e-07
2.594355782211327823e+04 5.545315502574190707e-07
2.629410105048043260e+04 5.383994091893293111e-07
2.664938055246741715e+04 5.227365078030512537e-07
2.700946032100277807e+04 5.075292008827716518e-07
2.737440521363918015e+04 4.927642405723334407e-07
2.774428096423493480e+04 4.784287662671739913e-07
2.811915419479422781e+04 4.645102822659384732e-07
2.849909242746749078e+04 4.509966576565509587e-07
2.888416409671279325e+04 4.378761184033584138e-07
2.927443856162264638e+04 4.251372346014202120e-07
2.966998611841695310e+04 4.127689090694815528e-07
3.007087801310452051e+04 4.007603588652378276e-07
3.047718645431645928e+04 3.891011194442871437e-07
3.088898462631165967e+04 3.777810317169497761e-07
3.130634670215904407e+04 3.667902347416429566e-07
3.172934785709806965e+04 3.561191518460118285e-07
3.215806428207847421e+04 3.457584801157689550e-07
3.259257319748432201e+04 3.356991907308668734e-07
3.303295286704284081e+04 3.259325184743089461e-07
3.347928261192102218e+04 3.164499563617008601e-07
3.393164282501368143e+04 3.072432396894920590e-07
3.439011498542283516e+04 2.983043423498814035e-07
3.485478167313418089e+04 2.896254744523871945e-07
3.532572658389187563e+04 2.811990734185205433e-07
3.580303454427285760e+04 2.730177995247140960e-07
3.628679152696637175e+04 2.650758378478430566e-07
3.677708466625963047e+04 2.573669605135961692e-07
3.727400227373172675e+04 2.498822359623608961e-07
3.777763385416075471e+04 2.426151488533292739e-07
3.828807012164541811e+04 2.355593734615753861e-07
3.880540301594409539e+04 2.287087647527457437e-07
3.932972571903585776e+04 2.220573563322241713e-07
3.986113267190332408e+04 2.155993567806237558e-07
4.039971959154386423e+04 2.093291442813365944e-07
4.094558348821066465e+04 2.032412610111108294e-07
4.149882268288522027e+04 1.973304035318245254e-07
4.205953682498732087e+04 1.915914242769967286e-07
4.262782691032454022e+04 1.860193261956553044e-07
4.320379529928250122e+04 1.806092586920400352e-07
4.378754573526271270e+04 1.753565118335428353e-07
4.437918336336861103e+04 1.702565096231595778e-07
4.497881474934423750e+04 1.653048105874300636e-07
4.558654789876943687e+04 1.604971026746435947e-07
4.620249227651284309e+04 1.558292015437773643e-07
4.682675882644913509e+04 1.512970420596201097e-07
4.745945999144286907e+04 1.468966761656629530e-07
4.810070973360056814e+04 1.426242716137581388e-07
4.875062355479806138e+04 1.384761079459808675e-07
4.940931851748551708e+04 1.344485745028550371e-07
5.007691326577055588e+04 1.305381632736667199e-07
5.075352804679120163e+04 1.267414678921789131e-07
5.143928473237254366e+04 1.230551813976426683e-07
5.213430684097915946e+04 1.194760946231627489e-07
5.283871955996387987e+04 1.160010915177495972e-07
5.355264976811515226e+04 1.126271449532534062e-07
5.427622605851124536e+04 1.093513157701101419e-07
5.500957876168296934e+04 1.061707506740293510e-07
5.575283996908749396e+04 1.030826808740304031e-07
5.650614355690142838e+04 1.000844174494597316e-07
5.726962521013532387e+04 9.717334839382467112e-08
5.804342244707088685e+04 9.434693741415718388e-08
5.882767464403391932e+04 9.160272328572891352e-08
5.962252306049627077e+04 8.893831663991029035e-08
6.042811086452031304e+04 8.635139723737146851e-08
6.124458315854726243e+04 8.383971122205381527e-08
6.207208700553142990e+04 8.140107029736366590e-08
6.291077145542994549e+04 7.903335095173846455e-08
6.376078757205045258e+04 7.673449151303029190e-08
6.462228846025918028e+04 7.450248981297959041e-08
6.549542929355879460e+04 7.233540079516119285e-08
6.638036734203960805e+04 7.023133693015085100e-08
6.727726200070377672e+04 6.818846577593005775e-08
6.818627481817960506e+04 6.620500854473329950e-08
6.910756952581644873e+04 6.427923749919317862e-08
7.004131206717724854e+04 6.240947423736233427e-08
7.098767062792908109e+04 6.059409028999030775e-08
7.194681566613494942e+04 5.883150457587086813e-08
7.291891994295769837e+04 5.712018239870507508e-08
7.390415855377854314e+04 5.545863255855211612e-08
7.490270895973349980e+04 5.384540734779870039e-08
7.591475101967855881e+04 5.227910150594692443e-08
7.694046702258696314e+04 5.075835088751610216e-08
7.798004172037995886e+04 4.928183124208048098e-08
7.903366236120843678e+04 4.784825577239152177e-08
8.010151872317667585e+04 4.645637545023976719e-08
8.118380314852642186e+04 4.510497779531888774e-08
8.228071057828256744e+04 4.379288590460893339e-08
8.339243858736405673e+04 4.251895691244391283e-08
8.451918742017171462e+04 4.128208064091095803e-08
8.566116002665767155e+04 4.008117938676891621e-08
8.681856209887850855e+04 3.891520699143698448e-08
8.799160210804535018e+04 3.778314810970945014e-08
8.918049134207550378e+04 3.668430748881761980e-08
9.038544394364519394e+04 3.561760860866755516e-08
9.160667694876651512e+04 3.458192170708808561e-08
9.284441032587552036e+04 3.357634536363525756e-08
9.409886701545461256e+04 3.260000469807217346e-08
9.537027297018961690e+04 3.165204986564312489e-08
9.665885719566620537e+04 3.073165536166187218e-08
9.796485179161932319e+04 2.983802001733990130e-08
9.928849199374075397e+04 2.897036607337478976e-08
1.006300162160452601e+05 2.812793855620792920e-08
1.019896660938190907e+05 2.731000402802888832e-08
1.033676865271406423e+05 2.651585027933432268e-08
1.047643257249895978e+05 2.574478600184313164e-08
1.061798352499595348e+05 2.499614007909109190e-08
1.076144700635649788e+05 2.426926111066918000e-08
1.090684885721664905e+05 2.356351609455900251e-08
1.105421526735163934e+05 2.287829053881086079e-08
1.120357278039288794e+05 2.221298791851217264e-08
1.135494829860918981e+05 2.156702923773938078e-08
1.150836908775252959e+05 2.093985231426006946e-08
1.166386278196867788e+05 2.033091093515620663e-08
1.182145738877529948e+05 1.973967489178132601e-08
1.198118129410616675e+05 1.916562941696113201e-08
1.214306326742420497e+05 1.860827504362266852e-08
1.230713246690359229e+05 1.806712655636401535e-08
1.247341844468146155e+05 1.754171266393388495e-08
1.264195115218092833e+05 1.703157585366435175e-08
1.281276094550614362e+05 1.653627202693058272e-08
1.298587859090969869e+05 1.605537014404974430e-08
1.316133527033440187e+05 1.558845149323622058e-08
1.333916258702998457e+05 1.513510942989019261e-08
1.351939257124487776e+05 1.469494915775555913e-08
1.370205768599626317e+05 1.426758757577534741e-08
1.388719083291672869e+05 1.385265270134520595e-08
1.407482535818068136e+05 1.344978321122044863e-08
1.426499505851088616e+05 1.305862820159415764e-08
1.445773418726554082e+05 1.267884707441309324e-08
1.465307746060818317e+05 1.231010925721438637e-08
1.485106006376095465e+05 1.195209377603114494e-08
1.505171765734175569e+05 1.160448883594768076e-08
1.525508638378769683e+05 1.126699162560533769e-08
1.546120287386522687e+05 1.093930832316900492e-08
1.567010425326745317e+05 1.062115366788204983e-08
1.588182814930204477e+05 1.031225070333509178e-08
1.609641269766801852e+05 1.001233035015114162e-08
1.631389654932493868e+05 9.721131372592783584e-09
1.653431887745497806e+05 9.438400236552482673e-09
1.675771938451834721e+05 9.163890808897048922e-09
1.698413830940471671e+05 8.897364094433162610e-09
1.721361643468126713e+05 8.638587879692168160e-09
1.744619509393799526e+05 8.387336813042344409e-09
1.768191617923296290e+05 8.143392116788692412e-09
1.792082214863815170e+05 7.906541429563913521e-09
1.816295603388622694e+05 7.676578498734614992e-09
1.840836144812243001e+05 7.453302960137783733e-09
1.865708259375936468e+05 7.236520375372781623e-09
1.890916427043902804e+05 7.026041974465145921e-09
1.916465188310236554e+05 6.821684540667408527e-09
1.942359145016712719e+05 6.623270061267705449e-09
1.968602961181694118e+05 6.430625680703406207e-09
1.995201363840245758e+05 6.243583622631124690e-09
2.022159143895481247e+05 6.061981011769544822e-09
2.049481156981603126e+05 5.885659758318750739e-09
2.077172324338452599e+05 5.714466251460494553e-09
2.105237633697871934e+05 5.548251347829283852e-09
2.133682140182204312e+05 5.386870284551386823e-09
2.162510967214728298e+05 5.230182542614050350e-09
2.191729307442521967e+05 5.078113669237621921e-09
2.221342423671792494e+05 4.930471379496005656e-09
2.251355649815755023e+05 4.787120915929561946e-09
2.281774391855404538e+05 4.647937542862819761e-09
2.312604128813280258e+05 4.512800185173940227e-09
2.343850413740242075e+05 4.381591277343757491e-09
2.375518874715818674e+05 4.254196582613232008e-09
2.407615215861832839e+05 4.130505231815484105e-09
2.440145218369863287e+05 4.010409591936261941e-09
2.473114741542586708e+05 3.893805189951389176e-09
2.506529723849091388e+05 3.780590566052267216e-09
2.540396183994546591e+05 3.670667150434728931e-09
2.574720222004320531e+05 3.563939275086769360e-09
2.609508020322656957e+05 3.460314061860682309e-09
2.644765844926284044e+05 3.359701372419646799e-09
2.680500046453088871e+05 3.262013635593559319e-09
2.716717061345874681e+05 3.167165805603937966e-09
2.753423413011840894e+05 3.075075332206477581e-09
2.790625712997463997e+05 2.985662074019912204e-09
2.828330662179409992e+05 2.898848250412459172e-09
2.866545051971529610e+05 2.814558285185276835e-09
2.905275765548060299e+05 2.732718798466329471e-09
2.944529779083458707e+05 2.653258553902280322e-09
2.984314163008980686e+05 2.576108415765537232e-09
3.024636083286140929e+05 2.501201256191399727e-09
3.065502802697474835e+05 2.428471855830229685e-09
3.106921682154769660e+05 2.357856897499247107e-09
3.148900182024762034e+05 2.289294911555896349e-09
3.191445863473087084e+05 2.222726250836599594e-09
3.234566389826048398e+05 2.158092981860543001e-09
3.278269527950988268e+05 2.095338828444185644e-09
3.322563149655297166e+05 2.034409151421752191e-09
3.367455233104201616e+05 1.975250922293586283e-09
3.412953864257832174e+05 1.917812665424034909e-09
3.459067238327707746e+05 1.862044387218269176e-09
3.505803661252774182e+05 1.807897527793219738e-09
3.553171551195506472e+05 1.755324939812408855e-09
3.601179440058252658e+05 1.704280872468583826e-09
3.649835975019836333e+05 1.654720905600038521e-09
3.699149920093289693e+05 1.606601896876638385e-09
3.749130157704268349e+05 1.559881939084906790e-09
3.799785690291013452e+05 1.514520361008509159e-09
3.851125641925906530e+05 1.470477682164299542e-09
3.903159259958820185e+05 1.427715574652246181e-09
3.955895916682785610e+05 1.386196808472508105e-09
4.009345111022179481e+05 1.345885219014146706e-09
4.063516470243578660e+05 1.306745717491544416e-09
4.118419751689862460e+05 1.268744236435859244e-09
4.174064844537778990e+05 1.231847705313427888e-09
4.230461771578996559e+05 1.196023990738181729e-09
4.287620691025645356e+05 1.161241896271636210e-09
4.345551898339826148e+05 1.127471142079875905e-09
4.404265828088095877e+05 1.094682333572965324e-09
4.463773055820997688e+05 1.062846933332970091e-09
4.524084299977816991e+05 1.031937210165969070e-09
4.585210423817245755e+05 1.001926249954573016e-09
4.647162437374143046e+05 9.727879248010279782e-10
4.709951499442454660e+05 9.444968733939519462e-10
4.773588919585387921e+05 9.170284662467561631e-10
4.838086160172361997e+05 8.903587770824286777e-10
4.903454838443507324e+05 8.644645826164829780e-10
4.969706728602408548e+05 8.393233381279760635e-10
5.036853763936656760e+05 8.149131632387517029e-10
5.104908038967355387e+05 7.912128017660333621e-10
5.173881811627642601e+05 7.682016079798787718e-10
5.243787505470470060e+05 7.458595448554002332e-10
5.314637711906390032e+05 7.241697224241896691e-10
5.386445192471609917e+05 7.031175784928127364e-10
5.459222881126363063e+05 6.826773318458728318e-10
5.532983886584870052e+05 6.628311931822994764e-10
5.607741494676248403e+05 6.435618973160065185e-10
5.683509170737630920e+05 6.248526841389986977e-10
5.760300562039630022e+05 6.066872823557375743e-10
5.838129500244327355e+05 5.890498847372203865e-10
5.917010003896706039e+05 5.719251425845642574e-10
5.996956280949747888e+05 5.552981574321381515e-10
6.077982731323423795e+05 5.391544666080607012e-10
6.160103949498466682e+05 5.234800304303194809e-10
6.243334727145249490e+05 5.082612055261356236e-10
6.327690055787768215e+05 4.934847486829097793e-10
6.413185129504272481e+05 4.791378039184949585e-10
6.499835347663747380e+05 4.652078923113285391e-10
6.587656317699743668e+05 4.516828968588704729e-10
6.676663857921665767e+05 4.385510445777366042e-10
6.766874000363814412e+05 4.258009081508501881e-10
6.858302993673144374e+05 4.134213930690797418e-10
6.950967306036064401e+05 4.014017340112253682e-10
7.044883628144508693e+05 3.897314720814422171e-10
7.140068876202363754e+05 3.784004490113458685e-10
7.236540194972506724e+05 3.673988041139288268e-10
7.334314960864618188e+05 3.567169648949224289e-10
7.433410785065420205e+05 3.463456408592758036e-10
7.533845516710489755e+05 3.362758060791131791e-10
7.635637246099350741e+05 3.264986954181511085e-10
7.738804307953987736e+05 3.170057993426182977e-10
7.843365284721127246e+05 3.077888602001298534e-10
7.949339009919386590e+05 2.988398597438953396e-10
8.056744571531664114e+05 2.901510087916806456e-10
8.165601315443072235e+05 2.817147437167920223e-10
8.275928848925626371e+05 2.735237223266176601e-10
8.387747044170015724e+05 2.655708192535702859e-10
8.501076041864637518e+05 2.578491151985826776e-10
8.615936254823795753e+05 2.503518885473062474e-10
8.732348371664084261e+05 2.430726119914814898e-10
8.850333360530952923e+05 2.360049517249726067e-10
8.969912472875609528e+05 2.291427585526326454e-10
9.091107247282603057e+05 2.224800616059146002e-10
9.213939513349455083e+05 2.160110602925805328e-10
9.338431395618774695e+05 2.097301228629560336e-10
9.464605317562901182e+05 2.036317839565385812e-10
9.592484005623315461e+05 1.977107375394444798e-10
9.722090493303904077e+05 1.919618309194035075e-10
9.853448125319507672e+05 1.863800579604265436e-10
9.986580561801284784e+05 1.809605605440869156e-10
1.012151178255794570e+06 1.756986222253974798e-10
1.025826609139513108e+06 1.705896647668463065e-10
1.039686812049317406e+06 1.656292413663597883e-10
1.053734283484356012e+06 1.608130320851004745e-10
1.067971553674576804e+06 1.561368451784066742e-10
1.082401187036488438e+06 1.515966109642504046e-10
1.097025782635014970e+06 1.471883792752289030e-10
1.111847974651701748e+06 1.429083119109133546e-10
1.126870432859133696e+06 1.387526822301880240e-10
1.142095863101834664e+06 1.347178729490708850e-10
1.157527007783654844e+06 1.308003725461411251e-10
1.173166646361708408e+06 1.269967723823698719e-10
1.189017595847019460e+06 1.233037601813543629e-10
1.205082711311938241e+06 1.197181204812389737e-10
1.221364886404368794e+06 1.162367320592765943e-10
1.237867053868984804e+06 1.128565652314954508e-10
1.254592186075496720e+06 1.095746781316717879e-10
1.271543295553979697e+06 1.063882127620024596e-10
1.288723435537560610e+06 1.032943946542505984e-10
1.306135700512311421e+06 1.002913911704788274e-10
1.323783226774645969e+06 9.737617286080810657e-11
1.341669192996248603e+06 9.454567829831229519e-11
1.359796820796582382e+06 9.179744431150420534e-11
1.378169375323182205e+06 8.912908056210005700e-11
1.396790165839793161e+06 8.653826635055445182e-11
1.415662546322397422e+06 8.402274924604124281e-11
1.434789916063352488e+06 8.158034140118130531e-11
1.454175720283692470e+06 7.920891744444403205e-11
1.473823450753618265e+06 7.690641463736365849e-11
1.493736646421516314e+06 7.467083045244369051e-11
1.513918894051330164e+06 7.250022119627279536e-11
1.534373828868630575e+06 7.039269851743057512e-11
1.555105135215410963e+06 6.834642861560891271e-11
1.576116547213674756e+06 6.635963150474624734e-11
1.597411849438043311e+06 6.443057917344727195e-11
1.618994877597451909e+06 6.255759440099879063e-11
1.640869519225999946e+06 6.073904736952982095e-11
1.663039714383192128e+06 5.897335578112527267e-11
1.685509456363649573e+06 5.725898358878168535e-11
1.708282792416305048e+06 5.559443993462118519e-11
1.731363824473492336e+06 5.397827724512474905e-11
1.754756709889707388e+06 5.240908903433571209e-11
1.778465662190461764e+06 5.088550994904223401e-11
1.802494951831239974e+06 4.940621443465330952e-11
1.826848906966653420e+06 4.796991627413641163e-11
1.851531914230048424e+06 4.657536604804909556e-11
1.876548419523649151e+06 4.522135010867156763e-11
1.901902928819308290e+06 4.390669022156373494e-11
1.927600008970143739e+06 4.263024276069851361e-11
1.953644288533153711e+06 4.139089767321628915e-11
1.980040458602822386e+06 4.018757671959402737e-11
2.006793273656195495e+06 3.901923264894392891e-11
2.033907552409163443e+06 3.788484871016793687e-11
2.061388178684443468e+06 3.678343825141289600e-11
2.089240102291277377e+06 3.571404328654240782e-11
2.117468339916940778e+06 3.467573330236322189e-11
2.146077976030377205e+06 3.366760452751074300e-11
2.175074163798039313e+06 3.268877977262806914e-11
2.204462126011988614e+06 3.173840760962725474e-11
2.234247156030736864e+06 3.081566138613013234e-11
2.264434618732629810e+06 2.991973808183502248e-11
2.295029951482117642e+06 2.904985774703728733e-11
2.326038665109249298e+06 2.820526359055128850e-11
2.357466344902184792e+06 2.738522087058169555e-11
2.389318651613248046e+06 2.658901628118493647e-11
2.421601322478577495e+06 2.581685251547769636e-11
2.454320172251453623e+06 2.507139643360427895e-11
2.487481094249684829e+06 2.435249912838047328e-11
2.521090061417146120e+06 2.366007588460702905e-11
2.555153127399522346e+06 2.299409950338459774e-11
2.589676427634826396e+06 2.235459141563726784e-11
2.624666180458405986e+06 2.174161133334419680e-11
2.660128688223025762e+06 2.115524471291396243e-11
2.696070338434085250e+06 2.059558906588893449e-11
2.732497604900066275e+06 2.006273876417576158e-11
2.769417048898630776e+06 1.955676942824124922e-11
2.806835320358468685e+06 1.907772217360271227e-11
2.844759159057020210e+06 1.862558834981476229e-11
2.883195395834471099e+06 1.820029533812110807e-11
2.922150953824174590e+06 1.780169330426646607e-11
2.961632849699519575e+06 1.742954433739123599e-11
3.001648194937929977e+06 1.708351362591478648e-11
3.042204197101661004e+06 1.676316331506795043e-11
3.083308161136070732e+06 1.646794910554989502e-11
3.124967490685421508e+06 1.619721901500873677e-11
3.167189689426347613e+06 1.595021543124464943e-11
