1.157309218537892725e+01 7.241979011253145502e-04
1.171468300755699943e+01 1.043732058402825884e-03
1.185822945719038479e+01 1.509104013382345840e-03
1.200375854506052420e+01 2.183186191582899439e-03
1.215129765501689540e+01 3.152240335088043847e-03
1.230087454912995781e+01 4.532183995391813637e-03
1.245251737291495786e+01 6.475016863553752916e-03
1.260625466062806410e+01 9.175337763867296229e-03
1.276211534063548036e+01 1.288325631612489280e-02
1.292012874085696517e+01 1.808558449738574547e-02
1.308032459428435601e+01 2.504371230051347097e-02
1.324273304457622658e+01 3.416957876609763578e-02
1.340738465173013161e+01 4.590517688927425732e-02
1.357431039783292270e+01 6.070771871554775378e-02
1.374354169289047967e+01 7.902649380628362641e-02
1.391511038073824125e+01 1.012696211870262597e-01
1.408904874503306281e+01 1.277679145289583595e-01
1.426538951532790200e+01 1.588473206152322126e-01
1.444416587323060774e+01 1.949224413250962851e-01
1.462541145864751080e+01 2.356578643232807302e-01
1.480916037611342695e+01 2.809419714642809041e-01
1.499544720120889885e+01 3.303966717710582479e-01
1.518430698706641202e+01 3.831794786083380089e-01
1.537577527096600960e+01 4.381775663977530710e-01
1.556988808102246225e+01 4.945871551835354651e-01
1.576668194296447822e+01 5.521733065564995435e-01
1.596619388700773179e+01 6.111032579765194317e-01
1.616846145482258379e+01 6.716500206524513850e-01
1.637352270659843256e+01 7.340920800889754183e-01
1.658141622820529903e+01 7.985356504841352177e-01
1.679218113845433535e+01 8.651425186649315258e-01
1.700585709645889665e+01 9.341414616828180861e-01
1.722248430909703387e+01 1.005813312815397875e+00
1.744210353857699403e+01 1.080427025919925121e+00
1.766475611010755387e+01 1.158168086110186401e+00
1.789048391967397578e+01 1.239072736618969550e+00
1.811932944192139061e+01 1.323057126927953853e+00
1.835133573814734476e+01 1.409968831397326205e+00
1.858654646440435698e+01 1.499641487479498991e+00
1.882500587971471617e+01 1.591977790289685224e+00
1.906675885439838680e+01 1.686811766095213549e+00
1.931185087851640247e+01 1.783984967035318725e+00
1.956032807043047583e+01 1.883379511854505139e+00
1.981223718548089963e+01 1.984873422472267279e+00
2.006762562478458634e+01 2.088239384785465447e+00
2.032654144415430153e+01 2.193074638232475948e+00
2.058903336314111243e+01 2.298842822785523765e+00
2.085515077420205188e+01 2.405025050705046574e+00
2.112494375199404928e+01 2.511160810994001125e+00
2.139846306279623533e+01 2.616802745624280391e+00
2.167576017406274858e+01 2.721512844203621384e+00
2.195688726410716640e+01 2.824815553396208045e+00
2.224189723192053236e+01 2.926221452810917611e+00
2.253084370712560158e+01 3.024937904236185915e+00
2.282378106006800778e+01 3.120704258778356888e+00
2.312076441204686361e+01 3.213215569031390828e+00
2.342184964568707528e+01 3.302157079533854400e+00
2.372709341545445838e+01 3.387049885229494350e+00
2.403655315831637651e+01 3.467394894081444079e+00
2.435028710454929524e+01 3.542889474004381256e+00
2.466835428869612912e+01 3.613459725173868264e+00
2.499081456067450446e+01 3.679062404619703130e+00
2.531772859703837497e+01 3.739516876899859454e+00
2.564915791239571163e+01 3.794451462555684884e+00
2.598516487098342154e+01 3.843395341017306066e+00
2.632581269840204996e+01 3.885904808564482948e+00
2.667116549351317900e+01 3.921575749371235986e+00
2.702128824050053169e+01 3.949998619068566086e+00
2.737624682109777652e+01 3.970766308086904672e+00
2.773610802698559752e+01 3.983552801583538638e+00
2.811708355447806795e+01 3.988084962576209591e+00
2.850653181617475340e+01 3.983627946484240567e+00
2.890132273833769361e+01 3.970381889818831667e+00
2.930152961445315896e+01 3.948816056598715818e+00
2.970722674348704828e+01 3.919761509094964680e+00
3.011848944367811498e+01 3.884206349480184173e+00
3.053539406652149069e+01 3.842971498202270908e+00
3.095801801094284755e+01 3.796574407212524704e+00
3.138643973766803796e+01 3.745396599828490380e+00
3.182073878378939114e+01 3.689814339449640102e+00
3.226099577753161896e+01 3.630225296000373802e+00
3.270729245322070255e+01 3.566904793032222187e+00
3.315971166645822876e+01 3.499883746202904433e+00
3.361833740950338267e+01 3.428984373431283927e+00
3.408325482686606733e+01 3.354086661470102371e+00
3.455455023111461088e+01 3.275472009093990167e+00
3.503231111889925131e+01 3.193929318519831639e+00
3.551662618719654319e+01 3.110434977684832347e+00
3.600758534977552472e+01 3.025759749598577741e+00
3.650527975389093882e+01 2.940247419276705187e+00
3.700980179720418306e+01 2.853978428027499348e+00
3.752124514493776530e+01 2.767104569489205801e+00
3.803970474726369844e+01 2.680001436553961724e+00
3.856527685693178853e+01 2.593110328169618839e+00
3.909805904713843461e+01 2.506757808649510366e+00
3.963815022964190149e+01 2.421096679451377298e+00
4.018565067312476202e+01 2.336251474138933304e+00
4.074066202180956253e+01 2.252427810913184558e+00
4.130328731432855704e+01 2.169908144664772109e+00
4.187363100285356410e+01 2.088925415075597591e+00
4.245179897248743828e+01 2.009599355773294960e+00
4.303789856092155475e+01 1.931965721269236269e+00
4.363203857836340660e+01 1.856047927702489275e+00
4.423432932773750537e+01 1.781912208221619665e+00
4.484488262516323687e+01 1.709695880862920347e+00
4.546381182071331750e+01 1.639581628940728564e+00
4.609123181945763292e+01 1.571739690720403537e+00
4.672725910279581996e+01 1.506289622829375396e+00
4.737201175008182474e+01 1.443316070598981149e+00
4.802560946054541091e+01 1.382868093381604879e+00
4.868817357551504443e+01 1.324923838061169867e+00
4.935982710094426551e+01 1.269429708163543502e+00
5.004069473024883052e+01 1.216309129119824917e+00
5.073090286745532751e+01 1.165484560117246104e+00
5.143057965066907400e+01 1.116869686785459059e+00
5.213985497586239148e+01 1.070364013752402421e+00
5.285886052099071009e+01 1.025858940756116500e+00
5.358772977043796715e+01 9.832776972307688546e-01
5.432659803979903046e+01 9.425735265182568767e-01
5.507560250100036114e+01 9.037206697368453945e-01
5.583488220776689559e+01 8.666827612766216937e-01
5.660457812143728518e+01 8.313865362003092230e-01
5.738483313713335576e+01 7.977369695640321723e-01
5.817579211028890995e+01 7.656264035719178018e-01
5.897760188354268962e+01 7.349655053718375797e-01
5.979041131399966957e+01 7.056814257838701643e-01
6.061437130086623171e+01 6.777197250439073173e-01
6.144963481346518108e+01 6.510332912877938583e-01
6.229635691963493116e+01 6.255790919005468353e-01
6.315469481451777511e+01 6.013117496282891494e-01
6.402480784974304129e+01 5.781753620106875324e-01
6.490685756301184028e+01 5.561002750550860796e-01
6.580100770808570587e+01 5.350063459413809674e-01
6.670742428518877887e+01 5.148106440147914853e-01
6.762627557182491955e+01 4.954384481926035200e-01
6.855773215401973175e+01 4.768355444047642777e-01
6.950196695798896940e+01 4.589757342054086031e-01
7.045915528224374214e+01 4.418479462235516131e-01
7.142947483013364263e+01 4.254457986217965448e-01
7.241310574283893686e+01 4.097559478874144290e-01
7.341023063281272698e+01 3.947590114507169012e-01
7.442103461768451211e+01 3.804273203703500972e-01
7.544570535462622729e+01 3.667254025713182486e-01
7.648443307519227119e+01 3.536153744146810496e-01
7.753741062063515699e+01 3.410629956622741599e-01
7.860483347770770024e+01 3.290312305975724438e-01
7.968689981495511176e+01 3.174792455888402198e-01
8.078381051950471203e+01 3.063694682213446985e-01
8.189576923436140987e+01 2.956721157841286640e-01
8.302298239621464404e+01 2.853629017946348601e-01
8.416565927376308309e+01 2.754201147250094905e-01
8.532401200656572371e+01 2.658307948702167689e-01
8.649825564442576820e+01 2.565861200863575053e-01
8.768860818731563711e+01 2.476776740919846009e-01
8.889529062584843189e+01 2.390921480756964534e-01
9.011852698230460135e+01 2.308153001792907499e-01
9.135854435222350389e+01 2.228313176431000464e-01
9.261557294656215333e+01 2.151232072571562792e-01
9.388984613443601290e+01 2.076769026313438626e-01
9.518160048644259064e+01 2.004803397413024157e-01
9.649107581858281435e+01 1.935247126855417221e-01
9.781851523678146521e+01 1.868043034621915677e-01
9.916416518202184704e+01 1.803157136893210888e-01
1.005282754760962263e+02 1.740557016664980861e-01
1.019110993679872479e+02 1.680199111371456500e-01
1.033128935808823599e+02 1.622011070219959716e-01
1.047339183598361672e+02 1.565908792150336737e-01
1.061744375200847372e+02 1.511811271780166832e-01
1.076347184960229413e+02 1.459639291665719707e-01
1.091150323908542106e+02 1.409322565666373261e-01
1.106156540269218311e+02 1.360825424479041867e-01
1.121368619967297775e+02 1.314134338571268934e-01
1.136789387146629764e+02 1.269237294751726086e-01
1.152421704694187241e+02 1.226117437769936869e-01
1.168268474771569743e+02 1.184741516552313412e-01
1.184332639353787471e+02 1.145068117440219968e-01
1.200617180775437447e+02 1.107033159552893720e-01
1.217125122284395218e+02 1.070557432436615164e-01
1.233859528603064035e+02 1.035558404138161581e-01
1.250823506497366253e+02 1.001951198881608773e-01
1.268020205353497118e+02 9.696562979462231002e-02
1.285452817762634083e+02 9.385954450166567042e-02
1.303124580113625370e+02 9.086985081042286971e-02
1.321038773193851341e+02 8.799120968887108596e-02
1.339198722798283541e+02 8.521909113548331582e-02
1.357607800346946760e+02 8.254834053305748487e-02
1.376269423510807428e+02 7.997424610857700733e-02
1.395187056846284861e+02 7.749207210558700654e-02
1.414364212438445350e+02 7.509664214158473516e-02
1.433804450553019763e+02 7.278206621454913483e-02
1.453511380297375410e+02 7.054314278475826150e-02
1.473488660290559551e+02 6.837586594555339348e-02
1.493739999342521116e+02 6.627685600149119116e-02
1.514269157142650783e+02 6.424261822655574772e-02
1.535079944957777798e+02 6.227041236790398226e-02
1.556176226339742641e+02 6.035850025517552897e-02
1.577561917842665764e+02 5.850528857610992617e-02
1.599240989750053075e+02 5.670955775352370942e-02
1.621217466811902170e+02 5.497034857130433938e-02
1.643495428991882648e+02 5.328634123589109928e-02
1.666079012224809617e+02 5.165659058153015959e-02
1.688972409184461867e+02 5.008013768537017407e-02
1.712179870061980864e+02 4.855604007069713735e-02
1.735705703354900891e+02 4.708300399367654210e-02
1.759554276667054182e+02 4.565952140508816592e-02
1.783730017519393130e+02 4.428420603595820126e-02
1.808237414171996988e+02 4.295566812408543877e-02
1.833081016457291810e+02 4.167236735173385220e-02
1.858265436624760980e+02 4.043239793523803471e-02
1.883795350197203504e+02 3.923390984248925628e-02
1.909675496838746085e+02 3.807500130290319973e-02
1.935910681234770436e+02 3.695358714145177692e-02
1.962505773983925508e+02 3.586792518016859721e-02
1.989465712502345127e+02 3.481632104281046081e-02
2.016795501940285078e+02 3.379701200756005108e-02
2.044500216111337920e+02 3.280829237226873252e-02
2.072584998434408590e+02 3.184827948313095902e-02
2.101055062888584928e+02 3.091530799660402451e-02
2.129915694981108629e+02 3.000781345855529914e-02
2.159172252728652950e+02 2.912442076306123728e-02
2.188830167652049283e+02 2.826392936826410685e-02
2.218894945784652464e+02 2.742522868374580591e-02
2.249372168694521861e+02 2.660738800413678384e-02
2.280267494520689411e+02 2.580968350037177172e-02
2.311586659023556365e+02 2.503140043758111943e-02
2.343335476649785107e+02 2.427188995153437001e-02
2.375519841611724416e+02 2.353079748860698039e-02
2.408145728981711500e+02 2.280797783263208145e-02
2.441219195801315607e+02 2.210340237483551795e-02
2.474746382205878206e+02 2.141708380072804285e-02
2.508733512564393777e+02 2.074915032185589703e-02
2.543186896635116057e+02 2.009972439879519068e-02
2.578112930736930366e+02 1.946889113734878718e-02
2.613518098936879142e+02 1.885666458539128620e-02
2.649408974253914835e+02 1.826304077180766761e-02
2.685792219879187428e+02 1.768800082613632141e-02
2.722674590413083138e+02 1.713139071667624247e-02
2.760062933119232866e+02 1.659307643024146572e-02
2.797964189195712379e+02 1.607284846606728268e-02
2.836385395063666124e+02 1.557043856380961599e-02
2.875333683673648011e+02 1.508557667602002106e-02
2.914816285829866729e+02 1.461792207572304436e-02
2.954840531532590830e+02 1.416703354120586733e-02
2.995413851338950622e+02 1.373241418532238078e-02
3.036543777742474504e+02 1.331356936065590524e-02
3.078237946571462089e+02 1.290995474418703270e-02
3.120504098406628941e+02 1.252099081349382359e-02
3.163350080018112180e+02 1.214611123675542192e-02
3.206783845822280909e+02 1.178473170464257314e-02
3.250813459358436148e+02 1.143627997894047094e-02
3.295447094785869240e+02 1.110021943567801594e-02
3.340693038401352055e+02 1.077599547082480624e-02
3.386559690177556377e+02 1.046305610086037396e-02
3.433055565322461575e+02 1.016082687140218432e-02
3.480189295860266725e+02 9.868755759895056490e-03
3.527969632233915149e+02 9.586334887014776041e-03
3.576405444929615101e+02 9.313107608524107128e-03
3.625505726123665227e+02 9.048650959691956208e-03
3.675279591351889508e+02 8.792561659557746045e-03
3.725736281201924953e+02 8.544449930297431939e-03
3.776885163028742909e+02 8.303932445923291328e-03
3.828735732693717182e+02 8.070669188655017756e-03
3.881297616327568107e+02 7.844361822438493392e-03
3.934580572117449719e+02 7.624740576968158656e-03
3.988594492118547805e+02 7.411540677421030177e-03
4.043349404090582766e+02 7.204514148633177351e-03
4.098855473359479333e+02 7.003423040393419452e-03
4.155123004704568643e+02 6.808030544242865689e-03
4.212162444271662025e+02 6.618106692221056853e-03
4.269984381512409186e+02 6.433448129586211151e-03
4.328599551150268780e+02 6.253858889911173558e-03
4.388018835173386378e+02 6.079148526841673950e-03
4.448253264854881763e+02 5.909130141854825047e-03
4.509314022800782027e+02 5.743617492850530692e-03
4.571212445026117734e+02 5.582447942429694110e-03
4.633960023059477180e+02 5.425477184682371556e-03
4.697568406076411520e+02 5.272562362757634430e-03
4.762049403062101192e+02 5.123573612440274899e-03
4.827414985003730408e+02 4.978378743336245305e-03
4.893677287112935801e+02 4.836854629431786012e-03
4.960848611078703243e+02 4.698889446879045417e-03
5.028941427351181801e+02 4.564386733808989405e-03
5.097968377456852522e+02 4.433262845582250367e-03
5.167942276345463597e+02 4.305450680507871136e-03
5.238876114769135484e+02 4.180884377192811002e-03
5.310783061694079379e+02 4.059506233291855504e-03
5.383676466745461084e+02 3.941138077116348309e-03
5.457569862685797943e+02 3.825840858064141065e-03
5.532476967927310625e+02 3.713570815612399906e-03
5.608411689078747031e+02 3.604283061536709548e-03
5.685388123527187645e+02 3.497934280654996925e-03
5.763420562055264327e+02 3.394479444893148956e-03
5.842523491494223435e+02 3.293863523455734660e-03
5.922711597413463096e+02 3.196041597393780437e-03
6.003999766846890225e+02 3.100984274306849142e-03
6.086403091056731682e+02 3.008650670584821912e-03
6.169936868335288409e+02 2.918993198681947565e-03
6.254616606845047500e+02 2.831962719367277920e-03
6.340458027497783178e+02 2.747508090816794257e-03
6.427477066873174181e+02 2.665577911522134386e-03
6.515689880177488931e+02 2.586116358530511986e-03
6.605112844242798928e+02 2.509066631271931330e-03
6.695762560567320634e+02 2.434368017297634801e-03
6.787655858397548627e+02 2.361959358005590731e-03
6.880809797852646170e+02 2.291779304522163427e-03
6.975241673091651364e+02 2.223767435607535911e-03
7.070969015524152610e+02 2.157863379967426762e-03
7.168009597065014304e+02 2.094000854794244443e-03
7.266381433433815573e+02 2.032116176768489213e-03
7.366102787499452234e+02 1.972146336944476802e-03
7.467192172670640957e+02 1.914028839605409413e-03
7.569668356332981602e+02 1.857702435377731401e-03
7.673550363333176847e+02 1.803108649769005409e-03
7.778857479511008250e+02 1.750189863491100756e-03
7.885609255279707668e+02 1.698887306147518414e-03
7.993825509255651696e+02 1.649144265243760940e-03
8.103526331937572422e+02 1.600905606465856390e-03
8.214732089436510023e+02 1.554118336818987797e-03
8.327463427256750492e+02 1.508732473075934805e-03
8.441741274128678469e+02 1.464700215736356934e-03
8.557586845894226144e+02 1.421975683773663360e-03
8.675021649445687899e+02 1.380514683685798299e-03
8.794067486718460032e+02 1.340274465403447357e-03
8.914746458738563888e+02 1.301213841994171283e-03
9.037080969725767545e+02 1.263292986599232927e-03
9.161093731252994985e+02 1.226474822246064605e-03
9.286807766462736708e+02 1.190724261553533815e-03
9.414246414341274658e+02 1.156038439460651754e-03
9.543433334051647989e+02 1.122349078583170269e-03
9.674392509326033860e+02 1.089627674546652172e-03
9.807148252918344724e+02 1.057846678694658940e-03
9.941725211117861818e+02 1.026979512677345802e-03
1.007814836832490528e+03 9.970005549287588170e-04
1.021644305168926394e+03 9.678881051879955483e-04
1.035663493581219427e+03 9.396193016215090635e-04
1.049875004751279448e+03 9.121673629072547806e-04
1.064281477066017715e+03 8.855089799470559214e-04
1.078885585107150973e+03 8.596221552542296016e-04
1.093690040147743503e+03 8.344852020998154429e-04
1.108697590655560816e+03 8.100772348239183157e-04
1.123911022803330297e+03 7.863778887357555578e-04
1.139333160985979475e+03 7.633673395921608540e-04
1.154966868345016792e+03 7.410264520375763053e-04
1.170815047300063725e+03 7.193369152654390669e-04
1.186880640087679467e+03 6.982803979600441663e-04
1.203166629307618905e+03 6.778390552459869975e-04
1.219676038476538224e+03 6.579954024061307472e-04
1.236411932589319122e+03 6.387318863504301385e-04
1.253377418688094394e+03 6.200321286817054439e-04
1.270575646439054935e+03 6.018800212762558804e-04
1.288009808717220267e+03 5.842597777397096070e-04
1.305683142199183521e+03 5.671559796114550647e-04
1.323598927963991628e+03 5.505536421870362539e-04
1.341760492102311446e+03 5.344376737632283887e-04
1.360171206333903001e+03 5.187937061005782127e-04
1.378834488633591036e+03 5.036079009053287363e-04
1.397753803865816963e+03 4.888668638398955754e-04
1.416932664427881491e+03 4.745576138745462649e-04
1.436374630902052331e+03 4.606675019219468210e-04
1.456083312716572209e+03 4.471841427161039016e-04
1.476062368815767059e+03 4.340955100871693451e-04
1.496315508339306689e+03 4.213900184837989123e-04
1.516846491310850979e+03 4.090564575614744763e-04
1.537659129336077285e+03 3.970839341240362669e-04
1.558757286310317340e+03 3.854618745201088097e-04
1.580144879135901647e+03 3.741800164076469412e-04
1.601825878449311631e+03 3.632284025093701803e-04
1.623804309358371938e+03 3.525973688864912983e-04
1.646084252189500148e+03 3.422775250604514867e-04
1.668669843245200354e+03 3.322597588916232671e-04
1.691565275572020482e+03 3.225352254846458079e-04
1.714774799738964703e+03 3.130953442319760367e-04
1.738302724626625832e+03 3.039317833117094556e-04
1.762153418227143675e+03 2.950364489381998058e-04
1.786331308455098906e+03 2.864014878893408368e-04
1.810840883969604647e+03 2.780192770013996915e-04
1.835686695007610297e+03 2.698824216033211994e-04
1.860873354228639300e+03 2.619837378515735976e-04
1.886405537571177547e+03 2.543162507893199573e-04
1.912287985120740586e+03 2.468731915657145642e-04
1.938525501989882741e+03 2.396479907599115625e-04
1.965122959210273166e+03 2.326342738026298835e-04
1.992085294637020297e+03 2.258258477088671053e-04
2.019417513865355204e+03 2.192167016243570798e-04
2.047124691159977601e+03 2.128010013069286162e-04
2.075211970397077948e+03 2.065730853479104227e-04
2.103684566019278009e+03 2.005274585157202239e-04
2.132547764003749762e+03 1.946587820020476492e-04
2.161806922843530629e+03 1.889618757403279878e-04
2.191467474542344462e+03 1.834317110278849659e-04
2.221534925623069739e+03 1.780634089064362779e-04
2.252014858149996144e+03 1.728522315952438822e-04
2.282912930765197416e+03 1.677935776551314762e-04
2.314234879739040935e+03 1.628829824698140982e-04
2.345986520035100511e+03 1.581161118345958665e-04
2.378173746389776170e+03 1.534887606157949759e-04
2.410802534406616360e+03 1.489968440357191184e-04
2.443878941665711409e+03 1.446363966621910108e-04
2.477409108848298729e+03 1.404035701832437094e-04
2.511399260876748031e+03 1.362946294018042414e-04
2.545855708070290348e+03 1.323059491392615311e-04
2.580784847316504965e+03 1.284340080131887154e-04
2.616193163258881214e+03 1.246753886732680306e-04
2.652087229500761168e+03 1.210267740218002024e-04
2.688473709825699189e+03 1.174849450541608524e-04
2.725359359434613452e+03 1.140467765963852067e-04
2.762751026199895477e+03 1.107092328962040175e-04
2.800655651936740014e+03 1.074693688647624214e-04
2.839080273691859475e+03 1.043243253413573017e-04
2.878032025049988533e+03 1.012713281506145372e-04
2.917518137458205274e+03 9.830768274966263879e-05
2.957545941568431317e+03 9.543077277138830184e-05
2.998122868598445166e+03 9.263805976957582063e-05
3.039256451711449699e+03 8.992707946941873830e-05
3.080954327414627642e+03 8.729544064604486363e-05
3.123224236976883731e+03 8.474082017825867487e-05
3.166074027865967309e+03 8.226096329160958055e-05
3.209511655205447823e+03 7.985368195011514816e-05
3.253545183251549588e+03 7.751685238684309642e-05
3.298182786890261923e+03 7.524841307492266453e-05
3.343432753155082082e+03 7.304636131777952034e-05
3.389303482765482840e+03 7.090875395867430805e-05
3.435803491686511279e+03 6.883370498541522935e-05
3.482941412709812539e+03 6.681938408361037373e-05
3.530725997056269989e+03 6.486401394921806340e-05
3.579166116000749298e+03 6.296586810741977526e-05
3.628270762519023720e+03 6.112327195293424309e-05
3.678049052957347612e+03 5.933459979581026623e-05
3.728510228724871922e+03 5.759827422331003418e-05
3.779663658009401843e+03 5.591276268094783194e-05
3.831518837516564417e+03 5.427657731021576617e-05
3.884085394232896306e+03 5.268827471345267736e-05
3.937373087213123199e+03 5.114645370415298389e-05
3.991391809391871902e+03 4.964975451818677901e-05
4.046151589420413984e+03 4.819685584288887874e-05
4.101662593528452817e+03 4.678647543549153574e-05
4.157935127411431495e+03 4.541736918032098684e-05
4.214979638143918237e+03 4.408832944478705863e-05
4.272806716119038356e+03 4.279818392742426808e-05
4.331427097014626270e+03 4.154579354464181789e-05
4.390851663786322206e+03 4.033005324837124960e-05
4.451091448687951925e+03 3.914989064151359801e-05
4.512157635319775181e+03 3.800426493973866997e-05
4.574061560704690237e+03 3.689216542486473648e-05
4.636814717392911916e+03 3.581261015824887921e-05
4.700428755595678922e+03 3.476464677949964903e-05
4.764915485348080438e+03 3.374735089991336124e-05
4.830286878701604110e+03 3.275982553389291622e-05
4.896555071946774660e+03 3.180119913320897558e-05
4.963732367866286950e+03 3.087062546883452920e-05
5.031831238018959084e+03 2.996728365878712570e-05
5.100864325055213158e+03 2.909037698606430794e-05
5.170844445064139109e+03 2.823913218301965533e-05
5.241784589952764691e+03 2.741279782309064754e-05
5.313697929858135467e+03 2.661064462795121547e-05
5.386597815592293955e+03 2.583196504329652644e-05
5.460497781120899162e+03 2.507607240472201743e-05
5.535411546075826664e+03 2.434230005509896368e-05
5.611353018302186683e+03 2.363000015236812437e-05
5.688336296440434126e+03 2.293854420375301419e-05
5.766375672543751534e+03 2.226732233801323717e-05
5.845485634731313439e+03 2.161574273765192898e-05
5.925680869878169688e+03 2.098323062457350084e-05
6.006976266341784140e+03 2.036922751791117570e-05
6.089386916726110940e+03 1.977319175279661288e-05
6.172928120683566704e+03 1.919459765649440971e-05
6.257615387755366100e+03 1.863293515406714619e-05
6.343464440250997541e+03 1.808770861411759757e-05
6.430491216167045422e+03 1.755843671533720274e-05
6.518711872146013775e+03 1.704465256478654455e-05
6.608142786475985304e+03 1.654590313066392092e-05
6.698800562131170409e+03 1.606174864241709591e-05
6.790702029854301145e+03 1.559176178870157138e-05
6.883864251281281213e+03 1.513552776326250503e-05
6.978304522108728634e+03 1.469265888885978746e-05
7.074040375304829467e+03 1.426276920501090475e-05
7.171089584364529401e+03 1.384545832272229045e-05
7.269470166609141415e+03 1.344035791783719362e-05
7.369200386531171716e+03 1.304711059272540608e-05
7.470298759185327981e+03 1.266536954213155666e-05
7.572784053625769047e+03 1.229479831866476971e-05
7.676675296390616495e+03 1.193507009084462738e-05
7.781991775034294733e+03 1.158586735341220176e-05
7.888753041708166165e+03 1.124688207212444187e-05
7.996978916790593757e+03 1.091781531990024788e-05
8.106689492566561057e+03 1.059837709874457390e-05
8.217905136957699142e+03 1.028828558915717496e-05
8.330646497303812794e+03 9.987267141215518422e-06
8.444934504196015041e+03 9.695056241891834761e-06
8.560790375362461418e+03 9.411395264362210750e-06
8.678235619607583430e+03 9.136034176061803500e-06
8.797292040804995850e+03 8.868730009891604045e-06
8.917981741945706744e+03 8.609246913588396426e-06
9.040327129241377406e+03 8.357356023708948842e-06
9.164350916284152845e+03 8.112835306907714835e-06
9.290076128263328428e+03 7.875469188885214503e-06
9.417526106240229637e+03 7.645048197458907940e-06
9.546724511481359514e+03 7.421369057266859095e-06
9.677695329851183487e+03 7.204234494056958274e-06
9.810462876265191881e+03 6.993453149996177053e-06
9.945051799203813061e+03 6.788839138846818229e-06
1.008148708528870156e+04 6.590211903579382927e-06
1.021979406392140845e+04 6.397396229929610742e-06
1.035999841198570175e+04 6.210222078779970066e-06
1.050212615861474114e+04 6.028524511634663621e-06
1.064620369002330517e+04 5.852143242381644458e-06
1.079225775440642974e+04 5.680922651141536881e-06
1.094031546690528376e+04 5.514711708912420948e-06
1.109040431464100584e+04 5.353363865993651769e-06
1.124255216181795367e+04 5.196736918259170935e-06
1.139678725489658973e+04 5.044692674349886079e-06
1.155313822783738578e+04 4.897097007694660117e-06
1.171163410741698681e+04 4.753819735236253826e-06
1.187230431861691977e+04 4.614734553605617893e-06
1.203517869008638991e+04 4.479718856046116147e-06
1.220028745968006660e+04 4.348653501213687103e-06
1.236766128007179032e+04 4.221422888073950164e-06
1.253733122444508444e+04 4.097914801492104104e-06
1.270932879226227305e+04 3.978020387226627281e-06
1.288368591511221530e+04 3.861633919927634398e-06
1.306043496263830275e+04 3.748652710341543990e-06
1.323960874854822578e+04 3.638977111176788369e-06
1.342124053670572903e+04 3.532510401524077486e-06
1.360536404730607501e+04 3.429158750195484829e-06
1.379201346313634531e+04 3.328830995044300769e-06
1.398122343592129619e+04 3.231438631896856425e-06
1.417302909275682214e+04 3.136895763066832138e-06
1.436746604263121117e+04 3.045119028155006885e-06
1.456457038303575609e+04 2.956027531529844702e-06
1.476437870666675735e+04 2.869542676470945684e-06
1.496692810821870262e+04 2.785588183962857156e-06
1.517225619127101345e+04 2.704090008757649205e-06
1.538040107526927568e+04 2.624976304858752367e-06
1.559140140260195403e+04 2.548177328806190223e-06
1.580529634577471370e+04 2.473625317606439758e-06
1.602212561468268723e+04 2.401254528401149297e-06
1.624192946398254207e+04 2.331001133033312094e-06
1.646474870056606960e+04 2.262803209010065140e-06
1.669062469113591942e+04 2.196600616830502226e-06
1.691959936988537447e+04 2.132334953715492917e-06
1.715171524628349289e+04 2.069949546989604074e-06
1.738701541296715368e+04 2.009389382557864797e-06
1.762554355374093939e+04 1.950601079701752192e-06
1.786734395168758419e+04 1.893532785709051684e-06
1.811246149738891836e+04 1.838134165270884925e-06
1.836094169725964821e+04 1.784356364557263734e-06
1.861283068199619447e+04 1.732151968494669307e-06
1.886817521514053806e+04 1.681474955223206532e-06
1.912702270176206730e+04 1.632280619079689413e-06
1.938942119725846351e+04 1.584525577371622746e-06
1.965541941627689448e+04 1.538167717139223039e-06
1.992506674175851731e+04 1.493166172422699146e-06
2.019841323410617406e+04 1.449481264620156932e-06
2.047550964047796151e+04 1.407074452284937346e-06
2.075640740420901420e+04 1.365908343904675450e-06
2.104115867436167537e+04 1.325946637371263820e-06
2.132981631540714807e+04 1.287154111036831764e-06
2.162243391703993984e+04 1.249496550081918294e-06
2.191906580412650146e+04 1.212940736903254154e-06
2.221976704679126487e+04 1.177454439290098363e-06
2.252459347064012400e+04 1.143006368008233289e-06
2.283360166712468708e+04 1.109566157565672622e-06
2.314684900404826476e+04 1.077104309277681637e-06
2.346439363621673692e+04 1.045592194061758071e-06
2.378629451623481873e+04 1.015002026963527043e-06
2.411261140545067610e+04 9.853068401160476944e-07
2.444340488505086250e+04 9.564804528864080126e-07
2.477873636730693397e+04 9.284974335046359604e-07
2.511866810697722394e+04 9.013331076515234289e-07
2.546326321286429811e+04 8.749635238963167279e-07
2.581258565953089783e+04 8.493654389417558574e-07
2.616670029917750071e+04 8.245162787982263517e-07
2.652567287368171674e+04 8.003941203235198390e-07
2.688957002680365986e+04 7.769776966357523509e-07
2.725845931655839740e+04 7.542463606033338906e-07
2.763240922775783110e+04 7.321800790983758932e-07
2.801148918472561127e+04 7.107593860835647660e-07
2.839576956418559712e+04 6.899653868803414279e-07
2.878532170832693009e+04 6.697797496004574696e-07
2.918021793804967820e+04 6.501846780414951299e-07
2.958053156639068766e+04 6.311629000638761109e-07
2.998633691213438942e+04 6.126976333046373752e-07
3.039770931361034673e+04 5.947725930654652781e-07
3.081472514267982842e+04 5.773719767543079948e-07
3.123746181891394008e+04 5.604804459580426233e-07
3.166599782396747833e+04 5.440831088587716959e-07
3.210041271614873767e+04 5.281654968071763058e-07
3.254078714518921697e+04 5.127135746216176650e-07
3.298720286721715092e+04 4.977137199685819822e-07
3.343974275993512856e+04 4.831527128223862732e-07
3.389849083800660446e+04 4.690177124337706137e-07
3.436353226865343458e+04 4.552962469667795254e-07
3.483495338746678317e+04 4.419762191149520988e-07
3.531284171443622472e+04 4.290458862254999163e-07
3.579728597019758308e+04 4.164938535088357663e-07
3.628837609250358946e+04 4.043090480688111430e-07
3.678620325292183406e+04 3.924807211132524338e-07
3.729085987376026605e+04 3.809984448477568468e-07
3.780243964522575698e+04 3.698520981274032118e-07
3.832103754281786678e+04 3.590318566551196490e-07
3.884674984496065008e+04 3.485281735001019648e-07
3.937967415087775589e+04 3.383317848474237461e-07
3.991990939871142473e+04 3.284337020403820499e-07
4.046755588388998876e+04 3.188252014850755053e-07
4.102271527774882998e+04 3.094978129351602298e-07
4.158549064640521101e+04 3.004433050745969016e-07
4.215598646989266854e+04 2.916536939019496372e-07
4.273430866155803960e+04 2.831212313167373053e-07
4.332056458772450424e+04 2.748383982470622030e-07
4.391486308762359840e+04 2.667978909061709902e-07
4.451731449360265105e+04 2.589926140896106574e-07
4.512803065160663391e+04 2.514156859421279350e-07
4.574712494194385363e+04 2.440604280573745646e-07
4.637471230033442407e+04 2.369203588349226607e-07
4.701090923924837989e+04 2.299891802184794963e-07
4.765583386953640002e+04 2.232607772115926037e-07
4.830960592235728836e+04 2.167292176541554729e-07
4.897234677140643907e+04 2.103887454195397270e-07
4.964417945544813119e+04 2.042337721652802629e-07
5.032522870115935802e+04 1.982588677548520946e-07
5.101562094628382329e+04 1.924587619822671270e-07
5.171548436310678517e+04 1.868283413804895855e-07
5.242494888224952592e+04 1.813626446262945596e-07
5.314414621679140691e+04 1.760568535979552550e-07
5.387320988672250678e+04 1.709062864459165383e-07
5.461227524373218330e+04 1.659065796696058155e-07
5.536147949633625831e+04 1.610533794428402644e-07
5.612096173535156413e+04 1.563421527804588113e-07
5.689086295971654908e+04 1.517687460653342907e-07
5.767132610266962729e+04 1.473291247563640343e-07
5.846249605828382482e+04 1.430193747143966124e-07
5.926451970836697728e+04 1.388356977328923452e-07
6.007754594973040366e+04 1.347744082407528999e-07
6.090172572183215379e+04 1.308319247653758531e-07
6.173721203479810356e+04 1.270047698639804359e-07
6.258415999783022562e+04 1.232895695550087161e-07
6.344272684800084244e+04 1.196830502453100818e-07
6.431307197944562358e+04 1.161820341472694813e-07
6.519535697295443970e+04 1.127834334101367881e-07
6.608974562596915348e+04 1.094842507671090457e-07
6.699640398299302615e+04 1.062815778303451533e-07
6.791550036641694896e+04 1.031725931564563286e-07
6.884720540776907001e+04 1.001545567934880936e-07
6.979169207939167973e+04 9.722480644026060416e-08
7.074913572655571625e+04 9.438075875544504699e-08
7.171971410001158074e+04 9.161990666222306266e-08
7.270360738899085845e+04 8.893981841148630544e-08
7.370099825465746108e+04 8.633813115494409811e-08
7.471207186401932267e+04 8.381255018931720363e-08
7.573701592430485471e+04 8.136084868497631509e-08
7.677602071781134873e+04 7.898086570371883479e-08
7.782927913722993981e+04 7.667050482424605318e-08
7.889698672145865567e+04 7.442772870159694268e-08
7.997934169190179091e+04 7.225055947924609778e-08
8.107654498927235545e+04 7.013707762594549225e-08
8.218880031089570548e+04 6.808542067053984731e-08
8.331631414852650778e+04 6.609378102845298394e-08
8.445929582668424700e+04 6.416040215079419441e-08
8.561795754151497385e+04 6.228357928770158152e-08
8.679251440018440189e+04 6.046165778934802051e-08
8.798318446081498405e+04 5.869303242735574822e-08
8.919018877296756546e+04 5.697614462099300673e-08
9.041375141867867205e+04 5.530947999811323738e-08
9.165409955406349036e+04 5.369156916873820126e-08
9.291146345148667751e+04 5.212098580439907166e-08
9.418607654231268680e+04 5.059634638925226675e-08
9.547817546024289913e+04 4.911630685438466333e-08
9.678800008524737495e+04 4.767956197088045001e-08
9.811579358809726546e+04 4.628484505066947196e-08
9.946180247551255161e+04 4.493092672098787030e-08
1.008262766359232046e+05 4.361661422567188003e-08
1.022094693858641840e+05 4.234074867612574050e-08
1.036116375170022948e+05 4.110220509620512423e-08
1.050330413438104588e+05 3.989989153797419111e-08
1.064739447518952511e+05 3.873274840465870703e-08
1.079346152469883236e+05 3.759974733976418641e-08
1.094153240046072751e+05 3.649988915819887146e-08
1.109163459204029641e+05 3.543220423739278378e-08
1.124379596611905145e+05 3.439575126738403772e-08
1.139804477166876168e+05 3.338961697529432224e-08
1.155440964519572299e+05 3.241291469089088666e-08
1.171291961605719844e+05 3.146478302616186112e-08
1.187360411185077101e+05 3.054438618839609804e-08
1.203649296387762151e+05 2.965091275331915793e-08
1.220161641268078820e+05 2.878357557204835469e-08
1.236900511365918064e+05 2.794161003102556062e-08
1.253869014275913942e+05 2.712427370201188998e-08
1.271070300224331731e+05 2.633084607884706432e-08
1.288507562653949572e+05 2.556062779738670172e-08
1.306184038816903339e+05 2.481294020273454929e-08
1.324103010375693557e+05 2.408712404806818906e-08
1.342267804012428387e+05 2.338253943292990840e-08
1.360681792046435003e+05 2.269856524490173005e-08
1.379348393060311791e+05 2.203459869987256248e-08
1.398271072534631821e+05 2.139005468287922499e-08
1.417453343491269916e+05 2.076436479689636242e-08
1.436898767145639285e+05 2.015697750808390796e-08
1.456610953567813267e+05 1.956735738783391744e-08
1.476593562352746667e+05 1.899498489142124618e-08
1.496850303299681691e+05 1.843935550595555784e-08
1.517384937100888928e+05 1.789997924968847615e-08
1.538201276039814402e+05 1.737638071252891776e-08
1.559303184698882105e+05 1.686809834196837733e-08
1.580694580676909827e+05 1.637468430993745969e-08
1.602379435316457239e+05 1.589570357877460207e-08
1.624361774441090238e+05 1.543073383487824806e-08
1.646645679102784779e+05 1.497936525141983182e-08
1.669235286339578452e+05 1.454120000713566548e-08
1.692134789943621436e+05 1.411585198280860403e-08
1.715348441239763633e+05 1.370294610842104080e-08
1.738880549874792050e+05 1.330211839457802989e-08
1.762735484617570182e+05 1.291301554857039902e-08
1.786917674170054088e+05 1.253529468075752808e-08
1.811431607989531767e+05 1.216862287525837461e-08
1.836281837122070428e+05 1.181267676329744450e-08
1.861472975047434156e+05 1.146714262617788593e-08
1.887009698535580246e+05 1.113171590106117722e-08
1.912896748514914361e+05 1.080610104661074745e-08
1.939138930952423834e+05 1.049001099246488440e-08
1.965741117745963275e+05 1.018316700101083081e-08
1.992708247628667450e+05 9.885298653570801971e-09
2.020045327085890458e+05 9.596143407908122688e-09
2.047757431284631894e+05 9.315446503313969510e-09
2.075849705015760846e+05 9.042960408907323293e-09
2.104327363649150066e+05 8.778444881475818383e-09
2.133195694101925765e+05 8.521666806175566479e-09
2.162460055819960253e+05 8.272399892378010070e-09
2.192125881772906287e+05 8.030424483761059310e-09
2.222198679462815635e+05 7.795527170120893554e-09
2.252684031946583127e+05 7.567500887412958111e-09
2.283587598872505187e+05 7.346144677777736468e-09
2.314915117530964199e+05 7.131263497036624546e-09
2.346672403919576027e+05 6.922667954971849524e-09
2.378865353822934558e+05 6.720174058769229549e-09
2.411499943907183770e+05 6.523603342221363428e-09
2.444582232829554705e+05 6.332782567921871041e-09
2.478118362363233173e+05 6.147543624019680513e-09
2.512114558537510457e+05 5.967723190814578194e-09
2.546577132793720230e+05 5.793162682106748191e-09
2.581512483156927628e+05 5.623708260174075109e-09
2.616927095423747669e+05 5.459210594498164074e-09
2.652827544366431539e+05 5.299524762790863571e-09
2.689220494953504531e+05 5.144509936088426037e-09
2.726112703587073484e+05 4.994029433341371801e-09
2.763511019357245532e+05 4.847950643863699380e-09
2.801422385313578416e+05 4.706144853292939782e-09
2.839853839754150249e+05 4.568487110149062453e-09
2.878812517532178899e+05 4.434855989650362594e-09
2.918305651380634517e+05 4.305133690026136528e-09
2.958340573254998890e+05 4.179205899162229843e-09
2.998924715694463812e+05 4.056961671669246561e-09
3.040065613201796077e+05 3.938293273265338422e-09
3.081770903642078629e+05 3.823096013617329859e-09
3.124048329660786549e+05 3.711268360227077085e-09
3.166905740121109993e+05 3.602711775130735491e-09
3.210351091561200446e+05 3.497330628485166435e-09
3.254392449671261129e+05 3.395032013356871052e-09
3.299037990790968179e+05 3.295725699878866458e-09
3.344296003427414107e+05 3.199324164614836495e-09
3.390174889793900074e+05 3.105742470798205418e-09
3.436683167369763833e+05 3.014898174589595413e-09
3.483829470481750323e+05 2.926711165637075315e-09
3.531622551906886511e+05 2.841103677179344609e-09
3.580071284497536253e+05 2.758000262576859213e-09
3.629184662828602595e+05 2.677327711019202146e-09
3.678971804867406026e+05 2.599014939749683345e-09
3.729441953666433110e+05 2.522992876317959564e-09
3.780604479079348384e+05 2.449194495553489050e-09
3.832468879500456387e+05 2.377554761557909517e-09
3.885044783628201112e+05 2.308010570400943160e-09
3.938341952252617921e+05 2.240500633045927978e-09
3.992370280067550484e+05 2.174965397327905702e-09
4.047139797507558251e+05 2.111347094333830650e-09
4.102660672610084293e+05 2.049589662656995828e-09
4.158943212903172825e+05 1.989639254710027553e-09
4.215997867319078650e+05 1.931447130042767533e-09
4.273835228134133504e+05 1.874956996953620964e-09
4.332466032935158582e+05 1.820119071699400703e-09
4.391901166613029200e+05 1.766885047566814272e-09
4.452151663383328123e+05 1.715208039918921690e-09
4.513228708834988647e+05 1.665042491030732389e-09
4.575143642006846494e+05 1.616344168770935744e-09
4.637907957492762944e+05 1.569070158389326040e-09
4.701533307575608487e+05 1.523178824122853692e-09
4.766031504390555783e+05 1.478629739910356752e-09
4.831414522117929882e+05 1.435383625483954816e-09
4.897694499206373584e+05 1.393402356244288517e-09
4.964883740626211511e+05 1.352648938016881332e-09
5.032994720154019888e+05 1.313087484704933846e-09
5.102040082688324037e+05 1.274683137192869032e-09
5.172032646597156418e+05 1.237402030574278446e-09
5.242985406097812811e+05 1.201211304245886478e-09
5.314911533669262426e+05 1.166079067806496889e-09
5.387824382497550687e+05 1.131974389299474061e-09
5.461737488954970613e+05 1.098867207387633894e-09
5.536664575113040628e+05 1.066728332257218212e-09
5.612619551289958181e+05 1.035529437436152066e-09
5.689616518633214291e+05 1.005243036453534708e-09
5.767669771737382980e+05 9.758424582746617270e-10
5.846793801297973841e+05 9.473017842163239349e-10
5.927003296801635297e+05 9.195958542473858432e-10
6.008313149253317388e+05 8.927002502291469233e-10
6.090738453940695617e+05 8.665912814359767726e-10
6.174294513236812782e+05 8.412459509310601426e-10
6.258996839440782787e+05 8.166419117102089585e-10
6.344861157657852164e+05 7.927574772459203521e-10
6.431903408718676073e+05 7.695715983452503661e-10
6.520139752138794865e+05 7.470638558486802893e-10
6.609586569118662737e+05 7.252144191057855636e-10
6.700260465584868798e+05 7.040040238054462363e-10
6.792178275272940518e+05 6.834139759194081965e-10
6.885357062852740055e+05 6.634261307403965245e-10
6.979814127096333541e+05 6.440228878381153542e-10
7.075567004089711700e+05 6.251871461558905959e-10
7.172633470488289604e+05 6.069023013658004597e-10
7.271031546817193739e+05 5.891522378310019751e-10
7.370779500816789223e+05 5.719213162593895047e-10
7.471895850834116573e+05 5.551943617927241470e-10
7.574399369260886451e+05 5.389566296224074039e-10
7.678309086018464295e+05 5.231938079879554807e-10
7.783644292091028765e+05 5.078920041072650436e-10
7.890424543106715428e+05 4.930377380517452758e-10
7.998669662968363846e+05 4.786179262348986683e-10
8.108399747533731861e+05 4.646198555118368943e-10
8.219635168346352875e+05 4.510311897595050636e-10
8.332396576417537872e+05 4.378399529213196423e-10
8.446704906060294015e+05 4.250345263467256462e-10
8.562581378775677877e+05 4.126036278574986516e-10
8.680047507192845223e+05 4.005362985683493003e-10
8.799125099062602967e+05 3.888219041950246526e-10
8.919836261306311935e+05 3.774501214155817805e-10
9.042203404119919287e+05 3.664109348921380341e-10
9.166249245134475641e+05 3.556946157054250257e-10
9.291996813633705024e+05 3.452917181280931318e-10
9.419469454829444876e+05 3.351930746166320873e-10
9.548690834195590578e+05 3.253897872627728564e-10
9.679684941861859988e+05 3.158732209729078529e-10
9.812476097067309311e+05 3.066349873272420289e-10
9.947088952675500186e+05 2.976669447876583992e-10
1.008354849975116900e+06 2.889611902690338042e-10
1.022188007219992229e+06 2.805100544071263952e-10
1.036210935147148091e+06 2.723060921376865981e-10
1.050426237132748822e+06 2.643420708813268808e-10
1.064836552267476683e+06 2.566109731875586730e-10
1.079444555846463423e+06 2.491059860440863770e-10
1.094252959865995217e+06 2.418204989595433285e-10
1.109264513526962139e+06 2.347480919416077704e-10
1.124482003745281603e+06 2.278825307620411143e-10
1.139908255669277161e+06 2.212177660261151284e-10
1.155546133204174694e+06 2.147479248848445350e-10
1.171398539543789811e+06 2.084673085270887164e-10
1.187468417709515430e+06 2.023703812991031086e-10
1.203758751096679596e+06 1.964517697902641211e-10
1.220272564028447960e+06 1.907062589750809759e-10
1.237012922317257151e+06 1.851287867825618394e-10
1.253982933834020980e+06 1.797144395480540749e-10
1.271185749085090589e+06 1.744584445732643834e-10
1.288624561797155067e+06 1.693561704247659523e-10
1.306302609510163311e+06 1.644031212641704241e-10
1.324223174178374698e+06 1.595949339178798674e-10
1.342389582779667806e+06 1.549273717812251616e-10
1.360805207933173049e+06 1.503963198971315741e-10
1.379473468525444157e+06 1.459977863493161122e-10
1.398397830345135648e+06 1.417278953061117480e-10
1.417581806726468261e+06 1.375828859821822486e-10
1.437028959201463964e+06 1.335591049951113068e-10
1.456742898161154706e+06 1.296530055628543327e-10
1.476727283525855513e+06 1.258611463680904043e-10
1.496985825424640672e+06 1.221801865035225481e-10
1.517522284884110093e+06 1.186068836641197990e-10
1.538340474526670529e+06 1.151380878121993539e-10
1.559444259278308135e+06 1.117707419040946061e-10
1.580837557086156914e+06 1.085018792647587416e-10
1.602524339645849308e+06 1.053286202168550567e-10
1.624508633138871286e+06 1.022481691550958531e-10
1.646794518980029738e+06 9.925781019855249616e-11
1.669386134575178847e+06 9.635490843223769560e-11
1.692287674089309992e+06 9.353690634791028352e-11
1.715503389225247549e+06 9.080132182912765924e-11
1.739037590012934292e+06 8.814574433216096604e-11
1.762894645609637955e+06 8.556783244223876053e-11
1.787078985111068003e+06 8.306531502829466328e-11
1.811595098373645684e+06 8.063598730731190105e-11
1.836447536848056829e+06 7.827770984258421716e-11
1.861640914424231742e+06 7.598840381080729907e-11
1.887179908287928207e+06 7.376605115938847184e-11
1.913069259789030068e+06 7.160869408167628642e-11
1.939313775321834255e+06 6.951443209332528282e-11
1.965918327217307640e+06 6.748142062168710712e-11
1.992887854647692991e+06 6.550786719188884628e-11
2.020227364543443313e+06 6.359203245216517009e-11
2.047941932522773743e+06 6.173222870107276303e-11
2.076036703833957203e+06 5.992681776855034598e-11
2.104516894310554489e+06 5.817420921586178713e-11
2.133387791339706164e+06 5.647285756749894442e-11
2.162654754843807314e+06 5.482126364879806324e-11
2.192323218275510706e+06 5.321797260679290812e-11
2.222398689626518171e+06 5.166157237268359673e-11
2.252886752450113185e+06 5.015069152725959926e-11
2.283793066897759680e+06 4.868399775464709025e-11
2.315123370769923087e+06 4.726019882374132296e-11
2.346883480581305455e+06 4.587804054228906977e-11
2.379079292640655767e+06 4.453630577343937481e-11
2.411716784145489335e+06 4.323411550639241602e-11
2.444802014291692059e+06 4.197704119103719243e-11
2.478341125398481265e+06 4.076481790051446996e-11
2.512340344048699830e+06 3.959729297683879311e-11
2.546805982244798914e+06 3.847441477975028234e-11
2.581744438580670860e+06 3.739621765629484509e-11
2.617162199429555796e+06 3.636280446381201575e-11
2.653065840148256626e+06 3.537432543328933986e-11
2.689462026297821198e+06 3.443095442149140534e-11
2.726357514881089330e+06 3.353286240404536306e-11
2.763759155597049277e+06 3.268019033376184894e-11
2.801673892112575471e+06 3.187302198843370331e-11
2.840108763351480942e+06 3.111135727361959597e-11
2.879070904801318422e+06 3.039508721283737851e-11
2.918567549838093109e+06 2.972397049669417561e-11
2.958606031069158111e+06 2.909761448692680888e-11
2.999193781694477890e+06 2.851545988075339586e-11
3.040338336886695120e+06 2.797676980966137225e-11
3.082047335189950652e+06 2.748062357038264605e-11
3.124328519938074052e+06 2.702591429275743229e-11
3.167189740692091640e+06 2.661135277900130091e-11
