8.893448885251725500e+00 7.945086078686813651e-04
9.009381897936554751e+00 1.064416341973703582e-03
9.126951055988644868e+00 1.441358984956049236e-03
9.246179450084227369e+00 1.968440378946350114e-03
9.367090496774864050e+00 2.705069361136631934e-03
9.489707943086351349e+00 3.731993469369341426e-03
9.614055871182818791e+00 5.156948628689574099e-03
9.740158703096337689e+00 7.121087549356676372e-03
9.868041205523475412e+00 9.805859689277190983e-03
9.997728494689564371e+00 1.343881116755629712e-02
1.012924604128143358e+01 1.829674524112641365e-02
1.026261967544997233e+01 2.470674756092458568e-02
1.039787559188309096e+01 3.304408807708578144e-02
1.053504035495051028e+01 4.378585566051726441e-02
1.067414090392088788e+01 5.744989952352080875e-02
1.081520455825276983e+01 7.439082938185181959e-02
1.095825902296022569e+01 9.502779514593090449e-02
1.110333239405401429e+01 1.197375617492212330e-01
1.125045316405973317e+01 1.488138473453345378e-01
1.139965022761371571e+01 1.824342903210219857e-01
1.155095288713809332e+01 2.206305761182297820e-01
1.170439085859561068e+01 2.633137249801323909e-01
1.185999427732606826e+01 3.103349279852589682e-01
1.201779370396477020e+01 3.615058932896701993e-01
1.217782013044479328e+01 4.165508019364252412e-01
1.234010498608368245e+01 4.750789896296647719e-01
1.250468014375627135e+01 5.365055953330837291e-01
1.267157792615462952e+01 5.998969712099426754e-01
1.284083111213604234e+01 6.649940799189699714e-01
1.301247294316105929e+01 7.321068426009673669e-01
1.318653712982189141e+01 8.014937549856102628e-01
1.336305785846345451e+01 8.734663589270685868e-01
1.354206979789737630e+01 9.483741920843320461e-01
1.372360810621106708e+01 1.026590255791451689e+00
1.390770843767286280e+01 1.108531754412974246e+00
1.409440694973440245e+01 1.194637325296609376e+00
1.428374031013216872e+01 1.285320698874131917e+00
1.447574570408882977e+01 1.380906000953298296e+00
1.467046084161668418e+01 1.481588640000996993e+00
1.486792396492376334e+01 1.587475306349010573e+00
1.506817385592466430e+01 1.698613358158303832e+00
1.527124984385749329e+01 1.815009492149511239e+00
1.547719181300790936e+01 1.936613732474230964e+00
1.568604021054269637e+01 2.063305643662975086e+00
1.589783605445333414e+01 2.194846086707571864e+00
1.611262094161226699e+01 2.330964015506467923e+00
1.633043705594234751e+01 2.471431534602158031e+00
1.655132717670177911e+01 2.616112740128452074e+00
1.677533468688622875e+01 2.764923204566124504e+00
1.700250358174906751e+01 2.917893638039359416e+00
1.723287847744209955e+01 3.075086069557750434e+00
1.746650461977821323e+01 3.236483529066308762e+00
1.770342789311786191e+01 3.402016826380702241e+00
1.794369482938049387e+01 3.571420873888193626e+00
1.818735261718378382e+01 3.744238043572176267e+00
1.843444911111115658e+01 3.919876410281570855e+00
1.868503284111087126e+01 4.097700999549445555e+00
1.893915302202696083e+01 4.277079512021241925e+00
1.919685956326524945e+01 4.457295852328961416e+00
1.945820307859570164e+01 4.637418772163210079e+00
1.972323489609275526e+01 4.816469437031996037e+00
1.999200706821644147e+01 4.993711233551231032e+00
2.026457238203530409e+01 5.168731506431536005e+00
2.054098436959405660e+01 5.341211183311132871e+00
2.082129731842713483e+01 5.510512752967200001e+00
2.110556628222081699e+01 5.675643312030514309e+00
2.139384709162600373e+01 5.835373622628614143e+00
2.168619636522312533e+01 5.988574090567759356e+00
2.198267152064238061e+01 6.134292202520841286e+00
2.228333078584023852e+01 6.271685847543054138e+00
2.258823321053588273e+01 6.399882201628791734e+00
2.289743867780823550e+01 6.517924629491567146e+00
2.321100791585720557e+01 6.624830868065696876e+00
2.352900250993094389e+01 6.719851861565310003e+00
2.385148491442080854e+01 6.802460921706952490e+00
2.417851846512787972e+01 6.872305809751505734e+00
2.451016739170183101e+01 6.929136754021929079e+00
2.484649683025599742e+01 6.972660092909833907e+00
2.518757283615985543e+01 7.002660087898153307e+00
2.553346239701247811e+01 7.019275514973976726e+00
2.589119537726399756e+01 7.022722422131570497e+00
2.625607851318136454e+01 7.013057893021905187e+00
2.662606410035685300e+01 6.990674051755149776e+00
2.700122349042685244e+01 6.956196386570635326e+00
2.738162903279445004e+01 6.910491794246784281e+00
2.776735408858203513e+01 6.854443593229611054e+00
2.815847304477898660e+01 6.788657536232669543e+00
2.855506132858701918e+01 6.713305537792532363e+00
2.895719542196663809e+01 6.628305309792670741e+00
2.936495287638632945e+01 6.533614198155671460e+00
2.977841232777850422e+01 6.429349776465500099e+00
3.019765351170435963e+01 6.315834043951856103e+00
3.062275727873095477e+01 6.193634935985294021e+00
3.105380561002310458e+01 6.063640778697912737e+00
3.149088163315360944e+01 5.927062068618299762e+00
3.193406963813412247e+01 5.785284157498818303e+00
3.238345509367070463e+01 5.639552076564942951e+00
3.283912466364631655e+01 5.490945957384248288e+00
3.330116622383389569e+01 5.340406223231683569e+00
3.376966887884351110e+01 5.188720490709842537e+00
3.424472297930545039e+01 5.036596884161212095e+00
3.472642013929518612e+01 4.884638429147988958e+00
3.521485325400049504e+01 4.733257478039069710e+00
3.571011651763653560e+01 4.582744022801149342e+00
3.621230544161115006e+01 4.433258078963120852e+00
3.672151687294417144e+01 4.285051870165678345e+00
3.723784901294440175e+01 4.138509007229419723e+00
3.776140143614770039e+01 3.994227693404392987e+00
3.829227510951987057e+01 3.852893865808483476e+00
3.883057241192810238e+01 3.715135758706141544e+00
3.937639715388505124e+01 3.581364105371109829e+00
3.992985459756784650e+01 3.451801589940071580e+00
4.049105147711892982e+01 3.326477051280456898e+00
4.106009601922890084e+01 3.205431509004645463e+00
4.163709796400839025e+01 3.088664598351261503e+00
4.222216858615129098e+01 2.976183637241412328e+00
4.281542071639411517e+01 2.867939581048416287e+00
4.341696876327534227e+01 2.763799396716842161e+00
4.402692873519910677e+01 2.663611692787591245e+00
4.464541826280734682e+01 2.567267296802647536e+00
4.527255662166481898e+01 2.474684740884368850e+00
4.590846475526173975e+01 2.385802767610793573e+00
4.655326529833680382e+01 2.300530659504605779e+00
4.720708260052846583e+01 2.218705497708355345e+00
4.787004275035474876e+01 2.140123773542037533e+00
4.854227359952987797e+01 2.064577502017868049e+00
4.922390478762032728e+01 1.991904547839495443e+00
4.991506776704583359e+01 1.922007134787167004e+00
5.061589582842984925e+01 1.854828443442738006e+00
5.132652412630473293e+01 1.790313584443151029e+00
5.204708970517624778e+01 1.728407992632679413e+00
5.277773152595239736e+01 1.669013860076843159e+00
5.351859049274253977e+01 1.612014658503664766e+00
5.426980948002965732e+01 1.557284199002352043e+00
5.503153336022500497e+01 1.504699121246292126e+00
5.580390903160564875e+01 1.454143288577324444e+00
5.658708544664429496e+01 1.405541075811485463e+00
5.738121364073456476e+01 1.358830580320470105e+00
5.818644676131820859e+01 1.313948804603782161e+00
5.900294009741951129e+01 1.270830994848870965e+00
5.983085110959277131e+01 1.229394117080745197e+00
6.067033946028853109e+01 1.189565410492097186e+00
6.152156704464437098e+01 1.151267558415286274e+00
6.238469802170655498e+01 1.114430419549721663e+00
6.325989884608763703e+01 1.078992012356621011e+00
6.414733830006797177e+01 1.044898734104905635e+00
6.504718752614445521e+01 1.012102531659597293e+00
6.595962006003576050e+01 9.805346286226135355e-01
6.688481186414871615e+01 9.501293353192843405e-01
6.782294136151246278e+01 9.208120143946070257e-01
6.877418947018735196e+01 8.925077515136856654e-01
6.973873963815493937e+01 8.651420626143311310e-01
7.071677787869589338e+01 8.386480916705449928e-01
7.170849280626262612e+01 8.129792615213804474e-01
7.271407567285348250e+01 7.881051808464913933e-01
7.373372040489564938e+01 7.640017688373861304e-01
7.476762364064434507e+01 7.406452273569872347e-01
7.581598476810303566e+01 7.180025217724645969e-01
7.687900596347732574e+01 6.960397421440145393e-01
7.795689223016299252e+01 6.747227814305802873e-01
7.904985143828163530e+01 6.540162700194649403e-01
8.015809436476799021e+01 6.338911713769150857e-01
8.128183473401868753e+01 6.143254819977403969e-01
8.242128925910849091e+01 5.953030972660902087e-01
8.357667768358359695e+01 5.768173758016219566e-01
8.474822282383904337e+01 5.588622891617069932e-01
8.593615061208869577e+01 5.414350144327495507e-01
8.714069013993703550e+01 5.245299698632708285e-01
8.836207370255762328e+01 5.081370820810744426e-01
8.960053684349335867e+01 4.922415940100597354e-01
9.085631840007935978e+01 4.768285770501687892e-01
9.212966054950338446e+01 4.618819653214338850e-01
9.342080885550953440e+01 4.473866140135305258e-01
9.473001231575518943e+01 4.333285357922966874e-01
9.605752340983008253e+01 4.196969314132195095e-01
9.740359814794703652e+01 4.064854280015364196e-01
9.876849612031332981e+01 3.936915551349646769e-01
1.001524805471924822e+02 3.813105005924128932e-01
1.015558183296673462e+02 3.693388248042002164e-01
1.029787801011094786e+02 3.577731829325192514e-01
1.044216402793737188e+02 3.466069300114087426e-01
1.058846771197173098e+02 3.358322892240137580e-01
1.073681727684623155e+02 3.254380262348091080e-01
1.088724133174075774e+02 3.154090317482047823e-01
1.103976888590009366e+02 3.057293710226436367e-01
1.119442935422840009e+02 2.963802325730731102e-01
1.135125256296184375e+02 2.873422964835907756e-01
1.151026875542058150e+02 2.785955839247864496e-01
1.167150859784116790e+02 2.701234602314961375e-01
1.183500318529063691e+02 2.619103005869367617e-01
1.200078404766292266e+02 2.539426275406124756e-01
1.216888315575972968e+02 2.462104298800673607e-01
1.233933292745582690e+02 2.387060046994904372e-01
1.251216623395094132e+02 2.314230057568888999e-01
1.268741640610895161e+02 2.243569274147303449e-01
1.286511724088572350e+02 2.175015763266603397e-01
1.304530300784686858e+02 2.108505957419981591e-01
1.322800845577658038e+02 2.043977640931091688e-01
1.341326881937897326e+02 1.981368490241532943e-01
1.360111982607303105e+02 1.920611162724749077e-01
1.379159770288277969e+02 1.861648359417422682e-01
1.398473918342336901e+02 1.804424132434387928e-01
1.418058151498550501e+02 1.748886667142411921e-01
1.437916246571828367e+02 1.694993326867912931e-01
1.458052033191293333e+02 1.642714398438078760e-01
1.478469394538817028e+02 1.592023997421595505e-01
1.499172268097896108e+02 1.542888981236802959e-01
1.520164646412990237e+02 1.495283950498634828e-01
1.541450577859486941e+02 1.449185175912817147e-01
1.563034167424427494e+02 1.404564103421612753e-01
1.584919577498151284e+02 1.361388804100930328e-01
1.607111028677025786e+02 1.319627201103159564e-01
1.629612800577354790e+02 1.279236312870516423e-01
1.652429232660745129e+02 1.240169750362470902e-01
1.675564725070934458e+02 1.202382556310167550e-01
1.699023739482376527e+02 1.165832733183158609e-01
1.722810799960667794e+02 1.130476719381775519e-01
1.746930493835016875e+02 1.096273573784080080e-01
1.771387472582903797e+02 1.063184852814650361e-01
1.796186452727122571e+02 1.031172365450623296e-01
1.821332216745357755e+02 1.000197989799503917e-01
1.846829613992481143e+02 9.702246513891321644e-02
1.872683561635768115e+02 9.412114383861225342e-02
1.898899045603130276e+02 9.131175331417962227e-02
1.925481121544704308e+02 8.859024409277216350e-02
1.952434915807790219e+02 8.595213906720011732e-02
1.979765626425484868e+02 8.339324378878054667e-02
2.007478524119120209e+02 8.090969510779710827e-02
2.035578953314717126e+02 7.849787680913544730e-02
2.064072333173659501e+02 7.615440991768945844e-02
2.092964158637778098e+02 7.387607791241151967e-02
2.122260001489046317e+02 7.165996017306813792e-02
2.151965511424099020e+02 6.950318765168983504e-02
2.182086417143776202e+02 6.740337870421136968e-02
2.212628527457897292e+02 6.535846345067064522e-02
2.243597732405501404e+02 6.336651088421896283e-02
2.275000004390720960e+02 6.142605688352487103e-02
2.306841399334570610e+02 5.953607934428195581e-02
2.339128057842828525e+02 5.769560258932854291e-02
2.371866206390250795e+02 5.590386493142113222e-02
2.405062158521342042e+02 5.416015283431696581e-02
2.438722316067928091e+02 5.246370802814015466e-02
2.472853170383740178e+02 5.081393583475352083e-02
2.507461303596277276e+02 4.921040442608826115e-02
2.542553389876162271e+02 4.765283440121992342e-02
2.578136196724253750e+02 4.614091111967721925e-02
2.614216586276781982e+02 4.467426508291511000e-02
2.650801516628648642e+02 4.325252876106805422e-02
2.687898043175375165e+02 4.187508588315669300e-02
2.725513319973669013e+02 4.054122842894719581e-02
2.763654601121110659e+02 3.925019827027920183e-02
2.802329242155100815e+02 3.800135951582378491e-02
2.841544701471373742e+02 3.679392253176608230e-02
2.881308541762346636e+02 3.562699829915771943e-02
2.921628431475578509e+02 3.449979039439640682e-02
2.962512146292639841e+02 3.341139840294041208e-02
3.003967570628635144e+02 3.236082185931107857e-02
3.046002699152741684e+02 3.134695959244804264e-02
3.088625638329919525e+02 3.036868829578684426e-02
3.131844607984317577e+02 2.942485032005734413e-02
3.175667942884406898e+02 2.851425553654896028e-02
3.220104094350363084e+02 2.763568775367158947e-02
3.265161631883896121e+02 2.678795438639119952e-02
3.310849244820877857e+02 2.596990280474137380e-02
3.357175744007080880e+02 2.518035042958319258e-02
3.404150063497336305e+02 2.441811464184973079e-02
3.451781262278503277e+02 2.368199307310780988e-02
3.500078526016411615e+02 2.297075411851134952e-02
3.549051168827426750e+02 2.228320707882255891e-02
3.598708635074553399e+02 2.161817333517884743e-02
3.649060501188901071e+02 2.097459647052893339e-02
3.700116477516378950e+02 2.035150134298069347e-02
3.751886410190437005e+02 1.974793624225210098e-02
3.804380283030818646e+02 1.916295665984449337e-02
3.857608219468969537e+02 1.859568206212541819e-02
3.911580484500336752e+02 1.804529762627271605e-02
3.966307486663953341e+02 1.751108192137613984e-02
4.021799780049776700e+02 1.699236808477457006e-02
4.078068066333938191e+02 1.648852005281008226e-02
4.135123196842691300e+02 1.599895769992321082e-02
4.192976174644958292e+02 1.552316279591073322e-02
4.251638156674389393e+02 1.506068155105851070e-02
4.311120455880854934e+02 1.461110188500909512e-02
4.371434543412258904e+02 1.417404491726008409e-02
4.432592050826672221e+02 1.374915832877024457e-02
4.494604772335492839e+02 1.333611184642728709e-02
4.557484667077974905e+02 1.293461610834550912e-02
4.621243861427515185e+02 1.254441244497908614e-02
4.685894651330283978e+02 1.216526275184597050e-02
4.751449504676380116e+02 1.179695036573227829e-02
4.817921063704410471e+02 1.143927721184198609e-02
4.885322147439388800e+02 1.109205913251780362e-02
4.953665754165035651e+02 1.075510523736754320e-02
5.022965063930329279e+02 1.042822599216698676e-02
5.093233441091441023e+02 1.011122762481961312e-02
5.164484436888926666e+02 9.803904004679377115e-03
5.236731792061132182e+02 9.506043554940925289e-03
5.309989439494081580e+02 9.217434239360028370e-03
5.384271506908430638e+02 8.937870716541222726e-03
5.459592319583999824e+02 8.667133829981764348e-03
5.535966403122382644e+02 8.405004239344524009e-03
5.613408486248265490e+02 8.151256343325023745e-03
5.691933503649731847e+02 7.905656352708609336e-03
5.771556598858586540e+02 7.667972345311649396e-03
5.852293127170599973e+02 7.437965976366797682e-03
5.934158658606937706e+02 7.215401560811102177e-03
6.017168980916723058e+02 7.000041710785658011e-03
6.101340102621745700e+02 6.791658939578046339e-03
6.186688256103695949e+02 6.590020428251061602e-03
6.273229900734577313e+02 6.394891926146145655e-03
6.360981726050882799e+02 6.206040278232176355e-03
6.449960654972171596e+02 6.023110521557607788e-03
6.540183847064705560e+02 5.845859050761688380e-03
6.631668701850512662e+02 5.674109666388323092e-03
6.724432862163104119e+02 5.507648409727665395e-03
6.818494217549658742e+02 5.346271818825715227e-03
6.913870907721224057e+02 5.189786050701444831e-03
7.010581326050810276e+02 5.037992573703513333e-03
7.108644123120609493e+02 4.890663841773074810e-03
7.208078210318756192e+02 4.747581466491158919e-03
7.308902763486355525e+02 4.608598165063086671e-03
7.411137226615581994e+02 4.473546272869204782e-03
7.514801315599391955e+02 4.342268586082869558e-03
7.619915022033834475e+02 4.214618363232416204e-03
7.726498617073241348e+02 4.090459070096506139e-03
7.834572655339758285e+02 3.969659686836685131e-03
7.944157978887033096e+02 3.852102999297887104e-03
8.055275721219858269e+02 3.737679315154361637e-03
8.167947311369570116e+02 3.626290209997294622e-03
8.282194478026719935e+02 3.517848884499363143e-03
8.398039253731429881e+02 3.412277681864389622e-03
8.515503979122372584e+02 3.309507707817176125e-03
8.634611307245133958e+02 3.209478063932787867e-03
8.755384207920861854e+02 3.112132953636267269e-03
8.877845972176050964e+02 3.017420124412325752e-03
9.002020216734034648e+02 2.925292049860802462e-03
9.127930888569726449e+02 2.835706268588200629e-03
9.255602269527500994e+02 2.748620266430424827e-03
9.385058981004209500e+02 2.663994609966455207e-03
9.516325988697220737e+02 2.581790029511706053e-03
9.649428607419142736e+02 2.501968081512075115e-03
9.784392505979732277e+02 2.424489490225886085e-03
9.921243712136158592e+02 2.349313960642862575e-03
1.006000861761242163e+03 2.276400924271636261e-03
1.020071398318899128e+03 2.205706620599632434e-03
1.034338694386369298e+03 2.137186764351492810e-03
1.048805501408449345e+03 2.070795396404780803e-03
1.063474609305592594e+03 2.006484343784597363e-03
1.078348847011915268e+03 1.944204036875164104e-03
1.093431083020782580e+03 1.883903617609317127e-03
1.108724225937985238e+03 1.825530409339746682e-03
1.124231225042655296e+03 1.769030989601157525e-03
1.139955070856040265e+03 1.714378663025779154e-03
1.155898795718236443e+03 1.661510236080757097e-03
1.172065474372964445e+03 1.610350386477638063e-03
1.188458224560519511e+03 1.560841530391458495e-03
1.205080207619058456e+03 1.512926610682068657e-03
1.221934629094226693e+03 1.466549588836220386e-03
1.239024739357385442e+03 1.421656470715969116e-03
1.256353834232404324e+03 1.378195857298317867e-03
1.273925255631301525e+03 1.336133772687843162e-03
1.291742392198690368e+03 1.295404306264190224e-03
1.309808679965319243e+03 1.255959211052543566e-03
1.328127603010665325e+03 1.217752307937060297e-03
1.346702694134881540e+03 1.180739300543553680e-03
1.365537535540074487e+03 1.144877977091052906e-03
1.384635759521117052e+03 1.110128035952970792e-03
1.404001049166174653e+03 1.076450330913885332e-03
1.423637139066943064e+03 1.043811381836902766e-03
1.443547816038907968e+03 1.012172675160149561e-03
1.463736919851586208e+03 9.814997834963973614e-04
1.484208343969072530e+03 9.517601637801962819e-04
1.504966036300841779e+03 9.229230328380239393e-04
1.526013999963155129e+03 8.949593296430041582e-04
1.547356294051008945e+03 8.678419489857877936e-04
1.568997034420973023e+03 8.415449731400295556e-04
1.590940394484915942e+03 8.160434244930091230e-04
1.613190606014826244e+03 7.913129282789599546e-04
1.635751959958954103e+03 7.673306100892179557e-04
1.658628807269265053e+03 7.440739315291533366e-04
1.681825559740577546e+03 7.215210645456320016e-04
1.705346690861320440e+03 6.996508564940748937e-04
1.729196736676297633e+03 6.784428769139442573e-04
1.753380296661410512e+03 6.578773514346360207e-04
1.777902034610719738e+03 6.379349272699940190e-04
1.802766679535801131e+03 6.185969178302240523e-04
1.827979026577784452e+03 5.998452196226888508e-04
1.853543937932074186e+03 5.816620849147203717e-04
1.879466343786007656e+03 5.640302704242516549e-04
1.905751243269653287e+03 5.469330544924065618e-04
1.932403705419910693e+03 5.303542225392199327e-04
1.959428870158056270e+03 5.142780531550887949e-04
1.986831949280951676e+03 4.986893026683262425e-04
2.014618227466193048e+03 4.835731887802320605e-04
2.042793063291197313e+03 4.689153780815108474e-04
2.071361890266666705e+03 4.547019704911701293e-04
2.100330217884373269e+03 4.409194887437669318e-04
2.129703632679721522e+03 4.275548652036820479e-04
2.159487799309089041e+03 4.145954275845413657e-04
2.189688461642231687e+03 4.020288892308460961e-04
2.220311443870007679e+03 3.898433342081285800e-04
2.251362651627587638e+03 3.780272089218381266e-04
2.282848073133341586e+03 3.665693110424736445e-04
2.314773780343629824e+03 3.554587770456863784e-04
2.347145930123853304e+03 3.446850744168467734e-04
2.379970765435719386e+03 3.342379883659748162e-04
2.413254616541275936e+03 3.241076142868031928e-04
2.447003902223624664e+03 3.142843487515068011e-04
2.481225131024850270e+03 3.047588788134844660e-04
2.515924902501158158e+03 2.955221754097445575e-04
2.551109908495581749e+03 2.865654820472880639e-04
2.586786934428519089e+03 2.778803077493409738e-04
2.622962860606322465e+03 2.694584196699710641e-04
2.659644663548144763e+03 2.612918341567604594e-04
2.696839417331325876e+03 2.533728107589101755e-04
2.734554294955699788e+03 2.456938429886684067e-04
2.772796569726822327e+03 2.382476517931294765e-04
2.811573616658715309e+03 2.310271792215038171e-04
2.850892913896041136e+03 2.240255811165204475e-04
2.890762044156349020e+03 2.172362216883540805e-04
2.931188696192359657e+03 2.106526658558040624e-04
2.972180666274717623e+03 2.042686735555398645e-04
3.013745859695525724e+03 1.980781940314494055e-04
3.055892292292898674e+03 1.920753598985615752e-04
3.098628091996799412e+03 1.862544823446608041e-04
3.141961500396459087e+03 1.806100446417996906e-04
3.185900874329865928e+03 1.751366974334770711e-04
3.230454687495271173e+03 1.698292534384518958e-04
3.275631532085443723e+03 1.646826825581987428e-04
3.321440120444568947e+03 1.596921078482743802e-04
3.367889286748512404e+03 1.548527997548937397e-04
3.414987988708452576e+03 1.501601723802841316e-04
3.462745309298343727e+03 1.456097787689277032e-04
3.511170458506596333e+03 1.411973067074332919e-04
3.560272775112241561e+03 1.369185749529981677e-04
3.610061728485891763e+03 1.327695289402552317e-04
3.660546920415859404e+03 1.287462372014719011e-04
3.711738086959961038e+03 1.248448874542087386e-04
3.763645100323006318e+03 1.210617829516547886e-04
3.816277970760747849e+03 1.173933387424112699e-04
3.869646848510261862e+03 1.138360789807313237e-04
3.923762025747508687e+03 1.103866331592569272e-04
3.978633938572128045e+03 1.070417330874036009e-04
4.034273169020029854e+03 1.037982095173140321e-04
4.090690447104138457e+03 1.006529889983559327e-04
4.147896652883729075e+03 9.760309166052507030e-05
4.205902818562602079e+03 9.464562788043582144e-05
4.264720130616587994e+03 9.177779582895977855e-05
4.324359931950983082e+03 8.899687852841531212e-05
4.384833724087886367e+03 8.630024102483326758e-05
4.446153169384400826e+03 8.368532864227852075e-05
4.508330093281582776e+03 8.114966401854802405e-05
4.571376486585091698e+03 7.869084508726348088e-05
4.635304507777559593e+03 7.630654261725597527e-05
4.700126485363333813e+03 7.399449757105052046e-05
4.765854920246038091e+03 7.175251978322363770e-05
4.832502488139412890e+03 6.957848532769376777e-05
4.900082042011806152e+03 6.747033482277988315e-05
4.968606614564782831e+03 6.542607142952461480e-05
5.038089420746619908e+03 6.344375844934761993e-05
5.108543860300661436e+03 6.152151816968026883e-05
5.179983520349605897e+03 5.965752967335193340e-05
5.252422178015612189e+03 5.785002736202599885e-05
5.325873803077366574e+03 5.609729931087747631e-05
5.400352560664089651e+03 5.439768519025775040e-05
5.475872813987239169e+03 5.274957514740649992e-05
5.552449127110477093e+03 5.115140803957612513e-05
5.630096267758408430e+03 4.960167014062238488e-05
5.708829210164481083e+03 4.809889373597108029e-05
5.788663137958699735e+03 4.664165544851031652e-05
5.869613447095944139e+03 4.522857506203201833e-05
5.951695748824876318e+03 4.385831413938841078e-05
6.034925872698790954e+03 4.252957488990239169e-05
6.119319869628096058e+03 4.124109895270163060e-05
6.204894014975960090e+03 3.999166607006365056e-05
6.291664811696875404e+03 3.878009293320161207e-05
6.379648993519246687e+03 3.760523201554774163e-05
6.468863528172521910e+03 3.646597065430976078e-05
6.559325620659447850e+03 3.536122997133893083e-05
6.651052716574036822e+03 3.428996382444622160e-05
6.744062505465833055e+03 3.325115773200025559e-05
6.838372924251534641e+03 3.224382783708518738e-05
6.934002160673914659e+03 3.126707599033591502e-05
7.030968656809543063e+03 3.031996216250367458e-05
7.129291112625106507e+03 2.940154263060531039e-05
7.228988489583884075e+03 2.851094787096860109e-05
7.330080014302389827e+03 2.764733467512404128e-05
7.432585182258171699e+03 2.680988542917985234e-05
7.536523761549540723e+03 2.599780734092429959e-05
7.641915796707909067e+03 2.521033170086262943e-05
7.748781612563343515e+03 2.444671301167909336e-05
7.857141818164081087e+03 2.370622834732957686e-05
7.967017310751206423e+03 2.298817669290491338e-05
8.078429279788431813e+03 2.229187832289933628e-05
8.191399211048719735e+03 2.161667414500530643e-05
8.305948890757574191e+03 2.096192500602777958e-05
8.422100409794731604e+03 2.032701111051909759e-05
8.539876167954274933e+03 1.971133140512854737e-05
8.659298878264358791e+03 1.911430310103459391e-05
8.780391571367490542e+03 1.853536110074026312e-05
8.903177599962040404e+03 1.797395739896419712e-05
9.027680643305766353e+03 1.742956062469129519e-05
9.153924711782197846e+03 1.690165543476755607e-05
9.281934151531333555e+03 1.638974214915132273e-05
9.411733649144436640e+03 1.589333625912034249e-05
9.543348236425219511e+03 1.541196790550632912e-05
9.676803295216839615e+03 1.494518152098059941e-05
9.812124562297096418e+03 1.449253525298104640e-05
9.949338134341625846e+03 1.405360067513386214e-05
1.008847047295657103e+04 1.362796237245037683e-05
1.022954840978177708e+04 1.321521748706539997e-05
1.037259915166533938e+04 1.281497542841400126e-05
1.051765028591034388e+04 1.242685736677397054e-05
1.066472978559499097e+04 1.205049596464614409e-05
1.081386601496745425e+04 1.168553504318290949e-05
1.096508773491557804e+04 1.133162919395212134e-05
1.111842410851378190e+04 1.098844352573485352e-05
1.127390470664676650e+04 1.065565324171160381e-05
1.143155951371258561e+04 1.033294338443009922e-05
1.159141893340500792e+04 1.002000856194989136e-05
1.175351379457673647e+04 9.716552623088675928e-06
1.191787535718486470e+04 9.422288428415227763e-06
1.208453531831942746e+04 9.136937504511327766e-06
1.225352581831610041e+04 8.860229806515098748e-06
1.242487944695431179e+04 8.591903485822146799e-06
1.259862924974248017e+04 8.331704622866671650e-06
1.277480873429050007e+04 8.079387020501841633e-06
1.295345187677201648e+04 7.834711915734608647e-06
1.313459312847634828e+04 7.597447776149699494e-06
1.331826742245278001e+04 7.367370087811437644e-06
1.350451018024721816e+04 7.144261144592195479e-06
1.369335731873310760e+04 6.927909838838059153e-06
1.388484525703813233e+04 6.718111459977688899e-06
1.407901092356772278e+04 6.514667495180931321e-06
1.427589176312660493e+04 6.317385443148859785e-06
1.447552574413982984e+04 6.126078646571560396e-06
1.467795136597538112e+04 5.940566082412582891e-06
1.488320766636828193e+04 5.760672235896521629e-06
1.509133422894955220e+04 5.586226902240245172e-06
1.530237119087936480e+04 5.417065030138229607e-06
1.551635925058797511e+04 5.253026573425004795e-06
1.573333967562394537e+04 5.093956321024533578e-06
1.595335431061304917e+04 4.939703782617349656e-06
1.617644558532751580e+04 4.790123022014192850e-06
1.640265652286903423e+04 4.645072524628061027e-06
1.663203074796556029e+04 4.504415062012952217e-06
1.686461249538414268e+04 4.368017552994671294e-06
1.710044661846204326e+04 4.235750963609523486e-06
1.733957859775616453e+04 4.107490163892352656e-06
1.758205454981448565e+04 3.983113819610231625e-06
1.782792123606913447e+04 3.862504268060376185e-06
1.807722607185478773e+04 3.745547401238463777e-06
1.833001713555225069e+04 3.632132583013021920e-06
1.858634317786083921e+04 3.522152521980105168e-06
1.884625363119941176e+04 3.415503183737746173e-06
1.910979861923987482e+04 3.312083683662027202e-06
1.937702896657337260e+04 3.211796181302152234e-06
1.964799620851149666e+04 3.114545814747780124e-06
1.992275260102542234e+04 3.020240587862906619e-06
2.020135113082284442e+04 2.928791298215019955e-06
2.048384552556705239e+04 2.840111446930170015e-06
2.077029026423774849e+04 2.754117141965782572e-06
2.106074058763779976e+04 2.670727045840543260e-06
2.135525250904592394e+04 2.589862276989705829e-06
2.165388282501939102e+04 2.511446349066741640e-06
2.195668912634658773e+04 2.435405097175798482e-06
2.226372980915400694e+04 2.361666590610524317e-06
2.257506408616762565e+04 2.290161086731472437e-06
2.289075199813189101e+04 2.220820949047998027e-06
2.321085442538879943e+04 2.153580594301725552e-06
2.353543309961881459e+04 2.088376430796388884e-06
2.386455061574555657e+04 2.025146784879194556e-06
2.419827044400701197e+04 1.963831855468056625e-06
2.453665694219643046e+04 1.904373647890623956e-06
2.487977536807289653e+04 1.846715927651031751e-06
2.522769189194700812e+04 1.790804167903852602e-06
2.558047360944115280e+04 1.736585490267244519e-06
2.593818855442943823e+04 1.684008616823742306e-06
2.630090571215786258e+04 1.633023820572062634e-06
2.666869503254770461e+04 1.583582883033112449e-06
2.704162744368572385e+04 1.535639049383044018e-06
2.741977486550275717e+04 1.489146983497226688e-06
2.780321022364328019e+04 1.444062713073137083e-06
2.819200746352869101e+04 1.400343601550815617e-06
2.858624156461861639e+04 1.357948303756308246e-06
2.898598855486957837e+04 1.316836729091610396e-06
2.939132552539808239e+04 1.276970005123593486e-06
2.980233064534647565e+04 1.238310427997975373e-06
3.021908317695886944e+04 1.200821438914985375e-06
3.064166349086637638e+04 1.164467586144880303e-06
3.107015308158638436e+04 1.129214493588623184e-06
3.150463458323896339e+04 1.095028829221649007e-06
3.194519178548305717e+04 1.061878265782232580e-06
3.239190964967512991e+04 1.029733251573148745e-06
3.284487432525350596e+04 9.985627466272821320e-07
3.330417316635303723e+04 9.683359329958877788e-07
3.376989474865098600e+04 9.390242379507268970e-07
3.424212888644851773e+04 9.105999519011667655e-07
3.472096664999163477e+04 8.830362037475928561e-07
3.520650038303434121e+04 8.563069351706390441e-07
3.569882372064685478e+04 8.303868787988649004e-07
3.619803160727278737e+04 8.052515336775244920e-07
3.670422031503948529e+04 7.808771399574915356e-07
3.721748746232431586e+04 7.572406573243887611e-07
3.773793203258013818e+04 7.343197407274299200e-07
3.826565439342377067e+04 7.120927237518005006e-07
3.880075631599266490e+04 6.905385972324831553e-07
3.934334099457115371e+04 6.696369872550441965e-07
3.989351306649101753e+04 6.493681383457771854e-07
4.045137863231111987e+04 6.297128896652221325e-07
4.101704527627920470e+04 6.106526624398744271e-07
4.159062208707916579e+04 5.921694415724317729e-07
4.217221967886845232e+04 5.742457565224805283e-07
4.276195021261025977e+04 5.568646679788232935e-07
4.335992741770416615e+04 5.400097458458146005e-07
4.396626661391842936e+04 5.236650588025846250e-07
4.458108473362909717e+04 5.078151590262199768e-07
4.520450034437040449e+04 4.924450655712573740e-07
4.583663367170195852e+04 4.775402535019012114e-07
4.647760662239188969e+04 4.630866345654387682e-07
4.712754280792786449e+04 4.490705475320595730e-07
4.778656756835574924e+04 4.354787458850730707e-07
4.845480799645098887e+04 4.222983836734112310e-07
4.913239296222807025e+04 4.095170057397306730e-07
4.981945313779344724e+04 3.971225319218205778e-07
5.051612102254603815e+04 3.851032477125669434e-07
5.122253096872926835e+04 3.734477941475471478e-07
5.193881920734048617e+04 3.621451563626605988e-07
5.266512387440332532e+04 3.511846531370591321e-07
5.340158503760857275e+04 3.405559265332059882e-07
5.414834472332377482e+04 3.302489314284573980e-07
5.490554694398434367e+04 3.202539273882654804e-07
5.567333772586668056e+04 3.105614696135768279e-07
5.645186513724879478e+04 3.011623980332408500e-07
5.724127931696479936e+04 2.920478312696744237e-07
5.804173250335959165e+04 2.832091558660997232e-07
5.885337906364849914e+04 2.746380192858602690e-07
5.967637552368640900e+04 2.663263224879932854e-07
6.051088059815338056e+04 2.582662107187963003e-07
6.135705522116283828e+04 2.504500681619173404e-07
6.221506257729953359e+04 2.428705089312084280e-07
6.308506813308659184e+04 2.355203706954591537e-07
6.396723966889741860e+04 2.283927083784864538e-07
6.486174731131247972e+04 2.214807865405254075e-07
6.576876356592758384e+04 2.147780745312306059e-07
6.668846335062100843e+04 2.082782390153185916e-07
6.762102402928694210e+04 2.019751383118584511e-07
6.856662544604056166e+04 1.958628168576136122e-07
6.952544995990049210e+04 1.899354990032623970e-07
7.049768247995599813e+04 1.841875846334416064e-07
7.148351050102704903e+04 1.786136428515177341e-07
7.248312413982459111e+04 1.732084072421854526e-07
7.349671617161110044e+04 1.679667708101412187e-07
7.452448206737925648e+04 1.628837808563825637e-07
7.556662003154873673e+04 1.579546352207463020e-07
7.662333104018941231e+04 1.531746767903958074e-07
7.769481887977881706e+04 1.485393896414198145e-07
7.878129018650294165e+04 1.440443944778634467e-07
7.988295448610672611e+04 1.396854442571593805e-07
8.100002423430023191e+04 1.354584210815677504e-07
8.213271485773024324e+04 1.313593313351397441e-07
8.328124479552566481e+04 1.273843025634955582e-07
8.444583554142432695e+04 1.235295795222449695e-07
8.562671168648725143e+04 1.197915202594635269e-07
8.682410096240988059e+04 1.161665936224926820e-07
8.803823428544234775e+04 1.126513749552740972e-07
8.926934580092036049e+04 1.092425435316148357e-07
9.051767292841951712e+04 1.059368792358528984e-07
9.178345640754231135e+04 1.027312590237135957e-07
9.306694034434533387e+04 9.962265484428666162e-08
9.436837225841444160e+04 9.660812993937529332e-08
9.568800313059822656e+04 9.368483666833657240e-08
9.702608745140989777e+04 9.085001376971937020e-08
9.838288327010710782e+04 8.810098323659846443e-08
9.975865224445551576e+04 8.543514834334537881e-08
1.011536596911883098e+05 8.284999076457331792e-08
1.025681746371749032e+05 8.034306853886028725e-08
1.040024698713016551e+05 7.791201380151944233e-08
1.054568219970779755e+05 7.555453030614431554e-08
1.069315114859804162e+05 7.326839098810267474e-08
1.084268227315421391e+05 7.105143644873648137e-08
1.099430441041974118e+05 6.890157260805811220e-08
1.114804680068929592e+05 6.681676892672499739e-08
1.130393909314784833e+05 6.479505640186891563e-08
1.146201135158862307e+05 6.283452518616997098e-08
1.162229406021076720e+05 6.093332355517318770e-08
1.178481812949812593e+05 5.908965574789707891e-08
1.194961490218056715e+05 5.730178047403948940e-08
1.211671615927829262e+05 5.556800929231311281e-08
1.228615412623071461e+05 5.388670448013913358e-08
1.245796147911119479e+05 5.225627809640357670e-08
1.263217135092873941e+05 5.067519020146330225e-08
1.280881733801758237e+05 4.914194755707648703e-08
1.298793350651614164e+05 4.765510225210670915e-08
1.316955439893674338e+05 4.621324994625297214e-08
1.335371504082726606e+05 4.481502889785881873e-08
1.354045094752569858e+05 4.345911854081502898e-08
1.372979813100909814e+05 4.214423835335183751e-08
1.392179310683881922e+05 4.086914667006380986e-08
1.411647290120236576e+05 3.963263928245176773e-08
1.431387505805378896e+05 3.843354842126656231e-08
1.451403764635410043e+05 3.727074163831366300e-08
1.471699926741303061e+05 3.614312082410077427e-08
1.492279906233312504e+05 3.504964837012913821e-08
1.513147671955800615e+05 3.398933053008227780e-08
1.534307248252637219e+05 3.296109396545955482e-08
1.555762715743308945e+05 3.196396779975925128e-08
1.577518212109850720e+05 3.099701061321838884e-08
1.599577932894779369e+05 3.005930952418326951e-08
1.621946132310242101e+05 2.914997925742593500e-08
1.644627124058418267e+05 2.826816135300898832e-08
1.667625282163404627e+05 2.741302320019615709e-08
1.690945041814758733e+05 2.658375746416125065e-08
1.714590900222835480e+05 2.577958128529948886e-08
1.738567417486061458e+05 2.499973547113145511e-08
1.762879217470335425e+05 2.424348387592222275e-08
1.787530988700750459e+05 2.351011246604736711e-08
1.812527485265793803e+05 2.279892888988816373e-08
1.837873527734153322e+05 2.210926178821196859e-08
1.863574004084344197e+05 2.144046009326495798e-08
1.889633870647396252e+05 2.079189252940955201e-08
1.916058153062661877e+05 2.016294677124877971e-08
1.942851947246991331e+05 1.955302906585815079e-08
1.970020420377494593e+05 1.896156367020469911e-08
1.997568811888048949e+05 1.838799226602074539e-08
2.025502434479703661e+05 1.783177344677603234e-08
2.053826675145217741e+05 1.729238214098338273e-08
2.082546996207959892e+05 1.676930915222600714e-08
2.111668936375326593e+05 1.626206073271680786e-08
2.141198111806868983e+05 1.577015810348826104e-08
2.171140217197340389e+05 1.529313692064410767e-08
2.201501026874968375e+05 1.483054693520869801e-08
2.232286395915009198e+05 1.438195146829814629e-08
2.263502261268874863e+05 1.394692708749417131e-08
2.295154642909096729e+05 1.352506320052094079e-08
2.327249644990287197e+05 1.311596159260676138e-08
2.359793457026314281e+05 1.271923615140771212e-08
2.392792355083923030e+05 1.233451239351055238e-08
2.426252702993093990e+05 1.196142718605039726e-08
2.460180953574324667e+05 1.159962841014923842e-08
2.494583649883040925e+05 1.124877456210645210e-08
2.529467426471385988e+05 1.090853452424602442e-08
2.564839010667755501e+05 1.057858715404587592e-08
2.600705223874133953e+05 1.025862103090919942e-08
2.637072982881576754e+05 9.948334179528634563e-09
2.673949301204131916e+05 9.647433734049575929e-09
2.711341290431416128e+05 9.355635730813946105e-09
2.749256161600066116e+05 9.072664768999851711e-09
2.787701226584357792e+05 8.798253779207172794e-09
2.826683899506323505e+05 8.532143787590602782e-09
2.866211698165588314e+05 8.274083638131486380e-09
2.906292245489152847e+05 8.023829805647140462e-09
2.946933271001433604e+05 7.781146112779080770e-09
2.988142612314976286e+05 7.545803526249291733e-09
3.029928216641898616e+05 7.317579949308746524e-09
3.072298142326487578e+05 7.096259994198203634e-09
3.115260560399267124e+05 6.881634815014244867e-09
3.158823756152812857e+05 6.673501867419912433e-09
3.202996130739535438e+05 6.471664739038247013e-09
3.247786202791824471e+05 6.275932959941411843e-09
3.293202610064878827e+05 6.086121814192877266e-09
3.339254111102534225e+05 5.902052197443498830e-09
3.385949586926312186e+05 5.723550406056049281e-09
3.433298042748085572e+05 5.550448000162504368e-09
3.481308609706811840e+05 5.382581634705009383e-09
3.529990546629431192e+05 5.219792896873071912e-09
3.579353241816399968e+05 5.061928188204053284e-09
3.629406214852253324e+05 4.908838538275027626e-09
3.680159118441478349e+05 4.760379494158421874e-09
3.731621740270012524e+05 4.616410973682875850e-09
3.783804004892763332e+05 4.476797122870376780e-09
3.836715975647588493e+05 4.341406212171770221e-09
3.890367856596038328e+05 4.210110484927816127e-09
3.944769994491174584e+05 4.082786057087884542e-09
3.999932880772894132e+05 3.959312796778880643e-09
4.055867153591295937e+05 3.839574202694692119e-09
4.112583599858196103e+05 3.723457288496011946e-09
4.170093157327350928e+05 3.610852496375473399e-09
4.228406916703829193e+05 3.501653581386973049e-09
4.287536123782892246e+05 3.395757519255899322e-09
4.347492181618703180e+05 3.293064400342295564e-09
4.408286652723370353e+05 3.193477323507463834e-09
4.469931261296813027e+05 3.096902333016904054e-09
4.532437895487800124e+05 3.003248311164966499e-09
4.595818609686549753e+05 2.912426903268067646e-09
4.660085626849348191e+05 2.824352428258648679e-09
4.725251340855871676e+05 2.738941781968208566e-09
4.791328318899272708e+05 2.656114387592349540e-09
4.858329303909732262e+05 2.575792100724800160e-09
4.926267217011961038e+05 2.497899146529421016e-09
4.995155160017076996e+05 2.422362045940399106e-09
5.065006417949256720e+05 2.349109528374464099e-09
5.135834461607692647e+05 2.278072489902937283e-09
5.207652950164487702e+05 2.209183912243971700e-09
5.280475733798856381e+05 2.142378808807898395e-09
5.354316856368094450e+05 2.077594164097193472e-09
5.429190558115886524e+05 2.014768856993340697e-09
5.505111278418549336e+05 1.953843622239659278e-09
5.582093658569831168e+05 1.894760983554609748e-09
5.660152544604199938e+05 1.837465206795044698e-09
5.739302990160065237e+05 1.781902248196613205e-09
5.819560259382886579e+05 1.728019691727430286e-09
5.900939829868815141e+05 1.675766709730061519e-09
5.983457395649501123e+05 1.625094009138154001e-09
6.067128870218723314e+05 1.575953790821962602e-09
6.151970389601362403e+05 1.528299704913586938e-09
6.237998315465173218e+05 1.482086800426788811e-09
6.325229238276081160e+05 1.437271486397756811e-09
6.413679980497673387e+05 1.393811487406059193e-09
6.503367599835589062e+05 1.351665809500728977e-09
6.594309392526778392e+05 1.310794700989084703e-09
6.686522896675269585e+05 1.271159612209603422e-09
6.780025895634401822e+05 1.232723159431364483e-09
6.874836421436303062e+05 1.195449463009679408e-09
6.970972758269299520e+05 1.159305537641951044e-09
7.068453446004070574e+05 1.124254556604446091e-09
7.167297283769119531e+05 1.090263467121061019e-09
7.267523333576119039e+05 1.057300217823152423e-09
7.369150923995971680e+05 1.025333720396798169e-09
7.472199653886330780e+05 9.943338299528204292e-10
7.576689396171451081e+05 9.642713149544775481e-10
7.682640301674330840e+05 9.351178287602531555e-10
7.790072803002977744e+05 9.068458813776764200e-10
7.899007618490888271e+05 8.794288111700728311e-10
8.009465756192506524e+05 8.528407642136946410e-10
8.121468517934548436e+05 8.270566700527413349e-10
8.235037503424130846e+05 8.020522178376699532e-10
8.350194614414322423e+05 7.778038294642310259e-10
8.466962058927838225e+05 7.542886403665016319e-10
8.585362355539782438e+05 7.314844764346562855e-10
8.705418337720377604e+05 7.093698358388376460e-10
8.827153158238638425e+05 6.879238681618623125e-10
8.950590293626963394e+05 6.671263516804592136e-10
9.075753548708828166e+05 6.469576774397014815e-10
9.202667061189557426e+05 6.273988274618544866e-10
9.331355306311229942e+05 6.084313604770848930e-10
9.461843101572626038e+05 5.900373939919079960e-10
9.594155611515372293e+05 5.721995846327862583e-10
9.728318352576972684e+05 5.549011154455979779e-10
9.864357198011593428e+05 5.381256754350433889e-10
1.000229838287961669e+06 5.218574481770745748e-10
1.014216850910715177e+06 5.060810965927298499e-10
1.028399455061629065e+06 4.907817459407037617e-10
1.042780385852694861e+06 4.759449734076707512e-10
1.057362416643138975e+06 4.615567899969698067e-10
1.072148359574288595e+06 4.476036304266357968e-10
1.087141066111882916e+06 4.340723406129286461e-10
1.102343427595964633e+06 4.209501631049963113e-10
1.117758375798487104e+06 4.082247281532507722e-10
1.133388883488711901e+06 3.958840382422316727e-10
1.149237965006499551e+06 3.839164588524864599e-10
1.165308676843613852e+06 3.723107081052591464e-10
1.181604118233174784e+06 3.610558445148963017e-10
1.198127431747356197e+06 3.501412589450436470e-10
1.214881803903418127e+06 3.395566617899541437e-10
1.231870465778213460e+06 3.292920745488141766e-10
1.249096693631328410e+06 3.193378210208408235e-10
1.266563809536894551e+06 3.096845171521278725e-10
1.284275182024239562e+06 3.003230638066954530e-10
1.302234226727516158e+06 2.912446360084720175e-10
1.320444407044420019e+06 2.824406756476100587e-10
1.338909234804090578e+06 2.739028836574208129e-10
1.357632270944360178e+06 2.656232116614542870e-10
1.376617126198486891e+06 2.575938555974316577e-10
1.395867461791497888e+06 2.498072465279499529e-10
1.415386990146241849e+06 2.422560445810018036e-10
1.435179475599315483e+06 2.349331318512122397e-10
1.455248735127044376e+06 2.278316055874566844e-10
1.475598639081574278e+06 2.209447722511010181e-10
1.496233111937250942e+06 2.142661402180354989e-10
1.517156133047468960e+06 2.077894143619019595e-10
1.538371737412100192e+06 2.015084899055933126e-10
1.559884016455630306e+06 1.954174468454210514e-10
1.581697118816178525e+06 1.895105436272025231e-10
1.603815251145569840e+06 1.837822128742726978e-10
1.626242678920603357e+06 1.782270554353102864e-10
1.648983727265635738e+06 1.728398354776772449e-10
1.672042781786658335e+06 1.676154755353141636e-10
1.695424289417099906e+06 1.625490511402580615e-10
1.719132759275401710e+06 1.576357873224421007e-10
1.743172763534579659e+06 1.528710533137558796e-10
1.767548938303984702e+06 1.482503585544812837e-10
1.792265984523387393e+06 1.437693482047715300e-10
1.817328668869540561e+06 1.394237986314922754e-10
1.842741824675417971e+06 1.352096144646446055e-10
1.868510352862332482e+06 1.311228239322553396e-10
1.894639222885096213e+06 1.271595755955411128e-10
1.921133473690362182e+06 1.233161344470526037e-10
1.947998214688361157e+06 1.195888779313178844e-10
1.975238626738295890e+06 1.159742935488290417e-10
2.002859963147447677e+06 1.124689747357608336e-10
2.030867550684258109e+06 1.090696181723737287e-10
2.059266790605608374e+06 1.057730204799369627e-10
2.088063159698471427e+06 1.025760746251470388e-10
2.117262211336091161e+06 9.947576801317185765e-11
2.146869576548931189e+06 9.646917885118131737e-11
2.176890965110633522e+06 9.355347389291007487e-11
2.207332166639169678e+06 9.072590570563760244e-11
2.238199051713342778e+06 8.798380947008065248e-11
2.269497573004907463e+06 8.532460130164757505e-11
2.301233766426589340e+06 8.274577519228924458e-11
2.333413752296085935e+06 8.024490106505191733e-11
2.366043736516351346e+06 7.781962249283454248e-11
2.399130011772414204e+06 7.546807649144932745e-11
2.432678958744948730e+06 7.320027402473534316e-11
2.466697047340762801e+06 7.101555722746499256e-11
2.501190837940501049e+06 6.891347092368022416e-11
2.536166982663831674e+06 6.689374217742834430e-11
2.571632226652322803e+06 6.495625359397901379e-11
2.607593409370230511e+06 6.310101110799242523e-11
2.644057465923446231e+06 6.132810395412037629e-11
2.681031428396998439e+06 5.963766302416087483e-11
2.718522427211159375e+06 5.802981472376562781e-11
2.756537692496518139e+06 5.650463295576229465e-11
2.795084555488332640e+06 5.506209155073991526e-11
2.834170449940382037e+06 5.370201559960483355e-11
2.873802913558540400e+06 5.242403888198934437e-11
2.913989589454396162e+06 5.122756480966284303e-11
2.954738227619249374e+06 5.011173341521001062e-11
2.996056686418723315e+06 4.907539587288933146e-11
3.037952934108217247e+06 4.811709482420327973e-11
3.080435050369551405e+06 4.723505518251471869e-11
3.123511227869204246e+06 4.642718264283222352e-11
3.167189773838225286e+06 4.569107043076116368e-11
