8.649164370134885260e+00 8.610352806698324396e-04
8.764992343190426638e+00 1.155881646670357549e-03
8.882454979204561951e+00 1.568920056091405515e-03
9.001575347932506688e+00 2.148208018741326608e-03
9.122376844709560118e+00 2.960222258802691284e-03
9.244883195045822788e+00 4.095671082369013033e-03
9.369118459286088552e+00 5.675697512891968860e-03
9.495107037335159816e+00 7.858836781384714865e-03
9.622873673450051513e+00 1.084844035859613975e-02
9.752443461099860045e+00 1.489830839791450590e-02
9.883841847894023758e+00 2.031445941323729854e-02
1.001709464058035337e+01 2.745496216570311732e-02
1.015222801011339371e+01 3.672534923905337867e-02
1.028926849679455913e+01 4.860496114198750717e-02
1.042824301548452581e+01 6.359612907542538940e-02
1.056917886088939085e+01 8.208208501371966337e-02
1.071210371292144892e+01 1.044742310536785346e-01
1.085704564213542866e+01 1.311349356625952645e-01
1.100403311524163463e+01 1.623329561955585421e-01
1.115309500069678528e+01 1.982232266066693560e-01
1.130426057437392551e+01 2.388297203452994788e-01
1.145755952531202837e+01 2.840489192579901401e-01
1.161302196154715638e+01 3.336685035101918384e-01
1.177067841602553777e+01 3.873622841723951549e-01
1.193055985260040330e+01 4.446365370432510122e-01
1.209269767211316626e+01 5.049072446192230945e-01
1.225712371856064564e+01 5.676557496913219314e-01
1.242387028534935034e+01 6.323527304058533804e-01
1.259297012163769836e+01 6.990228929782746903e-01
1.276445643876823688e+01 7.679859461962725842e-01
1.293836291679012263e+01 8.395780719245131696e-01
1.311472371107417345e+01 9.142260062960843037e-01
1.329357345902078080e+01 9.923421125319829006e-01
1.347494728686281640e+01 1.074334081344867187e+00
1.365888081656452080e+01 1.160619675478465007e+00
1.384541017281753383e+01 1.251581303267617962e+00
1.403457199013600309e+01 1.347567302392616018e+00
1.422640342005139935e+01 1.448838522260448514e+00
1.442094213840934636e+01 1.555508567096800299e+00
1.461822635276900861e+01 1.667632103613929218e+00
1.481829480990712433e+01 1.785227451171847335e+00
1.502118680342804424e+01 1.908254511496271455e+00
1.522694218148077994e+01 2.036580467059103228e+00
1.543560135458547045e+01 2.170055298135174837e+00
1.564720530356977157e+01 2.308485005403819734e+00
1.586179558761781117e+01 2.451637818272180525e+00
1.607941435243223083e+01 2.599286789469638315e+00
1.630010433851164109e+01 2.751310172272678045e+00
1.652390888954508341e+01 2.907598538367158980e+00
1.675087196092460928e+01 3.068110440589789434e+00
1.698103812837811333e+01 3.232969721214246306e+00
1.721445259672409378e+01 3.402377578113380707e+00
1.745116120875006516e+01 3.576479588386025199e+00
1.769121045421582394e+01 3.754971594217840547e+00
1.793464747898439882e+01 3.937017100521256197e+00
1.818152009428117921e+01 4.121679894332883620e+00
1.843187678608447655e+01 4.308326273735248790e+00
1.868576672464784849e+01 4.496521668551888951e+00
1.894323977415734106e+01 4.685714752910341119e+00
1.920434650252494535e+01 4.875018902137188803e+00
1.946913819131995638e+01 5.063488569573044273e+00
1.973766684584094477e+01 5.250391673250634383e+00
2.000998520532939295e+01 5.435143605420265089e+00
2.028614675332799422e+01 5.617215842882558263e+00
2.056620572818465220e+01 5.795831767522225064e+00
2.085021713370495178e+01 5.970071797788312651e+00
2.113823674995514779e+01 6.138786608840051784e+00
2.143032114421712109e+01 6.300813427500607133e+00
2.172652768209856688e+01 6.455040583856336056e+00
2.202691453879925021e+01 6.600451893667113268e+00
2.233154071053710865e+01 6.736067184758930182e+00
2.264046602613476722e+01 6.860865912648733911e+00
2.295375115877012107e+01 6.973873738007252854e+00
2.327145763789278732e+01 7.074314500131524852e+00
2.359364786130812064e+01 7.161579735167535432e+00
2.392038510743261170e+01 7.235139464226374884e+00
2.425173354772147150e+01 7.294641383607970653e+00
2.458775825927228809e+01 7.339942062812284007e+00
2.492852523760592121e+01 7.371127542253315568e+00
2.527410140962816953e+01 7.388483339770161251e+00
2.562908724775314795e+01 7.392173880371926131e+00
2.599397041386750828e+01 7.382041452847801111e+00
2.636395603166226209e+01 7.358505828344380717e+00
2.673911545277969992e+01 7.322375161945341659e+00
2.711952102662889530e+01 7.274550596435169325e+00
2.750524611433831268e+01 7.215688391594390794e+00
2.789636510290348426e+01 7.146073574880610124e+00
2.829295341953237042e+01 7.065761255001941521e+00
2.869508754619179669e+01 6.974778013427121337e+00
2.910284503435667958e+01 6.873255086818836901e+00
2.951630451996592797e+01 6.761327486330376502e+00
2.993554573858734003e+01 6.639196736951387123e+00
3.036064954079467526e+01 6.507519428019712393e+00
3.079169790775951654e+01 6.367541804676807971e+00
3.122877396706155650e+01 6.221022533972600854e+00
3.167196200871942224e+01 6.069784264470680313e+00
3.212134750144624462e+01 5.915234719868555757e+00
3.257701710913215010e+01 5.758380774792600576e+00
3.303905870755736629e+01 5.599964223971111821e+00
3.350756140133931638e+01 5.440596599900654695e+00
3.398261554111577709e+01 5.280905846497172540e+00
3.446431274096980957e+01 5.121457889321007428e+00
3.495274589609686444e+01 4.962661894100927285e+00
3.544800920071990191e+01 4.804782493422656842e+00
3.595019816625465836e+01 4.648006967974781745e+00
3.645940963972899596e+01 4.492687624236620714e+00
3.697574182245983820e+01 4.339378813786515465e+00
3.749929428899127970e+01 4.188795981686458170e+00
3.803016800629749383e+01 4.041645655791200831e+00
3.856846535325413328e+01 3.898490805774466494e+00
3.911429014038244389e+01 3.759659783685721735e+00
3.966774762986825920e+01 3.625320408503915459e+00
4.022894455586287421e+01 3.495490517714105572e+00
4.079798914506583429e+01 3.370197534744306722e+00
4.137499113759684377e+01 3.249430065751427676e+00
4.196006180815901132e+01 3.133164074722094128e+00
4.255331398749819272e+01 3.021324361690894023e+00
4.315486208416232472e+01 2.913760089517759333e+00
4.376482210656515548e+01 2.810302968524520217e+00
4.438331168535835047e+01 2.710815088978971055e+00
4.501045009611653569e+01 2.615160104690361642e+00
4.564635828233993919e+01 2.523215506541339970e+00
4.629115887877740221e+01 2.434845443072823024e+00
4.694497623507766804e+01 2.349868289369233310e+00
4.760793643976919753e+01 2.268087595749356922e+00
4.828016734457681025e+01 2.189330694601883565e+00
4.896179858907769500e+01 2.113467657783951736e+00
4.965296162570245286e+01 2.040436094365749575e+00
5.035378974508559224e+01 1.970210501795134128e+00
5.106441810177065577e+01 1.902771773689847734e+00
5.178498374027472551e+01 1.838077458771045780e+00
5.251562562151732294e+01 1.776031319186530233e+00
5.325648464961947326e+01 1.716508261048420803e+00
5.400770369907596802e+01 1.659367247271114731e+00
5.476942764231004901e+01 1.604461208638932046e+00
5.554180337761096098e+01 1.551649819646824913e+00
5.632497985746370972e+01 1.500840856716222582e+00
5.711910811727444326e+01 1.451969585560954457e+00
5.792434130449755969e+01 1.404982688888378295e+00
5.874083470817021180e+01 1.359836399236539428e+00
5.956874578885972227e+01 1.316472743088888286e+00
6.040823420902985674e+01 1.274840617687820199e+00
6.125946186383158221e+01 1.234870718613120921e+00
6.212259291232476244e+01 1.196483257913467213e+00
6.299779380913570037e+01 1.159597053832867708e+00
6.388523333655874836e+01 1.124136612354486253e+00
6.478508263710494930e+01 1.090022628139326155e+00
6.569751524650733643e+01 1.057153567905290359e+00
6.662270712718729726e+01 1.025446453587913087e+00
6.756083670218876591e+01 9.948218448302528216e-01
6.851208488958704379e+01 9.652171014950163830e-01
6.947663513737887797e+01 9.365697979819400665e-01
7.045467345886029875e+01 9.088256006492536621e-01
7.144638846849936442e+01 8.819385838073396933e-01
7.245197141831025078e+01 8.558739192212336810e-01
7.347161623473617453e+01 8.305949547255151444e-01
7.450551955604862542e+01 8.060627800900124207e-01
7.555388077026758253e+01 7.822332819737871645e-01
7.661690205361536243e+01 7.590651185508963117e-01
7.769478840950475274e+01 7.365216024601211053e-01
7.878774770807449102e+01 7.145713899492527332e-01
7.989599072627680698e+01 6.931936970837258016e-01
8.101973118852599498e+01 6.723730148586568589e-01
8.215918580791476700e+01 6.520983731485769930e-01
8.331457432800750951e+01 6.323661825790649615e-01
8.448611956521767752e+01 6.131733723727692542e-01
8.567404745177785230e+01 5.945139233449268090e-01
8.687858707931147251e+01 5.763789853929934814e-01
8.809997074301132614e+01 5.587525046227486136e-01
8.933843398643976741e+01 5.416164495482869157e-01
9.059421564695173856e+01 5.249551746112852690e-01
9.186755790175499214e+01 5.087588919340935156e-01
9.315870631461399398e+01 4.930210778210963873e-01
9.446790988320670124e+01 4.777355745987756919e-01
9.579542108714375104e+01 4.628976120089589585e-01
9.714149593665915461e+01 4.485038354860839682e-01
9.850639402198166295e+01 4.345541812505566703e-01
9.989037856339658106e+01 4.210453792460451261e-01
1.012937164620088595e+02 4.079744985257662826e-01
1.027166783512124653e+02 3.953379916581400977e-01
1.041595386488849186e+02 3.831288096833826984e-01
1.056225756103064981e+02 3.713381596231219994e-01
1.071060713818226304e+02 3.599542840537259814e-01
1.086103120552558181e+02 3.489625761114945046e-01
1.101355877230779186e+02 3.383478558011852044e-01
1.116821925343548827e+02 3.280918022694796488e-01
1.132504247514730622e+02 3.181750021360478797e-01
1.148405868076590508e+02 3.085780736554482040e-01
1.164529853653037605e+02 2.992835171643639658e-01
1.180879313751032953e+02 2.902749276109668486e-01
1.197457401360230733e+02 2.815370287633269797e-01
1.214267313561065862e+02 2.730575740553815578e-01
1.231312292141283820e+02 2.648274228262710306e-01
1.248595624221128872e+02 2.568387593036043359e-01
1.266120642887265149e+02 2.490864171253808212e-01
1.283890727835558891e+02 2.415635295860869558e-01
1.301909306022854480e+02 2.342634241911245585e-01
1.320179852327859180e+02 2.271797698861524051e-01
1.338705890221276320e+02 2.203062862038485115e-01
1.357490992445299298e+02 2.136366483625621315e-01
1.376538781702630843e+02 2.071653198590359679e-01
1.395852931355090050e+02 2.008864630645534888e-01
1.415437166132055324e+02 1.947949501599627320e-01
1.435295262848749474e+02 1.888861863936781571e-01
1.455431051134611664e+02 1.831567014602458743e-01
1.475848414171834975e+02 1.776031661324399824e-01
1.496551289444242343e+02 1.722213548147569773e-01
1.517543669496623693e+02 1.670085211197793740e-01
1.538829602704701642e+02 1.619620619426384023e-01
1.560413194055856536e+02 1.570796406097217934e-01
1.582298605940773086e+02 1.523584076918905739e-01
1.604490058956167218e+02 1.477952740471174531e-01
1.626991832718697708e+02 1.433855316131324997e-01
1.649808266690330356e+02 1.391239739456741065e-01
1.672943761015166615e+02 1.350059451089036244e-01
1.696402777368029717e+02 1.310269254599687461e-01
1.720189839814890149e+02 1.271820768589571049e-01
1.744309535685336812e+02 1.234663433877701832e-01
1.768766516457234275e+02 1.198745163768150102e-01
1.793565498653767065e+02 1.164010581775963837e-01
1.818711264753015371e+02 1.130401841657142636e-01
1.844208664110252016e+02 1.097862053212596001e-01
1.870062613893159664e+02 1.066333111955605206e-01
1.896278100030062888e+02 1.035756788778621207e-01
1.922860178171515884e+02 1.006074312185977204e-01
1.949813974665243848e+02 9.772251955247079902e-02
1.977144687544773376e+02 9.491523445318927887e-02
2.004857587531872412e+02 9.218039212227990831e-02
2.032958019053004648e+02 8.951346865900500216e-02
2.061451401270001895e+02 8.691065286485072372e-02
2.090343229125149946e+02 8.436836969523237029e-02
2.119639074400883203e+02 8.188366862964940873e-02
2.149344586794304632e+02 7.945381300911780187e-02
2.179465495006727451e+02 7.707683297766887431e-02
2.210007607848452267e+02 7.475134351898354845e-02
2.240976815359005343e+02 7.247630262371651533e-02
2.272379089943014208e+02 7.025124427028822671e-02
2.304220487521993732e+02 6.807641145887077805e-02
2.336507148702230552e+02 6.595222279289281175e-02
2.369245299958996327e+02 6.387917797996611746e-02
2.402441254837318070e+02 6.185782924852900599e-02
2.436101415169551387e+02 5.988870441998767058e-02
2.470232272309964401e+02 5.797238288594447342e-02
2.504840408386600927e+02 5.610945444646620039e-02
2.539932497570636656e+02 5.430064148835567206e-02
2.575515307363489796e+02 5.254654093940736015e-02
2.611595699901958483e+02 5.084744261285673028e-02
2.648180633281521068e+02 4.920340673840917223e-02
2.685277162898281631e+02 4.761397803962807984e-02
2.722892442809539943e+02 4.607848794495833511e-02
2.761033727113477312e+02 4.459608106211682133e-02
2.799708371348103810e+02 4.316585785247806228e-02
2.838923833909769314e+02 4.178663966120158002e-02
2.878687677491517434e+02 4.045702379028554008e-02
2.919007570541542691e+02 3.917562234604174409e-02
2.959891288742057895e+02 3.794086272069177590e-02
3.001346716508821260e+02 3.675104842240803360e-02
3.043381848511670569e+02 3.560439740587842405e-02
3.086004791216237777e+02 3.449909171096132710e-02
3.129223764447351073e+02 3.343328515789625865e-02
3.173047102974171594e+02 3.240515039654442986e-02
3.217483258117574110e+02 3.141288366799629972e-02
3.262540799379978580e+02 3.045476079043640816e-02
3.308228416097975924e+02 2.952917882955716222e-02
3.354554919118066891e+02 2.863456376401127268e-02
3.401529242495822700e+02 2.776939717824536413e-02
3.449160445218852260e+02 2.693221987505933779e-02
3.497457712953744817e+02 2.612163061112804385e-02
3.546430359817637736e+02 2.533632408418423632e-02
3.596087830174316764e+02 2.457505344652155532e-02
3.646439700455683806e+02 2.383673119340848356e-02
3.697495681008451811e+02 2.312040533462064729e-02
3.749265617966885316e+02 2.242519646759552621e-02
3.801759495151554802e+02 2.175025171999150908e-02
3.854987435994743237e+02 2.109479630094168723e-02
3.908959705492746366e+02 2.045813451892396218e-02
3.963686712185460124e+02 1.983967151207592650e-02
4.019179010163713883e+02 1.923886368364506605e-02
4.075447301104526332e+02 1.865517925795841248e-02
4.132502436335047378e+02 1.808811902580427511e-02
4.190355418925110484e+02 1.753723209805628513e-02
4.249017405809290153e+02 1.700211712942113762e-02
4.308499709938390652e+02 1.648239579778422448e-02
4.368813802461268097e+02 1.597771388570982942e-02
4.429971314936953490e+02 1.548772844729608134e-02
4.491984041577823064e+02 1.501209764802595437e-02
4.554863941524118900e+02 1.455050061553193885e-02
4.618623141150241622e+02 1.410263366681521746e-02
4.683273936403380731e+02 1.366820399881164827e-02
4.748828795174664492e+02 1.324693118395454949e-02
4.815300359703747972e+02 1.283854235103897012e-02
4.882701449016705055e+02 1.244276873518448956e-02
4.951045061398331200e+02 1.205933048286464415e-02
5.020344376898696623e+02 1.168794446992935110e-02
5.090612759875078268e+02 1.132832443620933327e-02
5.161863761569153439e+02 1.098017322025444942e-02
5.234111122720405547e+02 1.064318663310921675e-02
5.307368776216010247e+02 1.031706050552000375e-02
5.381650849777794292e+02 1.000149451551805846e-02
5.456971668686762769e+02 9.696182966353834864e-03
5.533345758545711988e+02 9.400825677221218146e-03
5.610787848080545928e+02 9.115119363801278685e-03
5.689312871980584987e+02 8.838757696784091400e-03
5.768935973778887956e+02 8.571438887630698777e-03
5.849672508772493984e+02 8.312859064307259738e-03
5.931538046983858976e+02 8.062721576080809915e-03
6.014548376163412513e+02 7.820736511301842886e-03
6.098719504834267582e+02 7.586625885829111071e-03
6.184067665379460550e+02 7.360110904973911350e-03
6.270609317172354622e+02 7.140914209811527469e-03
6.358361149750824097e+02 6.928762632598853277e-03
6.447340086035831064e+02 6.723308759140927959e-03
6.537563285595055049e+02 6.524283739211204913e-03
6.629048147951964438e+02 6.331468554606554944e-03
6.721812315941532461e+02 6.144626608337276641e-03
6.815873679112415857e+02 5.963533054967461167e-03
6.911250377177165092e+02 5.787971626551494109e-03
7.007960803510311507e+02 5.617726238922544912e-03
7.106023608695591065e+02 5.452507136858825154e-03
7.205457704122702580e+02 5.292036394526297011e-03
7.306282265634340547e+02 5.136185811335458595e-03
7.408516737224284725e+02 4.984769426165505668e-03
7.512180834787127424e+02 4.837612860043621205e-03
7.617294549920569580e+02 4.694552588991412340e-03
7.723878153780621005e+02 4.555433992561173234e-03
7.831952200991128166e+02 4.420106997437691504e-03
7.941537533607464638e+02 4.288434830040755569e-03
8.052655285136170278e+02 4.160291014848688240e-03
8.165326884610358320e+02 4.035560694724500685e-03
8.279574060722374043e+02 3.914140594864515266e-03
8.395418846014164274e+02 3.795936798917987076e-03
8.512883581126252466e+02 3.680865040184704701e-03
8.631990919106098090e+02 3.568849395254574536e-03
8.752763829776748707e+02 3.459821363270689648e-03
8.875225604166627136e+02 3.353718748122151358e-03
8.999399859001022151e+02 3.250486261299791180e-03
9.125310541256827719e+02 3.150075909214455905e-03
9.252981932780429588e+02 3.052441261205090031e-03
9.382438654970716243e+02 2.957539819149876750e-03
9.513705673527122144e+02 2.865330625631689818e-03
9.646808303264349433e+02 2.775774657073916060e-03
9.781772212994280835e+02 2.688832362294517678e-03
9.918623430476237672e+02 2.604463730737622759e-03
1.005738834743640609e+03 2.522629305038017605e-03
1.019809372465747060e+03 2.443285657619165621e-03
1.034076669713949968e+03 2.366388052802113895e-03
1.048543477933273834e+03 2.291890108190079711e-03
1.063212587044403108e+03 2.219742366606571732e-03
1.078086825981687753e+03 2.149893778076660336e-03
1.093169063238730587e+03 2.082290832525552499e-03
1.108462207421563107e+03 2.016877705839949242e-03
1.123969207809561340e+03 1.953596596326207316e-03
1.139693054924220178e+03 1.892405716624955339e-03
1.155636781105887167e+03 1.833238384409661276e-03
1.171803461098537127e+03 1.776019185293208069e-03
1.188196212642723140e+03 1.720683545366440137e-03
1.204818197076864180e+03 1.667166711891196473e-03
1.221672619946870554e+03 1.615404448070159940e-03
1.238762731624372464e+03 1.565333971919538256e-03
1.256091827933512377e+03 1.516896726742843204e-03
1.273663250786585195e+03 1.470072311120052683e-03
1.291480388828484593e+03 1.424764816758234201e-03
1.309546678090242949e+03 1.380916085268554631e-03
1.327865602651626659e+03 1.338470520419100633e-03
1.346440695313079914e+03 1.297374920077510284e-03
1.365275538277006717e+03 1.257578718480277524e-03
1.384373763838580089e+03 1.219034166359078339e-03
1.403739055086269900e+03 1.181695882879403234e-03
1.423375146612081835e+03 1.145527870046868235e-03
1.443285825231814442e+03 1.110481585792770162e-03
1.463474930715302435e+03 1.076516790515772218e-03
1.483946356526962745e+03 1.043596130974414407e-03
1.504704050576596956e+03 1.011684510074371303e-03
1.525752015980797523e+03 9.807489814631221818e-04
1.547094311834896644e+03 9.507584313990799854e-04
1.568735053995804947e+03 9.216830999810034751e-04
1.590678415875736391e+03 8.934944238919734910e-04
1.612928629247029676e+03 8.661646203495907033e-04
1.635489985058289676e+03 8.396676905805568192e-04
1.658366834261842541e+03 8.139784587029427407e-04
1.681563588652871886e+03 7.890726006523091779e-04
1.705084721720176503e+03 7.649265665882346368e-04
1.728934769508935688e+03 7.415177147751571621e-04
1.753118331495431221e+03 7.188241777794195098e-04
1.777640071474110528e+03 6.968243530829144362e-04
1.802504718456940054e+03 6.754974804178545331e-04
1.827717067585446557e+03 6.548234716394017024e-04
1.853281981055436972e+03 6.347824094724719562e-04
1.879204389054656758e+03 6.153549109210775317e-04
1.905489290713587934e+03 5.965221825725564031e-04
1.932141755069549617e+03 5.782660069010145051e-04
1.959166922044243620e+03 5.605687263282735713e-04
1.986570003434962928e+03 5.434132251164063877e-04
2.014356283919740918e+03 5.267829127344478626e-04
2.042531122076437896e+03 5.106617055784792511e-04
2.071099951416206295e+03 4.950340106506007261e-04
2.100068281431273135e+03 4.798847143301413452e-04
2.129441698657506549e+03 4.651991669756493607e-04
2.159225867751751593e+03 4.509631678844018814e-04
2.189426532584240704e+03 4.371629521516956496e-04
2.220049517346313223e+03 4.237851733136827233e-04
2.251100727673629081e+03 4.108168949421341174e-04
2.282586151785053062e+03 3.982455779904603768e-04
2.314511861637449329e+03 3.860590672250731759e-04
2.346884014096726332e+03 3.742455814244550691e-04
2.379708852125109843e+03 3.627936975500033624e-04
2.412992705985171142e+03 3.516923425260479099e-04
2.446741994460543083e+03 3.409307835328836793e-04
2.480963226093849244e+03 3.304986161883813854e-04
2.515663000441840268e+03 3.203857565425192403e-04
2.550848009348104370e+03 3.105824278583741663e-04
2.586525038233601208e+03 3.010791520432245768e-04
2.622700967405251504e+03 2.918667421110627061e-04
2.659382773382786127e+03 2.829362924571872818e-04
2.696577530244130685e+03 2.742791713963667116e-04
2.734292410989711698e+03 2.658870110406618987e-04
2.772534688925688442e+03 2.577516987027879750e-04
2.811311739066691644e+03 2.498653704441932723e-04
2.850631039558003977e+03 2.422204034374233561e-04
2.890500173117800841e+03 2.348094090527666966e-04
2.930926828499440489e+03 2.276252249117963981e-04
2.971918801974211874e+03 2.206609071757335318e-04
3.013483998834871272e+03 2.139097243781214793e-04
3.055630434920198695e+03 2.073651515378362523e-04
3.098366238160828289e+03 2.010208640225991236e-04
3.141699650146674230e+03 1.948707310266650740e-04
3.185639027716415058e+03 1.889088092326282825e-04
3.230192844569004592e+03 1.831293366135586156e-04
3.275369692897922050e+03 1.775267277545481467e-04
3.321178285048074031e+03 1.720955688965512169e-04
3.367627455196057781e+03 1.668306119801473038e-04
3.414726161053791657e+03 1.617267698211436833e-04
3.462483485595982984e+03 1.567791104070230535e-04
3.510908638811803939e+03 1.519828525999238175e-04
3.560010959481058308e+03 1.473333621033153570e-04
3.609799916975142423e+03 1.428261465757817627e-04
3.660285113083163196e+03 1.384568515039501582e-04
3.711476283863742992e+03 1.342212553601602239e-04
3.763383301522508191e+03 1.301152654805103341e-04
3.816016176316040855e+03 1.261349146549982478e-04
3.869385058482255772e+03 1.222763574688086156e-04
3.923500240197965923e+03 1.185358663929796195e-04
3.978372157563675501e+03 1.149098280518365787e-04
4.034011392616167996e+03 1.113947391317702857e-04
4.090428675369257689e+03 1.079872035478553639e-04
4.147634885883118841e+03 1.046839295789519543e-04
4.205641056362465861e+03 1.014817263353936312e-04
4.264458373284053778e+03 9.837750081988358083e-05
4.324098179554120179e+03 9.536825430960150672e-05
4.384571976695712692e+03 9.245107958285968394e-05
4.445891427066901088e+03 8.962315887537484365e-05
4.508068356109720298e+03 8.688176065900900333e-05
4.571114754630822063e+03 8.422423726779068630e-05
4.635042781113845194e+03 8.164802194357415662e-05
4.699864764064156589e+03 7.915062592226318385e-05
4.765593204386414072e+03 7.672963713279356245e-05
4.832240777795407666e+03 7.438271726914697044e-05
4.899820337260549422e+03 7.210759979401815578e-05
4.968344915484482044e+03 6.990208765742975897e-05
5.037827727416576636e+03 6.776405045047083787e-05
5.108282172801285924e+03 6.569142328334442896e-05
5.179721838762433435e+03 6.368220446523379752e-05
5.252160502423318576e+03 6.173445370316038420e-05
5.325612133563781754e+03 5.984629031177869521e-05
5.400090897314216818e+03 5.801589070268702757e-05
5.475611156887271136e+03 5.624148716346013144e-05
5.552187476347810843e+03 5.452136615604561689e-05
5.629834623421663309e+03 5.285386667856911149e-05
5.708567572343516986e+03 5.123737874589300348e-05
5.788401506744631661e+03 4.967034146083975049e-05
5.869351822581161287e+03 4.815124149827524193e-05
5.951434131103060281e+03 4.667861197918748918e-05
6.034664261864932087e+03 4.525103098518219779e-05
6.119058265778515306e+03 4.386712023025248993e-05
6.204632418208323543e+03 4.252554363625224302e-05
6.291403222110217030e+03 4.122500572580509669e-05
6.379387411213981977e+03 3.996425072198280621e-05
6.468601953250473343e+03 3.874206137263581733e-05
6.559064053223859446e+03 3.755725773077317183e-05
6.650791156729599606e+03 3.640869611074538871e-05
6.743800953318699612e+03 3.529526757318285563e-05
6.838111379909340940e+03 3.421589703322047357e-05
6.933740624245805520e+03 3.316967060923774419e-05
7.030707128406186712e+03 3.215554362268715539e-05
7.129029592358719128e+03 3.117242939328468789e-05
7.228726977568251641e+03 3.021937931226111507e-05
7.329818510652889017e+03 2.929547364797707785e-05
7.432323687091792635e+03 2.839982093086701009e-05
7.536262274984909709e+03 2.753155700307661493e-05
7.641654318865311325e+03 2.668984422021523418e-05
7.748520143564747741e+03 2.587387053761481452e-05
7.856880358133157642e+03 2.508284857799766604e-05
7.966755859813358256e+03 2.431601512294734389e-05
8.078167838070814469e+03 2.357263035384893595e-05
8.191137778680267729e+03 2.285197711663403244e-05
8.305687467869023749e+03 2.215336024779644036e-05
8.421838996518648855e+03 2.147610571583992016e-05
8.539614764425077738e+03 2.081956008354217207e-05
8.659037484618344024e+03 2.018308997267735232e-05
8.780130187742865019e+03 1.956608141028555838e-05
8.902916226498940887e+03 1.896793923241451603e-05
9.027419280146286837e+03 1.838808645309579525e-05
9.153663359070425940e+03 1.782596363347566722e-05
9.281672809413365030e+03 1.728102851532078367e-05
9.411472317768415451e+03 1.675275546060320153e-05
9.543086915941355983e+03 1.624063491379278208e-05
9.676541985777448645e+03 1.574417295142026534e-05
9.811863264056621119e+03 1.526289061904478515e-05
9.949076847456672112e+03 1.479632366369254608e-05
1.008820919758593118e+04 1.434402206984566300e-05
1.022928714608646260e+04 1.390554957577303620e-05
1.037233789980861729e+04 1.348048333500980541e-05
1.051738904605776224e+04 1.306841332889537244e-05
1.066446855791441521e+04 1.266894208089403663e-05
1.081360479962909267e+04 1.228168431008528830e-05
1.096482653209202181e+04 1.190626651348137286e-05
1.111816291838003781e+04 1.154232667260781029e-05
1.127364352938028424e+04 1.118951378277727597e-05
1.143129834949329961e+04 1.084748754482835802e-05
1.159115778241536646e+04 1.051591809644932554e-05
1.175325265700173986e+04 1.019448566766675741e-05
1.191761423321210168e+04 9.882880308469109713e-06
1.208427420813910794e+04 9.580801529531704356e-06
1.225326472212109547e+04 9.287957989120280180e-06
1.242461836494018826e+04 9.004067268922871369e-06
1.259836818210754245e+04 8.728855600116904376e-06
1.277454768123582289e+04 8.462057611890684282e-06
1.295319083850148854e+04 8.203416047140030183e-06
1.313433210519670502e+04 7.952681489230159373e-06
1.331800641437365448e+04 7.709612140491557195e-06
1.350424918758117019e+04 7.473973614531604796e-06
1.369309634169566925e+04 7.245538699888400561e-06
1.388458429584784972e+04 7.024087148979955053e-06
1.407874997844620157e+04 6.809405437044846693e-06
1.427563083429854851e+04 6.601286548053687196e-06
1.447526483183308119e+04 6.399529810821187243e-06
1.467769047042097009e+04 6.203940685765627259e-06
1.488294678780047070e+04 6.014330606314165808e-06
1.509107336760587714e+04 5.830516769638326219e-06
1.530211034700068558e+04 5.652321943284861998e-06
1.551609842441851652e+04 5.479574314167023690e-06
1.573307886741135189e+04 5.312107325520530257e-06
1.595309352060842684e+04 5.149759529912597807e-06
1.617618481378547949e+04 4.992374420583200616e-06
1.640239577004776220e+04 4.839800266544250570e-06
1.663177001412683603e+04 4.691889964329065037e-06
1.686435178079341858e+04 4.548500911861256505e-06
1.710018592338847520e+04 4.409494880711623661e-06
1.733931792247268095e+04 4.274737873297209013e-06
1.758179389459782396e+04 4.144099991291437274e-06
1.782766060119991016e+04 4.017455290211497659e-06
1.807696545761753077e+04 3.894681674466570704e-06
1.832975654223547463e+04 3.775660797190030255e-06
1.858608260575709210e+04 3.660277930039086030e-06
1.884599308060533076e+04 3.548421859922748773e-06
1.910953809045624803e+04 3.439984762821190911e-06
1.937676845990519359e+04 3.334862099653120301e-06
1.964773572426802275e+04 3.232952544943383810e-06
1.992249213952023638e+04 3.134157868498857986e-06
2.020109069237391304e+04 3.038382852224675538e-06
2.048358511049679146e+04 2.945535186199086576e-06
2.077002987287307769e+04 2.855525363756362955e-06
2.106048022031021537e+04 2.768266631401200550e-06
2.135499216609155701e+04 2.683674884511176950e-06
2.165362250677906923e+04 2.601668596925703692e-06
2.195642883316590815e+04 2.522168740059838081e-06
2.226346954138339788e+04 2.445098681771350848e-06
2.257480384416241577e+04 2.370384142028891941e-06
2.289049178225238211e+04 2.297953111015715971e-06
2.321059423600032096e+04 2.227735785369619316e-06
2.353517293709181831e+04 2.159664502564274321e-06
2.386429048045566378e+04 2.093673656116877107e-06
2.419801033633510451e+04 2.029699645348694354e-06
2.453639686252870888e+04 1.967680815748693050e-06
2.487951531680096741e+04 1.907557401136453737e-06
2.522743186946795322e+04 1.849271468298475849e-06
2.558021361615760543e+04 1.792766851514878020e-06
2.593792859074966327e+04 1.737989092918656309e-06
2.630064577849582929e+04 1.684885404236600177e-06
2.666843512932317753e+04 1.633404613159389584e-06
2.704136757132433559e+04 1.583497115460995751e-06
2.741951502443608842e+04 1.535114827529859369e-06
2.780295041430895435e+04 1.488211120968582701e-06
2.819174768637044326e+04 1.442740798020540916e-06
2.858598182008639196e+04 1.398660044560298484e-06
2.898572884341961253e+04 1.355926388053185218e-06
2.939106584749299145e+04 1.314498660541319997e-06
2.980207100145534423e+04 1.274336941009552291e-06
3.021882356755734145e+04 1.235402529385031770e-06
3.064140391643674593e+04 1.197657911579208632e-06
3.106989354261769404e+04 1.161066721921388117e-06
3.150437508022709153e+04 1.125593710705893880e-06
3.194493231893081611e+04 1.091204701579721032e-06
3.239165022009236418e+04 1.057870683864110109e-06
3.284461493315717962e+04 1.025558063936550772e-06
3.330391381226736121e+04 9.942326228782479229e-07
3.376963543310749810e+04 9.638641981743457820e-07
3.424186960998618451e+04 9.344235494583037811e-07
3.472070741315694613e+04 9.058823237545506264e-07
3.520624118638145592e+04 8.782130359607978085e-07
3.569856456473765866e+04 8.513890431076172020e-07
3.619777249267703883e+04 8.253845175258960990e-07
3.670396124233489536e+04 8.001744229451298954e-07
3.721722843209668645e+04 7.757344842218288086e-07
3.773767304542346392e+04 7.520411659636006623e-07
3.826539544994032622e+04 7.290716548060486435e-07
3.880049741679318686e+04 7.068038356333034441e-07
3.934308214027489885e+04 6.852162700493487346e-07
3.989325425772589369e+04 6.642881747554725187e-07
4.045111986971383158e+04 6.439993967463194880e-07
4.101678656049535493e+04 6.243304015982313705e-07
4.159036341876337974e+04 6.052622529902127741e-07
4.217196105868452287e+04 5.867765933509883709e-07
4.276169164123123483e+04 5.688556282085605243e-07
4.335966889581253781e+04 5.514821015922106127e-07
4.396600814220622124e+04 5.346392864217145491e-07
4.458082631279800262e+04 5.183109681021442900e-07
4.520424197513193940e+04 5.024814271463333311e-07
4.583637535477757046e+04 4.871354273813565084e-07
4.647734835851313983e+04 4.722581941192773615e-07
4.712728459783652943e+04 4.578354039981959054e-07
4.778630941280398110e+04 4.438531727506569688e-07
4.845454989620146080e+04 4.302980403159147208e-07
4.913213491805410740e+04 4.171569599783991725e-07
4.981919515047920868e+04 4.044172816824422177e-07
5.051586309288663324e+04 3.920667406425189822e-07
5.122227309753093141e+04 3.800934478912207183e-07
5.193856139542072924e+04 3.684858782557366266e-07
5.266486612259108369e+04 3.572328592449455946e-07
5.340132734674437961e+04 3.463235599624783364e-07
5.414808709425992129e+04 3.357474785347512579e-07
5.490528937758502434e+04 3.254944344560950835e-07
5.567308022300818993e+04 3.155545592518344467e-07
5.645160769881966553e+04 3.059182853346947475e-07
5.724102194386599876e+04 2.965763389397601091e-07
5.804147519650469621e+04 2.875197281520380621e-07
5.885312182396384014e+04 2.787397354304563318e-07
5.967611835211128346e+04 2.702279103913490150e-07
6.051062349564022588e+04 2.619760604477627077e-07
6.135679818867739959e+04 2.539762445256098136e-07
6.221480561582106020e+04 2.462207634823917276e-07
6.308481124360803369e+04 2.387021526884467912e-07
6.396698285242560087e+04 2.314131760029046204e-07
6.486149056886832113e+04 2.243468182661962423e-07
6.576850689854627126e+04 2.174962794683452263e-07
6.668820675935220788e+04 2.108549672394814437e-07
6.762076751519498066e+04 2.044164899112856068e-07
6.856636901020469668e+04 1.981746510522916227e-07
6.952519360341499851e+04 1.921234436847341271e-07
7.049742620393051766e+04 1.862570449015293520e-07
7.148325430658673577e+04 1.805698097581425340e-07
7.248286802811028610e+04 1.750562654778225462e-07
7.349646014377963729e+04 1.697111060537728188e-07
7.452422612460363598e+04 1.645291876531582697e-07
7.556636417501835967e+04 1.595055241104053113e-07
7.662307527111032687e+04 1.546352816135303638e-07
7.769456319937390799e+04 1.499137741064378448e-07
7.878103459601222130e+04 1.453364581602074070e-07
7.988269898678752361e+04 1.408989290005670659e-07
8.099976882742748421e+04 1.365969170010249154e-07
8.213245954459671339e+04 1.324262828575212414e-07
8.328098957744216023e+04 1.283830139948802848e-07
8.444558041972001956e+04 1.244632200818839437e-07
8.562645666250988143e+04 1.206631291779827100e-07
8.682384603752604744e+04 1.169790852053718686e-07
8.803797946103774302e+04 1.134075435795667187e-07
8.926909107840007346e+04 1.099450683059375320e-07
9.051741830920829671e+04 1.065883282978575477e-07
9.178320189308478439e+04 1.033340936036172616e-07
9.306668593610635435e+04 1.001792334478501401e-07
9.436811795787936717e+04 9.712071252192195642e-08
9.568774893927315134e+04 9.415558849162454057e-08
9.702583337082198705e+04 9.128100909246869573e-08
9.838262930180490366e+04 8.849420859126776050e-08
9.975839839000919892e+04 8.579250593444252255e-08
1.011534059521900053e+05 8.317330196589931053e-08
1.025679210152390151e+05 8.063407707497609475e-08
1.040022163680651574e+05 7.817238883374151608e-08
1.054565686142007471e+05 7.578586918374889780e-08
1.069312582251455169e+05 7.347222203273525156e-08
1.084265695944562030e+05 7.122922177273395979e-08
1.099427910925909237e+05 6.905471078256512288e-08
1.114802151225205744e+05 6.694659753432395177e-08
1.130391381761194352e+05 6.490285440723375613e-08
1.146198608913446224e+05 6.292151513403287905e-08
1.162226881102128100e+05 6.100067388482447007e-08
1.178479289375880617e+05 5.913848302026936773e-08
1.194958968007949734e+05 5.733315145709915261e-08
1.211669095100618870e+05 5.558294301886045301e-08
1.228612893198095553e+05 5.388617401345280172e-08
1.245793629907986760e+05 5.224121236620884408e-08
1.263214618531467131e+05 5.064647589078187958e-08
1.280879218702238140e+05 4.910043080931240723e-08
1.298790837034423603e+05 4.760159037798476020e-08
1.316952927779541642e+05 4.614851294665878715e-08
1.335368993492670706e+05 4.473980086068082323e-08
1.354042585707902908e+05 4.337409924362468528e-08
1.372977305623241991e+05 4.205009466291823901e-08
1.392176804795125790e+05 4.076651393150229277e-08
1.411644785842611745e+05 3.952212266726087878e-08
1.431385003161414643e+05 3.831572395643024165e-08
1.451401263647951127e+05 3.714615756869064257e-08
1.471697427433513803e+05 3.601229876075521763e-08
1.492277408628681151e+05 3.491311968572879496e-08
1.513145176078143704e+05 3.384765267628085390e-08
1.534304754126104235e+05 3.281470755026113259e-08
1.555760223392387270e+05 3.181329134229114102e-08
1.577515721559370286e+05 3.084244149803950844e-08
1.599575444169917319e+05 2.990122489253604304e-08
1.621943645436527440e+05 2.898873696282308330e-08
1.644624639061736816e+05 2.810410066763611722e-08
1.667622799070004548e+05 2.724646561562354665e-08
1.690942560651255189e+05 2.641500749267308828e-08
1.714588421016215871e+05 2.560892719160525615e-08
1.738564940263690078e+05 2.482745003365415995e-08
1.762876742259960156e+05 2.406982502722808281e-08
1.787528515530505974e+05 2.333532389178360756e-08
1.812525014164209424e+05 2.262324069279851839e-08
1.837871058730156510e+05 2.193289108961953045e-08
1.863571537207267247e+05 2.126361163782942742e-08
1.889631405926981533e+05 2.061475924366237027e-08
1.916055690529067942e+05 1.998571024736556429e-08
1.942849486930797575e+05 1.937586007656674848e-08
1.970017962309709401e+05 1.878462266834190169e-08
1.997566356100113480e+05 1.821142986129119631e-08
2.025499981003498542e+05 1.765573089826547967e-08
2.053824224013070052e+05 1.711699174344946097e-08
2.082544547452648403e+05 1.659469463273556616e-08
2.111666490030088462e+05 1.608833766182767439e-08
2.141195667905406153e+05 1.559743427817480821e-08
2.171137775773826288e+05 1.512151277576022808e-08
2.201498587964053731e+05 1.466011586670625080e-08
2.232283959551829903e+05 1.421280013848200092e-08
2.263499827489057789e+05 1.377913575616030347e-08
2.295152211748767586e+05 1.335870603917596000e-08
2.327247216486075777e+05 1.295110700959722144e-08
2.359791031215363473e+05 1.255594707211644440e-08
2.392789932003894937e+05 1.217284650279771004e-08
2.426250282682177203e+05 1.180143718381372944e-08
2.460178536071241542e+05 1.144136226834504802e-08
2.494581235227056022e+05 1.109227578226778337e-08
2.529465014702312474e+05 1.075384237310923272e-08
2.564836601825963589e+05 1.042573686745846558e-08
2.600702818000557600e+05 1.010764400333976580e-08
2.637070580017723260e+05 9.799258170860139465e-09
2.673946901392088039e+05 9.500283079496682378e-09
2.711338893713858561e+05 9.210431524930607900e-09
2.749253768020267016e+05 8.929425045275856462e-09
2.787698836186195258e+05 8.656993652953582205e-09
2.826681512334288564e+05 8.392875615839735645e-09
2.866209314264794812e+05 8.136817190988267548e-09
2.906289864905345603e+05 7.888572409261514209e-09
2.946930893780995975e+05 7.647902804037262282e-09
2.988140238504940644e+05 7.414577164067594917e-09
3.029925846289955662e+05 7.188371334026208154e-09
3.072295775480994489e+05 6.969068006657700875e-09
3.115258197109258035e+05 6.756456527532628287e-09
3.158821396468005842e+05 6.550332672317808638e-09
3.202993774710345897e+05 6.350498442237264670e-09
3.247783850469371537e+05 6.156761866859570757e-09
3.293200261500996421e+05 5.968936837797459827e-09
3.339251766349781537e+05 5.786842947699399325e-09
3.385947246037983568e+05 5.610305291951865153e-09
3.433295705778219854e+05 5.439154309064320741e-09
3.481306276710205129e+05 5.273225597002431713e-09
3.529988217661643284e+05 5.112359765490374175e-09
3.579350916933770059e+05 4.956402311330286460e-09
3.629403894111906993e+05 4.805203439020848455e-09
3.680156801901340368e+05 4.658617936490984566e-09
3.731619427988817915e+05 4.516505013573527832e-09
3.783801696930067847e+05 4.378728162419584260e-09
3.836713672063781996e+05 4.245155061081085115e-09
3.890365557452353532e+05 4.115657420065501038e-09
3.944767699849701603e+05 3.990110875504258252e-09
3.999930590696590953e+05 3.868394859218647112e-09
4.055864868144000648e+05 3.750392468010393591e-09
4.112581319104640861e+05 3.635990366220309207e-09
4.170090881333170692e+05 3.525078687240610415e-09
4.228404645535579184e+05 3.417550920419494737e-09
4.287533857508056099e+05 3.313303812176869235e-09
4.347489920305710402e+05 3.212237247784898431e-09
4.408284396441606223e+05 3.114254158640149397e-09
4.469929010116632562e+05 3.019260452938594605e-09
4.532435649480543216e+05 2.927164909821421431e-09
4.595816368924553972e+05 2.837879100017063752e-09
4.660083391405962175e+05 2.751317288104014863e-09
4.725249110805469099e+05 2.667396338377939292e-09
4.791326094317268580e+05 2.586035667848053903e-09
4.858327084872594569e+05 2.507157150529470634e-09
4.926265003597228788e+05 2.430685051140780585e-09
4.995152952303373022e+05 2.356545948001726075e-09
5.065004216016302234e+05 2.284668641020417315e-09
5.135832265536325285e+05 2.214984114549648097e-09
5.207650760036673746e+05 2.147425457762111592e-09
5.280473549697709968e+05 2.081927806174557292e-09
5.354314678377892124e+05 2.018428281805080375e-09
5.429188386322080623e+05 1.956865908879727650e-09
5.505109112907790113e+05 1.897181577334706467e-09
5.582091499429979594e+05 1.839317981721202289e-09
5.660150391924345167e+05 1.783219568515388559e-09
5.739300844030542066e+05 1.728832485367835143e-09
5.819558119895294076e+05 1.676104515067558719e-09
5.900937697116032941e+05 1.624985030942648592e-09
5.983455269725706894e+05 1.575424953759655671e-09
6.067126751219411381e+05 1.527376704347198012e-09
6.151968277623364702e+05 1.480794159487579947e-09
6.237996210606674431e+05 1.435632602136578918e-09
6.325227140636638505e+05 1.391848672503020799e-09
6.413677890178236412e+05 1.349400335786726783e-09
6.503365516938519431e+05 1.308246842444639544e-09
6.594307317155869678e+05 1.268348688360222202e-09
6.686520828935765894e+05 1.229667578278295859e-09
6.780023835633017588e+05 1.192166378383729649e-09
6.874834369281248655e+05 1.155809953793811299e-09
6.970970714070295217e+05 1.120568394251910235e-09
7.068451409872372169e+05 1.086401585112055904e-09
7.167295255817538127e+05 1.053276747228366857e-09
7.267521313919045497e+05 1.021162099614760136e-09
7.369148912749392912e+05 9.900268241230522351e-10
7.472197651167857694e+05 9.598410473339352505e-10
7.576687402100339532e+05 9.305758085192820328e-10
7.682638316371503752e+05 9.022030322748905116e-10
7.790070826591049554e+05 8.746954995748937901e-10
7.899005651094187051e+05 8.480268151622452680e-10
8.009463797937099589e+05 8.221713922239187661e-10
8.121466568948263302e+05 7.971044259582726428e-10
8.235035563836587826e+05 7.728018695675091498e-10
8.350192684356950922e+05 7.492404099069284872e-10
8.466960138533907011e+05 7.263974416953009421e-10
8.585360444944421761e+05 7.042510488831414056e-10
8.705416437060608296e+05 6.827799859806530451e-10
8.827151267653398681e+05 6.619636565741421840e-10
8.950588413257133216e+05 6.417820927973027698e-10
9.075751678697258467e+05 6.222159349443598354e-10
9.202665201681094477e+05 6.032464113221190589e-10
9.331353457452749135e+05 5.848553248514258958e-10
9.461841263513052836e+05 5.670250345883620101e-10
9.594153784405717161e+05 5.497384374005153230e-10
9.728316536570356693e+05 5.329789530908801245e-10
9.864355393263278529e+05 5.167305034045805727e-10
1.000229658954703831e+06 5.009775021346463702e-10
1.014216672734994441e+06 4.857048396478418543e-10
1.028399278059632168e+06 4.708978665495812220e-10
1.042780210040834965e+06 4.565423823860423998e-10
1.057362242038058583e+06 4.426246166513881834e-10
1.072148186192863155e+06 4.291312192255062450e-10
1.087140893971223850e+06 4.160492483682942120e-10
1.102343256713422714e+06 4.033661565202515268e-10
1.117758206191655248e+06 3.910697809061975856e-10
1.133388715175429592e+06 3.791483276607907001e-10
1.149237798004855402e+06 3.675903620453906148e-10
1.165308511171949329e+06 3.563847990399568554e-10
1.181603953910088399e+06 3.455208915212921593e-10
1.198127268791706068e+06 3.349882215822956262e-10
1.214881642334326170e+06 3.247766881688580035e-10
1.231870305615069112e+06 3.148764973081116885e-10
1.249096534893792123e+06 3.052781542290556291e-10
1.266563652244901750e+06 2.959724538532216549e-10
1.284275026198004372e+06 2.869504728134918489e-10
1.302234072387535591e+06 2.782035595863736787e-10
1.320444254211477470e+06 2.697233257612515263e-10
1.338909083499260014e+06 2.615016386709513759e-10
1.357632121189010330e+06 2.535306138994050743e-10
1.376616978014285909e+06 2.458026082230502604e-10
1.395867315200415906e+06 2.383102113999173480e-10
1.415386845170557033e+06 2.310462389642159597e-10
1.435179332261616830e+06 2.240037250221570670e-10
1.455248593450237531e+06 2.171759163041826562e-10
1.475598499088884564e+06 2.105562660276912127e-10
1.496232973652228713e+06 2.041384270058570418e-10
1.517155996493994026e+06 1.979162457624513487e-10
1.538371602614386240e+06 1.918837559722026835e-10
1.559883883438229328e+06 1.860351733240615857e-10
1.581696987603985937e+06 1.803648898412014365e-10
1.603815121763829608e+06 1.748674690672266152e-10
1.626242551394912181e+06 1.695376404376866443e-10
1.648983601621947950e+06 1.643702938253850665e-10
1.672042658051291481e+06 1.593604746648323117e-10
1.695424167616740102e+06 1.545033794480473954e-10
1.719132639437107136e+06 1.497943516111021067e-10
1.743172645685787546e+06 1.452288766744476800e-10
1.767548822472515982e+06 1.408025778825134661e-10
1.792265870737451827e+06 1.365112114742827031e-10
1.817328557157742325e+06 1.323506629501653556e-10
1.842741715066761477e+06 1.283169437783797760e-10
1.868510245386227733e+06 1.244061870316718047e-10
1.894639117571364390e+06 1.206146439280832921e-10
1.921133370569241233e+06 1.169386796602893038e-10
1.947998113790512318e+06 1.133747698761829457e-10
1.975238528094808804e+06 1.099194982356003491e-10
2.002859866789847147e+06 1.065695524693725492e-10
2.030867456644509220e+06 1.033217215865055534e-10
2.059266698916123714e+06 1.001728924017352220e-10
2.088063070392116439e+06 9.712004603900695271e-11
2.117262124446191359e+06 9.416025625011445339e-11
2.146869492109277286e+06 9.129068586345186544e-11
2.176890883155489806e+06 8.850858444592236332e-11
2.207332087203278672e+06 8.581128555841724717e-11
2.238198974831933156e+06 8.319620343947417682e-11
2.269497498713700566e+06 8.066083152763041839e-11
2.301233694761806168e+06 7.820273961051172420e-11
2.333413683294454124e+06 7.581957173850374329e-11
2.366043670215111226e+06 7.350904401853714727e-11
2.399129948209327646e+06 7.126991230189631893e-11
2.432678897958306130e+06 6.911115224634206405e-11
2.466696989369388670e+06 6.703209057005418626e-11
2.501190782823764253e+06 6.503224526549543485e-11
2.536166930441650096e+06 6.311130590264060291e-11
2.571632177365173586e+06 6.126910791992156345e-11
2.607593363059157040e+06 5.950560175841871370e-11
2.644057422630064655e+06 5.782081556398463961e-11
2.681031388163507450e+06 5.621481554903544443e-11
2.718522390080348589e+06 5.468766262399985255e-11
2.756537658511774149e+06 5.323936737717641161e-11
2.795084524693649728e+06 5.186984519952478354e-11
2.834170422380369622e+06 5.057887156491929875e-11
2.873802889278430957e+06 4.936604212236031355e-11
2.913989568500055466e+06 4.823073649198462605e-11
2.954738210037183948e+06 4.717208785867088721e-11
2.996056672256090678e+06 4.618895913705948253e-11
3.037952923412834294e+06 4.527992553992273159e-11
3.080435043189902790e+06 4.444326616782886080e-11
3.123511224254453555e+06 4.367696294980480255e-11
3.167189773838223889e+06 4.297870731940059392e-11
