8.400153532618165997e+00 9.288490858285090510e-04
8.515874433778263253e+00 1.249116586737442688e-03
8.633228486807215774e+00 1.698949129537800570e-03
8.752238740134455242e+00 2.331453733363641340e-03
8.872928567468528982e+00 3.220311756134332237e-03
8.995321672387571965e+00 4.466384989289449298e-03
9.119442092994884064e+00 6.204482950046337486e-03
9.245314206639887900e+00 8.610859700466391708e-03
9.372962734705897248e+00 1.191119247582173718e-02
9.502412747465495357e+00 1.638604341669373798e-02
9.633689669004233735e+00 2.237121153944707230e-02
9.766819282214051157e+00 3.025634816466526988e-02
9.901827733856947589e+00 4.047783401943694237e-02
1.003874153970036254e+01 5.351730481407154794e-02
1.017758758972475341e+01 6.986127350161941418e-02
1.031839315340487140e+01 8.992214808742921006e-02
1.046118588506557501e+01 1.141034329529932445e-01
1.060599382931304646e+01 1.427528215621702845e-01
1.075284542654283904e+01 1.761136275396419926e-01
1.090176951852553877e+01 2.143176411302696316e-01
1.105279535407144209e+01 2.573809745821987738e-01
1.120595259477484262e+01 3.051852900620571907e-01
1.136127132083980129e+01 3.574535280376123225e-01
1.151878203698775138e+01 4.137189345142615604e-01
1.167851567844880378e+01 4.732656640997829900e-01
1.184050361703729060e+01 5.353126051598187107e-01
1.200477766731329865e+01 5.994085851987627223e-01
1.217137009283116811e+01 6.654364310888423173e-01
1.234031361247584790e+01 7.337100823629332247e-01
1.251164140688917215e+01 8.045592248232160681e-01
1.268538712498631149e+01 8.783992295106684001e-01
1.286158489056470522e+01 9.557742555716890465e-01
1.304026930900577597e+01 1.037160707313978358e+00
1.322147547407154988e+01 1.123001635985495295e+00
1.340523897479716275e+01 1.213715373512451068e+00
1.359159590248043337e+01 1.309627011319609569e+00
1.378058285777039771e+01 1.411018229142087410e+00
1.397223695785548436e+01 1.518085375738758014e+00
1.416659584375359948e+01 1.630858668377255238e+00
1.436369768770466493e+01 1.749339743617424503e+00
1.456358120066773054e+01 1.873517320186825152e+00
1.476628563992396082e+01 2.003303599444780758e+00
1.497185081678656005e+01 2.138481319394685443e+00
1.518031710442000204e+01 2.278870303670947450e+00
1.539172544576908663e+01 2.424322565985637112e+00
1.560611736160044138e+01 2.574646371141955825e+00
1.582353495865703330e+01 2.729615738401324876e+00
1.604402093792796791e+01 2.889123352089831620e+00
1.626761860303518858e+01 3.053034299392700213e+00
1.649437186873817396e+01 3.221233579787847745e+00
1.672432526955882892e+01 3.393908044752182107e+00
1.695752396852811827e+01 3.571481281115158168e+00
1.719401376605626552e+01 3.754317788493167996e+00
1.743384110892773720e+01 3.942073582955119448e+00
1.767705309942370917e+01 4.133525972168781593e+00
1.792369750457266164e+01 4.327387794210917349e+00
1.817382276553225751e+01 4.523026644334299462e+00
1.842747800710284523e+01 4.720209507128293680e+00
1.868471304737579075e+01 4.918553014112497124e+00
1.894557840751789612e+01 5.117216027610341555e+00
1.921012532169353548e+01 5.315286932835158851e+00
1.947840574712734707e+01 5.512038266908595219e+00
1.975047237430842983e+01 5.706710142750887726e+00
2.002637863733904666e+01 5.898560533951188845e+00
2.030617872442892491e+01 6.086671024115339890e+00
2.058992758853789695e+01 6.270196772112869965e+00
2.087768095816887026e+01 6.448069912261154002e+00
2.116949534831268309e+01 6.619093850466118312e+00
2.146542807154799704e+01 6.781994680927455832e+00
2.176553724929716793e+01 6.935578778206874517e+00
2.206988182324176506e+01 7.078756545031069436e+00
2.237852156689838523e+01 7.210442291229991696e+00
2.269151709735836420e+01 7.329669754516171309e+00
2.300892988719322219e+01 7.435635144854103373e+00
2.333082227652750618e+01 7.527646640657057020e+00
2.365725748528285166e+01 7.604993084038607520e+00
2.398829962559408813e+01 7.667217655525679021e+00
2.432401371440125715e+01 7.714330062340028604e+00
2.466446568621864799e+01 7.746723962528857754e+00
2.500972240608453490e+01 7.764834454887918014e+00
2.536190795143868471e+01 7.768773342659587300e+00
2.572679114833428216e+01 7.758163964003287560e+00
2.609677679734070921e+01 7.733454272006223817e+00
2.647193625010627827e+01 7.695638622763922854e+00
2.685234185604616997e+01 7.645653067645440615e+00
2.723806697629502693e+01 7.583922414722490402e+00
2.762918599785466611e+01 7.510404760928416579e+00
2.802577434793941080e+01 7.425036149228830595e+00
2.842790850852253115e+01 7.327954137044413230e+00
2.883566603108549131e+01 7.219467216148792943e+00
2.924912555157383309e+01 7.099728172639927948e+00
2.966836680556207995e+01 6.968815726378377207e+00
3.009347064363081259e+01 6.827476835911966191e+00
3.052451904695853102e+01 6.677322590270197367e+00
3.096159514313194094e+01 6.520670432815748541e+00
3.140478322217677132e+01 6.359788769573160749e+00
3.185416875281337568e+01 6.196251164423056679e+00
3.230983839893919196e+01 6.030989817703622080e+00
3.277188003634184099e+01 5.864544052608126279e+00
3.324038276964628835e+01 5.697345910719878503e+00
3.371543694949791359e+01 5.529941604228358010e+00
3.419713418998750853e+01 5.362859240895563318e+00
3.468556738631837533e+01 5.196504738156246361e+00
3.518083073272140382e+01 5.031116878571662454e+00
3.568301974062040216e+01 4.866910735505859620e+00
3.619223125705138955e+01 4.704340634640865382e+00
3.670856348333958152e+01 4.544134971738973405e+00
3.723211599403746419e+01 4.387128702023388449e+00
3.776298975612773745e+01 4.234049342467351984e+00
3.830128714849468707e+01 4.085393335439775342e+00
3.884711198166831281e+01 3.941405057885758012e+00
3.940056951784334416e+01 3.802196402116644336e+00
3.996176649118005031e+01 3.667773991384621901e+00
4.053081112838713551e+01 3.538151389879619302e+00
4.110781316959354115e+01 3.413305961290426183e+00
4.169288388951178348e+01 3.293181709045370553e+00
4.228613611889721824e+01 3.177676771796926758e+00
4.288768426630743846e+01 3.066622163853839567e+00
4.349764434016598358e+01 2.959832370378655320e+00
4.411613397113443114e+01 2.857140188367302436e+00
4.474327243479748262e+01 2.758353331551528953e+00
4.537918067466556238e+01 2.663286854044456753e+00
4.602398132549786425e+01 2.571758897170401070e+00
4.667779873695361204e+01 2.483568768038068697e+00
4.734075899757191053e+01 2.398527212539820930e+00
4.801298995908834399e+01 2.316497563747772048e+00
4.869462126109106492e+01 2.237382723804111961e+00
4.938578435602175887e+01 2.161156371689883393e+00
5.008661253452616080e+01 2.087824927625567817e+00
5.079724095115923888e+01 2.017405760524992431e+00
5.151780665044962149e+01 1.949868767360804167e+00
5.224844859332855407e+01 1.885119310740429377e+00
5.298930768392894208e+01 1.823023565435863080e+00
5.374052679675763500e+01 1.763425358909938456e+00
5.450225080425011015e+01 1.706153454347488552e+00
5.527462660470798284e+01 1.651042869400112689e+00
5.605780315062884256e+01 1.597984460955311548e+00
5.685193147743156317e+01 1.546910608283225130e+00
5.765716473258348174e+01 1.497777861587986425e+00
5.847365820513482504e+01 1.450563845794038187e+00
5.930156935566621712e+01 1.405236132703336693e+00
6.014105784665488130e+01 1.361765696639559486e+00
6.099228557326545541e+01 1.320091400447783059e+00
6.185541669457164460e+01 1.280123622886284451e+00
6.273061766521379212e+01 1.241761610503477442e+00
6.361805726750048251e+01 1.204907554452630869e+00
6.451790664395720398e+01 1.169450292535164859e+00
6.543033933033164828e+01 1.135254900817434631e+00
6.635553128906001064e+01 1.102220778356089337e+00
6.729366094320130287e+01 1.070263588865628446e+00
6.824490921084607464e+01 1.039333203882789380e+00
6.920945954000654865e+01 1.009379489571697874e+00
7.018749794399445818e+01 9.803608769530631761e-01
7.117921303729377769e+01 9.522321044130110934e-01
7.218479607193478387e+01 9.249538209582497394e-01
7.320444097437707853e+01 8.984765598406743159e-01
7.423834438290874971e+01 8.727460063540810609e-01
7.528670568556657372e+01 8.477067541028611153e-01
7.634972705858993436e+01 8.233098855856701981e-01
7.742761350540889964e+01 7.995160831980894223e-01
7.852057289617977176e+01 7.762981069391914346e-01
7.962881600787252978e+01 7.536435851417002674e-01
8.075255656491951584e+01 7.315436289541201731e-01
8.189201128043171707e+01 7.099925020815005539e-01
8.304739989799205091e+01 6.889897262043720438e-01
8.421894523403280175e+01 6.685352454344255513e-01
8.540687322080556498e+01 6.486197824755111085e-01
8.661141294995312023e+01 6.292311556392258254e-01
8.783279671668786648e+01 6.103472148004955855e-01
8.907126006459203893e+01 5.919465907115952774e-01
9.032704183104067397e+01 5.740129069845050225e-01
9.160038419326201620e+01 5.565427752082547919e-01
9.289153271504120823e+01 5.395384595999339616e-01
9.420073639407721089e+01 5.230017836319174052e-01
9.552824771000200599e+01 5.069341226788717236e-01
9.687432267307113420e+01 4.913351988815142235e-01
9.823922087353528809e+01 4.762074016657322773e-01
9.962320553170199844e+01 4.615490329771612110e-01
1.010265435486986689e+02 4.473576803325549633e-01
1.024495055579421319e+02 4.336295897868556182e-01
1.038923659773330570e+02 4.203573005701390919e-01
1.053554030621752133e+02 4.075309838822167574e-01
1.068388989588377882e+02 3.951383490908426666e-01
1.083431397591674568e+02 3.831653014850651129e-01
1.098684155556605191e+02 3.715974304184956889e-01
1.114150204974077667e+02 3.604169151621041678e-01
1.129832528468206903e+02 3.496042470628195620e-01
1.145734150371514062e+02 3.391406530113176832e-01
1.161858137308167045e+02 3.290077516104794597e-01
1.178207598785388939e+02 3.191883424777453016e-01
1.194785687793100237e+02 3.096653157976236859e-01
1.211595601412005436e+02 3.004241464016863539e-01
1.228640581430123291e+02 2.914542280568970245e-01
1.245923914967975605e+02 2.827462470285595497e-01
1.263448935112507883e+02 2.742943634467629455e-01
1.281219021559871010e+02 2.660910242189422625e-01
1.299237601267198272e+02 2.581292349976904710e-01
1.317508149113491243e+02 2.504025531236533375e-01
1.336034188569749119e+02 2.429046490871848984e-01
1.354819292378467424e+02 2.356296155101186285e-01
1.373867083242654417e+02 2.285721130239668497e-01
1.393181234524438992e+02 2.217260564614351726e-01
1.412765470953513898e+02 2.150863726854282953e-01
1.432623569345420265e+02 2.086481294544451082e-01
1.452759359329920414e+02 2.024073478206274146e-01
1.473176724089535412e+02 1.963599434402509836e-01
1.493879601108419877e+02 1.905007617482725735e-01
1.514871982931700813e+02 1.848268459140697262e-01
1.536157917935441901e+02 1.793353582039866057e-01
1.557741511107370513e+02 1.740244907128019047e-01
1.579626924838521802e+02 1.688917441198417579e-01
1.601818379725968384e+02 1.639341501193313233e-01
1.624320155386729425e+02 1.591465828117968329e-01
1.647136591283137079e+02 1.545232572322194908e-01
1.670272087559664271e+02 1.500593541361461281e-01
1.693731105891510254e+02 1.457500278018133422e-01
1.717518170345027215e+02 1.415899487842008364e-01
1.741637868250190877e+02 1.375730807506571063e-01
1.766094851085258597e+02 1.336928243233552749e-01
1.790893835373812522e+02 1.299418900578236391e-01
1.816039603594336427e+02 1.263124827325987631e-01
1.841537005102512126e+02 1.227968934163756742e-01
1.867390957066437522e+02 1.193875591314675910e-01
1.893606445414856978e+02 1.160768821342152979e-01
1.920188525798751584e+02 1.128571222371449467e-01
1.947142324566279115e+02 1.097206288109550121e-01
1.974473039751404428e+02 1.066601481405425877e-01
2.002185942076340268e+02 1.036691502272755194e-01
2.030286375968001096e+02 1.007421859232424666e-01
2.058779760588676311e+02 9.787500344403027297e-02
2.087671590881114412e+02 9.506366228494217419e-02
2.116967438628220464e+02 9.230518144671179259e-02
2.146672953527573782e+02 8.959695922075183727e-02
2.176793864280971036e+02 8.693744550630677637e-02
2.207335979699202824e+02 8.432595340117765570e-02
2.238305189822291936e+02 8.176234709350282959e-02
2.269707467055370103e+02 7.924717797230296235e-02
2.301548867320463216e+02 7.678197861898133914e-02
2.333835531224375472e+02 7.436858889355874025e-02
2.366573685242904048e+02 7.200879430348272603e-02
2.399769642921608579e+02 6.970443733139841669e-02
2.433429806093384684e+02 6.745735677279124376e-02
2.467560666113047887e+02 6.526932880445085461e-02
2.502168805109197649e+02 6.314198462064590789e-02
2.537260897253572409e+02 6.107706777810828491e-02
2.572843710048161370e+02 5.907610440956906350e-02
2.608924105630341614e+02 5.714005639615327148e-02
2.645509042096178405e+02 5.526942000326451332e-02
2.682605574842370402e+02 5.346390406386897221e-02
2.720220857926822191e+02 5.172288021832799343e-02
2.758362145448326146e+02 5.004539392840712253e-02
2.797036792945513071e+02 4.843027690723838985e-02
2.836252258815361529e+02 4.687595395232704854e-02
2.876016105751554051e+02 4.538049874815408558e-02
2.916336002202932036e+02 4.394192048741080159e-02
2.957219723852363131e+02 4.255796136374692673e-02
2.998675155116271185e+02 4.122621539253723544e-02
3.040710290665168714e+02 3.994420648092592008e-02
3.083333236965371498e+02 3.870940857530522083e-02
3.126552213842400647e+02 3.751927364400250986e-02
3.170375556066121021e+02 3.637132478673679725e-02
3.214811714958120774e+02 3.526315930925361108e-02
3.259869260021540640e+02 3.419251114782703715e-02
3.305556880593706524e+02 3.315731835149385298e-02
3.351883387521862687e+02 3.215560788322591179e-02
3.398857714862332955e+02 3.118551903412267179e-02
3.446488921603490212e+02 3.024533080919339367e-02
3.494786193412699618e+02 2.933346904453404402e-02
3.543758844407883544e+02 2.844851161755293512e-02
3.593416318953625250e+02 2.758914213163449203e-02
3.643768193482633251e+02 2.675424139289461767e-02
3.694824178342441314e+02 2.594288101070624242e-02
3.746594119668142753e+02 2.515425528920811615e-02
3.799088001281151037e+02 2.438760476515658415e-02
3.852315946614604059e+02 2.364226243632053248e-02
3.906288220665662152e+02 2.291765404738423106e-02
3.961015231975100050e+02 2.221331375434218436e-02
4.016507534634637295e+02 2.152882361125162125e-02
4.072775830322195247e+02 2.086375814814815655e-02
4.129830970365839562e+02 2.021770063770611525e-02
4.187683957836330819e+02 1.959026883476511216e-02
4.246345949669185984e+02 1.898111485312706237e-02
4.305828258816163725e+02 1.838989478206162764e-02
4.366142356427087634e+02 1.781627954437128847e-02
4.427299874061969263e+02 1.725993574864136126e-02
4.489312605934179601e+02 1.672050977526455540e-02
4.552192511184970840e+02 1.619764863173887848e-02
4.615951716189766216e+02 1.569100275070965667e-02
4.680602516896791485e+02 1.520022357224362630e-02
4.746157381198228222e+02 1.472496567073325324e-02
4.812628951334796170e+02 1.426487993143259192e-02
4.880030046333652649e+02 1.381961134529031965e-02
4.948373664480687921e+02 1.338878937442126993e-02
5.017672985827085199e+02 1.297203549400778588e-02
5.087941374731248629e+02 1.256896916638441941e-02
5.159192382435998070e+02 1.217920043806800662e-02
5.231439749681976537e+02 1.180233071612894064e-02
5.304697409357535207e+02 1.143796191575024296e-02
5.378979489185692273e+02 1.108569689674250569e-02
5.454300314448661311e+02 1.074514174776208114e-02
5.530674410750464176e+02 1.041591388346373853e-02
5.608116506818247444e+02 1.009763083353315549e-02
5.686641537342591164e+02 9.789912325087392342e-03
5.766264645857831965e+02 9.492385351484930456e-03
5.847001187662303892e+02 9.204679245629197870e-03
5.928866732779777067e+02 8.926435211576988493e-03
6.011877068962011208e+02 8.657309797678196250e-03
6.096048204733472176e+02 8.396973545358010771e-03
6.181396372478562853e+02 8.145100794655163456e-03
6.267938031572037971e+02 7.901370244336680670e-03
6.355689871553179273e+02 7.665467939796999364e-03
6.444668815344373343e+02 7.437054161648151696e-03
6.534892022514749215e+02 7.215834326369914564e-03
6.626376892589246381e+02 7.001545768571537653e-03
6.719141068404320549e+02 6.793928814986784082e-03
6.813202439510141630e+02 6.592736822978485789e-03
6.908579145620788040e+02 6.397730665766876434e-03
7.005289580112344083e+02 6.208676367070373875e-03
7.103352393570119148e+02 6.025220758905394658e-03
7.202786497385408211e+02 5.847025226115930285e-03
7.303611067402521257e+02 5.673981019512781832e-03
7.405845547616878548e+02 5.505883527480371492e-03
7.509509653924736767e+02 5.342540863601610152e-03
7.614623377925483965e+02 5.183772396689927120e-03
7.721206990776837529e+02 5.029405070145924472e-03
7.829281047104379923e+02 4.879269388538335500e-03
7.938866388965243459e+02 4.733208640433597680e-03
8.049984149867748329e+02 4.591079242399317278e-03
8.162655758846816525e+02 4.452749586636252366e-03
8.276902944596628231e+02 4.318099604103231570e-03
8.392747739660986781e+02 4.187018804311354314e-03
8.510212484682300556e+02 4.059407250715664495e-03
8.629319832709941238e+02 3.935173704223297875e-03
8.750092753568892476e+02 3.814236713897859593e-03
8.872554538289542734e+02 3.696523947648000172e-03
8.996728803599173716e+02 3.581972204677253552e-03
9.122639496476698469e+02 3.470527852166029742e-03
9.250310898770551375e+02 3.362140467181433737e-03
9.379767631881696843e+02 3.256764427606216594e-03
9.511034661511678223e+02 3.154357055637114701e-03
9.644137302477330422e+02 3.054878736452947691e-03
9.779101223592703036e+02 2.958289638102198915e-03
9.915952452619313817e+02 2.864550039986923924e-03
1.005471738128557377e+03 2.773621617365697178e-03
1.019542277037642407e+03 2.685461282039539391e-03
1.033809575489422741e+03 2.600023839211670559e-03
1.048276384929154119e+03 2.517262475021609866e-03
1.062945495277757118e+03 2.437126423245037504e-03
1.077819735469819989e+03 2.359563124906456991e-03
1.092901973999187703e+03 2.284516366613430910e-03
1.108195119472136867e+03 2.211927115890707438e-03
1.123702121168292706e+03 2.141733107088684973e-03
1.139425969609402046e+03 2.073877168862363340e-03
1.155369697136068226e+03 2.008289062591711235e-03
1.171536378492525500e+03 1.944893280009046821e-03
1.187929131419590249e+03 1.883618121879579443e-03
1.204551117255947929e+03 1.824390990975680374e-03
1.221405541547779194e+03 1.767139293598734770e-03
1.238495654666988457e+03 1.711791289895251734e-03
1.255824752437996494e+03 1.658281127011352989e-03
1.273396176773379466e+03 1.606602240636122517e-03
1.291213316318317766e+03 1.556628144420673342e-03
1.309279607104133220e+03 1.508290576799946152e-03
1.327598533210885762e+03 1.461524342227233167e-03
1.346173627439318125e+03 1.416267160506833218e-03
1.365008471992136265e+03 1.372459950263074310e-03
1.384106699164819929e+03 1.330047370491803035e-03
1.403471992046149353e+03 1.288977685114424572e-03
1.423108085228445361e+03 1.249212329564526255e-03
1.443018765527825963e+03 1.210692539238904589e-03
1.463207872714449877e+03 1.173372149869638184e-03
1.483679300253062365e+03 1.137208904973831779e-03
1.504436996053798111e+03 1.102163310072285310e-03
1.525484963233587450e+03 1.068198458315052380e-03
1.546827260888104774e+03 1.035279149872777443e-03
1.568468004874607686e+03 1.003371708332406482e-03
1.590411368605662574e+03 9.724439152980022399e-04
1.612661583853964885e+03 9.424645140335449582e-04
1.635222941568482156e+03 9.134043209521017399e-04
1.658099792701906608e+03 8.852354716553591414e-04
1.681296549049794521e+03 8.579310977757108499e-04
1.704817684101322129e+03 8.314652058968737512e-04
1.728667733902051168e+03 8.058129002253668419e-04
1.752851297928651547e+03 7.809501797687050037e-04
1.777373039975964048e+03 7.568531487498861461e-04
1.802237689056354384e+03 7.334989331024073696e-04
1.827450040311753355e+03 7.108654216309469309e-04
1.853014955938378307e+03 6.889304855425366567e-04
1.878937366124390564e+03 6.676725607289097156e-04
1.905222270000693925e+03 6.470707419401274148e-04
1.931874736605034968e+03 6.271047699521413964e-04
1.958899905859549335e+03 6.077550135579583290e-04
1.986302989561969298e+03 5.890024487333945548e-04
2.014089272390774568e+03 5.708286417302429507e-04
2.042264112924277015e+03 5.532157248878703457e-04
2.070832944674087685e+03 5.361463795375688395e-04
2.099801277132898576e+03 5.196038240438708919e-04
2.129174696837048486e+03 5.035717961514537579e-04
2.158958868443861320e+03 4.880345371700372213e-04
2.189159535824052909e+03 4.729767753451194403e-04
2.219782523169454635e+03 4.583837060061427948e-04
2.250833736116224372e+03 4.442409831366676051e-04
2.282319162883732133e+03 4.305347051107306488e-04
2.314244875429354124e+03 4.172513999940133823e-04
2.346617030619518573e+03 4.043780136986116318e-04
2.379441871416977847e+03 3.919018915605726027e-04
2.412725728084837101e+03 3.798107694277287356e-04
2.446475019407270338e+03 3.680927632374571615e-04
2.480696253927450925e+03 3.567363560554289229e-04
2.515396031202685663e+03 3.457303886350436735e-04
2.550581043077127106e+03 3.350640442561704947e-04
2.586258074972307895e+03 3.247268386118018621e-04
2.622434007195729009e+03 3.147086121155205120e-04
2.659115816267709761e+03 3.049995193727661740e-04
2.696310576266772841e+03 2.955900202206142259e-04
2.734025460193949584e+03 2.864708687049008062e-04
2.772267741356012266e+03 2.776331023751266083e-04
2.811044794768215070e+03 2.690680357110375540e-04
2.850364098576470496e+03 2.607672521495853560e-04
2.890233235499593775e+03 2.527225956555181115e-04
2.930659894291591627e+03 2.449261624817164690e-04
2.971651871224411479e+03 2.373702913975774941e-04
3.013217071591475815e+03 2.300475570561795469e-04
3.055363511232240853e+03 2.229507641573298324e-04
3.098099318078026954e+03 2.160729399470852135e-04
3.141432733719442695e+03 2.094073276609630281e-04
3.185372114995872380e+03 2.029473785289269330e-04
3.229925935606984694e+03 1.966867446584004333e-04
3.275102787746982813e+03 1.906192745740460616e-04
3.320911383761509114e+03 1.847390073161340887e-04
3.367360557827905268e+03 1.790401662877620908e-04
3.414459267658846329e+03 1.735171533196211446e-04
3.462216596229804964e+03 1.681645419574994381e-04
3.510641753530730966e+03 1.629770730664953132e-04
3.559744078342215744e+03 1.579496505308418701e-04
3.609533040036454622e+03 1.530773357631523600e-04
3.660018240403363961e+03 1.483553430194904958e-04
3.711209415502387856e+03 1.437790336090563137e-04
3.763116437539985327e+03 1.393439112908065932e-04
3.815749316773582450e+03 1.350456192003441887e-04
3.869118203441951664e+03 1.308799352035054891e-04
3.923233389722772699e+03 1.268427678422088720e-04
3.978105311717430595e+03 1.229301518771819366e-04
4.033744551463601965e+03 1.191382434656882263e-04
4.090161838976006038e+03 1.154633176463057995e-04
4.147368054315734298e+03 1.119017648131839467e-04
4.205374229688432933e+03 1.084500869815918037e-04
4.264191551571801028e+03 1.051048943526548297e-04
4.323831362873030230e+03 1.018629010073182693e-04
4.384305165116142234e+03 9.872092218844485999e-05
4.445624620660187247e+03 9.567587195327174692e-05
4.507801554948199737e+03 9.272475969022162066e-05
4.570847958787842799e+03 8.986468738196389493e-05
4.634775990663780249e+03 8.709284614779580404e-05
4.699597979082418533e+03 8.440651305233795023e-05
4.765326424949472312e+03 8.180304982554080419e-05
4.831974003980799353e+03 7.927989963370913294e-05
4.899553569146894915e+03 7.683458477594662275e-05
4.968078153151503102e+03 7.446470411765027738e-05
5.037560970945110057e+03 7.216792979174597175e-05
5.108015422273296281e+03 6.994200610977580057e-05
5.179455094261033992e+03 6.778474710973826515e-05
5.251893764032783110e+03 6.569403442408834745e-05
5.325345401369564570e+03 6.366781534184679848e-05
5.399824171402965476e+03 6.170409985719146244e-05
5.475344437346844643e+03 5.980095934382455790e-05
5.551920763267298753e+03 5.795652491990323793e-05
5.629567916891398454e+03 5.616898545838920230e-05
5.708300872455098215e+03 5.443658595098550498e-05
5.788134813590935664e+03 5.275762531976386149e-05
5.869085136256365331e+03 5.113045455532403826e-05
5.951167451702658582e+03 4.955347585174633062e-05
6.034397589485753997e+03 4.802514076134413792e-05
6.118791600518744417e+03 4.654394875271079856e-05
6.204365760167515873e+03 4.510844568642787011e-05
6.291136571389320125e+03 4.371722174633486469e-05
6.379120767915357646e+03 4.236891081075690548e-05
6.468335317477913122e+03 4.106218901463276985e-05
6.558797425082605514e+03 3.979577338668827612e-05
6.650524536326365705e+03 3.856842081058043336e-05
6.743534340761693784e+03 3.737892606166948054e-05
6.837844775308283715e+03 3.622612106209801089e-05
6.933474027711949930e+03 3.510907589360850122e-05
7.030440540052344659e+03 3.402663920364050053e-05
7.128763012299276852e+03 3.297757858872651016e-05
7.228460405919196091e+03 3.196086482489240294e-05
7.329551947531830592e+03 3.097550017678830047e-05
7.432057132617984280e+03 3.002051789024373825e-05
7.535995729279273291e+03 2.909498106100702605e-05
7.641387782050458554e+03 2.819798177606582803e-05
7.748253615765004724e+03 2.732864015586738168e-05
7.856613839474591259e+03 2.648610312492282999e-05
7.966489350423797077e+03 2.566954405781904749e-05
8.077901338079873312e+03 2.487816188017370940e-05
8.190871288219374946e+03 2.411118025280102763e-05
8.305420987071447598e+03 2.336784691821778854e-05
8.421572525519517512e+03 2.264743255954109846e-05
8.539348303361410217e+03 2.194923034217412965e-05
8.658771033629076555e+03 2.127255531970248981e-05
8.779863746968876512e+03 2.061674369807978396e-05
8.902649796083078400e+03 1.998115224227509893e-05
9.027152860233398314e+03 1.936515746882615442e-05
9.153396949807380224e+03 1.876815499003296116e-05
9.281406410949088240e+03 1.818955914568405344e-05
9.411205930253914630e+03 1.762880237269190672e-05
9.542820539529751841e+03 1.708533465113465044e-05
9.676275620624002840e+03 1.655862295930267294e-05
9.811596910318765367e+03 1.604815052304351899e-05
9.948810505294035465e+03 1.555341656962421192e-05
1.008794286716038368e+04 1.507393581355997433e-05
1.022902082756213167e+04 1.460923794296869528e-05
1.037207159335192773e+04 1.415886723141091973e-05
1.051712275183746533e+04 1.372238186785611111e-05
1.066420227610162146e+04 1.329935365361362582e-05
1.081333853039730639e+04 1.288936764263437171e-05
1.096456027561717383e+04 1.249202169381239419e-05
1.111789667484051643e+04 1.210692613656999390e-05
1.127337729895697703e+04 1.173370325129233482e-05
1.143103213236961892e+04 1.137198690680725656e-05
1.159089157877729303e+04 1.102142229698846674e-05
1.175298646703785380e+04 1.068166557610417934e-05
1.191734805711361878e+04 1.035238354223224711e-05
1.208400804609991974e+04 1.003325326418627865e-05
1.225299857433780562e+04 9.723961691315962389e-06
1.242435223161214708e+04 9.424205437627016608e-06
1.259810206343688878e+04 9.133690501004348305e-06
1.277428157742752228e+04 8.852131966006730141e-06
1.295292474976337326e+04 8.579253723601943239e-06
1.313406603173951589e+04 8.314788126918718102e-06
1.331774035641107366e+04 8.058475760154703115e-06
1.350398314532987388e+04 7.810065233928964294e-06
1.369283031537535862e+04 7.569312921401364302e-06
1.388431828568130186e+04 7.335982737375182337e-06
1.407848398465930586e+04 7.109845854712680595e-06
1.427536485712035574e+04 6.890680461828614325e-06
1.447499887149584356e+04 6.678271602527275659e-06
1.467742452716018852e+04 6.472410959168782866e-06
1.488268086185494030e+04 6.272896660861718661e-06
1.509080745921772905e+04 6.079533062990153412e-06
1.530184445641543971e+04 5.892130516276978119e-06
1.551583255188512339e+04 5.710505213052319490e-06
1.573281301318224723e+04 5.534479031351657557e-06
1.595282768493956974e+04 5.363879354634895952e-06
1.617591899693641790e+04 5.198538901055929426e-06
1.640212997228166205e+04 5.038295525562602113e-06
1.663150423571055580e+04 4.882992058609465907e-06
1.686408602199754023e+04 4.732476193011202372e-06
1.709992018448736781e+04 4.586600327982140921e-06
1.733905220374454439e+04 4.445221426754279267e-06
1.758152819632475803e+04 4.308200861212616438e-06
1.782739492366795093e+04 4.175404244861643011e-06
1.807669980111671975e+04 4.046701339983298134e-06
1.832949090705990238e+04 3.921965939791482090e-06
1.858581699220497467e+04 3.801075735117539037e-06
1.884572748897903875e+04 3.683912195290956538e-06
1.910927252106239393e+04 3.570360422635249245e-06
1.937650291305466817e+04 3.460309049836111554e-06
1.964747020027606413e+04 3.353650162799027377e-06
1.992222663870649558e+04 3.250279176659621707e-06
2.020082521506251214e+04 3.150094741271962379e-06
2.048331965701638546e+04 3.052998623236595376e-06
2.076976444355690910e+04 2.958895592635078043e-06
2.106021481549619057e+04 2.867693375171167451e-06
2.135472678612231175e+04 2.779302542111068805e-06
2.165335715200202685e+04 2.693636429971754143e-06
2.195616350393335233e+04 2.610611052378417375e-06
2.226320423805253449e+04 2.530144984791383145e-06
2.257453856709545289e+04 2.452159321999696376e-06
2.289022653181658825e+04 2.376577596247087430e-06
2.321032901256810146e+04 2.303325702418584087e-06
2.353490774104078082e+04 2.232331828396951448e-06
2.386402531216870557e+04 2.163526358778501015e-06
2.419774519620047067e+04 2.096841819774723606e-06
2.453613175094007966e+04 2.032212826226759553e-06
2.487925023415752003e+04 1.969576011939966935e-06
2.522716681617445283e+04 1.908869971427678019e-06
2.557994859262447426e+04 1.850035188029827236e-06
2.593766359739306426e+04 1.793013962405437891e-06
2.630038081573774980e+04 1.737750385781062660e-06
2.666817019759149844e+04 1.684190274867592114e-06
2.704110267105291859e+04 1.632281120907682136e-06
2.741925015606487432e+04 1.581972039645531176e-06
2.780268557828402481e+04 1.533213695199767016e-06
2.819148288314412275e+04 1.485958279064059411e-06
2.858571705011733502e+04 1.440159460393170353e-06
2.898546410717287654e+04 1.395772338630973551e-06
2.939080114544014214e+04 1.352753405881910432e-06
2.980180633407453934e+04 1.311060481073190568e-06
3.021855893533343260e+04 1.270652681430358538e-06
3.064113931986135867e+04 1.231490390604338589e-06
3.106962898218932969e+04 1.193535214859313372e-06
3.150411055645122542e+04 1.156749949705941722e-06
3.194466783231998488e+04 1.121098533924436114e-06
3.239138577116627857e+04 1.086552508321919521e-06
3.284435052244281542e+04 1.053075676213347471e-06
3.330364944029906474e+04 1.020630351909222004e-06
3.376937110042708809e+04 9.891847523494920940e-07
3.424160531714304670e+04 9.587080767748493243e-07
3.472044316070816421e+04 9.291704616630014136e-07
3.520597697489189159e+04 9.005429675238934831e-07
3.569830039478008257e+04 8.727975491755713314e-07
3.619750836483221792e+04 8.459070265657988386e-07
3.670369715719172382e+04 8.198450623069845992e-07
3.721696439025230939e+04 7.945861225355309012e-07
3.773740904748335015e+04 7.701054584871696694e-07
3.826513149651843560e+04 7.463790876571842903e-07
3.880023350851204304e+04 7.233837675813442445e-07
3.934281827776574210e+04 7.010969747868719884e-07
3.989299044162878999e+04 6.794968782640890115e-07
4.045085610067780362e+04 6.585623136457022304e-07
4.101652283917849127e+04 6.382727723683500722e-07
4.159009974583298026e+04 6.186083790638640620e-07
4.217169743481720070e+04 5.995498719681763410e-07
4.276142806711309822e+04 5.810785849031688494e-07
4.335940537213925563e+04 5.631764200443377029e-07
4.396574466968320485e+04 5.458258391560604786e-07
4.458056289214052958e+04 5.290098460361853211e-07
4.520397860706527717e+04 5.127119683668232699e-07
4.583611204003715102e+04 4.969162449771786191e-07
4.647708509784466150e+04 4.816072014632076373e-07
4.712702139199612429e+04 4.667698395202449777e-07
4.778604626255836047e+04 4.523896247911153813e-07
4.845428680232803890e+04 4.384524712238385964e-07
4.913187188134118333e+04 4.249447290993780817e-07
4.981893217172610457e+04 4.118531674425300595e-07
5.051560017290385440e+04 3.991649605427846700e-07
5.122201023714030453e+04 3.868676791754540546e-07
5.193829859545557701e+04 3.749492779857615686e-07
5.266460338389638491e+04 3.633980837074056202e-07
5.340106467017692921e+04 3.522027833345598304e-07
5.414782448068849044e+04 3.413524094056599864e-07
5.490502682789054234e+04 3.308363328295895199e-07
5.567281773808388971e+04 3.206442532589386738e-07
5.645134527957128739e+04 3.107661877058447393e-07
5.724075959121194319e+04 3.011924624263002438e-07
5.804121291137619846e+04 2.919136997248349410e-07
5.885285960730517399e+04 2.829208099939963579e-07
5.967585620487990673e+04 2.742049847097724567e-07
6.051036141880699870e+04 2.657576869156919977e-07
6.135653618322675902e+04 2.575706439869705187e-07
6.221454368275120214e+04 2.496358374639961157e-07
6.308454938393110933e+04 2.419454945699022219e-07
6.396672106716793496e+04 2.344920824677239563e-07
6.486122885907056479e+04 2.272683008661778211e-07
6.576824526526365662e+04 2.202670751841901504e-07
6.668794520365468634e+04 2.134815490056030541e-07
6.762050603816751391e+04 2.069050758380496000e-07
6.856610761294735130e+04 2.005312137216086388e-07
6.952493228704330977e+04 1.943537198744178211e-07
7.049716496957554773e+04 1.883665442871847692e-07
7.148299315539537929e+04 1.825638238261571975e-07
7.248260696124550304e+04 1.769398753605368920e-07
7.349619916242062754e+04 1.714891900216365920e-07
7.452396522994610132e+04 1.662064291448052262e-07
7.556610336827470746e+04 1.610864189989930914e-07
7.662281455350993201e+04 1.561241456543630203e-07
7.769430257216333121e+04 1.513147496309831301e-07
7.878077406045545649e+04 1.466535201913865551e-07
7.988243854416624526e+04 1.421358917778646583e-07
8.099950847904126567e+04 1.377574400995839847e-07
8.213219929176333244e+04 1.335138773456568784e-07
8.328072942149780283e+04 1.294010481091084288e-07
8.444532036201955634e+04 1.254149243582851203e-07
8.562619670442715869e+04 1.215516016490425004e-07
8.682358618045406183e+04 1.178072965614263604e-07
8.803771970638903440e+04 1.141783422621967475e-07
8.926883142760689952e+04 1.106611852581179351e-07
9.051715876372295315e+04 1.072523813445750730e-07
9.178294245437988138e+04 1.039485915940201811e-07
9.306642660567507846e+04 1.007465805191573002e-07
9.436785873723580153e+04 9.764321235419900067e-08
9.568748982995253755e+04 9.463544823927734192e-08
9.702557437438105990e+04 9.172034314617351157e-08
9.838237041982212395e+04 8.889504191814555145e-08
9.975813962408513180e+04 8.615677754211890723e-08
1.011531473039475968e+05 8.350286846741174685e-08
1.025676624863239122e+05 8.093071593179455195e-08
1.040019579601460136e+05 7.843780150147058014e-08
1.054563103289695136e+05 7.602168391656133465e-08
1.069310000643178646e+05 7.367999672165316574e-08
1.084263115597717551e+05 7.141044681847875730e-08
1.099425331858136342e+05 6.921081181529548245e-08
1.114799573454390920e+05 6.707893801565319674e-08
1.130388805305473797e+05 6.501273804675010789e-08
1.146196033791209920e+05 6.301018812979159979e-08
1.162224307332023309e+05 6.106932728262772074e-08
1.178476716976815223e+05 5.918825498383925216e-08
1.194956396999096178e+05 5.736512939381639748e-08
1.211666525501417636e+05 5.559816567737821250e-08
1.228610325028258667e+05 5.388563328350201584e-08
1.245791063187502441e+05 5.222585515008814098e-08
1.263212053280602704e+05 5.061720602671343595e-08
1.280876654941544548e+05 4.905811081155585597e-08
1.298788274784738896e+05 4.754704317680082908e-08
1.316950367061995785e+05 4.608252344061270202e-08
1.335366434328688774e+05 4.466311734050979438e-08
1.354040028119209164e+05 4.328743502592622148e-08
1.372974749631865125e+05 4.195412951674197637e-08
1.392174250423402700e+05 4.066189549437533911e-08
1.411642233113191032e+05 3.940946781930609038e-08
1.431382452097262139e+05 3.819561986937904722e-08
1.451398714272353391e+05 3.701916309463144516e-08
1.471694879770083062e+05 3.587894560268147708e-08
1.492274862701360253e+05 3.477394949710130735e-08
1.513142631911210192e+05 3.370323369411250310e-08
1.534302211744175002e+05 3.266548890726940253e-08
1.555757682820423215e+05 3.165969965494968466e-08
1.577513182822681847e+05 3.068488183935012509e-08
1.599572907294168253e+05 2.974008170052418256e-08
1.621941110447740939e+05 2.882437501461293728e-08
1.644622105986299866e+05 2.793686579952044455e-08
1.667620267934672884e+05 2.707668553926729487e-08
1.690940031483159109e+05 2.624299261194644657e-08
1.714585893842864316e+05 2.543497134845190741e-08
1.738562415112977615e+05 2.465183128410863833e-08
1.762874219160170760e+05 2.389280629423620920e-08
1.787525994510319433e+05 2.315715357572835311e-08
1.812522495252706285e+05 2.244415334836258018e-08
1.837868541956824192e+05 2.175310803890546502e-08
1.863569022602005862e+05 2.108334158681748790e-08
1.889628893520108541e+05 2.043419885155198032e-08
1.916053180351325427e+05 1.980504461970757345e-08
1.942846979013357195e+05 1.919526329013376061e-08
1.970015456684178498e+05 1.860425828035018258e-08
1.997563852798542066e+05 1.803145139538376251e-08
2.025497480058383953e+05 1.747628234655427357e-08
2.053821725457364810e+05 1.693820796027998077e-08
2.082542051319765160e+05 1.641670173899812471e-08
2.111663996353907860e+05 1.591125346409459670e-08
2.141193176720282063e+05 1.542136865903466729e-08
2.171135287114593084e+05 1.494656811324167044e-08
2.201496101866033277e+05 1.448638736374991400e-08
2.232281476050837373e+05 1.404037613410153928e-08
2.263497346621409524e+05 1.360809806298721288e-08
2.295149733551287791e+05 1.318913026375849596e-08
2.327244740996103210e+05 1.278306288382019460e-08
2.359788558470759890e+05 1.238949873881867405e-08
2.392787462043050618e+05 1.200805276290373152e-08
2.426247815544019686e+05 1.163835175683855211e-08
2.460176071795243188e+05 1.128003405438784659e-08
2.494578773853240127e+05 1.093274912451245235e-08
2.529462556271262874e+05 1.059615729800976695e-08
2.564834146378831356e+05 1.026992929259193350e-08
2.600700365579069185e+05 9.953745930582808864e-09
2.637068130664188648e+05 9.647297897183207777e-09
2.673944455149408896e+05 9.350285410942770008e-09
2.711336450625535799e+05 9.062417964182945063e-09
2.749251328130410984e+05 8.783413974729221593e-09
2.787696399539532722e+05 8.513000480364237750e-09
2.826679078976172023e+05 8.250912937319083092e-09
2.866206884241210646e+05 7.996894965669445304e-09
2.906287438262922224e+05 7.750698105037988952e-09
2.946928470567015465e+05 7.512081555246978734e-09
2.988137818767346325e+05 7.280811884940068105e-09
3.029923430077359662e+05 7.056662840385130481e-09
3.072293362842689967e+05 6.839415157692928640e-09
3.115255788095226744e+05 6.628856338917329798e-09
3.158818991128929774e+05 6.424780447225010004e-09
3.202991373097614269e+05 6.226987866747939467e-09
3.247781452635092428e+05 6.035285097519939477e-09
3.293197867498007836e+05 5.849484611762407980e-09
3.339249376231658971e+05 5.669404673911436649e-09
3.385944859859052231e+05 5.494869155141180839e-09
3.433293323593565146e+05 5.325707350637870599e-09
3.481303898575680796e+05 5.161753780940720841e-09
3.529985843633887125e+05 5.002848059396954302e-09
3.579348547070209170e+05 4.848834760569017753e-09
3.629401528470772901e+05 4.699563247913898114e-09
3.680154440541678923e+05 4.554887535529407229e-09
3.731617070970500354e+05 4.414666111554536508e-09
3.783799344313802430e+05 4.278761801618673317e-09
3.836711323911125655e+05 4.147041679913327416e-09
3.890363213825725252e+05 4.019376913803626593e-09
3.944765360812392319e+05 3.895642650319722697e-09
3.999928256312776357e+05 3.775717876535818810e-09
4.055862538478754577e+05 3.659485279585825094e-09
4.112578994223946356e+05 3.546831167732164290e-09
4.170088561303934548e+05 3.437645359592086659e-09
4.228402330425643013e+05 3.331821073667319503e-09
4.287531547386210295e+05 3.229254822635772306e-09
4.347487615241707535e+05 3.129846282713770184e-09
4.408282096506174421e+05 3.033498214593104406e-09
4.469926715381488320e+05 2.940116387767597750e-09
4.532433360018406529e+05 2.849609476229508735e-09
4.595814084809160559e+05 2.761888974676187687e-09
4.660081112712080358e+05 2.676869092280560482e-09
4.725246837608912610e+05 2.594466661192314313e-09
4.791323826694910531e+05 2.514601092114590536e-09
4.858324822902383748e+05 2.437194277840292194e-09
4.926262747358203633e+05 2.362170523408031441e-09
4.995150701875676750e+05 2.289456465633379993e-09
5.065001971481200308e+05 2.218980976279667457e-09
5.135830026976217050e+05 2.150675129689196687e-09
5.207648527535113972e+05 2.084472124568190415e-09
5.280471323339418741e+05 2.020307220902282872e-09
5.354312458248776384e+05 1.958117680885787870e-09
5.429186172509248136e+05 1.897842676901386885e-09
5.505106905499565182e+05 1.839423257080785617e-09
5.582089298515924020e+05 1.782802290113101803e-09
5.660148197595272213e+05 1.727924406588380795e-09
5.739298656378533924e+05 1.674735949275538159e-09
5.819555939013722818e+05 1.623184903631198071e-09
5.900935523099574493e+05 1.573220847857566576e-09
5.983453102670359658e+05 1.524794920691254222e-09
6.067124591222520685e+05 1.477859767174911144e-09
6.151966124783633277e+05 1.432369495126188069e-09
6.237994065024186857e+05 1.388279625969096239e-09
6.325225002412878675e+05 1.345547035557738002e-09
6.413675759416107321e+05 1.304129934367617468e-09
6.503363393742362969e+05 1.263987821992293564e-09
6.594305201631486416e+05 1.225081446681383353e-09
6.686518721190436045e+05 1.187372772508207183e-09
6.780021735775523121e+05 1.150824920408698732e-09
6.874832277421890758e+05 1.115403514671487431e-09
6.970968630320917582e+05 1.081081779580711476e-09
7.068449334346384276e+05 1.047816248954714453e-09
7.167293188629933866e+05 1.015574422571926914e-09
7.267519255186426453e+05 9.843247950600861173e-10
7.369146862589992816e+05 9.540368236638079730e-10
7.472195609701562207e+05 9.246809116859488501e-10
7.576685369448710699e+05 8.962283744464966579e-10
7.682636292657805607e+05 8.686514130263585254e-10
7.790068811940265587e+05 8.419230846088284755e-10
7.899003645633053966e+05 8.160172654702980428e-10
8.009461801794122439e+05 7.909086410764174230e-10
8.121464582253745757e+05 7.665726774194776445e-10
8.235033586722654290e+05 7.429855968621980649e-10
8.350190716957575642e+05 7.201243563457627347e-10
8.466958180984935025e+05 6.979666148901759914e-10
8.585358497383600334e+05 6.764907194991437000e-10
8.705414499627609039e+05 6.556756859824997618e-10
8.827149340489846654e+05 6.355011768443996531e-10
8.950586496506634867e+05 6.159474829870297086e-10
9.075749772505427245e+05 5.969954987761431864e-10
9.202663306195581099e+05 5.786267035681042450e-10
9.331351572823268361e+05 5.608231491989437200e-10
9.461839389891413739e+05 5.435674409477175641e-10
9.594151921945849899e+05 5.268427205712316278e-10
9.728314685428346274e+05 5.106326492102808884e-10
9.864353553597391583e+05 4.949213858533857461e-10
1.000229476151775452e+06 4.796935789648044000e-10
1.014216491111998679e+06 4.649343507575592061e-10
1.028399097633068915e+06 4.506292815437055750e-10
1.042780030827435199e+06 4.367643975310499252e-10
1.057362064054786693e+06 4.233261509318558091e-10
1.072148009456921136e+06 4.103014109507314050e-10
1.087140718500053976e+06 3.976774522995551026e-10
1.102343082524711266e+06 3.854419413710740160e-10
1.117758033303335775e+06 3.735829263689761260e-10
1.133388543605686864e+06 3.620888210181826688e-10
1.149237627772127744e+06 3.509483942261472026e-10
1.165308342294933740e+06 3.401507616402910724e-10
1.181603786407742649e+06 3.296853742603228954e-10
1.198127102683252888e+06 3.195420091082250338e-10
1.214881477639258141e+06 3.097107573295502036e-10
1.231870142353150295e+06 3.001820130495520313e-10
1.249096373085063417e+06 2.909464664372449088e-10
1.266563491909684148e+06 2.819950948523461162e-10
1.284274867356903385e+06 2.733191540973076230e-10
1.302233915061444510e+06 2.649101694571096808e-10
1.320444098421582254e+06 2.567599255036435233e-10
1.338908929267042084e+06 2.488604591886834591e-10
1.357631968536252156e+06 2.412040532287853733e-10
1.376616826963074040e+06 2.337832283509483532e-10
1.395867165773146320e+06 2.265907360790145163e-10
1.415386697389938636e+06 2.196195503601496553e-10
1.435179186150675872e+06 2.128628602532122369e-10
1.455248449032322504e+06 2.063140648623225050e-10
1.475598356387670385e+06 1.999667670002901692e-10
1.496232832691721618e+06 1.938147667120907854e-10
1.517155857298535295e+06 1.878520549122164720e-10
1.538371465208658017e+06 1.820728064059445746e-10
1.559883747847259045e+06 1.764713752001927376e-10
1.581696853853150737e+06 1.710422894798940875e-10
1.603814989878861466e+06 1.657802462419166424e-10
1.626242421401903033e+06 1.606801059965302917e-10
1.648983473547354806e+06 1.557368867540801760e-10
1.672042531921940856e+06 1.509457592274794965e-10
1.695424043459833600e+06 1.463020432090161054e-10
1.719132517280227738e+06 1.418012028317767124e-10
1.743172525556902634e+06 1.374388421546802764e-10
1.767548704399984796e+06 1.332107004281422888e-10
1.792265754750029882e+06 1.291126471190863658e-10
1.817328443284587469e+06 1.251406789729403676e-10
1.842741603337439010e+06 1.212909163632043966e-10
1.868510135830716928e+06 1.175595992358385892e-10
1.894639010220063152e+06 1.139430834518743694e-10
1.921133265452972846e+06 1.104378363427446650e-10
1.947998010940531036e+06 1.070404336597083436e-10
1.975238427542805905e+06 1.037475570823993210e-10
2.002859768567956984e+06 1.005559904606816840e-10
2.030867360785315745e+06 9.746261691864745607e-11
2.059266605452666292e+06 9.446441520952787215e-11
2.088062979357896606e+06 9.155845632014953397e-11
2.117262035875178874e+06 8.874190201953296028e-11
2.146869406035917345e+06 8.601200139451526973e-11
2.176890799614709336e+06 8.336608842740557547e-11
2.207332006230492145e+06 8.080157923973982645e-11
2.238198896463051438e+06 7.831596865745694759e-11
2.269497422985136043e+06 7.590682893824114230e-11
2.301233621710480191e+06 7.357180713185827691e-11
2.333413612957804929e+06 7.130862285022077520e-11
2.366043602631100453e+06 6.911506613765125293e-11
2.399129883416447323e+06 6.699052365389593312e-11
2.432678835995586589e+06 6.494291571993537311e-11
2.466696930276406929e+06 6.297155333908255697e-11
2.501190726640649606e+06 6.107592715309393359e-11
2.536166877209093887e+06 5.925568851245105848e-11
2.571632127124435734e+06 5.751062477618215085e-11
2.607593315852074418e+06 5.584062981811963003e-11
2.644057378499059007e+06 5.424566951339424277e-11
2.681031347151594236e+06 5.272574414364857993e-11
2.718522352231144905e+06 5.128084785691202411e-11
2.756537623869506642e+06 4.991092670196913634e-11
2.795084493303162977e+06 4.861583649948268231e-11
2.834170394287136383e+06 4.739530214632385733e-11
2.873802864528559614e+06 4.624888042312435925e-11
2.913989547140297946e+06 4.517592669807711230e-11
2.954738192114947829e+06 4.417556717586793272e-11
2.996056657819444779e+06 4.324667673866745294e-11
3.037952912510521244e+06 4.238786380069422068e-11
3.080435035871345084e+06 4.159746269811490980e-11
3.123511220569766592e+06 4.087353306892115467e-11
3.167189773838222027e+06 4.021386645469702571e-11
