7.071298413790380266e+00 8.873768516965408176e-04
7.172295019382494807e+00 1.144391596791877012e-03
7.274750400462912658e+00 1.496348786207689222e-03
7.378685627303410044e+00 1.980499693585116572e-03
7.484122074510640488e+00 2.647870836803285170e-03
7.591081425422022022e+00 3.567248955208029721e-03
7.699585676564863590e+00 4.831481568126435103e-03
7.809657142180066458e+00 6.564755931074504197e-03
7.921318458811167140e+00 8.928732531305424991e-03
8.034592589959560271e+00 1.212676876583801411e-02
8.149502830806998332e+00 1.640861624733038968e-02
8.266072813006339004e+00 2.207226995343411491e-02
8.384326509541530470e+00 2.945993687923842419e-02
8.504288239657606496e+00 3.895801382573492455e-02
8.625982673862154115e+00 5.100850180577806703e-02
8.749434838998739750e+00 6.601871586009350201e-02
8.874670123393910259e+00 8.437727595930202829e-02
9.001714282078225438e+00 1.064294356717619683e-01
9.130593442083005939e+00 1.324722726814859253e-01
9.261334107813306460e+00 1.627306895118709740e-01
9.393963166498773276e+00 1.973284696616373068e-01
9.528507893722945710e+00 2.362701493890051463e-01
9.664995959032633976e+00 2.794430181810471647e-01
9.803455431628302463e+00 3.266196885245161718e-01
9.943914786136451411e+00 3.774377735914856702e-01
1.008640290846568277e+01 4.313154741690208294e-01
1.023094910174699557e+01 4.874843947841636105e-01
1.037758309236024878e+01 5.455036591266462231e-01
1.052633503604731935e+01 6.054276897386942080e-01
1.067723552411387544e+01 6.674383451330052619e-01
1.083031558972042596e+01 7.317237618988722270e-01
1.098560671426454860e+01 7.985805437811953622e-01
1.114314083385499643e+01 8.684042212020492979e-01
1.130295034587950020e+01 9.416334112704001225e-01
1.146506811566748496e+01 1.018723603218861573e+00
1.162952748324877206e+01 1.100074114589541185e+00
1.179636227021021533e+01 1.186085858907917290e+00
1.196560678665107069e+01 1.277073876818592080e+00
1.213729583823913316e+01 1.373055715644114105e+00
1.231146473336845126e+01 1.473988953542853642e+00
1.248814929042081445e+01 1.580028173076986286e+00
1.266738584513169386e+01 1.691557415294254518e+00
1.284921125806302733e+01 1.808921523132620557e+00
1.303366292218352207e+01 1.932061160114775911e+00
1.322077877055870765e+01 2.060792708018471586e+00
1.341059728415207175e+01 2.195170173046460338e+00
1.360315749973860733e+01 2.335263361021211015e+00
1.379849901793308398e+01 2.480583731181647877e+00
1.399666201133376653e+01 2.630506797043444145e+00
1.419768723278432176e+01 2.785049651817030902e+00
1.440161602375450123e+01 2.944615932336152486e+00
1.460849032284238547e+01 3.109398810115202139e+00
1.481835267439896064e+01 3.279592470806246496e+00
1.503124623727773823e+01 3.455592656833466059e+00
1.524721479371027932e+01 3.637581769548400512e+00
1.546630275831026324e+01 3.824905924374700561e+00
1.568855518720753395e+01 4.016932584367670422e+00
1.591401778731399475e+01 4.213702336851905095e+00
1.614273692572329466e+01 4.415342945890388116e+00
1.637475963924644518e+01 4.621187555476685027e+00
1.661013364408516324e+01 4.830613750644266347e+00
1.684890734564467962e+01 5.043649336457661114e+00
1.709112984848866645e+01 5.260499033419328896e+00
1.733685096643751322e+01 5.480385117206354018e+00
1.758612123281295325e+01 5.702041161205904984e+00
1.783899191083014912e+01 5.924744296720025005e+00
1.809551500414037761e+01 6.148579334799660678e+00
1.835574326752549013e+01 6.373346437904274353e+00
1.861973021774736736e+01 6.597822881916425963e+00
1.888753014455357260e+01 6.820444802785855742e+00
1.915919812184230508e+01 7.040008462833221792e+00
1.943479001898863956e+01 7.255818374122545933e+00
1.971436251233397030e+01 7.466938217802733035e+00
1.999797309684200286e+01 7.671780753566936895e+00
2.028568009792243032e+01 7.868570549732295305e+00
2.057754268342609194e+01 8.056381223816723391e+00
2.087362087581266579e+01 8.235024223200635873e+00
2.117397556449484597e+01 8.404013026918883966e+00
2.147866851836006674e+01 8.562073122798647518e+00
2.178776239847384844e+01 8.707652161019936443e+00
2.210132077096591274e+01 8.839752384033268129e+00
2.241940812010291850e+01 8.958081639053901313e+00
2.274208986154987855e+01 9.062540963242710745e+00
2.306943235582308915e+01 9.152559322412500364e+00
2.340150292193722947e+01 9.227314625649764679e+00
2.373836985124986043e+01 9.286367751706517737e+00
2.408010242150586677e+01 9.330066599015431450e+00
2.442677091108432563e+01 9.359081144548063946e+00
2.477921912956519890e+01 9.373653080957016215e+00
2.513621748602689010e+01 9.373300569409687810e+00
2.549832501018063624e+01 9.357384757761918692e+00
2.586561482167531167e+01 9.325352902707706448e+00
2.623816108660878754e+01 9.277076949050096388e+00
2.661603903250419378e+01 9.212778208226382048e+00
2.699932496350013267e+01 9.132775586939271051e+00
2.738809627575907868e+01 9.037414585159389446e+00
2.778243147309539651e+01 8.927503620638674420e+00
2.818241018282765964e+01 8.804289644780787683e+00
2.858811317185773504e+01 8.669188004574838402e+00
2.899962236297976403e+01 8.523389996560739590e+00
2.941702085142258838e+01 8.367646801742768758e+00
2.984039292162906420e+01 8.202608097907846840e+00
3.026982406427567796e+01 8.029339866281382854e+00
3.070540099353504004e+01 7.849283870102754079e+00
3.114721166458646096e+01 7.664039396929711145e+00
3.159534529137599890e+01 7.474998718642574147e+00
3.204989236463178770e+01 7.283095979496951422e+00
3.251094467013615485e+01 7.088863871321583687e+00
3.297859530726020694e+01 6.892755929790324032e+00
3.345293870776282574e+01 6.695503539253975234e+00
3.393407065485916974e+01 6.498149235733677642e+00
3.442208830256231522e+01 6.301943324875233898e+00
3.491709019530080127e+01 6.108007869179975735e+00
3.541917628781807537e+01 5.917094964805472479e+00
3.592844796535562324e+01 5.729607306460799521e+00
3.644500806412608540e+01 5.545807877139909969e+00
3.696896089207809410e+01 5.365929497795358216e+00
3.750041224995963773e+01 5.190377178617644027e+00
3.803946945268162949e+01 5.019701025766199365e+00
3.858624135098809660e+01 4.854396674359938935e+00
3.914083835343622297e+01 4.694819947037331964e+00
3.970337244869083548e+01 4.541161601043357088e+00
4.027395722813796652e+01 4.393457021310709365e+00
4.085270790882216829e+01 4.251572740993039723e+00
4.143974135671236070e+01 4.115266414708084852e+00
4.203517611029977274e+01 3.984272762376413368e+00
4.263913240453489806e+01 3.858393092672924851e+00
4.325173219510554645e+01 3.737475180348038162e+00
4.387309918306359435e+01 3.621373366893370971e+00
4.450335883980366702e+01 3.509938804883050878e+00
4.514263843239924512e+01 3.403019936272063006e+00
4.579106704930129013e+01 3.300435299199590666e+00
4.644877562640495938e+01 3.202009893959496534e+00
4.711589697348944128e+01 3.107590082967062628e+00
4.779256580103548657e+01 3.016994917271935250e+00
4.847891874742781937e+01 2.930023340780792740e+00
4.917509440654555419e+01 2.846484896866377845e+00
4.988123335574902484e+01 2.766200002295540195e+00
5.059747818426532007e+01 2.688981335193294520e+00
5.132397352198204032e+01 2.614645278751956070e+00
5.206086606865130051e+01 2.543021859771830151e+00
5.280830462351279664e+01 2.473933869345996683e+00
5.356644011534087468e+01 2.407205606204795956e+00
5.433542563292096617e+01 2.342674712314724239e+00
5.511541645596232541e+01 2.280202383944838207e+00
5.590657008645347048e+01 2.219674433590509643e+00
5.670904628046681495e+01 2.161005347154548506e+00
5.752300708041679655e+01 2.104124256715763419e+00
5.834861684778196889e+01 2.048963036396911797e+00
5.918604229629313096e+01 1.995459330781556240e+00
6.003545252559811729e+01 1.943558910178390775e+00
6.089701905540772486e+01 1.893205226179671463e+00
6.177091586013026614e+01 1.844337915588961430e+00
6.265731940400161193e+01 1.796890997536920942e+00
6.355640867671844063e+01 1.750798734763020725e+00
6.446836522958177795e+01 1.706001045304132546e+00
6.539337321215619170e+01 1.662431712514643944e+00
6.633161940945595347e+01 1.620016499900917673e+00
6.728329327966113738e+01 1.578686732396686665e+00
6.824858699237535120e+01 1.538399661614033853e+00
6.922769546742944158e+01 1.499117528899233776e+00
7.022081641424196619e+01 1.460802359567849873e+00
7.122815037174166264e+01 1.423422592381730301e+00
7.224990074886206060e+01 1.386956607291340404e+00
7.328627386561578305e+01 1.351394501033876150e+00
7.433747899475601173e+01 1.316730849072406784e+00
7.540372840403432519e+01 1.282960258694120892e+00
7.648523739906377727e+01 1.250073731911302888e+00
7.758222436679540124e+01 1.218060803923189273e+00
7.869491081961589884e+01 1.186916112337971008e+00
7.982352144007806771e+01 1.156635915526004865e+00
8.096828412626980764e+01 1.127212672992554898e+00
8.212943003783315987e+01 1.098632464624349492e+00
8.330719364264260207e+01 1.070875762609318604e+00
8.450181276415021614e+01 1.043918102719247010e+00
8.571352862940850059e+01 1.017739503200507212e+00
8.694258591778127254e+01 9.923311380650119418e-01
8.818923281035179684e+01 9.676855291969745920e-01
8.945372104003629943e+01 9.437936165584210890e-01
9.073630594241728886e+01 9.206455168529767974e-01
9.203724650730163148e+01 8.982261731103040603e-01
9.335680543101855733e+01 8.765176703733676966e-01
9.469524916946554072e+01 8.555076630488809286e-01
9.605284799191309730e+01 8.351866744298894751e-01
9.742987603557911314e+01 8.155355606039396132e-01
9.882661136098538179e+01 7.965262196722497912e-01
1.002433360081061409e+02 7.781252551944191076e-01
1.016803360533189533e+02 7.602924006498363863e-01
1.031379016671725140e+02 7.429831171945953106e-01
1.046163271729790267e+02 7.261547462132831310e-01
1.061159111062478360e+02 7.097686051091827153e-01
1.076369562749663515e+02 6.937867130770776214e-01
1.091797698207474099e+02 6.781710111675787189e-01
1.107446632808478881e+02 6.628864394164726281e-01
1.123319526510777848e+02 6.479013716073853679e-01
1.139419584496089044e+02 6.331871056098359318e-01
1.155750057816959924e+02 6.187194529943118582e-01
1.172314244053242476e+02 6.044803462305601283e-01
1.189115487977970673e+02 5.904576475841152305e-01
1.206157182232769713e+02 5.766408644355067725e-01
1.223442768012912438e+02 5.630176047780097726e-01
1.240975735762207819e+02 5.495780550388689178e-01
1.258759625877805632e+02 5.363196330665487288e-01
1.276798029425106193e+02 5.232423865065740642e-01
1.295094588862905880e+02 5.103478148066056264e-01
1.313652998778902372e+02 4.976404979881197121e-01
1.332477006635732550e+02 4.851278724754053417e-01
1.351570413527696530e+02 4.728215301872278342e-01
1.370937074948308521e+02 4.607346383357664443e-01
1.390580901568815477e+02 4.488779525283861371e-01
1.410505860027889469e+02 4.372597694058750761e-01
1.430715973732581858e+02 4.258878676705986077e-01
1.451215323670784585e+02 4.147699227842474023e-01
1.472008049235273006e+02 4.039130899924170404e-01
1.493098349059588656e+02 3.933249736829882437e-01
1.514490481865838376e+02 3.830106177647842891e-01
1.536188767324662479e+02 3.729714796824288303e-01
1.558197586927499003e+02 3.632058639565782787e-01
1.580521384871325949e+02 3.537099030310522085e-01
1.603164668956062542e+02 3.444807482857106251e-01
1.626132011494826202e+02 3.355139019234201214e-01
1.649428050237218315e+02 3.268036574875614608e-01
1.673057489305798811e+02 3.183446261695399571e-01
1.697025100145998522e+02 3.101293140433070139e-01
1.721335722489592683e+02 3.021485214076871095e-01
1.745994265331980273e+02 2.943941099600646538e-01
1.771005707923459056e+02 2.868600072649574173e-01
1.796375100774671409e+02 2.795403664377982267e-01
1.822107566676430963e+02 2.724294843108197028e-01
1.848208301734165673e+02 2.655217152186705176e-01
1.874682576417173152e+02 2.588112360489696062e-01
1.901535736622843160e+02 2.522916972528799207e-01
1.928773204756179496e+02 2.459579095249737613e-01
1.956400480824700026e+02 2.398052622683533031e-01
1.984423143549079214e+02 2.338296619517541419e-01
2.012846851489611879e+02 2.280275176343151688e-01
2.041677344188866527e+02 2.223948487446142375e-01
2.070920443330635123e+02 2.169278597627630756e-01
2.100582053915504446e+02 2.116230318001459665e-01
2.130668165453251390e+02 2.064757827525984801e-01
2.161184853172267140e+02 2.014810621450465744e-01
2.192138279246348418e+02 1.966353268227827300e-01
2.223534694038981172e+02 1.919346755178268360e-01
2.255380437365479054e+02 1.873749802311375223e-01
2.287681939773176509e+02 1.829516719386653500e-01
2.320445723839930565e+02 1.786601139796293314e-01
2.353678405491201033e+02 1.744949259579868794e-01
2.387386695335998752e+02 1.704506880135429059e-01
2.421577400021956521e+02 1.665219809606997003e-01
2.456257423609774833e+02 1.627033305469297586e-01
2.491433768967329172e+02 1.589893314432622162e-01
2.527113539183761191e+02 1.553751322869927343e-01
2.563303939003802157e+02 1.518542059989625992e-01
2.600012276282577659e+02 1.484208558245393439e-01
2.637245963461314773e+02 1.450692111667376549e-01
2.675012519064076741e+02 1.417931282109473612e-01
2.713319569215982483e+02 1.385871054409074654e-01
2.752174849183149377e+02 1.354458998678613746e-01
2.791586204934645252e+02 1.323646708535893834e-01
2.831561594726795761e+02 1.293390451426956744e-01
2.872109090710198984e+02 1.263652122639119524e-01
2.913236880559721271e+02 1.234398784745746047e-01
2.954953269127811382e+02 1.205608426549095169e-01
2.997266680121469449e+02 1.177258687976813212e-01
3.040185657803246499e+02 1.149333291991934125e-01
3.083718868716559314e+02 1.121823857311108341e-01
3.127875103435727056e+02 1.094723412743845437e-01
3.172663278341021282e+02 1.068028459590512069e-01
3.218092437419119847e+02 1.041738705958044076e-01
3.264171754089352930e+02 1.015857511614581821e-01
3.310910533056090230e+02 9.903910009423411154e-02
3.358318212187604104e+02 9.653449340581565785e-02
3.406404364421827609e+02 9.407269236055360029e-02
3.455178699699411595e+02 9.165440186616535811e-02
3.504651066924454881e+02 8.928040439085205282e-02
3.554831455953224122e+02 8.695140050267402554e-02
3.605729999611446601e+02 8.466797664466396700e-02
3.657356975740353278e+02 8.243089788857715927e-02
3.709722809272089421e+02 8.024084830362754328e-02
3.762838074334818543e+02 7.809815298213818036e-02
3.816713496387909004e+02 7.600308510513620330e-02
3.871359954387702373e+02 7.395587590761354413e-02
3.926788482984286475e+02 7.195636898921464741e-02
3.983010274749716473e+02 7.000435698966711584e-02
4.040036682438096705e+02 6.809950758224403433e-02
4.097879221278002433e+02 6.624139985474941650e-02
4.156549571297749139e+02 6.442950416275383674e-02
4.216059579683896459e+02 6.266308166864120732e-02
4.276421263173564853e+02 6.094126645509517770e-02
4.337646810480924842e+02 5.926320796873152386e-02
4.399748584758422680e+02 5.762798866041091150e-02
4.462739126093268851e+02 5.603466442308663309e-02
4.526631154039643548e+02 5.448226979168396822e-02
4.591437570187125630e+02 5.296984447995078948e-02
4.657171460765849815e+02 5.149639539937189703e-02
4.723846099289023641e+02 5.006095384463982167e-02
4.791474949233198117e+02 4.866261578592401271e-02
4.860071666756948048e+02 4.730045696129148158e-02
4.929650103458414492e+02 4.597357397157408876e-02
5.000224309172313042e+02 4.468112119183342834e-02
5.071808534807007618e+02 4.342229344787379430e-02
5.144417235222183535e+02 4.219629248835399249e-02
5.218065072147676347e+02 4.100235229267046311e-02
5.292766917144056151e+02 3.983972649067885063e-02
5.368537854605639268e+02 3.870771047743409854e-02
5.445393184806468980e+02 3.760562636903674871e-02
5.523348426989848576e+02 3.653278237294554920e-02
5.602419322502088335e+02 3.548852622817372238e-02
5.682621837971159948e+02 3.447225292500505356e-02
5.763972168530774525e+02 3.348334412218356704e-02
5.846486741090679971e+02 3.252117223873382534e-02
5.930182217653685939e+02 3.158512958697998196e-02
6.015075498680157580e+02 3.067462869551490501e-02
6.101183726500731836e+02 2.978910900318582078e-02
6.188524288777846323e+02 2.892801961157240309e-02
6.277114822016767448e+02 2.809081779570096749e-02
6.366973215126881769e+02 2.727696548357619322e-02
6.458117613034000897e+02 2.648592910639738229e-02
6.550566420344298422e+02 2.571716374645660608e-02
6.644338305060756511e+02 2.497011685009578597e-02
6.739452202352747463e+02 2.424425375689162609e-02
6.835927318379522148e+02 2.353905968202979482e-02
6.933783134168515971e+02 2.285401799757938446e-02
7.033039409549138554e+02 2.218864119207167307e-02
7.133716187142803165e+02 2.154243690065482664e-02
7.235833796410072409e+02 2.091491919621346618e-02
7.339412857755764890e+02 2.030560956851679144e-02
7.444474286692853866e+02 1.971404050075298287e-02
7.551039298065762750e+02 1.913977041947292901e-02
7.659129410334387558e+02 1.858235975196428913e-02
7.768766449919147590e+02 1.804137633147559483e-02
7.879972555608406992e+02 1.751638837517219272e-02
7.992770183028939073e+02 1.700699957324994238e-02
8.107182109180336056e+02 1.651282463783251830e-02
8.223231437034261262e+02 1.603348092322180729e-02
8.340941600199636241e+02 1.556860493846050353e-02
8.460336367654576861e+02 1.511784229792637047e-02
8.581439848545973064e+02 1.468080019730502728e-02
8.704276497057776396e+02 1.425711061600135054e-02
8.828871117349023052e+02 1.384642679491343564e-02
8.955248868562470079e+02 1.344840197322083597e-02
9.083435269904967981e+02 1.306267967885081649e-02
9.213456205800478074e+02 1.268890475812753382e-02
9.345337931116820300e+02 1.232673219168983758e-02
9.479107076467309980e+02 1.197581725057035584e-02
9.614790653588249825e+02 1.163581848948759545e-02
9.752416060793328825e+02 1.130640906229304909e-02
9.892011088506075112e+02 1.098726126441422479e-02
1.003360392487153263e+03 1.067804301369847109e-02
1.017722316144830870e+03 1.037843545203527562e-02
1.032289779898196002e+03 1.008811921533152300e-02
1.047065725326100392e+03 9.806790305750490155e-03
1.062053136105685780e+03 9.534150059199678062e-03
1.077255038614870500e+03 9.269909950469085169e-03
1.092674502543454537e+03 9.013782657391986031e-03
1.108314641512994058e+03 8.765493250595765562e-03
1.124178613705502357e+03 8.524772491578250233e-03
1.140269622501187769e+03 8.291341337369681486e-03
1.156590917125320175e+03 8.064702988930375072e-03
1.173145793304312747e+03 7.844720401994728642e-03
1.189937593931241054e+03 7.631165410438289776e-03
1.206969709740860480e+03 7.423810356365176388e-03
1.224245579994290210e+03 7.222431128956499635e-03
1.241768693173492920e+03 7.026816924493653471e-03
1.259542587685717990e+03 6.836760805343844449e-03
1.277570852577971664e+03 6.652120512420346687e-03
1.295857128261761545e+03 6.472682932601642181e-03
1.314405107248217973e+03 6.298252843742531415e-03
1.333218534893677088e+03 6.128661673034746515e-03
1.352301210156000934e+03 5.963739184119520864e-03
1.371656986361682129e+03 5.803327918990588974e-03
1.391289771983943638e+03 5.647268549761177980e-03
1.411203531431958709e+03 5.495420284874388828e-03
1.431402285851402212e+03 5.347648968320170559e-03
1.451890113936396801e+03 5.203835179062747673e-03
1.472671152753133583e+03 5.063876128276301181e-03
1.493749598575277105e+03 4.927675911914161655e-03
1.515129707731277904e+03 4.795142973532937059e-03
1.536815797463865920e+03 4.666190469179501421e-03
1.558812246801818219e+03 4.540729912800467449e-03
1.581123497444208169e+03 4.418674707664882462e-03
1.603754054657297502e+03 4.299939414230284640e-03
1.626708488184309545e+03 4.184437335283154591e-03
1.649991433168142521e+03 4.072075753248374785e-03
1.673607591087358060e+03 3.962772105022570324e-03
1.697561730705560194e+03 3.856447469855514565e-03
1.721858689034299914e+03 3.753024446223995891e-03
1.746503372309835640e+03 3.652422584898944169e-03
1.771500756983827387e+03 3.554563985058871445e-03
1.796855890728216991e+03 3.459372285009795767e-03
1.822573893454524978e+03 3.366769951527827376e-03
1.848659958347655447e+03 3.276680919173768913e-03
1.875119352914580986e+03 3.189030212757036631e-03
1.901957420047979440e+03 3.103742412058685396e-03
1.929179579105146786e+03 3.020744537206371955e-03
1.956791327002274102e+03 2.939965916024571413e-03
1.984798239324451288e+03 2.861337244525963969e-03
2.013205971451534651e+03 2.784791997909187578e-03
2.042020259700113002e+03 2.710266541314163002e-03
2.071246922481867387e+03 2.637750067503580320e-03
2.100891861478416558e+03 2.567165777443983915e-03
2.130961062833062442e+03 2.498432241988972347e-03
2.161460598359582036e+03 2.431489534118626283e-03
2.192396626768245369e+03 2.366284113912216214e-03
2.223775394909467650e+03 2.302766246261071792e-03
2.255603239035213392e+03 2.240888895135503822e-03
2.287886586078464006e+03 2.180607757030841864e-03
2.320631954950986710e+03 2.121881328669927153e-03
2.353845957859718055e+03 2.064671135366936972e-03
2.387535301641907154e+03 2.008941629908781584e-03
2.421706789119428322e+03 1.954659899964523995e-03
2.456367320472505071e+03 1.901795198180976365e-03
2.491523894632980955e+03 1.850318197524774416e-03
2.527183610697643417e+03 1.800198776138933754e-03
2.563353669361720222e+03 1.751406319300981979e-03
2.600041374372897735e+03 1.703909180008369301e-03
2.637254134006147524e+03 1.657674292848371894e-03
2.674999462559702806e+03 1.612668927776731570e-03
2.713284981872343451e+03 1.568862085238438564e-03
2.752118422862488842e+03 1.526225189113453173e-03
2.791507627089322796e+03 1.484730696924067145e-03
2.831460548336155171e+03 1.444351128343479909e-03
2.871985254216555859e+03 1.405059608563699602e-03
2.913089927803431237e+03 1.366830059420296242e-03
2.954782869281397780e+03 1.329638155314581682e-03
2.997072497622829815e+03 1.293458656073415147e-03
3.039967352287917038e+03 1.258263983349118195e-03
3.083476094948959144e+03 1.224027314000730726e-03
3.127607511239429186e+03 1.190722559828391938e-03
3.172370512528082145e+03 1.158324345515885506e-03
3.217774137718333805e+03 1.126807990180594271e-03
3.263827555073512485e+03 1.096149481496881684e-03
3.310540064068185075e+03 1.066325452506818386e-03
3.357921097265958906e+03 1.037313177353414717e-03
3.405980222224241516e+03 1.009090552952391154e-03
3.454727143426113798e+03 9.816360792104707883e-04
3.504171704239990959e+03 9.549288444318099200e-04
3.554323888907247238e+03 9.289485042152413607e-04
3.605193824558371944e+03 9.036752594250452991e-04
3.656791783257830957e+03 8.790898555632292027e-04
3.709128184078349932e+03 8.551735651785626752e-04
3.762213595204789272e+03 8.319081714743842976e-04
3.816058736068153848e+03 8.092759560584788375e-04
3.870674479510202218e+03 7.872596818596436230e-04
3.926071853978884519e+03 7.658425724806228879e-04
3.982262045755358486e+03 7.450083143850129430e-04
4.039256401212783203e+03 7.247410396141809596e-04
4.097066429107528165e+03 7.050253132055428473e-04
4.155703802903019096e+03 6.858461222266371698e-04
4.215180363127008604e+03 6.671888617895615700e-04
4.275508119762486785e+03 6.490393170299176354e-04
4.336699254672811549e+03 6.313836656794778041e-04
4.398766124061651681e+03 6.142084624543514906e-04
4.461721260967929993e+03 5.975006293124406412e-04
4.525577377796656947e+03 5.812474456910405110e-04
4.590347368885976721e+03 5.654365360277984268e-04
4.656044313110774965e+03 5.500558562648479033e-04
4.722681476523759557e+03 5.350936944960591260e-04
4.790272315034212625e+03 5.205386582251879737e-04
4.858830477125128709e+03 5.063796663392350350e-04
4.928369806609198349e+03 4.926059410178349612e-04
4.998904345424345593e+03 4.792069941339594311e-04
5.070448336469063179e+03 4.661726216803547054e-04
5.143016226478514909e+03 4.534928996316371988e-04
5.216622668941809025e+03 4.411581748014498788e-04
5.291282527060798202e+03 4.291590578403446307e-04
5.367010876751485739e+03 4.174864170696053131e-04
5.443823009688245293e+03 4.061313636919312853e-04
5.521734436391623603e+03 3.950852524935832139e-04
5.600760889360352849e+03 3.843396742866283036e-04
5.680918326248252924e+03 3.738864495348550102e-04
5.762222933086397461e+03 3.637176221349914737e-04
5.844691127551599493e+03 3.538254546784458214e-04
5.928339562281665167e+03 3.442024147585435317e-04
6.013185128237890240e+03 3.348411770023379183e-04
6.099244958115910777e+03 3.257346158584578134e-04
6.186536429805252737e+03 3.168786391854068983e-04
6.275077169898406282e+03 3.082638664153869446e-04
6.364885057250117825e+03 2.998833728077572418e-04
6.455978226587715653e+03 2.917307827058359358e-04
6.548375072172883847e+03 2.837998954392634797e-04
6.642094251516039549e+03 2.760846795464870149e-04
6.737154689143896576e+03 2.685792682116266462e-04
6.833575580420692859e+03 2.612779545833193717e-04
6.931376395424385009e+03 2.541751886587142323e-04
7.030576882878165634e+03 2.472655677904452877e-04
7.131197074138264725e+03 2.405438372198396429e-04
7.233257287238948265e+03 2.340048857367746198e-04
7.336778130995133324e+03 2.276437416437078476e-04
7.441780509163991155e+03 2.214555687022829247e-04
7.548285624665953037e+03 2.154356636548987632e-04
7.656314983866283001e+03 2.095794481530026572e-04
7.765890400917640363e+03 2.038824690713805440e-04
7.877034002165094535e+03 1.983403949873821862e-04
7.989768230614005915e+03 1.929490126516778675e-04
8.104115850461883383e+03 1.877042236483267637e-04
8.220099951695232448e+03 1.826020421965049954e-04
8.337743954751884303e+03 1.776385884285740235e-04
8.457071615250348259e+03 1.728100884970476016e-04
8.578107028786696901e+03 1.681128717484390526e-04
8.700874635800257238e+03 1.635433676019483820e-04
8.825399226508627180e+03 1.590981029134836029e-04
8.951705945913636242e+03 1.547736998443250463e-04
9.079820298878812537e+03 1.505668704150423236e-04
9.209768155279478378e+03 1.464744163866926567e-04
9.341575755226749607e+03 1.424932270321168943e-04
9.475269714365933396e+03 1.386202763721867438e-04
9.610877029251070780e+03 1.348526211353811687e-04
9.748425082796435163e+03 1.311873985934690519e-04
9.887941649805658017e+03 1.276218223696895613e-04
1.002945490258039717e+04 1.241531819978554819e-04
1.017299341660908249e+04 1.207788411998317844e-04
1.031858617633710310e+04 1.174962355674328846e-04
1.046626258101953317e+04 1.143028709307226595e-04
1.061605245065784038e+04 1.111963208851509538e-04
1.076798603202111735e+04 1.081742241172479243e-04
1.092209400475389157e+04 1.052342835935783649e-04
1.107840748757131041e+04 1.023742650878959898e-04
1.123695804454265090e+04 9.959199536056914312e-05
1.139777769146514038e+04 9.688536078243962721e-05
1.156089890232881226e+04 9.425230476144499416e-05
1.172635461587390091e+04 9.169082610857408333e-05
1.189417824224206379e+04 8.919897819189442391e-05
1.206440366972300217e+04 8.677486750098355704e-05
1.223706527159718098e+04 8.441665229069316573e-05
1.241219791307688138e+04 8.212254132727793594e-05
1.258983695834663558e+04 7.989079155221591282e-05
1.277001827770393356e+04 7.771970688929294262e-05
1.295277825480263527e+04 7.560763762838064710e-05
1.313815379399981975e+04 7.355297904625840173e-05
1.332618232780778453e+04 7.155417028781925915e-05
1.351690182445268147e+04 6.960969321144765305e-05
1.371035079554156619e+04 6.771807061091384902e-05
1.390656830383866509e+04 6.587786502715786089e-05
1.410559397115338470e+04 6.408767830150242061e-05
1.430746798634123843e+04 6.234615045197012574e-05
1.451223111341877120e+04 6.065195863605898820e-05
1.471992469979517227e+04 5.900381617278340103e-05
1.493059068462142750e+04 5.740047114733879373e-05
1.514427160725893918e+04 5.584070526606270748e-05
1.536101061586965989e+04 5.432333355820720671e-05
1.558085147612855872e+04 5.284720344968067696e-05
1.580383858006136325e+04 5.141119379154413145e-05
1.603001695500844653e+04 5.001421407568027756e-05
1.625943227271734395e+04 4.865520330887297944e-05
1.649213085856478574e+04 4.733312892031462521e-05
1.672815970091135023e+04 4.604698663809576702e-05
1.696756646058965998e+04 4.479579964253917624e-05
1.721039948052834006e+04 4.357861771747987764e-05
1.745670779551415399e+04 4.239451661179009095e-05
1.770654114209300678e+04 4.124259712823003660e-05
1.795994996861349136e+04 4.012198409516988702e-05
1.821698544541361480e+04 3.903182638314585916e-05
1.847769947515388412e+04 3.797129609915217505e-05
1.874214470329740652e+04 3.693958790082724295e-05
1.901037452874083465e+04 3.593591844016367142e-05
1.928244311459695018e+04 3.495952563035297942e-05
1.955840539913170505e+04 3.400966770219691036e-05
1.983831710685808139e+04 3.308562330634373964e-05
2.012223475978795250e+04 3.218669075829699031e-05
2.041021568884570661e+04 3.131218749673854093e-05
2.070231804544520492e+04 3.046144959043971170e-05
2.099860081323170016e+04 2.963383114236434321e-05
2.129912381999260106e+04 2.882870345523064638e-05
2.160394774973829408e+04 2.804545515851800596e-05
2.191313415495596928e+04 2.728349153069387599e-05
2.222674546903867304e+04 2.654223406759278646e-05
2.254484501889272360e+04 2.582112004846458643e-05
2.286749703772465728e+04 2.511960203960581861e-05
2.319476667801198710e+04 2.443714718330849273e-05
2.352672002465956757e+04 2.377323730204779434e-05
2.386342410834342809e+04 2.312736833557255687e-05
2.420494691904656793e+04 2.249904997465976188e-05
2.455135741978787337e+04 2.188780530676864627e-05
2.490272556054774395e+04 2.129317026090734319e-05
2.525912229239278167e+04 2.071469325750079516e-05
2.562061958180328656e+04 2.015193510180142899e-05
2.598729042520451185e+04 1.960446857073613706e-05
2.635920886370760491e+04 1.907187809566766455e-05
2.673644999805973566e+04 1.855375949812770246e-05
2.711909000380954967e+04 1.804971936062257270e-05
2.750720614668898634e+04 1.755937498189530594e-05
2.790087679821544589e+04 1.708235410871223876e-05
2.830018145151714270e+04 1.661829463920654255e-05
2.870520073738490464e+04 1.616684434466744659e-05
2.911601644055422366e+04 1.572766067965447904e-05
2.953271151621915124e+04 1.530053372548811430e-05
2.995537010678408478e+04 1.488504119023150037e-05
3.038407755885375082e+04 1.448083365833941990e-05
3.081892044046750379e+04 1.408760456137118206e-05
3.125998655857975245e+04 1.370505568232537356e-05
3.170736497679057720e+04 1.333289699514663080e-05
3.216114603333024570e+04 1.297084614495415812e-05
3.262142135930083896e+04 1.261862850430816143e-05
3.308828389717970276e+04 1.227597693239488468e-05
3.356182791958615417e+04 1.194263156960138775e-05
3.404214904831892636e+04 1.161833963149553088e-05
3.452934427366387536e+04 1.130285527443044180e-05
3.502351197397953365e+04 1.099593916960723552e-05
3.552475193556246813e+04 1.069735852560964144e-05
3.603316537279673503e+04 1.040688690199303101e-05
3.654885494859207392e+04 1.012430402983933585e-05
3.707192479511416605e+04 9.849395634319637336e-06
3.760248053481247189e+04 9.581953324065348165e-06
3.814062930174730718e+04 9.321774234785293323e-06
3.868647976322440809e+04 9.068661037903088000e-06
3.924014214173685468e+04 8.822421790953826086e-06
3.980172823722268367e+04 8.582869780287297147e-06
4.037135144964027131e+04 8.349823376604741890e-06
4.094912680186692160e+04 8.123105932370788796e-06
4.153517096292530914e+04 7.902545490574497335e-06
4.212960227154193853e+04 7.687974781205944856e-06
4.273254076004379749e+04 7.479231102622824873e-06
4.334410817859500821e+04 7.276156183072730356e-06
4.396442801978303032e+04 7.078596065042446405e-06
4.459362554355397151e+04 6.886401006338027436e-06
4.523182780250687938e+04 6.699425248092068111e-06
4.587916366754891351e+04 6.517526998416590879e-06
4.653576385391814983e+04 6.340568340607266552e-06
4.720176094757828832e+04 6.168415111334113379e-06
4.787728943199236528e+04 6.000936808445619919e-06
4.856248571527756576e+04 5.838006494881639217e-06
4.925748815775028197e+04 5.679500618431187965e-06
4.996243709986576141e+04 5.525298983265214143e-06
5.067747489055538608e+04 5.375284679727852051e-06
5.140274591597174731e+04 5.229343982457494927e-06
5.213839662864414277e+04 5.087366272569363089e-06
5.288457557705135696e+04 4.949243939128468873e-06
5.364143343561756774e+04 4.814872252378125657e-06
5.440912303513861116e+04 4.684149324810842150e-06
5.518779939364123129e+04 4.556976053453828403e-06
5.597761974768737127e+04 4.433256037444599181e-06
5.677874358412306901e+04 4.312895512562699716e-06
5.759133267228419572e+04 4.195803248697289010e-06
5.841555109666199860e+04 4.081890467311314339e-06
5.925156529003633477e+04 3.971070803239146250e-06
6.009954406708318129e+04 3.863260247930946207e-06
6.095965865846268571e+04 3.758377085318591196e-06
6.183208274539653939e+04 3.656341835637758498e-06
6.271699249473723467e+04 3.557077159267493902e-06
6.361456659454318287e+04 3.460507795445297665e-06
6.452498629015897313e+04 3.366560536377901291e-06
6.544843542081500345e+04 3.275164169688048611e-06
6.638510045674943831e+04 3.186249426071593365e-06
6.733517053686176951e+04 3.099748929356314659e-06
6.829883750690528541e+04 3.015597120183706318e-06
6.927629595822587726e+04 2.933730198332721347e-06
7.026774326705647400e+04 2.854086106036760084e-06
7.127337963437091094e+04 2.776604478077688339e-06
7.229340812631248264e+04 2.701226594543577658e-06
7.332803471519655432e+04 2.627895339298510504e-06
7.437746832110325340e+04 2.556555139272855795e-06
7.544192085406421393e+04 2.487151909555930193e-06
7.652160725685290527e+04 2.419633043742241627e-06
7.761674554838775657e+04 2.353947371044313823e-06
7.872755686775586219e+04 2.290045113908993992e-06
7.985426551886851666e+04 2.227877853803193390e-06
8.099709901575208642e+04 2.167398482520141749e-06
8.215628812849224778e+04 2.108561150353744165e-06
8.333206692983044195e+04 2.051321263178133467e-06
8.452467284243117319e+04 1.995635443640364460e-06
8.573434668682384654e+04 1.941461494537860246e-06
8.696133273003128124e+04 1.888758370358345755e-06
8.820587873489402409e+04 1.837486138143947417e-06
8.946823601010022685e+04 1.787605929127346593e-06
9.074865946093334060e+04 1.739079941228036493e-06
9.204740764074212348e+04 1.691871402571948064e-06
9.336474280315275246e+04 1.645944542131339862e-06
9.470093095502248616e+04 1.601264564525740664e-06
9.605624191015558608e+04 1.557797618664691504e-06
9.743094934378565813e+04 1.515510753912967343e-06
9.882533084783844242e+04 1.474371925299558636e-06
1.002396679869851359e+05 1.434349960329707512e-06
1.016742463554995338e+05 1.395414535286592869e-06
1.031293556349253631e+05 1.357536153057444385e-06
1.046052896525721007e+05 1.320686117797269178e-06
1.061023464408481814e+05 1.284836495919488040e-06
1.076208282974398608e+05 1.249960122341966547e-06
1.091610418463548413e+05 1.216030571219780404e-06
1.107232980998382118e+05 1.183022136448712508e-06
1.123079125211742503e+05 1.150909812333846899e-06
1.139152050883869670e+05 1.119669273027223933e-06
1.155455003588544641e+05 1.089276838043695824e-06
1.171991275348429335e+05 1.059709478578410070e-06
1.188764205299854657e+05 1.030944792752193644e-06
1.205777180367053224e+05 1.002960988979630780e-06
1.223033635946093418e+05 9.757368702367371879e-07
1.240537056598576746e+05 9.492518117064459770e-07
1.258290976755268493e+05 9.234857403336378852e-07
1.276298981429798878e+05 8.984191336833561111e-07
1.294564706942570920e+05 8.740330009939989626e-07
1.313091841655058379e+05 8.503088688337350778e-07
1.331884126714551239e+05 8.272287696016974355e-07
1.350945356809640944e+05 8.047752149685046588e-07
1.370279380936435482e+05 7.829311901699779254e-07
1.389890103175803670e+05 7.616801452568247555e-07
1.409781483481710020e+05 7.410123897015898992e-07
1.429957538480841904e+05 7.209067271762214992e-07
1.450422342283680628e+05 7.013466508457378217e-07
1.471180027307167475e+05 6.823173487456262153e-07
1.492234785109183867e+05 6.638044141359543193e-07
1.513590867234899197e+05 6.457938324571948130e-07
1.535252586075326253e+05 6.282719707279614492e-07
1.557224315738069999e+05 6.112255669323536867e-07
1.579510492930606997e+05 5.946417230825095187e-07
1.602115617856177269e+05 5.785078820887818146e-07
1.625044255122498726e+05 5.628118296900298443e-07
1.648301034663488390e+05 5.475416843602662592e-07
1.671890652674172306e+05 5.326858880631035842e-07
1.695817872559003299e+05 5.182331971436826280e-07
1.720087525893678830e+05 5.041726764155015966e-07
1.744704513400827418e+05 4.904936802225771258e-07
1.769673805939550512e+05 4.771858531204570765e-07
1.795000445509210404e+05 4.642391219273169214e-07
1.820689546267538681e+05 4.516436876917927923e-07
1.846746295563331805e+05 4.393900179386218534e-07
1.873175954983921547e+05 4.274688415909991138e-07
1.899983861417627195e+05 4.158711333657207800e-07
1.927175428131456720e+05 4.045881137304675379e-07
1.954756145864138671e+05 3.936112425872062733e-07
1.982731583934923110e+05 3.829322122408501447e-07
2.011107391368123936e+05 3.725429410621697307e-07
2.039889298033849627e+05 3.624355687653861428e-07
2.069083115805015259e+05 3.526024437657697598e-07
2.098694739730920992e+05 3.430361225564780887e-07
2.128730149227624061e+05 3.337293647575185918e-07
2.159195409285377536e+05 3.246751269458438084e-07
2.190096671693275566e+05 3.158665575197702668e-07
2.221440176281493914e+05 3.072969921870525087e-07
2.253232252181317599e+05 2.989599439909041171e-07
2.285479319103113085e+05 2.908491020825521077e-07
2.318187888632682152e+05 2.829583279390569426e-07
2.351364565546128142e+05 2.752816500143418201e-07
2.385016049143542768e+05 2.678132594798214309e-07
2.419149134601771948e+05 2.605475060231240453e-07
2.453770714346592722e+05 2.534788900309714032e-07
2.488887779444420012e+05 2.466020609151786069e-07
2.524507421014076390e+05 2.399118142697485457e-07
2.560636831658612646e+05 2.334030873416948249e-07
2.597283306917746668e+05 2.270709553756638811e-07
2.634454246741016977e+05 2.209106276713926012e-07
2.672157156982045271e+05 2.149174416479381736e-07
2.710399650914176018e+05 2.090868608788318543e-07
2.749189450767800445e+05 2.034144729125251269e-07
2.788534389289733954e+05 1.978959854967894682e-07
2.828442411324791028e+05 1.925272235213877714e-07
2.868921575420157169e+05 1.873041248874898025e-07
2.909980055452560191e+05 1.822227364761604433e-07
2.951626142278851476e+05 1.772792123308010514e-07
2.993868245410146192e+05 1.724698114620593426e-07
3.036714894709941582e+05 1.677908948245312087e-07
3.080174742116532871e+05 1.632389227828010939e-07
3.124256563390078372e+05 1.588104511681597293e-07
3.168969259884706698e+05 1.545021282040710460e-07
3.214321860345872701e+05 1.503106933292702938e-07
3.260323522733610589e+05 1.462329748535978181e-07
3.306983536071697017e+05 1.422658874988036458e-07
3.354311322323409840e+05 1.384064302411444039e-07
3.402316438294081017e+05 1.346516830097789112e-07
3.451008577560874983e+05 1.309988039006294805e-07
3.500397572430204018e+05 1.274450285680528089e-07
3.550493395923120552e+05 1.239876679913367041e-07
3.601306163789212587e+05 1.206241063446498143e-07
3.652846136549158837e+05 1.173517991948951770e-07
3.705123721566724707e+05 1.141682708719227924e-07
3.758149475150202052e+05 1.110711118382265655e-07
3.811934104684081976e+05 1.080579783948000451e-07
3.866488470791158616e+05 1.051265907167765984e-07
3.921823589525596472e+05 1.022747309934729606e-07
3.977950634597360040e+05 9.950024191442075606e-08
4.034880939628569758e+05 9.680102457087095942e-08
4.092626000441970536e+05 9.417503599540522291e-08
4.151197477382320212e+05 9.162028913487042111e-08
4.210607197670976748e+05 8.913485107134857548e-08
4.270867157794061932e+05 8.671684145005226934e-08
4.331989525924938498e+05 8.436443118442684140e-08
4.393986644381299266e+05 8.207584078349451954e-08
4.456871032117420109e+05 7.984933807244534930e-08
4.520655387252071523e+05 7.768323837393845528e-08
4.585352589632703457e+05 7.557590286771982425e-08
4.650975703436104814e+05 7.352573731248177499e-08
4.717537979806587100e+05 7.153119090619770374e-08
4.785052859531628783e+05 6.959075494763172704e-08
4.853533975756015279e+05 6.770296078431624024e-08
4.922995156734739430e+05 6.586638008474489630e-08
4.993450428625312634e+05 6.407962337267441715e-08
5.064914018320037285e+05 6.234133897900274249e-08
5.137400356318795821e+05 6.065021204431933654e-08
5.210924079643057194e+05 5.900496344295788095e-08
5.285500034791345242e+05 5.740434795063075826e-08
5.361143280737346504e+05 5.584715455891142109e-08
5.437869091970579466e+05 5.433220519882583264e-08
5.515692961580830161e+05 5.285835385990241440e-08
5.594630604386618361e+05 5.142448572631850687e-08
5.674697960108461557e+05 5.002951631097361126e-08
5.755911196587547893e+05 4.867238982259695556e-08
5.838286713050451363e+05 4.735207949909942858e-08
5.921841143420700682e+05 4.606758651441996320e-08
6.006591359677449800e+05 4.481793922616260295e-08
6.092554475262609776e+05 4.360219246656936229e-08
6.179747848536361707e+05 4.241942666391052634e-08
6.268189086282374337e+05 4.126874669893024452e-08
6.357896047263110522e+05 4.014928202182898033e-08
6.448886845825988567e+05 3.906018577528794945e-08
6.541179855561191216e+05 3.800063414728385547e-08
6.634793713011769578e+05 3.696982586156214970e-08
6.729747321436998900e+05 3.596732362724875641e-08
6.826059854629283072e+05 3.499203833656642944e-08
6.923750760786100291e+05 3.404319989978681077e-08
7.022839766436940990e+05 3.312009111826166212e-08
7.123346880426771240e+05 3.222201429923991221e-08
7.225292397956324276e+05 3.134829089911881999e-08
7.328696904680303996e+05 3.049826028691515559e-08
7.433581280864176806e+05 2.967127984011724855e-08
7.539966705600463320e+05 2.886672442849405716e-08
7.647874661085519474e+05 2.808398592912941907e-08
7.757326936957156286e+05 2.732247275357819049e-08
7.868345634694857290e+05 2.658160954309008042e-08
7.980953172082435340e+05 2.586083614349496131e-08
8.095172287734955316e+05 2.515960766144379212e-08
8.211026045690268511e+05 2.447739403964287697e-08
8.328537840066271601e+05 2.381367964083601538e-08
8.447731399784815731e+05 2.316796284368121856e-08
8.568630793363364646e+05 2.253975577919969009e-08
8.691260433774909470e+05 2.192858349344161772e-08
8.815645083377719857e+05 2.133398395578863143e-08
8.941809858915678924e+05 2.075550772164431986e-08
9.069780236589830602e+05 2.019271757172122623e-08
9.199582057202894939e+05 1.964518817195558482e-08
9.331241531377193751e+05 1.911250583886071864e-08
9.464785244847332360e+05 1.859426785843801099e-08
9.600240163828551304e+05 1.809008246030613690e-08
9.737633640462113544e+05 1.759956855219599186e-08
9.876993418338203337e+05 1.712235540499514870e-08
1.001834763809844968e+06 1.665808237225194425e-08
1.016172484311801614e+06 1.620639867392119165e-08
1.030715398526948993e+06 1.576696284774078155e-08
1.045466443076901603e+06 1.533944269734397905e-08
1.060428596610617358e+06 1.492351508676017799e-08
1.075604880405868869e+06 1.451886566467423059e-08
1.090998358979320852e+06 1.412518863466950156e-08
1.106612140705358004e+06 1.374218655143735268e-08
1.122449378443723312e+06 1.336956988914619938e-08
1.138513270176204620e+06 1.300705696445892129e-08
1.154807059652363183e+06 1.265437378147246989e-08
1.171334037044558208e+06 1.231125379439763313e-08
1.188097539612317458e+06 1.197743771270212349e-08
1.205100952376226429e+06 1.165267331635069580e-08
1.222347708801455796e+06 1.133671511544293037e-08
1.239841291491071694e+06 1.102932425725184345e-08
1.257585232889289036e+06 1.073026841184166982e-08
1.275583115994737018e+06 1.043932156958678074e-08
1.293838575084006647e+06 1.015626387131219663e-08
1.312355296445477521e+06 9.880881446548092949e-09
1.331137019123703009e+06 9.612966143076150608e-09
1.350187535674422747e+06 9.352315425278508415e-09
1.369510692930385703e+06 9.098732292843802420e-09
1.389110392778135603e+06 8.852025108010164115e-09
1.408990592945900513e+06 8.612007454372107314e-09
1.429155307802798459e+06 8.378497968697001340e-09
1.449608609169404022e+06 8.151320149152364843e-09
1.470354627140015131e+06 7.930302265148658276e-09
1.491397550916589098e+06 7.715277274969988457e-09
1.512741629654686200e+06 7.506082684234479564e-09
1.534391173321487382e+06 7.302560431159134098e-09
1.556350553566094954e+06 7.104556723757109339e-09
1.578624204602292972e+06 6.911921890372586337e-09
1.601216624103933107e+06 6.724510322738940337e-09
1.624132374113163445e+06 6.542180382183950255e-09
1.647376081961591495e+06 6.364794284531150163e-09
1.670952441204722039e+06 6.192218006299215417e-09
1.694866212569672382e+06 6.024321141565478029e-09
1.719122224916520528e+06 5.860976767901350187e-09
1.743725376213382930e+06 5.702061424930982215e-09
1.768680634525449714e+06 5.547455013930303281e-09
1.793993039018172305e+06 5.397040702332566633e-09
1.819667700974837411e+06 5.250704844293996847e-09
1.845709804828635184e+06 5.108336867175506264e-09
1.872124609209564514e+06 4.969829145821565098e-09
1.898917448006320279e+06 4.835076994698504836e-09
1.926093731443308061e+06 4.703978578563220783e-09
1.953658947173152119e+06 4.576434830437944048e-09
1.981618661384796957e+06 4.452349383966428607e-09
2.009978519927477464e+06 4.331628483243800057e-09
2.038744249450766016e+06 4.214180866098009519e-09
2.067921658560976386e+06 4.099917766919294265e-09
2.097516638994023670e+06 3.988752835899291962e-09
2.127535166805203073e+06 3.880602070533749393e-09
2.157983303575857542e+06 3.775383756840897611e-09
2.188867197637418285e+06 3.673018397847148414e-09
2.220193085312915500e+06 3.573428606478216448e-09
2.251967292176268529e+06 3.476539116011644741e-09
2.284196234329591040e+06 3.382276706924637250e-09
2.316886419698780403e+06 3.290570150512283487e-09
2.350044449347679969e+06 3.201350157381993009e-09
2.383677018810957205e+06 3.114633849313977773e-09
2.417790919446195476e+06 3.030746956614321841e-09
2.452393039805190172e+06 2.949685457120466431e-09
2.487490367024978623e+06 2.871452659717174443e-09
2.523089988238733727e+06 2.796058511810280780e-09
2.559199092006849591e+06 2.723518667863367032e-09
2.595824969768510666e+06 2.653853339424268109e-09
2.632975017314038239e+06 2.587085804782651918e-09
2.670656736278336961e+06 2.523240848557969759e-09
2.708877735655618366e+06 2.462343021476175571e-09
2.747645733335955068e+06 2.404414789286078208e-09
2.786968557663658168e+06 2.349474646167146123e-09
2.826854149018090218e+06 2.297535287321667983e-09
2.867310561417031568e+06 2.248601739719224053e-09
2.908345964143018238e+06 2.202669794920231480e-09
2.949968643392944708e+06 2.159724605734011747e-09
2.992187003951269668e+06 2.119739537099721946e-09
3.035009570887226146e+06 2.082675315351794128e-09
3.078444991276179440e+06 2.048479537513208420e-09
3.122502035945826210e+06 2.017086375940299001e-09
3.167189601247163489e+06 1.988416779072156648e-09
