6.509772942077232116e+00 8.846164251255629694e-04
6.601567683947768828e+00 1.119181786550822863e-03
6.694700978256147295e+00 1.436237689128582688e-03
6.789192343796061735e+00 1.866652148443631413e-03
6.885061583984579237e+00 2.452441636914753226e-03
6.982328791012518465e+00 3.250248319131047829e-03
7.081014350055358619e+00 4.335865736885676121e-03
7.181138943545541942e+00 5.809230494449513747e-03
7.282723555507078395e+00 7.799993741318222810e-03
7.385789475953366434e+00 1.047346898758759470e-02
7.490358305349127832e+00 1.403485473225343262e-02
7.596451959137415777e+00 1.873179323061876025e-02
7.704092672332638614e+00 2.485435054956012385e-02
7.813303004180546019e+00 3.272924682701579963e-02
7.924105842886188356e+00 4.270803283985318693e-02
8.036524410410788022e+00 5.515215516809623963e-02
8.150582267338597475e+00 7.042291345769399746e-02
8.266303317814694296e+00 8.887135980932273083e-02
8.383711814554793307e+00 1.108018850345111328e-01
8.502832363928106929e+00 1.364325108939760944e-01
8.623689931114331131e+00 1.659532794019052127e-01
8.746309845335824562e+00 1.994287107135869763e-01
8.870717805166083991e+00 2.368069476438788290e-01
8.996939883915615610e+00 2.779619747145272157e-01
9.125002535096392364e+00 3.226459858011982984e-01
9.254932597965915164e+00 3.705296242740552248e-01
9.386757303152185372e+00 4.212042763386598665e-01
9.520504278360673922e+00 4.742121837007707841e-01
9.656201554164503875e+00 5.291315227217517903e-01
9.793877569879075651e+00 5.856722394193651926e-01
9.933561179522362394e+00 6.438015419829873354e-01
1.007528165786209762e+01 7.037876534563691777e-01
1.021906870655115540e+01 7.660512704725697120e-01
1.036495246035241813e+01 8.310344011816315213e-01
1.051296349345435033e+01 8.991381801933220341e-01
1.066313282587876721e+01 9.707152562749820079e-01
1.081549192998192233e+01 1.046121098614309908e+00
1.097007273705051134e+01 1.125794851599136281e+00
1.112690764399376064e+01 1.210182670933615645e+00
1.128602952013317484e+01 1.299539676043270031e+00
1.144747171409123965e+01 1.393825150602271634e+00
1.161126806078059559e+01 1.492904850061299138e+00
1.177745288849514793e+01 1.596715333854662688e+00
1.194606102610455167e+01 1.705246725410578978e+00
1.211712781035359754e+01 1.818405013415209659e+00
1.229068909326808168e+01 1.936018764879922749e+00
1.246678124966862633e+01 2.058036266785201462e+00
1.264544118479409462e+01 2.184756771865925096e+00
1.282670634203613780e+01 2.316470111893558226e+00
1.301061471078658371e+01 2.452875490874347975e+00
1.319720483439916414e+01 2.593291136725087043e+00
1.338651581826745662e+01 2.737386435345793068e+00
1.357858733802052420e+01 2.885423962889735794e+00
1.377345964783810572e+01 3.037882796727373158e+00
1.397117358888704608e+01 3.195209531197268582e+00
1.417177059788077287e+01 3.357900096202977025e+00
1.437529271576353018e+01 3.526362268140284861e+00
1.458178259652132525e+01 3.700503165926885885e+00
1.479128351612127723e+01 3.879798939759985910e+00
1.500383938158137731e+01 4.063904412928703636e+00
1.521949474017247006e+01 4.252864671005106345e+00
1.543829478875444750e+01 4.446771090312682695e+00
1.566028538324854225e+01 4.645355759892203729e+00
1.588551304824779642e+01 4.848235662739171836e+00
1.611402498676763884e+01 5.055325336941872472e+00
1.634586909013863476e+01 5.266677126607742565e+00
1.658109394804352377e+01 5.481920958004220523e+00
1.681974885870060277e+01 5.700229153336160870e+00
1.706188383919559826e+01 5.920931387071213692e+00
1.730754963596420026e+01 6.143839475495088465e+00
1.755679773542748023e+01 6.368837907879499660e+00
1.780968037478231025e+01 6.595231226775394973e+00
1.806625055294926696e+01 6.821776807436124912e+00
1.832656204168003811e+01 7.047349594341184797e+00
1.859066939682688258e+01 7.271344874688368876e+00
1.885862796977640343e+01 7.493286965641623887e+00
1.913049391905003205e+01 7.712100064596637772e+00
1.940632422207367114e+01 7.926047192344622516e+00
1.968617668711901203e+01 8.133273605616476942e+00
1.997010996541889938e+01 8.332337923654788980e+00
2.025818356345940785e+01 8.522169317071258021e+00
2.055045785545120296e+01 8.702062082402765242e+00
2.084699409598265873e+01 8.871357259894038449e+00
2.114785443285758504e+01 9.029430331825487599e+00
2.145310192012007633e+01 9.175359096172305939e+00
2.176280053126934533e+01 9.308093029546636643e+00
2.207701517266720970e+01 9.426796045536498525e+00
2.239581169714115561e+01 9.531117748529169376e+00
2.271925691778564627e+01 9.621123155729694787e+00
2.304741862196480895e+01 9.697135459643021704e+00
2.338036558551922539e+01 9.759359339190581295e+00
2.371816758717993068e+01 9.807775926229776786e+00
2.406089542319254093e+01 9.841968921864150843e+00
2.440862092215471435e+01 9.861022384224671811e+00
2.476419528339167186e+01 9.863821179419467455e+00
2.512342567153986650e+01 9.849358180669044671e+00
2.548788463367154478e+01 9.817410023933348384e+00
2.585764827132701527e+01 9.768308967795915621e+00
2.623279379369949993e+01 9.702857817570826882e+00
2.661339953375676615e+01 9.622280103756811087e+00
2.699954496459761444e+01 9.527839198338501348e+00
2.739131071604647616e+01 9.420738090048153879e+00
2.778877859148925822e+01 9.302007805414302055e+00
2.819203158495477979e+01 9.172451315665334448e+00
2.860115389844430922e+01 9.032798068888418186e+00
2.901623095951341114e+01 8.883889071970635598e+00
2.943734943911007562e+01 8.726802116838149104e+00
2.986459726967203920e+01 8.562634625722360227e+00
3.029806366348771363e+01 8.392574503612436843e+00
3.073783913132437817e+01 8.217565309400686857e+00
3.118401550132723088e+01 8.038266515609182150e+00
3.163668593819409836e+01 7.855198312127047444e+00
3.209594496262865704e+01 7.668744598735331763e+00
3.256188847107686968e+01 7.479290816702278022e+00
3.303461375575113834e+01 7.287348316238615453e+00
3.351421952494536782e+01 7.093582145310345588e+00
3.400080592364601983e+01 6.898807880973748752e+00
3.449447455444312993e+01 6.703958663490773517e+00
3.499532849874531593e+01 6.510023639746110646e+00
3.550347233830433424e+01 6.317922961969725471e+00
3.601901217705229641e+01 6.128433464977117495e+00
3.654205566325662602e+01 5.942217871816638741e+00
3.707271201199817057e+01 5.759802759966878405e+00
3.761109202797597106e+01 5.581680436348851693e+00
3.815730812864363486e+01 5.408254971020779678e+00
3.871147436768354311e+01 5.239894398702091394e+00
3.927370645882150058e+01 5.076810475253451749e+00
3.984412179998888348e+01 4.918986584683459284e+00
4.042283949783596597e+01 4.766224041371740050e+00
4.100998039260213091e+01 4.618247868505116926e+00
4.160566708334845032e+01 4.474878404575584057e+00
4.221002395355701253e+01 4.336104081286390688e+00
4.282317719710284365e+01 4.202079912160305852e+00
4.344525484460460518e+01 4.073048749572366845e+00
4.407638679015767735e+01 3.949245065765701224e+00
4.471670481845738720e+01 3.830756814614042938e+00
4.536634263231639608e+01 3.717515896452820101e+00
4.602543588058245660e+01 3.609293216366549650e+00
4.669412218646345281e+01 3.505741166642485585e+00
4.737254117626371652e+01 3.406482987780162563e+00
4.806083450853869721e+01 3.311143187197977511e+00
4.875914590367480628e+01 3.219457816871972522e+00
4.946762117389887692e+01 3.131245611412338814e+00
5.018640825372487058e+01 3.046388364764930134e+00
5.091565723084357842e+01 2.964786408573126586e+00
5.165552037746177660e+01 2.886327107191278163e+00
5.240615218209816106e+01 2.810847113799047836e+00
5.316770938184136952e+01 2.738159283004957700e+00
5.394035099507742359e+01 2.668076026980372273e+00
5.472423835469451348e+01 2.600417278724608483e+00
5.551953514177004934e+01 2.535014743609757204e+00
5.632640741974844900e+01 2.471739687785270423e+00
5.714502366911605691e+01 2.410491449650223217e+00
5.797555482258159998e+01 2.351193276312242286e+00
5.881817430076777953e+01 2.293770022102816775e+00
5.967305804842266070e+01 2.238131595212871972e+00
6.054038457115807859e+01 2.184175763700980433e+00
6.142033497272314690e+01 2.131782877039784196e+00
6.231309299281982561e+01 2.080833911025909977e+00
6.321884504546871142e+01 2.031204423023152295e+00
6.413778025793411075e+01 1.982769341466114277e+00
6.507009051021488233e+01 1.935424221818919488e+00
6.601597047511010885e+01 1.889096854223693001e+00
6.697561765886851504e+01 1.843726133079853335e+00
6.794923244242853855e+01 1.799280637603431154e+00
6.893701812325991796e+01 1.755735495068083463e+00
6.993918095781337740e+01 1.713074212565639076e+00
7.095593020458790079e+01 1.671283466809369234e+00
7.198747816782609732e+01 1.630350144560628323e+00
7.303404024184449383e+01 1.590260417853817998e+00
7.409583495600907099e+01 1.551010443182454512e+00
7.517308402036634618e+01 1.512595870892815775e+00
7.626601237193683858e+01 1.475013980260221125e+00
7.737484822168489984e+01 1.438261394798394432e+00
7.849982310216982739e+01 1.402338615448754044e+00
7.964117191589124900e+01 1.367250119009312481e+00
8.079913298433925206e+01 1.332998364795645596e+00
8.197394809775683200e+01 1.299586343499350427e+00
8.316586256562779056e+01 1.267014374044273417e+00
8.437512526789892320e+01 1.235277430394296161e+00
8.560198870694721052e+01 1.204371714341396338e+00
8.684670906030522985e+01 1.174297388029485134e+00
8.810954623415231879e+01 1.145057158383369078e+00
8.939076391758392504e+01 1.116646767289430464e+00
9.069062963767314045e+01 1.089052039923144033e+00
9.200941481533132560e+01 1.062254653533422299e+00
9.334739482198249050e+01 1.036238581077650434e+00
9.470484903706349655e+01 1.010992331289729096e+00
9.608206090635977148e+01 9.865070578930952294e-01
9.747931800119114598e+01 9.627693243240429410e-01
9.889691207845858401e+01 9.397581904261560481e-01
1.003351391415643974e+02 9.174522626149916871e-01
1.017942995022210937e+02 8.958262248594714983e-01
1.032746978431577674e+02 8.748549184922678190e-01
1.047766432817393962e+02 8.545130410506258656e-01
1.063004494345138653e+02 8.347782955679148298e-01
1.078464344826965373e+02 8.156248146361844142e-01
1.094149212386088266e+02 7.970251400465622194e-01
1.110062372130838071e+02 7.789542967563254372e-01
1.126207146838519151e+02 7.613868762481874608e-01
1.142586907649240828e+02 7.442990575573866785e-01
1.159205074769830475e+02 7.276679279855720051e-01
1.176065118187984808e+02 7.114693755130867547e-01
1.193170558396845564e+02 6.956789592582988124e-01
1.210524967130090488e+02 6.802785089830614140e-01
1.228131968107738601e+02 6.652501581659477914e-01
1.245995237792813128e+02 6.505797181414613162e-01
1.264118506158998798e+02 6.362558212191962159e-01
1.282505557469501696e+02 6.222688546669080667e-01
1.301160231067224515e+02 6.086101020814400631e-01
1.320086422176436827e+02 5.952717888046343830e-01
1.339288082716142583e+02 5.822471449909857322e-01
1.358769222125259546e+02 5.695336113664046795e-01
1.378533908199806888e+02 5.571272192968438342e-01
1.398586267942310997e+02 5.450247031797761377e-01
1.418930488423536360e+02 5.332188208994453893e-01
1.439570817656778843e+02 5.217016294431503498e-01
1.460511565484883931e+02 5.104644188732719856e-01
1.481757104480159626e+02 4.994979435019907266e-01
1.503311870857414192e+02 4.887932538618562361e-01
1.525180365400264861e+02 4.783407346266220772e-01
1.547367154400920128e+02 4.681308350627997883e-01
1.569876870613670974e+02 4.581529731440641684e-01
1.592714214222230851e+02 4.483954738665576478e-01
1.615883953821168006e+02 4.388497931373206984e-01
1.639390927411626535e+02 4.295102619078197681e-01
1.663240043411520048e+02 4.203706843510753299e-01
1.687436281680460866e+02 4.114230857455066226e-01
1.711984694559581897e+02 4.026610220019066766e-01
1.736890407926489956e+02 3.940788041118450380e-01
1.762158622265601196e+02 3.856730318224853571e-01
1.787794613754034003e+02 3.774417819636992633e-01
1.813803735363289320e+02 3.693830519626554176e-01
1.840191417977035542e+02 3.614951275498985428e-01
1.866963171525055714e+02 3.537754411357970641e-01
1.894124586133805224e+02 3.462213672998815106e-01
1.921681333293650482e+02 3.388293069658887546e-01
1.949639167043106056e+02 3.315974695796054528e-01
1.978003925170337425e+02 3.245234510935156580e-01
2.006781530432122338e+02 3.176048283559271823e-01
2.035977991790547890e+02 3.108392124280365820e-01
2.065599405667764472e+02 3.042239893327880473e-01
2.095651957218905466e+02 2.977564823697163021e-01
2.126141921623636790e+02 2.914341432794330666e-01
2.157075665396437500e+02 2.852543558846718508e-01
2.188459647715961580e+02 2.792145512081332104e-01
2.220300421773786184e+02 2.733119292639840658e-01
2.252604636142745846e+02 2.675437271039977638e-01
2.285379036165185198e+02 2.619077118187580488e-01
2.318630465361484028e+02 2.564021522633095351e-01
2.352365866858962136e+02 2.510252294069463819e-01
2.386592284841709670e+02 2.457745090480523142e-01
2.421316866021437022e+02 2.406469752941983176e-01
2.456546861129745878e+02 2.356395085906597409e-01
2.492289626432162777e+02 2.307493910750562094e-01
2.528552625264155722e+02 2.259736581377262965e-01
2.565343429589525499e+02 2.213099400957492247e-01
2.602669721581505087e+02 2.167548154127874049e-01
2.640539295226842000e+02 2.123046769512815235e-01
2.678960057953210026e+02 2.079562222023849660e-01
2.717940032280394576e+02 2.037064034170097404e-01
2.757487357495377864e+02 1.995524201852709734e-01
2.797610291351932119e+02 1.954911873708445880e-01
2.838317211794878858e+02 1.915195903760840146e-01
2.879616618709443969e+02 1.876344688628763802e-01
2.921517135696120135e+02 1.838326031165906649e-01
2.964027511871325373e+02 1.801107193760117520e-01
3.007156623694249333e+02 1.764657478784522615e-01
3.050913476820386450e+02 1.728945186620001184e-01
3.095307207981897477e+02 1.693938960890871703e-01
3.140347086895480402e+02 1.659607708537292892e-01
3.186042518197938875e+02 1.625921416432725142e-01
3.232403043409903489e+02 1.592854271292676316e-01
3.279438342928214638e+02 1.560383710441417549e-01
3.327158238047234704e+02 1.528486393599990389e-01
3.375572693009568752e+02 1.497142997819748134e-01
3.424691817086752508e+02 1.466334623355372013e-01
3.474525866690030966e+02 1.436044788665539196e-01
3.525085247512050159e+02 1.406258280295392127e-01
3.576380516699613281e+02 1.376963242097112849e-01
3.628422385058048576e+02 1.348149292973552238e-01
3.681221719287761402e+02 1.319809954105930494e-01
3.734789544253243321e+02 1.291939092518921139e-01
3.789137045285120280e+02 1.264531908324788567e-01
3.844275570515770823e+02 1.237586089613464946e-01
3.900216633248869584e+02 1.211100248978218552e-01
3.956971914363418250e+02 1.185072420288928452e-01
4.014553264752879045e+02 1.159500200207040366e-01
4.072972707799608543e+02 1.134382915340077513e-01
4.132242441885505855e+02 1.109720338658247707e-01
4.192374842939106543e+02 1.085513116194382066e-01
4.253382467019708884e+02 1.061762293308466942e-01
4.315278052939240752e+02 1.038472222003331558e-01
4.378074524922168393e+02 1.015642896071354273e-01
4.441784995304136601e+02 9.932728714769578637e-02
4.506422767270014447e+02 9.713614085390021025e-02
4.572001337631556908e+02 9.499081113878116156e-02
4.638534399645742496e+02 9.289109402787343317e-02
4.706035845873976768e+02 9.083686457707729200e-02
4.774519771082922830e+02 8.882795795930620297e-02
4.844000475187654615e+02 8.686401134839566440e-02
4.914492466237538224e+02 8.494465276011819999e-02
4.986010463445574601e+02 8.306927669103308931e-02
5.058569400261989131e+02 8.123714497276107727e-02
5.132184427492290979e+02 7.944755027936689640e-02
5.206870916460977696e+02 7.769970091007305513e-02
5.282644462221135200e+02 7.599290383030576912e-02
5.359520886810760203e+02 7.432642373727638141e-02
5.437516242556570205e+02 7.269949819712495653e-02
5.516646815425818886e+02 7.111130263736087365e-02
5.596929128426872921e+02 6.956088107582475422e-02
5.678379945059399461e+02 6.804710862957219497e-02
5.761016272814673584e+02 6.656899838174634709e-02
5.844855366726802686e+02 6.512557087033665759e-02
5.929914732975836387e+02 6.371581352458260961e-02
6.016212132542998461e+02 6.233876145650496525e-02
6.103765584919444791e+02 6.099345439838643745e-02
6.192593371868812255e+02 5.967892728927781665e-02
6.282714041244516920e+02 5.839423302653212744e-02
6.374146410862779248e+02 5.713843425731013337e-02
6.466909572431851529e+02 5.591060749901166638e-02
6.561022895538454804e+02 5.470981189258400379e-02
6.656506031692437091e+02 5.353511706633479195e-02
6.753378918429935993e+02 5.238566842364056342e-02
6.851661783476635037e+02 5.126068370004566166e-02
6.951375148971402496e+02 5.015943594239019587e-02
7.052539835751400688e+02 4.908120835380336278e-02
7.155176967699711668e+02 4.802532953943261518e-02
7.259307976156104587e+02 4.699118415061059872e-02
7.364954604391990642e+02 4.597817695252959247e-02
7.472138912150730903e+02 4.498577307800205594e-02
7.580883280253648309e+02 4.401343050431022474e-02
7.691210415273471881e+02 4.306069159854591932e-02
7.803143354275551928e+02 4.212703691171315601e-02
7.916705469628125229e+02 4.121203512119725465e-02
8.031920473882710212e+02 4.031530777683905997e-02
8.148812424725413166e+02 3.943644008610236451e-02
8.267405730000272115e+02 3.857486732346776526e-02
8.387725152805905964e+02 3.773024160438853691e-02
8.509795816666149904e+02 3.690216671417562155e-02
8.633643210775965144e+02 3.609022916023663097e-02
8.759293195323933787e+02 3.529407503750736641e-02
8.886772006891817455e+02 3.451327960580868881e-02
9.016106263933111222e+02 3.374748020495860201e-02
9.147322972331115807e+02 3.299632549999470532e-02
9.280449531037857014e+02 3.225944878647685199e-02
9.415513737795325824e+02 3.153651851365973924e-02
9.552543794939768986e+02 3.082719922510385180e-02
9.691568315290430746e+02 3.013120295923921166e-02
9.832616328124357779e+02 2.944825656580912776e-02
9.975717285237617489e+02 2.877807627121892198e-02
1.012090106709525344e+03 2.812036878936896578e-02
1.026819798907045197e+03 2.747489644346567950e-02
1.041763880777452641e+03 2.684141596918426798e-02
1.056925472747933327e+03 2.621967053468315934e-02
1.072307740663266031e+03 2.560943751318922601e-02
1.087913896446886611e+03 2.501054657956025551e-02
1.103747198771571675e+03 2.442282273624163391e-02
1.119810953739846582e+03 2.384609336280801850e-02
1.136108515574336025e+03 2.328022913359839574e-02
1.152643287318159082e+03 2.272511824303791172e-02
1.169418721545486505e+03 2.218064270255987180e-02
1.186438321082469201e+03 2.164671014262808946e-02
1.203705639738672517e+03 2.112324554965222534e-02
1.221224283049097949e+03 2.061016441657570475e-02
1.238997909027086735e+03 2.010738184236310344e-02
1.257030228928100769e+03 1.961482287879506847e-02
1.275325008024672115e+03 1.913241512778074416e-02
1.293886066392638213e+03 1.866007031025007645e-02
1.312717279708758724e+03 1.819770193194489294e-02
1.331822580060028940e+03 1.774521865160355594e-02
1.351205956764686562e+03 1.730252702702286816e-02
1.370871457205226307e+03 1.686951217154594729e-02
1.390823187673540588e+03 1.644604211242148284e-02
1.411065314228299940e+03 1.603200377650235153e-02
1.431602063564883110e+03 1.562728872807817027e-02
1.452437723897946853e+03 1.523176235462306294e-02
1.473576645856806181e+03 1.484529963998515445e-02
1.495023243393890652e+03 1.446783163777770609e-02
1.516781994706428350e+03 1.409919065987491615e-02
1.538857443171484420e+03 1.373922157111404085e-02
1.561254198294670005e+03 1.338778328035944432e-02
1.583976936672658439e+03 1.304470838180893377e-02
1.607030402969645593e+03 1.270984566690072648e-02
1.630419410908117243e+03 1.238303014334779517e-02
1.654148844273941222e+03 1.206409795315641076e-02
1.678223657936180871e+03 1.175290240297283129e-02
1.702648878881666633e+03 1.144929212020112663e-02
1.727429607264680726e+03 1.115310604110253401e-02
1.752571017471924279e+03 1.086417439064379931e-02
1.778078359202929732e+03 1.058234150292458597e-02
1.803956958566247067e+03 1.030746531809967337e-02
1.830212219191600070e+03 1.003941420766849002e-02
1.856849623358153622e+03 9.778046990582905940e-03
1.883874733139275577e+03 9.523221761568473331e-03
1.911293191563957635e+03 9.274810575287062431e-03
1.939110723795073227e+03 9.032680330151837689e-03
1.967333138324855327e+03 8.796690933208853314e-03
1.995966328187769477e+03 8.566707985655411250e-03
2.025016272190976679e+03 8.342605059084032271e-03
2.054489036162770390e+03 8.124248707800887925e-03
2.084390774219190462e+03 7.911509625782159327e-03
2.114727730048984995e+03 7.704266438514184578e-03
2.145506238217400551e+03 7.502393013692709722e-03
2.176732725488823689e+03 7.305764398212871713e-03
2.208413712168790880e+03 7.114215052914540927e-03
2.240555813465418851e+03 6.927562107158891092e-03
2.273165740870733316e+03 6.745717422262667573e-03
2.306250303562096633e+03 6.568564135822921313e-03
2.339816409823961294e+03 6.395987628917285117e-03
2.373871068490389462e+03 6.227872836958303626e-03
2.408421390408580464e+03 6.064103441933171856e-03
2.443474589923601798e+03 5.904564781629859094e-03
2.479037986384826127e+03 5.749151025448373531e-03
2.515119005674292566e+03 5.597757414355003514e-03
2.551725181757215069e+03 5.450283704975161791e-03
2.588864158255167695e+03 5.306630508552831471e-03
2.626543690042145499e+03 5.166704465736304819e-03
2.664771644863768415e+03 5.030412572529105453e-03
2.703556004980207035e+03 4.897670036918849723e-03
2.742904868832841657e+03 4.768397273933314140e-03
2.782826452735364455e+03 4.642517160692818945e-03
2.823329092589321590e+03 4.519946195303853331e-03
2.864421245624744188e+03 4.400607222378428995e-03
2.906111492166110111e+03 4.284433775602933259e-03
2.948408537423900270e+03 4.171365364182375024e-03
2.991321213312345662e+03 4.061338427881672208e-03
3.034858480293629327e+03 3.954290801863782900e-03
3.079029429248817905e+03 3.850160179166242647e-03
3.123843283376133058e+03 3.748883643589634440e-03
3.169309400116864708e+03 3.650396808681108385e-03
3.215437273109186663e+03 3.554638587153290119e-03
3.262236534170532195e+03 3.461548111916415427e-03
3.309716955308828801e+03 3.371063024511775086e-03
3.357888450762874982e+03 3.283120304467160300e-03
3.406761079072543907e+03 3.197655815491640130e-03
3.456345045179119552e+03 3.114604489460819081e-03
3.506650702556054057e+03 3.033899958258326479e-03
3.557688555370968970e+03 2.955445193113991065e-03
3.609469260678871706e+03 2.879145367241570108e-03
3.662003630647544924e+03 2.804934528804862992e-03
3.715302634815094734e+03 2.732748185764334592e-03
3.769377402380513104e+03 2.662522079107103312e-03
3.824239224527577790e+03 2.594189278641280405e-03
3.879899556782432228e+03 2.527688185751907068e-03
3.936370021405627995e+03 2.462963155053132097e-03
3.993662409818983178e+03 2.399973385704627649e-03
4.051788685067610004e+03 2.338677944938753056e-03
4.110760984317936163e+03 2.279009695860700901e-03
4.170591621392072739e+03 2.220920559586600507e-03
4.231293089338924801e+03 2.164365234980494823e-03
4.292878063042882786e+03 2.109300597369738461e-03
4.355359401870476177e+03 2.055687240616027589e-03
4.418750152355383761e+03 2.003489171735171881e-03
4.483063550922702234e+03 1.952674222008798227e-03
4.548313026652857843e+03 1.903210711220976875e-03
4.614512204085551275e+03 1.855066351676110808e-03
4.681674906064817151e+03 1.808216928730232986e-03
4.749815156625173586e+03 1.762647767558262607e-03
4.818947183920088719e+03 1.718351452670009022e-03
4.889085423192779672e+03 1.675311913128234992e-03
4.960244519790451704e+03 1.633505927243560085e-03
5.032439332222412304e+03 1.592910128807970699e-03
5.105684935262501313e+03 1.553493735705555046e-03
5.179996623096872099e+03 1.515223890509651700e-03
5.255389912517583070e+03 1.478070621429836140e-03
5.331880546162492465e+03 1.442004063705253081e-03
5.409484495802479614e+03 1.406993503418073332e-03
5.488217965676538370e+03 1.373006656540370213e-03
5.568097395875199254e+03 1.340009922574939699e-03
5.649139465773390839e+03 1.307969219301196098e-03
5.731361097513293316e+03 1.276849207685221491e-03
5.814779459537617186e+03 1.246612296229628741e-03
5.899411970174694943e+03 1.217220284717948631e-03
5.985276301275352125e+03 1.188635492494729412e-03
6.072390381903104753e+03 1.160820780435533814e-03
6.160772402077698644e+03 1.133739834918306294e-03
6.250440816573387565e+03 1.107357532662906624e-03
6.341414348772495032e+03 1.081640270520264208e-03
6.433711994574819983e+03 1.056564419341621611e-03
6.527353026364203288e+03 1.032105495456979438e-03
6.622356997032810796e+03 1.008230786071808924e-03
6.718743744063744089e+03 9.849098357411593951e-04
6.816533393673329556e+03 9.621161296568519344e-04
6.915746365013692412e+03 9.398276838143530820e-04
7.016403374436255945e+03 9.180243900675909979e-04
7.118525439817530241e+03 8.966878448961636272e-04
7.222133884947878869e+03 8.758026036220761118e-04
7.327250343983918356e+03 8.553568463020872620e-04
7.433896765965931081e+03 8.353396959854958448e-04
7.542095419401095569e+03 8.157417126397909640e-04
7.651868896913086246e+03 7.965558608808761404e-04
7.763240119959797084e+03 7.777766729196687601e-04
7.876232343619278254e+03 7.593995225997525467e-04
7.990869161445787540e+03 7.414200826134156874e-04
8.107174510396070218e+03 7.238335802537011060e-04
8.225172675827659987e+03 7.066356697932978104e-04
8.344888296569923114e+03 6.898226656489557518e-04
8.466346370068615215e+03 6.733890212597751224e-04
8.589572257605634150e+03 6.573263857859844989e-04
8.714591689594708441e+03 6.416253129644233083e-04
8.841430770953900719e+03 6.262797772649524725e-04
8.970115986556585995e+03 6.112863521017756346e-04
9.100674206761790629e+03 5.966411659936131373e-04
9.233132693024681430e+03 5.823418715778221760e-04
9.367519103589062070e+03 5.683845014401219670e-04
9.503861499262724465e+03 5.547617626459411602e-04
9.642188349276482768e+03 5.414656313454174405e-04
9.782528537228899950e+03 5.284882736439839093e-04
9.924911367117472764e+03 5.158220430525346095e-04
1.006936656945723371e+04 5.034594783586508054e-04
1.021592430748901279e+04 4.913932973776395652e-04
1.036461518347740821e+04 4.796163924577958454e-04
1.051547024510106894e+04 4.681218277376251319e-04
1.066852099193538197e+04 4.569028317185043139e-04
1.082379938202992162e+04 4.459527943385752785e-04
1.098133783858163952e+04 4.352652658024380034e-04
1.114116925670479577e+04 4.248339512372420815e-04
1.130332701029980672e+04 4.146527066199324346e-04
1.146784495902208619e+04 4.047155362432051581e-04
1.163475745535190799e+04 3.950165870053781031e-04
1.180409935176756153e+04 3.855501448172295176e-04
1.197590600802296103e+04 3.763106341311290431e-04
1.215021329853067618e+04 3.672926134868940637e-04
1.232705761985293611e+04 3.584907718120521405e-04
1.250647589830161269e+04 3.498999260825360474e-04
1.268850559764835816e+04 3.415150168785468718e-04
1.287318472694767843e+04 3.333311048264548868e-04
1.306055184847308738e+04 3.253433699936013682e-04
1.325064608576959836e+04 3.175471085991787498e-04
1.344350713182260188e+04 3.099377295700247656e-04
1.363917525734622177e+04 3.025107523830098191e-04
1.383769131919224128e+04 2.952618036469959600e-04
1.403909676888101058e+04 2.881866136436768422e-04
1.424343366125694229e+04 2.812810156433281916e-04
1.445074466327003938e+04 2.745409434875395981e-04
1.466107306288468862e+04 2.679624284720374255e-04
1.487446277811867913e+04 2.615415973409506920e-04
1.509095836621375020e+04 2.552746696841811519e-04
1.531060503293910551e+04 2.491579546286563571e-04
1.553344864203084580e+04 2.431878501332087987e-04
1.575953572476884619e+04 2.373608411609770714e-04
1.598891348969241517e+04 2.316734969842327956e-04
1.622162983245794749e+04 2.261224692995333040e-04
1.645773334584008990e+04 2.207044902266018863e-04
1.669727332987774935e+04 2.154163692879881679e-04
1.694029980216883268e+04 2.102549925755300107e-04
1.718686350831374875e+04 2.052173214394082366e-04
1.743701593251193844e+04 2.003003901797891298e-04
1.769080930831168735e+04 1.955013042783519152e-04
1.794829662951701903e+04 1.908172388700160246e-04
1.820953166125342250e+04 1.862454360227784600e-04
1.847456895119392357e+04 1.817832037931993612e-04
1.874346384094922905e+04 1.774279153309576973e-04
1.901627247762368643e+04 1.731770069101491553e-04
1.929305182553870691e+04 1.690279762810381961e-04
1.957385967812753370e+04 1.649783815180017391e-04
1.985875467000318531e+04 1.610258385747981129e-04
2.014779628920122559e+04 1.571680202784426182e-04
2.044104488960157323e+04 1.534026557550079856e-04
2.073856170353094785e+04 1.497275287518215134e-04
2.104040885454851741e+04 1.461404761233290293e-04
2.134664937041714074e+04 1.426393869364598298e-04
2.165734719626501828e+04 1.392222003414700197e-04
2.197256720793735440e+04 1.358869044964928878e-04
2.229237522554237148e+04 1.326315362509948061e-04
2.261683802719603045e+04 1.294541797169650350e-04
2.294602336296518115e+04 1.263529649219016435e-04
2.327999996901411578e+04 1.233260669704396018e-04
2.361883758195734481e+04 1.203717044159112112e-04
2.396260695342136751e+04 1.174881380295036363e-04
2.431137986481751796e+04 1.146736706823983220e-04
2.466522914233073971e+04 1.119266461094175266e-04
2.502422867212644633e+04 1.092454477619594563e-04
2.538845341577787985e+04 1.066284980221021781e-04
2.575797942591892934e+04 1.040742569148038910e-04
2.613288386212471596e+04 1.015812209456219348e-04
2.651324500702244404e+04 9.914792292263171526e-05
2.689914228263765835e+04 9.677293100608989028e-05
2.729065626697831613e+04 9.445484771534963173e-05
2.768786871085995881e+04 9.219230919575347426e-05
2.809086255497501770e+04 8.998398419444368461e-05
2.849972194721279811e+04 8.782857300496755767e-05
2.891453226022927629e+04 8.572480721232228831e-05
2.933538010927348660e+04 8.367144897694178511e-05
2.976235337027349669e+04 8.166729018978247101e-05
3.019554119818595427e+04 7.971115178773396232e-05
3.063503404561147545e+04 7.780188294273797552e-05
3.108092368168216854e+04 7.593836010617773663e-05
3.153330321122403257e+04 7.411948670305707441e-05
3.199226709419709005e+04 7.234419260151027202e-05
3.245791116541974407e+04 7.061143339457689148e-05
3.293033265458003007e+04 6.892018976656626855e-05
3.340963020653714921e+04 6.726946685430110380e-05
3.389590390191953338e+04 6.565829338408060711e-05
3.438925527802279976e+04 6.408572133510944888e-05
3.488978735001062159e+04 6.255082555502817707e-05
3.539760463242539117e+04 6.105270314993305192e-05
3.591281316101190896e+04 5.959047290230617185e-05
3.643552051485817356e+04 5.816327477074420809e-05
3.696583583885764529e+04 5.677026911234692250e-05
3.750386986650123436e+04 5.541063633078394980e-05
3.804973494299816957e+04 5.408357660980776978e-05
3.860354504873427504e+04 5.278830938401635458e-05
3.916541582307215867e+04 5.152407281724068460e-05
3.973546458849804185e+04 5.029012341624568283e-05
4.031381037511847535e+04 4.908573532437683629e-05
4.090057394551515608e+04 4.791019996835347433e-05
4.149587781996149715e+04 4.676282588719749521e-05
4.209984630200466927e+04 4.564293826117289243e-05
4.271260550442158274e+04 4.454987845831038986e-05
4.333428337555259350e+04 4.348300373107889891e-05
4.396500972601695685e+04 4.244168658346439416e-05
4.460491625581867265e+04 4.142531442888070913e-05
4.525413658184682572e+04 4.043328948056265984e-05
4.591280626577539078e+04 3.946502832988143909e-05
4.658106284236824285e+04 3.851996157415318953e-05
4.725904584819956654e+04 3.759753353380036398e-05
4.794689685078872571e+04 3.669720174959405917e-05
4.864475947816040571e+04 3.581843662205715529e-05
4.935277944883539749e+04 3.496072134257801299e-05
5.007110460225837596e+04 3.412355152688443648e-05
5.079988492966647755e+04 3.330643490925507596e-05
5.153927260540913994e+04 3.250889108059916779e-05
5.228942201872378791e+04 3.173045108101216552e-05
5.305048980597210902e+04 3.097065707093765458e-05
5.382263488334744034e+04 3.022906223924912584e-05
5.460601848005817737e+04 2.950523051896121549e-05
5.540080417199234944e+04 2.879873632837361749e-05
5.620715791587386775e+04 2.810916433047382784e-05
5.702524808391625993e+04 2.743610910330932656e-05
5.785524549897854013e+04 2.677917484109792112e-05
5.869732347023481998e+04 2.613797524746950271e-05
5.955165782936303731e+04 2.551213331686671059e-05
6.041842696725955466e+04 2.490128111566885377e-05
6.129781187128661259e+04 2.430505956271252843e-05
6.218999616306678217e+04 2.372311816308664539e-05
6.309516613682272873e+04 2.315511473726885759e-05
6.401351079827633657e+04 2.260071530582656802e-05
6.494522190411498013e+04 2.205959392626499413e-05
6.589049400203248661e+04 2.153143249926191662e-05
6.684952447135031980e+04 2.101592057466477106e-05
6.782251356423266407e+04 2.051275514360686178e-05
6.880966444750119990e+04 2.002164038396829623e-05
6.981118324505614873e+04 1.954228754727206857e-05
7.082727908091704012e+04 1.907441483685236999e-05
7.185816412289033178e+04 1.861774723470809804e-05
7.290405362686965964e+04 1.817201633335399592e-05
7.396516598178350250e+04 1.773696017457582859e-05
7.504172275519740651e+04 1.731232301019802917e-05
7.613394873957695381e+04 1.689785519656448153e-05
7.724207199922681320e+04 1.649331310323725892e-05
7.836632391791269765e+04 1.609845895562055876e-05
7.950693924717587652e+04 1.571306069341095327e-05
8.066415615534830431e+04 1.533689184604700856e-05
8.183821627728792373e+04 1.496973130899273158e-05
8.302936476483140723e+04 1.461136324591651332e-05
8.423785033798296354e+04 1.426157702210013607e-05
8.546392533684984664e+04 1.392016706132555032e-05
8.670784577433337108e+04 1.358693272789248232e-05
8.796987138958433934e+04 1.326167822784523080e-05
8.925026570223919407e+04 1.294421240740002178e-05
9.054929606744612101e+04 1.263434865799895773e-05
9.186723373168810213e+04 1.233190487085755196e-05
9.320435388942244754e+04 1.203670330678026411e-05
9.456093574054418423e+04 1.174857050100012968e-05
9.593726254868287651e+04 1.146733717321285636e-05
9.733362170035101008e+04 1.119283806479056276e-05
9.875030476495303446e+04 1.092491183791115912e-05
1.001876075556667929e+05 1.066340104466698786e-05
1.016458301912085153e+05 1.040815201318543164e-05
1.031252771585044393e+05 1.015901476849944774e-05
1.046262573762669490e+05 9.915842951553274776e-06
1.061490842594986461e+05 9.678493687782845035e-06
1.076940757849362271e+05 9.446827492244001508e-06
1.092615545574474963e+05 9.220708235107872176e-06
1.108518478773911193e+05 9.000003052463367544e-06
1.124652878089601436e+05 8.784582277113179389e-06
1.141022112495209294e+05 8.574319365911743781e-06
1.157629599999568018e+05 8.369090796193494634e-06
1.174478808360398107e+05 8.168775974242103955e-06
1.191573255808413378e+05 7.973257201871874339e-06
1.208916511781922891e+05 7.782419606276876848e-06
1.226512197672168113e+05 7.596151076037489878e-06
1.244363987579510140e+05 7.414342200167637221e-06
1.262475609080578142e+05 7.236886186044125951e-06
1.280850844006625412e+05 7.063678771897057007e-06
1.299493529233213776e+05 6.894618194869039452e-06
1.318407557481374533e+05 6.729605136487410615e-06
1.337596878130398982e+05 6.568542663526780959e-06
1.357065498042556865e+05 6.411336176983132369e-06
1.376817482399724249e+05 6.257893347723478316e-06
1.396856955552210857e+05 6.108124033453595728e-06
1.417188101879967726e+05 5.961940248505864098e-06
1.437815166666329314e+05 5.819256122080378548e-06
1.458742456984423916e+05 5.679987843650030751e-06
1.479974342596537899e+05 5.544053620325071650e-06
1.501515256866570271e+05 5.411373627057996052e-06
1.523369697685712890e+05 5.281869928365609448e-06
1.545542228411658725e+05 5.155466449995911452e-06
1.568037478821483382e+05 5.032088947558345797e-06
1.590860146078334656e+05 4.911664956241742629e-06
1.614014995712251402e+05 4.794123755119726691e-06
1.637506862615252903e+05 4.679396329212775693e-06
1.661340652050892531e+05 4.567415296449694128e-06
1.685521340678461129e+05 4.458114880972956586e-06
1.710053977592228912e+05 4.351430890266731093e-06
1.734943685375692730e+05 4.247300669304478454e-06
1.760195661171162792e+05 4.145663070182793990e-06
1.785815177765045955e+05 4.046458422008749299e-06
1.811807584688792413e+05 3.949628467657078485e-06
1.838178309335905651e+05 3.855116334947856029e-06
1.864932858095233096e+05 3.762866522075185511e-06
1.892076817500762700e+05 3.672824855915872021e-06
1.919615855398082931e+05 3.584938465860291828e-06
1.947555722127890913e+05 3.499155757663658588e-06
1.975902251726729155e+05 3.415426363834476921e-06
2.004661363145119976e+05 3.333701110791835996e-06
2.033839061483512342e+05 3.253932010270871138e-06
2.063441439246208756e+05 3.176072222859919916e-06
2.093474677613476524e+05 3.100076034172997443e-06
2.123945047732241219e+05 3.025898833067625852e-06
2.154858912025564932e+05 2.953497072062137639e-06
2.186222725521156972e+05 2.882828235291436710e-06
2.218043037199163227e+05 2.813850829878097566e-06
2.250326491359747888e+05 2.746524357074521994e-06
2.283079829010402900e+05 2.680809289824914320e-06
2.316309889273511362e+05 2.616667054662479713e-06
2.350023610814419808e+05 2.554060000411739740e-06
2.384228033290305175e+05 2.492951367272717479e-06
2.418930298820052994e+05 2.433305278339142614e-06
2.454137653475602856e+05 2.375086716992720940e-06
2.489857448795011733e+05 2.318261505842906958e-06
2.526097143317445880e+05 2.262796291719309648e-06
2.562864304140602471e+05 2.208658521195238885e-06
2.600166608500805742e+05 2.155816411032835333e-06
2.638011845376003184e+05 2.104238939979800297e-06
2.676407917112188879e+05 2.053895831284365643e-06
2.715362841073501622e+05 2.004757533116947150e-06
2.754884751316238544e+05 1.956795205956509331e-06
2.794981900287335739e+05 1.909980703331048762e-06
2.835662660547556006e+05 1.864286544878504016e-06
2.876935526519734995e+05 1.819685907618609694e-06
2.918809116262382595e+05 1.776152612912803869e-06
2.961292173269338091e+05 1.733661108389039662e-06
3.004393568295392324e+05 1.692186457153194352e-06
3.048122301208545105e+05 1.651704322726390900e-06
3.092487502869267482e+05 1.612190945020616013e-06
3.137498437037123949e+05 1.573623130877856797e-06
3.183164502305032802e+05 1.535978244902507308e-06
3.229495234061797382e+05 1.499234193147439454e-06
3.276500306483198656e+05 1.463369412781569839e-06
3.324189534551950637e+05 1.428362861412555459e-06
3.372572876107177581e+05 1.394193995436685777e-06
3.421660433923718520e+05 1.360842760172270257e-06
3.471462457821574644e+05 1.328289583748278713e-06
3.521989346806183457e+05 1.296515362439432887e-06
3.573251651239832281e+05 1.265501450927184249e-06
3.625260075044631376e+05 1.235229654658992314e-06
3.678025477937462274e+05 1.205682211102360657e-06
3.731558877697743592e+05 1.176841779241309883e-06
3.785871452467910713e+05 1.148691435985469539e-06
3.840974543087476632e+05 1.121214663035453299e-06
3.896879655461100629e+05 1.094395337981626885e-06
3.953598462961159530e+05 1.068217728014844394e-06
4.011142808865124243e+05 1.042666475295617705e-06
4.069524708828565199e+05 1.017726585382636753e-06
4.128756353394159814e+05 9.933834252958592930e-07
4.188850110537055298e+05 9.696227121781481951e-07
4.249818528247440117e+05 9.464305050761651669e-07
4.311674337150706560e+05 9.237931997665207182e-07
4.374430453165580402e+05 9.016975171449480634e-07
4.438099980201114086e+05 8.801304922127978821e-07
4.502696212892921176e+05 8.590794718978393869e-07
4.568232639379079337e+05 8.385321061885019891e-07
4.634722944116607541e+05 8.184763403874913341e-07
4.702181010738905752e+05 7.989004108442170841e-07
4.770620924954738002e+05 7.797928355243719293e-07
4.840056977489290875e+05 7.611424042395657829e-07
4.910503667068404029e+05 7.429381758290980881e-07
4.981975703445871477e+05 7.251694714691700287e-07
5.054488010474917246e+05 7.078258676005355025e-07
5.128055729224440292e+05 6.908971919430383090e-07
5.202694221140632289e+05 6.743735162555709287e-07
5.278419071254436858e+05 6.582451475834764020e-07
5.355246091435858980e+05 6.425026249861602053e-07
5.433191323695675237e+05 6.271367146068113139e-07
5.512271043534971541e+05 6.121384033285608026e-07
5.592501763343651546e+05 5.974988948530343956e-07
5.673900235848408192e+05 5.832096043977686692e-07
5.756483457610658370e+05 5.692621508368532197e-07
5.840268672575635137e+05 5.556483531357876238e-07
5.925273375673083356e+05 5.423602268250562737e-07
6.011515316470203688e+05 5.293899783311130445e-07
6.099012502877939260e+05 5.167300011579584618e-07
6.187783204911214998e+05 5.043728721290273095e-07
6.277845958503806032e+05 4.923113443579722146e-07
6.369219569378595334e+05 4.805383435185270590e-07
6.461923116974651348e+05 4.690469654299108147e-07
6.555975958430948667e+05 4.578304710081672823e-07
6.651397732628269587e+05 4.468822825802673402e-07
6.748208364289969904e+05 4.361959813483497981e-07
6.846428068142486736e+05 4.257653011258128025e-07
6.946077353136145975e+05 4.155841245420810725e-07
7.047177026727667544e+05 4.056464815014328401e-07
7.149748199224976124e+05 3.959465447009826084e-07
7.253812288195004221e+05 3.864786261493011996e-07
7.359391022935932269e+05 3.772371754615196966e-07
7.466506449014493264e+05 3.682167743166118052e-07
7.575180932869052049e+05 3.594121328808971838e-07
7.685437166479979642e+05 3.508180887285555506e-07
7.797298172107944265e+05 3.424296029378229300e-07
7.910787307101088809e+05 3.342417569371474833e-07
8.025928268771989970e+05 3.262497510609415819e-07
8.142745099346196512e+05 3.184489001224260422e-07
8.261262190982188331e+05 3.108346299272755494e-07
8.381504290864602663e+05 3.034024763816167304e-07
8.503496506371657597e+05 2.961480822292309836e-07
8.627264310317880008e+05 2.890671943031451700e-07
8.752833546272784006e+05 2.821556620300628076e-07
8.880230433957274072e+05 2.754094340551791812e-07
9.009481574718639022e+05 2.688245551121819970e-07
9.140613957084859721e+05 2.623971648882280800e-07
9.273654962400119985e+05 2.561234955497474302e-07
9.408632370542322751e+05 2.499998692940140198e-07
9.545574365723505616e+05 2.440226968346178495e-07
9.684509542374999728e+05 2.381884748740041843e-07
9.825466911118263379e+05 2.324937833060049434e-07
9.968475904822276207e+05 2.269352839143624128e-07
1.011356638474942418e+06 2.215097185323096094e-07
1.026076864679083577e+06 2.162139068690066589e-07
1.041011342779231723e+06 2.110447450015527930e-07
1.056163191197214182e+06 2.059992035270848720e-07
1.071535573743301909e+06 2.010743250727148193e-07
1.087131700276805786e+06 1.962672228885833323e-07
1.102954827376313508e+06 1.915750795140210063e-07
1.119008259019692661e+06 1.869951448542338200e-07
1.135295347274000291e+06 1.825247347014191852e-07
1.151819492995386710e+06 1.781612294359036024e-07
1.168584146539234789e+06 1.739020717651067928e-07
1.185592808480630163e+06 1.697447653467667225e-07
1.202849030345277162e+06 1.656868737980152391e-07
1.220356415351097239e+06 1.617260190135357101e-07
1.238118619160618633e+06 1.578598797336783891e-07
1.256139350644276012e+06 1.540861906950019898e-07
1.274422372654861305e+06 1.504027404977691387e-07
1.292971502813244704e+06 1.468073704168603476e-07
1.311790614305516006e+06 1.432979735851673367e-07
1.330883636691693449e+06 1.398724935384780997e-07
1.350254556726307375e+06 1.365289229268403645e-07
1.369907419190831017e+06 1.332653028634384728e-07
1.389846327738226391e+06 1.300797210412431504e-07
1.410075445749876788e+06 1.269703106794016240e-07
1.430598997204897227e+06 1.239352498467280759e-07
1.451421267562119989e+06 1.209727602009044198e-07
1.472546604654940078e+06 1.180811058625918249e-07
1.493979419599192683e+06 1.152585928420775024e-07
1.515724187714185333e+06 1.125035674725403091e-07
1.537785449457196752e+06 1.098144154251411653e-07
1.560167811371571850e+06 1.071895611588289922e-07
1.582875947048563510e+06 1.046274668283488008e-07
1.605914598103228491e+06 1.021266313244051320e-07
1.629288575164529029e+06 9.968558967612181694e-08
1.653002758879788686e+06 9.730291188004857358e-08
1.677062100933819544e+06 9.497720193102868354e-08
1.701471625082886079e+06 9.270709733922842893e-08
1.726236428203691030e+06 9.049126822324771483e-08
1.751361681357592344e+06 8.832841648499181758e-08
1.776852630870437482e+06 8.621727520205060597e-08
1.802714599427982699e+06 8.415660775299429818e-08
1.828952987187304534e+06 8.214520696043065256e-08
1.855573272904395824e+06 8.018189455123406900e-08
1.882581015078198398e+06 7.826552047692446855e-08
1.909981853111203993e+06 7.639496218902128968e-08
1.937781508487027371e+06 7.456912403383421232e-08
1.965985785965114366e+06 7.278693663024715432e-08
1.994600574792765081e+06 7.104735604521174197e-08
2.023631849934878759e+06 6.934936332555980100e-08
2.053085673321585637e+06 6.769196393065264170e-08
2.082968195113976719e+06 6.607418711039523667e-08
2.113285654988319613e+06 6.449508533288864677e-08
2.144044383438972291e+06 6.295373382789323861e-08
2.175250803100187797e+06 6.144922982170276453e-08
2.206911430087221321e+06 5.998069213460550692e-08
2.239032875356962904e+06 5.854726069976998769e-08
2.271621846088345628e+06 5.714809602457563602e-08
2.304685147082778625e+06 5.578237868870320374e-08
2.338229682185153011e+06 5.444930896012708466e-08
2.372262455725343898e+06 5.314827027174589817e-08
2.406790573980757501e+06 5.188539935541222800e-08
2.441821246660182718e+06 5.066092875627054431e-08
2.477361788409264293e+06 4.947520918467782762e-08
2.513419620337787550e+06 4.832870074815239143e-08
2.550002271569289733e+06 4.722196007881004786e-08
2.587117380813221447e+06 4.615562293550769435e-08
2.624772697959901299e+06 4.513038288467052916e-08
2.662976085698776413e+06 4.414696612772096204e-08
2.701735521160240751e+06 4.320610314624412905e-08
2.741059097581245471e+06 4.230849795487317226e-08
2.780955025995259173e+06 4.145479604788242588e-08
2.821431636946810875e+06 4.064555181610697160e-08
2.862497382230950519e+06 3.988119700862820665e-08
2.904160836657964159e+06 3.916201112413493207e-08
2.946430699843990617e+06 3.848809488737854643e-08
2.989315798027483746e+06 3.785934777079289786e-08
3.032825085912172683e+06 3.727545045600456702e-08
3.076967648536897264e+06 3.673585261421560327e-08
3.121752703172655776e+06 3.623976671741002339e-08
3.167189601247163489e+06 3.578616789067033497e-08
