5.894942963972224170e+00 9.265783620460547616e-04
5.978453055287612727e+00 1.138456973278256096e-03
6.063185091765793899e+00 1.416867053786451894e-03
6.149156953281612381e+00 1.784418577195399404e-03
6.236386781333679075e+00 2.271285516093160019e-03
6.324892982872610148e+00 2.917147952295839550e-03
6.414694234185097876e+00 3.774280894766566044e-03
6.505809484834978562e+00 4.911113475018878335e-03
6.598257961661891713e+00 6.415601006537978435e-03
6.692059172838451531e+00 8.397947594839458296e-03
6.787232911986872175e+00 1.099452353425632578e-02
6.883799262355621451e+00 1.437173345145577319e-02
6.981778601057436973e+00 1.874483906296275926e-02
7.081191603369175525e+00 2.435942442958815429e-02
7.182059247094645826e+00 3.146020304414556129e-02
7.284402816991341290e+00 4.031753234484146409e-02
7.388243909261779763e+00 5.120617115925261975e-02
7.493604436110724798e+00 6.440716820889900995e-02
7.600506630369014971e+00 8.020273640185812680e-02
7.708973050185043974e+00 9.884392229653106432e-02
7.819026583784954632e+00 1.205179702641461514e-01
7.930690454302395054e+00 1.453289546184216019e-01
8.043988224678971122e+00 1.733321541980208935e-01
8.158943802636480669e+00 2.045712554319061849e-01
8.275581445721773122e+00 2.390265238244233537e-01
8.393925766425587298e+00 2.765502538978453773e-01
8.514001737376100110e+00 3.169758757426419105e-01
8.635834696608622352e+00 3.600609972694456262e-01
8.759450352912326210e+00 4.053946113333373735e-01
8.884874791255244375e+00 4.523947551774961662e-01
9.012134478288666983e+00 5.009821107836878173e-01
9.141256267931959556e+00 5.515039529393472861e-01
9.272267407039260334e+00 6.044069226557059471e-01
9.405195541148978933e+00 6.600040059911567170e-01
9.540068720317517403e+00 7.182922052972874338e-01
9.676915405038240436e+00 7.790821876295613846e-01
9.815764472247174410e+00 8.425667427626311046e-01
9.956645221416483338e+00 9.092842284914264273e-01
1.009958738073714635e+01 9.796747651771426924e-01
1.024462111339211745e+01 1.053799342649080373e+00
1.039177702392122704e+01 1.131641493204236681e+00
1.054108616467936699e+01 1.213530974102520199e+00
1.069258004238889015e+01 1.300035992740000479e+00
1.084629062478815520e+01 1.391615907587268497e+00
1.100225034737723462e+01 1.488241997241016579e+00
1.116049212026235260e+01 1.589693808535907804e+00
1.132104933510041178e+01 1.695581002051869124e+00
1.148395587214534963e+01 1.805356716584978649e+00
1.164924610739720379e+01 1.918747986885509960e+00
1.181695491985621693e+01 2.035970644255168605e+00
1.198711769888279122e+01 2.157422168148696251e+00
1.215977035166523734e+01 2.283287156542133545e+00
1.233494931079688328e+01 2.413244446545643296e+00
1.251269154196382694e+01 2.546789400567810446e+00
1.269303455174539152e+01 2.683844175410731836e+00
1.287601639552863730e+01 2.825107936324815494e+00
1.306167568553862068e+01 2.971331117224657703e+00
1.325005159898636364e+01 3.122811831944485306e+00
1.344118388633573247e+01 3.278679355494862779e+00
1.363511287969153329e+01 3.437595200729367750e+00
1.383187950131026156e+01 3.599413642729169638e+00
1.403152527223533497e+01 3.765200052721528579e+00
1.423409232105885280e+01 3.936137463030721317e+00
1.443962339281122631e+01 4.112413057723316889e+00
1.464816185798127890e+01 4.292833904759378427e+00
1.485975172166804725e+01 4.476157266844611016e+00
1.507443763286659966e+01 4.661722901840452238e+00
1.529226489388980248e+01 4.849458463062175539e+00
1.551327946992773477e+01 5.039821939102900217e+00
1.573752799874721120e+01 5.233659463701105352e+00
1.596505780053308854e+01 5.431501617587861652e+00
1.619591688787356887e+01 5.633002556962761531e+00
1.643015397589182314e+01 5.836970859308388881e+00
1.666781849252549463e+01 6.042322290868094470e+00
1.690896058895691922e+01 6.248687632066948439e+00
1.715363115019587781e+01 6.456378214323020615e+00
1.740188180581710142e+01 6.665973344839354553e+00
1.765376494085517223e+01 6.877879454751061772e+00
1.790933370685825921e+01 7.091932082001415338e+00
1.816864203310442960e+01 7.307039483008101577e+00
1.843174463798134610e+01 7.521346074818527683e+00
1.869869704053278525e+01 7.732523388506665540e+00
1.896955557217421173e+01 7.938488570256824417e+00
1.924437738857947267e+01 8.137710493449453963e+00
1.952322048174182356e+01 8.329414438292655376e+00
1.980614369221097704e+01 8.514126142705741529e+00
2.009320672150953868e+01 8.692778235174911217e+00
2.038447014473105767e+01 8.866113109828903660e+00
2.067999542332233176e+01 9.033732526665815499e+00
2.097984491805291540e+01 9.193560506598181803e+00
2.128408190217404794e+01 9.342286438764215717e+00
2.159277057477059358e+01 9.477611382860091638e+00
2.190597607430802540e+01 9.599008785947926725e+00
2.222376449237765428e+01 9.707285178576171347e+00
2.254620288764329672e+01 9.803384263509672181e+00
2.287335929999154160e+01 9.886690543560654021e+00
2.320530276488931065e+01 9.955075354398914556e+00
2.354210332795167560e+01 1.000700987514397688e+01
2.388383205972243672e+01 1.004181058909254176e+01
2.423056107067144893e+01 1.006029824907035142e+01
2.458483087383094912e+01 1.006367828476745707e+01
2.494371635536389675e+01 1.005261667277752835e+01
2.530784003640231106e+01 1.002692419895148035e+01
2.567727837234893329e+01 9.985971269910638881e+00
2.605210893452993304e+01 9.929309507465315932e+00
2.643241042648225303e+01 9.857311461134354857e+00
2.681826270047949379e+01 9.771562835629252319e+00
2.720974677429812871e+01 9.673850397422013359e+00
2.760694484822933958e+01 9.565669129280829353e+00
2.800994032233821329e+01 9.447843981217735276e+00
2.841881781397576034e+01 9.320591199321391684e+00
2.883366317554594005e+01 9.183970974996588765e+00
2.925456351253195564e+01 9.038273708422003949e+00
2.968160720178631706e+01 8.884125459760161547e+00
3.011488391008695231e+01 8.722422148657747343e+00
3.055448461296500895e+01 8.553859353901355433e+00
3.100050161380695002e+01 8.378903350984042930e+00
3.145302856323537810e+01 8.198289127006756161e+00
3.191216047877315987e+01 8.013056051770654165e+00
3.237799376479442515e+01 7.824275491464805832e+00
3.285062623276656524e+01 7.633194492769639794e+00
3.333015712178762158e+01 7.440792357631892173e+00
3.381668711942403149e+01 7.247777300515460652e+00
3.431031838285166913e+01 7.054666517119652980e+00
3.481115456030619271e+01 6.861982730392655938e+00
3.531930081284612299e+01 6.670351408797008830e+00
3.583486383643334960e+01 6.480631206190325955e+00
3.635795188433645819e+01 6.293836520850502936e+00
3.688867478986075810e+01 6.110881303627923700e+00
3.742714398941007659e+01 5.932525620126361865e+00
3.797347254588485299e+01 5.759276806684212602e+00
3.852777517242269312e+01 5.591399810995982378e+00
3.909016825648404847e+01 5.428913377479743119e+00
3.966076988429089312e+01 5.271704300278939215e+00
4.023969986562109113e+01 5.119665177293625469e+00
4.082707975896471453e+01 4.972644862466871984e+00
4.142303289704839386e+01 4.830660163446998112e+00
4.202768441273098432e+01 4.693720155594832022e+00
4.264116126527841288e+01 4.561820909582645633e+00
4.326359226702086147e+01 4.434925265899959612e+00
4.389510811040024407e+01 4.312931417670503365e+00
4.453584139541111853e+01 4.195640283549611382e+00
4.518592665744352388e+01 4.082796713520593812e+00
4.584550039553116108e+01 3.974137742571715926e+00
4.651470110101197264e+01 3.869335608343409838e+00
4.719366928660800653e+01 3.767868556381432921e+00
4.788254751592820924e+01 3.669409806187724055e+00
4.858148043340325728e+01 3.573577312696092800e+00
4.929061479465652695e+01 3.480102478252296017e+00
5.001009949731822246e+01 3.388821976721917206e+00
5.074008561228978920e+01 3.299638461466995576e+00
5.148072641546463046e+01 3.212542766179641074e+00
5.223217741991134488e+01 3.127585410869123006e+00
5.299459640852668230e+01 3.044811455404146106e+00
5.376814346716611936e+01 2.964233906913204208e+00
5.455298101825631818e+01 2.885822152378117789e+00
5.534927385490004070e+01 2.809543332199510690e+00
5.615718917547735600e+01 2.735378731237976258e+00
5.697689661875241285e+01 2.663285711800932987e+00
5.780856829949276232e+01 2.593213948639185862e+00
5.865237884460879769e+01 2.525183761354683476e+00
5.950850542982004754e+01 2.459237416942929855e+00
6.037712781685649333e+01 2.395435427955558527e+00
6.125842839120436167e+01 2.333825892531292023e+00
6.215259220040060484e+01 2.274420113254651543e+00
6.305980699288850388e+01 2.217172195016018144e+00
6.398026325743895626e+01 2.162015627010866137e+00
6.491415426314716797e+01 2.108850037511555087e+00
6.586167610001461981e+01 2.057545645713329208e+00
6.682302772012101855e+01 2.007974499375911215e+00
6.779841097939967653e+01 1.960023715776586073e+00
6.878803068002019927e+01 1.913610419294292431e+00
6.979209461339225129e+01 1.868667458687832461e+00
7.081081360379441492e+01 1.825128696015875018e+00
7.184440155264232430e+01 1.782942591154522471e+00
7.289307548340123333e+01 1.742060747004441579e+00
7.395705558715418704e+01 1.702428464931471597e+00
7.503656526883686695e+01 1.663977731351179212e+00
7.613183119414489397e+01 1.626625823073129418e+00
7.724308333712828301e+01 1.590282045676718159e+00
7.837055502847803723e+01 1.554857488338491800e+00
7.951448300452018714e+01 1.520264600554325440e+00
8.067510745692212026e+01 1.486425707973154653e+00
8.185267208312708931e+01 1.453261747813628268e+00
8.304742413752309460e+01 1.420705339712726500e+00
8.425961448335863224e+01 1.388697934151610358e+00
8.548949764541778507e+01 1.357201216380016229e+00
8.673733186346184709e+01 1.326187933077356274e+00
8.800337914645319870e+01 1.295642232958312823e+00
8.928790532756923426e+01 1.265566472770139228e+00
9.059118012001914622e+01 1.235970418019697759e+00
9.191347717367621328e+01 1.206865753330742308e+00
9.325507413253677669e+01 1.178263995429213340e+00
9.461625269301691787e+01 1.150178873894719622e+00
9.599729866310023851e+01 1.122622872759133861e+00
9.739850202235022891e+01 1.095610404619091094e+00
9.882015698279614924e+01 1.069156608435689160e+00
1.002625620507106845e+02 1.043270622617171739e+00
1.017260200892863224e+02 1.017963803036202819e+00
1.032108383822282036e+02 9.932479108870215789e-01
1.047173286982745992e+02 9.691313515768571474e-01
1.062458073566599523e+02 9.456221445151424820e-01
1.077965952935324054e+02 9.227285906330784382e-01
1.093700181293401670e+02 9.004600122858605893e-01
1.109664062372041826e+02 8.788240193402944156e-01
1.125860948122848271e+02 8.578254183056265303e-01
1.142294239421650133e+02 8.374683175402560797e-01
1.158967386782577762e+02 8.177486808006059205e-01
1.175883891082566066e+02 7.986578215479738230e-01
1.193047304296450761e+02 7.801904095128396888e-01
1.210461230242762838e+02 7.623406538160598656e-01
1.228129325340445632e+02 7.450981720434435296e-01
1.246055299376575078e+02 7.284439382612251102e-01
1.264242916285327567e+02 7.123519729666202283e-01
1.282695994938279114e+02 6.968019044510384008e-01
1.301418409946271879e+02 6.817689328597875686e-01
1.320414092472965990e+02 6.672225751802698390e-01
1.339687031060257425e+02 6.531309220950202166e-01
1.359241272465778536e+02 6.394616506504564590e-01
1.379080922512576421e+02 6.261824571820723273e-01
1.399210146951236595e+02 6.132610988157245480e-01
1.419633172334559106e+02 6.006646247647177139e-01
1.440354286905009644e+02 5.883608344291159087e-01
1.461377841495129815e+02 5.763213582572590532e-01
1.482708250441089035e+02 5.645220386550476865e-01
1.504349992509567642e+02 5.529408899716743431e-01
1.526307611838152809e+02 5.415606369125536279e-01
1.548585718889497969e+02 5.303679197689735725e-01
1.571188991419364811e+02 5.193532740224727773e-01
1.594122175458834079e+02 5.085099536543135068e-01
1.617390086310826689e+02 4.978330063166426234e-01
1.640997609561171373e+02 4.873203518544890755e-01
1.664949702104441656e+02 4.769751991712783967e-01
1.689251393184766528e+02 4.668032988103306691e-01
1.713907785451819166e+02 4.568118609110857209e-01
1.738924056032215049e+02 4.470093567799322543e-01
1.764305457616583226e+02 4.374042511726043969e-01
1.790057319562448868e+02 4.280043557890003680e-01
1.816185049013269861e+02 4.188179806481429068e-01
1.842694132033769847e+02 4.098512884868671380e-01
1.869590134761842819e+02 4.011091266492912144e-01
1.896878704577292183e+02 3.925963523740139127e-01
1.924565571287617729e+02 3.843164951070466295e-01
1.952656548331104602e+02 3.762698484677687860e-01
1.981157533997478311e+02 3.684541531951993631e-01
2.010074512666365933e+02 3.608654239381950957e-01
2.039413556063850024e+02 3.534985072231955905e-01
2.069180824537359911e+02 3.463469230230163953e-01
2.099382568349163307e+02 3.394035498873601564e-01
2.130025128988724816e+02 3.326594927634766163e-01
2.161114940504247670e+02 3.261053178675479280e-01
2.192658530853644834e+02 3.197305867140822766e-01
2.224662523275206070e+02 3.135237070660396030e-01
2.257133637678296907e+02 3.074732403095719602e-01
2.290078692054329110e+02 3.015684641115347620e-01
2.323504603908351385e+02 2.957987653532862526e-01
2.357418391711531456e+02 2.901540667158853948e-01
2.391827176374826252e+02 2.846250798941521443e-01
2.426738182744152823e+02 2.792031446015089680e-01
2.462158741117407317e+02 2.738804089139809661e-01
2.498096288783625027e+02 2.686497472929031405e-01
2.534558371584580811e+02 2.635050200605122406e-01
2.571552645499205028e+02 2.584406584056019862e-01
2.609086878251104054e+02 2.534519447390908842e-01
2.647168950939562819e+02 2.485347626438378088e-01
2.685806859694363879e+02 2.436859210896148153e-01
2.725008717354724581e+02 2.389030540167191297e-01
2.764782755172747102e+02 2.341845612672287524e-01
2.805137324541780117e+02 2.295292262499044056e-01
2.846080898749920038e+02 2.249363542390832027e-01
2.887622074759200359e+02 2.204056765751905289e-01
2.929769575010685116e+02 2.159371588396260533e-01
2.972532249255917236e+02 2.115310974610718486e-01
3.015919076415116820e+02 2.071877317144319997e-01
3.059939166462512503e+02 2.029074197934151447e-01
3.104601762339149786e+02 1.986905050098880521e-01
3.149916241893652114e+02 1.945374144175144870e-01
3.195892119851280881e+02 1.904486147917474059e-01
3.242539049811761060e+02 1.864245504614170379e-01
3.289866826276268625e+02 1.824656044667471722e-01
3.337885386703985660e+02 1.785723113468138668e-01
3.386604813598659121e+02 1.747450314618894107e-01
3.436035336625645868e+02 1.709838509432172193e-01
3.486187334759864598e+02 1.672888452407146898e-01
3.537071338465053145e+02 1.636599985281630421e-01
3.588698031904880850e+02 1.600972352115748454e-01
3.641078255186283172e+02 1.566003924471664754e-01
3.694223006635590423e+02 1.531691700596114480e-01
3.748143445107867819e+02 1.498032800443465096e-01
3.802850892329938688e+02 1.465025111805370595e-01
3.858356835277605228e+02 1.432666195442558188e-01
3.914672928587585261e+02 1.400950789745355751e-01
3.971810997004678256e+02 1.369871549185536219e-01
4.029783037864579001e+02 1.339420898244599312e-01
4.088601223613002844e+02 1.309591686844045477e-01
4.148277904361507922e+02 1.280376790659238928e-01
4.208825610480677142e+02 1.251767898310931215e-01
4.270257055231158461e+02 1.223756419383374427e-01
4.332585137433061391e+02 1.196334531833883608e-01
4.395822944174304325e+02 1.169494607134830833e-01
4.459983753558556714e+02 1.143229499635705498e-01
4.525081037493266649e+02 1.117532120474206830e-01
4.591128464518341730e+02 1.092395757404264062e-01
4.658139902676169868e+02 1.067812773333251253e-01
4.726129422423468895e+02 1.043774337221692883e-01
4.795111299585700522e+02 1.020270621120746291e-01
4.865100018354594340e+02 9.972910809837817747e-02
4.936110274329389540e+02 9.748260458475030421e-02
5.008156977602455981e+02 9.528657508170473855e-02
5.081255255890050648e+02 9.314009026319858275e-02
5.155420457708609092e+02 9.104221796245731690e-02
5.230668155597575151e+02 8.899204616777345311e-02
5.307014149389141267e+02 8.698858298603448502e-02
5.384474469525735003e+02 8.503079766118373795e-02
5.463065380425966850e+02 8.311769434914872967e-02
5.542803383899712344e+02 8.124833941581610652e-02
5.623705222612979924e+02 7.942190140264523968e-02
5.705787883603393311e+02 7.763759244056800402e-02
5.789068601846967113e+02 7.589456501090571794e-02
5.873564863876953268e+02 7.419191396728033738e-02
5.959294411455533691e+02 7.252873403479803693e-02
6.046275245299060543e+02 7.090397891131008934e-02
6.134525628857650190e+02 6.931666789618712299e-02
6.224064092150007355e+02 6.776588298256225329e-02
6.314909435654210483e+02 6.625078618000257435e-02
6.407080734255235939e+02 6.477052537192412585e-02
6.500597341250148702e+02 6.332429759955210402e-02
6.595478892411699690e+02 6.191132478096661451e-02
6.691745310111291474e+02 6.053079700696673005e-02
6.789416807502122992e+02 5.918191278269366307e-02
6.888513892763340891e+02 5.786386421653968992e-02
6.989057373406136549e+02 5.657587319820700511e-02
7.091068360642741482e+02 5.531719763432055292e-02
7.194568273819196520e+02 5.408712615578531446e-02
7.299578844912758768e+02 5.288500720109584607e-02
7.406122123095007055e+02 5.171019864549994405e-02
7.514220479361486014e+02 5.056204534845520904e-02
7.623896611228991560e+02 4.943993529178583590e-02
7.735173547501436815e+02 4.834326411030395731e-02
7.848074653105173866e+02 4.727141879896398780e-02
7.962623633994934380e+02 4.622377107462788404e-02
8.078844542131474782e+02 4.519969137258006420e-02
8.196761780531680870e+02 4.419859667560027683e-02
8.316400108392601851e+02 4.321990744018217034e-02
8.437784646290102728e+02 4.226305940315827625e-02
8.560940881453440170e+02 4.132753171534664371e-02
8.685894673116868034e+02 4.041283585669133704e-02
8.812672257949348023e+02 3.951852072052713938e-02
8.941300255563453447e+02 3.864414405077570835e-02
9.071805674104739410e+02 3.778926170912996763e-02
9.204215915922632121e+02 3.695343068553644250e-02
9.338558783324129990e+02 3.613619927144515187e-02
9.474862484411553396e+02 3.533710964989172920e-02
9.613155639005377679e+02 3.455574612446205007e-02
9.753467284653513616e+02 3.379172481138284501e-02
9.895826882728401870e+02 3.304464549375715765e-02
1.004026432461308104e+03 3.231410598874201456e-02
1.018680993797745941e+03 3.159969698282592832e-02
1.033549449314625235e+03 3.090099723173596324e-02
1.048634920955989855e+03 3.021761684256686620e-02
1.063940576232958165e+03 2.954919478470598160e-02
1.079469628888833540e+03 2.889537756341283015e-02
1.095225339573881911e+03 2.825585438012648276e-02
1.111211016529964354e+03 2.763032163614469183e-02
1.127430016285195734e+03 2.701846751286279824e-02
1.143885744358701686e+03 2.641997927949006619e-02
1.160581655975681542e+03 2.583455378719554107e-02
1.177521256792907479e+03 2.526189306313432470e-02
1.194708103634813824e+03 2.470171262096346187e-02
1.212145805240309073e+03 2.415373654558376770e-02
1.229838023020533683e+03 2.361768545715753342e-02
1.247788471827636613e+03 2.309329745031590830e-02
1.266000920734770943e+03 2.258031470882854164e-02
1.284479193827521840e+03 2.207849830175939720e-02
1.303227171006830076e+03 2.158788316269456831e-02
1.322248788803665775e+03 2.110816887045456614e-02
1.341548041205584923e+03 2.063917701370333868e-02
1.361128980495358064e+03 2.018071360354165011e-02
1.380995718101806460e+03 1.973258779157043008e-02
1.401152425463119243e+03 1.929460971598064012e-02
1.421603334902716142e+03 1.886658830453888380e-02
1.442352740517896564e+03 1.844834572920064919e-02
1.463404999081507640e+03 1.803973809150154206e-02
1.484764530956718772e+03 1.764065920544651001e-02
1.506435821025175983e+03 1.725097360564903370e-02
1.528423419628693637e+03 1.687052606331324034e-02
1.550731943524706594e+03 1.649917589147958941e-02
1.573366076855620804e+03 1.613676545244020766e-02
1.596330572132392945e+03 1.578310973158136843e-02
1.619630251232394130e+03 1.543801498671400207e-02
1.643270006411869645e+03 1.510131066054157256e-02
1.667254801333155001e+03 1.477283702512660613e-02
1.691589672106932312e+03 1.445242872932937794e-02
1.716279728349642255e+03 1.413991042722409497e-02
1.741330154256365176e+03 1.383509395910725859e-02
1.766746209689359148e+03 1.353776166951674298e-02
1.792533231282441420e+03 1.324769878025101877e-02
1.818696633561581621e+03 1.296467323958312712e-02
1.845241910081757169e+03 1.268845102047709561e-02
1.872174634580455631e+03 1.241881003480876933e-02
1.899500462147978169e+03 1.215554454483122604e-02
1.927225130414872183e+03 1.189846025491202164e-02
1.955354460756653452e+03 1.164734888430246640e-02
1.983894359516122677e+03 1.140200994828116654e-02
2.012850819243538353e+03 1.116224235290345923e-02
2.042229919954847219e+03 1.092783297102964402e-02
2.072037830408356967e+03 1.069856525581691642e-02
2.102280809399966984e+03 1.047425670761416294e-02
2.132965207077343621e+03 1.025474937537938780e-02
2.164097466273241480e+03 1.003988210017972560e-02
2.195684123858358817e+03 9.829501886798180932e-03
2.227731812113855085e+03 9.623467597231330495e-03
2.260247260123946944e+03 9.421644486581240430e-03
2.293237295188821918e+03 9.223906846027099538e-03
2.326708844258180306e+03 9.030134843626524965e-03
2.360668935385659552e+03 8.840124612044295005e-03
2.395124699204572153e+03 8.653841916088339525e-03
2.430083370425110843e+03 8.471200586092811347e-03
2.465552289353390734e+03 8.292130631380296990e-03
2.501538903432765892e+03 8.116566681378487025e-03
2.538050768807533586e+03 7.944451074571375060e-03
2.575095551909513688e+03 7.775727969679985252e-03
2.612681031067779713e+03 7.610341887742011480e-03
2.650815098141893031e+03 7.448232939188413615e-03
2.689505760178918081e+03 7.289329564357849289e-03
2.728761141094738377e+03 7.133581680491232757e-03
2.768589483379805642e+03 6.980949995590068902e-03
2.808999149829796806e+03 6.831388689391898472e-03
2.849998625301620905e+03 6.684857548152914331e-03
2.891596518494946849e+03 6.541322041371158691e-03
2.933801563759793680e+03 6.400745591128860490e-03
2.976622622930494344e+03 6.263080542569868236e-03
3.020068687186425905e+03 6.128274424378701846e-03
3.064148878939857696e+03 5.996276190042788834e-03
3.108872453751460853e+03 5.867038216978419374e-03
3.154248802273670663e+03 5.740515507225818492e-03
3.200287452222417414e+03 5.616670977365539885e-03
3.246998070377740532e+03 5.495461052589016571e-03
3.294390464613483800e+03 5.376845686525612289e-03
3.342474585956676947e+03 5.260781855675258911e-03
3.391260530676960570e+03 5.147219524033727622e-03
3.440758542406528704e+03 5.036103221147988918e-03
3.490979014290930536e+03 4.927374888608199166e-03
3.541932491171420679e+03 4.820986470326256434e-03
3.593629671799023981e+03 4.716888961641692302e-03
3.646081411080916951e+03 4.615036062428350128e-03
3.699298722359736075e+03 4.515387309404532423e-03
3.753292779725998571e+03 4.417905957932226346e-03
3.808074920364349509e+03 4.322544069057097926e-03
3.863656646934045966e+03 4.229248458777694342e-03
3.920049629984193871e+03 4.137972403422951473e-03
3.977265710404164565e+03 4.048672152804265456e-03
4.035316901909927310e+03 3.961304850600116945e-03
4.094215393566538751e+03 3.875828530902861169e-03
4.153973552347444638e+03 3.792202112963875826e-03
4.214603925731275012e+03 3.710385358575131465e-03
4.276119244336395241e+03 3.630338993796618230e-03
4.338532424593976430e+03 3.552024663510185143e-03
4.401856571460072701e+03 3.475404835425931205e-03
4.466104981167297410e+03 3.400442737020628603e-03
4.531291144016580802e+03 3.327102375402513079e-03
4.597428747209837638e+03 3.255348495332068687e-03
4.664531677723824032e+03 3.185146660520186968e-03
4.732614025226028389e+03 3.116463235317286362e-03
4.801690085033015748e+03 3.049265352963684977e-03
4.871774361112144106e+03 2.983520789909349658e-03
4.942881569126909199e+03 2.919198009996310655e-03
5.015026639526810868e+03 2.856266122554278891e-03
5.088224720682346742e+03 2.794694931680989647e-03
5.162491182065641624e+03 2.734454938514194189e-03
5.237841617477713044e+03 2.675517361020385981e-03
5.314291848322644910e+03 2.617853960453060680e-03
5.391857926929649693e+03 2.561437104715687252e-03
5.470556139923515730e+03 2.506239726253030320e-03
5.550403011644453727e+03 2.452235346245727060e-03
5.631415307617641702e+03 2.399398105877949272e-03
5.713610038073513351e+03 2.347702774431928430e-03
5.797004461519450160e+03 2.297124615054914332e-03
5.881616088363459312e+03 2.247639412073166448e-03
5.967462684591001562e+03 2.199223456071028315e-03
6.054562275495230097e+03 2.151853521558673432e-03
6.142933149461839093e+03 2.105506944919260937e-03
6.232593861808977636e+03 2.060161596098730730e-03
6.323563238683494092e+03 2.015795810285977985e-03
6.415860381013765618e+03 1.972388364032018337e-03
6.509504668520384257e+03 1.929918484588705185e-03
6.604515763785308991e+03 1.888365810559598096e-03
6.700913616380481471e+03 1.847710470611725608e-03
6.798718467056550253e+03 1.807933052860710016e-03
6.897950851992995013e+03 1.769014582290152904e-03
6.998631607110047298e+03 1.730936456820011266e-03
7.100781872443556495e+03 1.693680472702931844e-03
7.204423096583931510e+03 1.657228785610007776e-03
7.309577041179632033e+03 1.621563967524875666e-03
7.416265785506493557e+03 1.586668989626578014e-03
7.524511731103742932e+03 1.552527232145342606e-03
7.634337606477704867e+03 1.519122389634669501e-03
7.745766471873991577e+03 1.486438507582614477e-03
7.858821724119688042e+03 1.454459950387555073e-03
7.973527101535900329e+03 1.423171430261070680e-03
8.089906688922025751e+03 1.392558012867261413e-03
8.207984922613048184e+03 1.362605131798585306e-03
8.327786595610337827e+03 1.333298498246694025e-03
8.449336862787478822e+03 1.304624126832354403e-03
8.572661246172085157e+03 1.276568320667552034e-03
8.697785640304706249e+03 1.249117666516572078e-03
8.824736317675782630e+03 1.222259073012902861e-03
8.953539934242329764e+03 1.195979760656424792e-03
9.084223535024812008e+03 1.170267212984113861e-03
9.216814559785681922e+03 1.145109303543596566e-03
9.351340848791176541e+03 1.120495073883575471e-03
9.487830648656810808e+03 1.096411521545902212e-03
9.626312618278368973e+03 1.072847172229609083e-03
9.766815834849467137e+03 1.049790815302631061e-03
9.909369799966936625e+03 1.027231488127503672e-03
1.005400444582515411e+04 1.005158444572896645e-03
1.020075014150117386e+04 9.835611696412463467e-04
1.034963769933122603e+04 9.624293485520751118e-04
1.050069838138030354e+04 9.417529156916949057e-04
1.065396390600651102e+04 9.215220351245397012e-04
1.080946645452085249e+04 9.017271013454526002e-04
1.096723867794442231e+04 8.823586936369861439e-04
1.112731370386414528e+04 8.634075930533183230e-04
1.128972514338867040e+04 8.448647624092319591e-04
1.145450709820554221e+04 8.267213687011797096e-04
1.162169416774184356e+04 8.089687832127830103e-04
1.179132145642893374e+04 7.915985863593596322e-04
1.196342458107320090e+04 7.746025202034854257e-04
1.213803967833487332e+04 7.579725018269055370e-04
1.231520341231544262e+04 7.417006130540793746e-04
1.249495298225614533e+04 7.257791022887063320e-04
1.267732613034868518e+04 7.102004020820614633e-04
1.286236114966009154e+04 6.949571273437461782e-04
1.305009689217289997e+04 6.800420411826810230e-04
1.324057277694329241e+04 6.654480564564965034e-04
1.343382879837772089e+04 6.511682351231888599e-04
1.362990553463068500e+04 6.371957743377346800e-04
1.382884415612475459e+04 6.235240386443068050e-04
1.403068643419547880e+04 6.101465470784404876e-04
1.423547474986194720e+04 5.970569585262638923e-04
1.444325210272562799e+04 5.842490586636679001e-04
1.465406211999908373e+04 5.717167662856754290e-04
1.486794906566618920e+04 5.594541144572136998e-04
1.508495784977665062e+04 5.474552826717849277e-04
1.530513403787554853e+04 5.357145843009397321e-04
1.552852386057092190e+04 5.242264605611586872e-04
1.575517422324061044e+04 5.129854630463500514e-04
1.598513271588136195e+04 5.019862590928455409e-04
1.621844762310113765e+04 4.912236197082810521e-04
1.645516793425753349e+04 4.806924362047056143e-04
1.669534335374409784e+04 4.703877186564928842e-04
1.693902431142692149e+04 4.603045937684163008e-04
1.718626197323313318e+04 4.504382844013627568e-04
1.743710825189474781e+04 4.407841141032906723e-04
1.769161581784829468e+04 4.313375003389035081e-04
1.794983811029456047e+04 4.220939590065678551e-04
1.821182934841900715e+04 4.130491112378682772e-04
1.847764454277624463e+04 4.041986845817495053e-04
1.874733950684071169e+04 3.955384901955022112e-04
1.902097086872585714e+04 3.870644269267234719e-04
1.929859608307446615e+04 3.787724783621063129e-04
1.958027344312219066e+04 3.706587089474799868e-04
1.986606209293793654e+04 3.627192777968038517e-04
2.015602203984181324e+04 3.549504355458881280e-04
2.045021416700546615e+04 3.473485100452750399e-04
2.074870024623545760e+04 3.399099047811599342e-04
2.105154295094364352e+04 3.326310989739400537e-04
2.135880586930675054e+04 3.255086392711112678e-04
2.167055351761804923e+04 3.185391562867522647e-04
2.198685135383401939e+04 3.117193594327841155e-04
2.230776579131823382e+04 3.050460289664895866e-04
2.263336421278688795e+04 2.985160109088506181e-04
2.296371498445646284e+04 2.921262179266439357e-04
2.329888747039930240e+04 2.858736216514150968e-04
2.363895204710769030e+04 2.797552650206838049e-04
2.398398011827096707e+04 2.737682598717159146e-04
2.433404412976819367e+04 2.679097830298121999e-04
2.468921758487974876e+04 2.621770683945198049e-04
2.504957505972092258e+04 2.565674080041557142e-04
2.541519221890036715e+04 2.510781472962872116e-04
2.578614583140806644e+04 2.457066902272287204e-04
2.616251378673429281e+04 2.404505016627461918e-04
2.654437511122381693e+04 2.353071061527043858e-04
2.693180998466978781e+04 2.302740774818962631e-04
2.732489975714871616e+04 2.253490403751143983e-04
2.772372696610180355e+04 2.205296674738133240e-04
2.812837535366529482e+04 2.158136803093037119e-04
2.853892988425411750e+04 2.111988535649419324e-04
2.895547676240141300e+04 2.066830162782704386e-04
2.937810345085972222e+04 2.022640399289925804e-04
2.980689868896526968e+04 1.979398411231497040e-04
3.024195251127023948e+04 1.937083793581094969e-04
3.068335626644821605e+04 1.895676548240008731e-04
3.113120263647421962e+04 1.855157150469684962e-04
3.158558565608536082e+04 1.815506542292497083e-04
3.204660073252543953e+04 1.776706057691006778e-04
3.251434466557760243e+04 1.738737421677848637e-04
3.298891566788975615e+04 1.701582743591162697e-04
3.347041338559571886e+04 1.665224469847271203e-04
3.395893891923902265e+04 1.629645468955833246e-04
3.445459484499999962e+04 1.594829009462098504e-04
3.495748523623473739e+04 1.560758721611652140e-04
3.546771568532691163e+04 1.527418573852076106e-04
3.598539332585928787e+04 1.494792871532600424e-04
3.651062685510865413e+04 1.462866221513966190e-04
3.704352655686908111e+04 1.431623584258853894e-04
3.758420432460847223e+04 1.401050268989545954e-04
3.813277368496234703e+04 1.371131920824462079e-04
3.868934982157219201e+04 1.341854472093604624e-04
3.925404959926948504e+04 1.313204153831179673e-04
3.982699158861491742e+04 1.285167467826374248e-04
4.040829609079428337e+04 1.257731211273590416e-04
4.099808516287824023e+04 1.230882483995989971e-04
4.159648264345090138e+04 1.204608697626483732e-04
4.220361417861221707e+04 1.178897506486755245e-04
4.281960724836021836e+04 1.153736830451397577e-04
4.344459119335751166e+04 1.129114832761333488e-04
4.407869724209010747e+04 1.105019922290713039e-04
4.472205853842038050e+04 1.081440775152122530e-04
4.537481016954448569e+04 1.058366343733027973e-04
4.603708919435618009e+04 1.035785796820634218e-04
4.670903467222526524e+04 1.013688535333801596e-04
4.739078769219609967e+04 9.920641791294482204e-05
4.808249140261221328e+04 9.709025511088942469e-05
4.878429104117341194e+04 9.501937140626685874e-05
4.949633396543076378e+04 9.299279665039503207e-05
5.021876968372880947e+04 9.100958085562832131e-05
5.095174988659624796e+04 8.906879390582073119e-05
5.169542847859815811e+04 8.716952536902303032e-05
5.244996161065049091e+04 8.531088180932532884e-05
5.321550771280755725e+04 8.349199118999985937e-05
5.399222752752765518e+04 8.171200147963136526e-05
5.478028414342440374e+04 7.997007945505707135e-05
5.557984302951073914e+04 7.826540872708656962e-05
5.639107206994180888e+04 7.659719037997228357e-05
5.721414159926728462e+04 7.496464082453542684e-05
5.804922443819489126e+04 7.336699432495012371e-05
5.889649592987926735e+04 7.180350254969158907e-05
5.975613397673812142e+04 7.027343465153094992e-05
6.062831907780678739e+04 6.877607403194007686e-05
6.151323436663767643e+04 6.731071958526605239e-05
6.241106564975313813e+04 6.587668403865956819e-05
6.332200144565962546e+04 6.447329495264651246e-05
6.424623302443009743e+04 6.309989504526256933e-05
6.518395444786696316e+04 6.175584323746979333e-05
6.613536261024739360e+04 6.044051049980750379e-05
6.710065727966721170e+04 5.915328152365870867e-05
6.808004113998530374e+04 5.789355349429883835e-05
6.907371983338170685e+04 5.666073580463211121e-05
7.008190200353639375e+04 5.545425158462327989e-05
7.110479933943845390e+04 5.427353780632429570e-05
7.214262661983487487e+04 5.311804264000437661e-05
7.319560175832676759e+04 5.198722593350115807e-05
7.426394584912655409e+04 5.088055892026781615e-05
7.534788321348046884e+04 4.979752285948170140e-05
7.644764144676871365e+04 4.873761149238675996e-05
7.756345146629553346e+04 4.770033024283732923e-05
7.869554755977404420e+04 4.668519500438078444e-05
7.984416743452008814e+04 4.569173157951652350e-05
8.100955226736396435e+04 4.471947597065950922e-05
8.219194675529077358e+04 4.376797287021678973e-05
8.339159916681842878e+04 4.283677776492904755e-05
8.460876139412884368e+04 4.192545618428723374e-05
8.584368900595694140e+04 4.103358340974650950e-05
8.709664130125161319e+04 4.016074312392255413e-05
8.836788136362313526e+04 3.930652803098440805e-05
8.965767611658155511e+04 3.847053871017030655e-05
9.096629637958346575e+04 3.765238468616204613e-05
9.229401692489591369e+04 3.685168429727039494e-05
9.364111653529091564e+04 3.606806491202637754e-05
9.500787806258181809e+04 3.530116103044316379e-05
9.639458848701277748e+04 3.455061507009115837e-05
9.780153897751867771e+04 3.381607661325685202e-05
9.922902495285918121e+04 3.309720262616232082e-05
1.006773461436507932e+05 3.239365791023207132e-05
1.021468066553001263e+05 3.170511543255320058e-05
1.036377150318575150e+05 3.103125433474190117e-05
1.051503843208021426e+05 3.037176064832520801e-05
1.066851321387733333e+05 2.972632692672852028e-05
1.082422807382608153e+05 2.909465180814870423e-05
1.098221570752669941e+05 2.847644105409335644e-05
1.114250928779611131e+05 2.787140733297426703e-05
1.130514247163289401e+05 2.727926910330025212e-05
1.147014940728460497e+05 2.669975067969530824e-05
1.163756474141771614e+05 2.613258230205390588e-05
1.180742362639248604e+05 2.557749920212922141e-05
1.197976172764389194e+05 2.503424307981707599e-05
1.215461523117037868e+05 2.450256147131684489e-05
1.233202085113188950e+05 2.398220732042458288e-05
1.251201583755858592e+05 2.347293855136192188e-05
1.269463798417262005e+05 2.297451831867166130e-05
1.287992563632332021e+05 2.248671426940539609e-05
1.306791769903895038e+05 2.200929945710085236e-05
1.325865364519542782e+05 2.154205207376185200e-05
1.345217352380455704e+05 2.108475532671414202e-05
1.364851796842312033e+05 2.063719663750656968e-05
1.384772820568479365e+05 2.019916801348478532e-05
1.404984606395654846e+05 1.977046555540630090e-05
1.425491398212121276e+05 1.935088984942657554e-05
1.446297501848875836e+05 1.894024600768829227e-05
1.467407285983689071e+05 1.853834378905334142e-05
1.488825183058435796e+05 1.814499650811451838e-05
1.510555690209758759e+05 1.776002150318835553e-05
1.532603370213342132e+05 1.738323983548718333e-05
1.554972852441961877e+05 1.701447627449416454e-05
1.577668833837519051e+05 1.665355964570314337e-05
1.600696079897269083e+05 1.630032287517458418e-05
1.624059425674410304e+05 1.595460206747090085e-05
1.647763776793351863e+05 1.561623680080480260e-05
1.671814110479698284e+05 1.528507003335045694e-05
1.696215476605370641e+05 1.496094777664157141e-05
1.720972998748905084e+05 1.464371971955576472e-05
1.746091875271261379e+05 1.433323904215645737e-05
1.771577380407331220e+05 1.402936190181850113e-05
1.797434865373370994e+05 1.373194740482999677e-05
1.823669759490610450e+05 1.344085768973068669e-05
1.850287571325222671e+05 1.315595745436442740e-05
1.877293889845017111e+05 1.287711468361043285e-05
1.904694385592897888e+05 1.260420035239097174e-05
1.932494811877566099e+05 1.233708821694342152e-05
1.960701005981520284e+05 1.207565452287232477e-05
1.989318890386720304e+05 1.181977817897464453e-05
2.018354474018140463e+05 1.156934042414282460e-05
2.047813853505463921e+05 1.132422523191374238e-05
2.077703214463212062e+05 1.108431920697938895e-05
2.108028832789507578e+05 1.084951154764181519e-05
2.138797075983879622e+05 1.061969354737362595e-05
2.170014404484234401e+05 1.039475884037556908e-05
2.201687373023326509e+05 1.017460317866532770e-05
2.233822632005119231e+05 9.959124582081905217e-06
2.266426928901140927e+05 9.748223383142023621e-06
2.299507109667264449e+05 9.541802332635587530e-06
2.333070120181162783e+05 9.339765939850200142e-06
2.367123007700747112e+05 9.142020771411217507e-06
2.401672922343853279e+05 8.948475312137220373e-06
2.436727118589611200e+05 8.759039916864873017e-06
2.472292956801649707e+05 8.573627038559449584e-06
2.508377904773529153e+05 8.392151215653114544e-06
2.544989539296816802e+05 8.214528621431309427e-06
2.582135547751961567e+05 8.040677174678593185e-06
2.619823729722419521e+05 7.870516532717657674e-06
2.658061998632352916e+05 7.703967882018663118e-06
2.696858383408205700e+05 7.540954330874930422e-06
2.736221030164568801e+05 7.381400756766546981e-06
2.776158203914575279e+05 7.225233576529157273e-06
2.816678290305393166e+05 7.072380677360432357e-06
2.857789797378880321e+05 6.922771497026283718e-06
2.899501357358100358e+05 6.776336794709502840e-06
2.941821728459800943e+05 6.633009001913474844e-06
2.984759796733387630e+05 6.492722079214839582e-06
3.028324577926743659e+05 6.355411432688634534e-06
3.072525219379274058e+05 6.221013703116841072e-06
3.117371001942588482e+05 6.089466896704053868e-06
3.162871341929165646e+05 5.960710219643570833e-06
3.209035793089594226e+05 5.834684268267643263e-06
3.255874048618478701e+05 5.711330981045671489e-06
3.303395943189818063e+05 5.590593655393404299e-06
3.351611455021952861e+05 5.472416627404767158e-06
3.400530707972715027e+05 5.356745426368777954e-06
3.450163973665139056e+05 5.243526671746569483e-06
3.500521673644211842e+05 5.132708126772366191e-06
3.551614381565102958e+05 5.024238754300494126e-06
3.603452825413268874e+05 4.918068762766879438e-06
3.656047889757122612e+05 4.814149255234648293e-06
3.709410618033358478e+05 4.712432367886588720e-06
3.763552214865855640e+05 4.612871228243902019e-06
3.818484048418265302e+05 4.515419898769393878e-06
3.874217652781010256e+05 4.420033544546238583e-06
3.930764730393108912e+05 4.326668386525555038e-06
3.988137154499346507e+05 4.235281495452926544e-06
4.046346971643331344e+05 4.145830810722893420e-06
4.105406404196849326e+05 4.058275172982403109e-06
4.165327852926328196e+05 3.972574181221823664e-06
4.226123899596498813e+05 3.888688446930432178e-06
4.287807309612323297e+05 3.806579473588671465e-06
4.350391034699287266e+05 3.726209570084997838e-06
4.413888215622910648e+05 3.647541776124845186e-06
4.478312184947916539e+05 3.570539925304330297e-06
4.543676469837693148e+05 3.495168530501138564e-06
4.609994794894619263e+05 3.421392954412722344e-06
4.677281085041752667e+05 3.349179345126882131e-06
4.745549468446804676e+05 3.278494609177499421e-06
4.814814279488475877e+05 3.209306269616509226e-06
4.885090061766409199e+05 3.141582540771835374e-06
4.956391571154836565e+05 3.075292256895151071e-06
5.028733778900911566e+05 3.010404951241173015e-06
5.102131874768228154e+05 2.946890855490445706e-06
5.176601270226234337e+05 2.884720911689754846e-06
5.252157601686220150e+05 2.823866581336701505e-06
5.328816733784410171e+05 2.764299927445173621e-06
5.406594762713244418e+05 2.705993578612704044e-06
5.485508019600922707e+05 2.648920734733118234e-06
5.565573073940633330e+05 2.593055228685469467e-06
5.646806737069565570e+05 2.538371523866394695e-06
5.729226065698835300e+05 2.484844551349399237e-06
5.812848365494894097e+05 2.432449756047664518e-06
5.897691194713214645e+05 2.381163098356424619e-06
5.983772367885047570e+05 2.330961002241203634e-06
6.071109959557844559e+05 2.281820472817088267e-06
6.159722308090550359e+05 2.233719049660000725e-06
6.249628019504041877e+05 2.186634718301567765e-06
6.340845971387780737e+05 2.140545899132650269e-06
6.433395316863708431e+05 2.095431472791265261e-06
6.527295488607751904e+05 2.051270704999077674e-06
6.622566202930132858e+05 2.008043380649914304e-06
6.719227463915235130e+05 1.965729745343653431e-06
6.817299567621903261e+05 1.924310465847153752e-06
6.916803106344909174e+05 1.883766576521602419e-06
7.017758972938912921e+05 1.844079511878775248e-06
7.120188365205269074e+05 1.805231059101228275e-06
7.224112790342856897e+05 1.767203432366721595e-06
7.329554069464149652e+05 1.729979256162991676e-06
7.436534342176895589e+05 1.693541551060714922e-06
7.545076071232814575e+05 1.657873648003070448e-06
7.655202047244145069e+05 1.622959225609396335e-06
7.766935393469015835e+05 1.588782285310998252e-06
7.880299570666549262e+05 1.555327177537660908e-06
7.995318382023124723e+05 1.522578618323735763e-06
8.112015978150265291e+05 1.490521694439100701e-06
8.230416862155463314e+05 1.459141754340051314e-06
8.350545894787312718e+05 1.428424451147440935e-06
8.472428299655432347e+05 1.398355729908585827e-06
8.596089668526699534e+05 1.368921820800340775e-06
8.721555966698797420e+05 1.340109285860679284e-06
8.848853538452165667e+05 1.311905009585299714e-06
8.978009112581568770e+05 1.284296121321043635e-06
9.109049808008228429e+05 1.257270010230636978e-06
9.242003139474265045e+05 1.230814327799941430e-06
9.376897023319688160e+05 1.204916957589953887e-06
9.513759783344286261e+05 1.179566085410748517e-06
9.652620156754667405e+05 1.154750173270273740e-06
9.793507300198245794e+05 1.130457915707567629e-06
9.936450795885314001e+05 1.106678227325049563e-06
1.008148065780044650e+06 1.083400254196820753e-06
1.022862733800458489e+06 1.060613343078183122e-06
1.037792173302896437e+06 1.038307101509897850e-06
1.052939519036273006e+06 1.016471378569737725e-06
1.068307951503469143e+06 9.950962429900211449e-07
1.083900697629175615e+06 9.741719495757339290e-07
1.099721031437434722e+06 9.536889549417374009e-07
1.115772274739095476e+06 9.336378989007135406e-07
1.132057797829298070e+06 9.140096352839190543e-07
1.148581020195136312e+06 8.947952316245813998e-07
1.165345411233657505e+06 8.759859639262811029e-07
1.182354490980314789e+06 8.575732643585114103e-07
1.199611830848105252e+06 8.395487429208605106e-07
1.217121054377426160e+06 8.219041744102509003e-07
1.234885837996945949e+06 8.046315094248697615e-07
1.252909911795528838e+06 7.877228875198476307e-07
1.271197060305448482e+06 7.711706432666136184e-07
1.289751123297032900e+06 7.549672446166558128e-07
1.308575996584901819e+06 7.391053153195120023e-07
1.327675632845981745e+06 7.235776272744856780e-07
1.347054042449429631e+06 7.083770959959975527e-07
1.366715294298736611e+06 6.934968092117929400e-07
1.386663516686029267e+06 6.789300219177940023e-07
1.406902898158936063e+06 6.646701166412871415e-07
1.427437688400034094e+06 6.507106081271768255e-07
1.448272199119167402e+06 6.370451442152610000e-07
1.469410804958779132e+06 6.236674893304239222e-07
1.490857944412460085e+06 6.105715647349970669e-07
1.512618120756910183e+06 5.977514346546914878e-07
1.534695902997470926e+06 5.852012848638193650e-07
1.557095926827525487e+06 5.729154126835865623e-07
1.579822895601812750e+06 5.608882333483075557e-07
1.602881581324037863e+06 5.491142651156334816e-07
1.626276825648828642e+06 5.375881580602886024e-07
1.650013540898349835e+06 5.263046869535183288e-07
1.674096711093747988e+06 5.152587436797184390e-07
1.698531393001650693e+06 5.044453133678665534e-07
1.723322717195946956e+06 4.938594852249380044e-07
1.748475889135034522e+06 4.834964411793996877e-07
1.773996190254852409e+06 4.733514717597371254e-07
1.799888979077810189e+06 4.634199769169099052e-07
1.826159692337902030e+06 4.536974687289566799e-07
1.852813846122303512e+06 4.441795369463969086e-07
1.879857037029562751e+06 4.348618632497435344e-07
1.907294943344729720e+06 4.257402127267929947e-07
1.935133326231632382e+06 4.168104394903086635e-07
1.963378030942560639e+06 4.080684955061201000e-07
1.992034988045568811e+06 3.995104342318952752e-07
2.021110214669770095e+06 3.911323784983491671e-07
2.050609815768735483e+06 3.829305306106842508e-07
2.080539985402331222e+06 3.749011686998283656e-07
2.110907008037341759e+06 3.670406425142598372e-07
2.141717259866992012e+06 3.593453916810857544e-07
2.172977210149772931e+06 3.518119416941093791e-07
2.204693422567793634e+06 3.444368856539411019e-07
2.236872556604976300e+06 3.372168833786206243e-07
2.269521368945320137e+06 3.301486637651143219e-07
2.302646714891657699e+06 3.232290134311438295e-07
2.336255549805047456e+06 3.164548003166766076e-07
2.370354930565167218e+06 3.098235894150739905e-07
2.404952017052111682e+06 3.033678934369587039e-07
2.440054073649718892e+06 2.970901077462486127e-07
2.475668470770891756e+06 2.909932649009351282e-07
2.511802686405171175e+06 2.850809891115165429e-07
2.548464307688897476e+06 2.793574518549909802e-07
2.585661032498293556e+06 2.738272814422951885e-07
2.623400671065759845e+06 2.684954510734934138e-07
2.661691147619868629e+06 2.633671477093590003e-07
2.700540502049135976e+06 2.584476211920026632e-07
2.739956891590240411e+06 2.537420116853604404e-07
2.779948592540759593e+06 2.492551815258467745e-07
2.820524001996971201e+06 2.449915347398351885e-07
2.861691639616991393e+06 2.409548309865678029e-07
2.903460149409660138e+06 2.371480131015679535e-07
2.945838301549542230e+06 2.335730492235054610e-07
2.988834994218361564e+06 2.302307921265829647e-07
3.032459255473448429e+06 2.271208692685883381e-07
3.076720245143264998e+06 2.242416101330420541e-07
3.121627256750798319e+06 2.215899901556177710e-07
3.167189719464869238e+06 2.191616170312635106e-07
