5.427293145139200803e+00 9.044155679373327896e-04
5.487390752951069040e+00 1.041474174958701739e-03
5.548367278648996148e+00 1.205824162666598596e-03
5.610235576266274116e+00 1.401704461481809725e-03
5.673008687824334650e+00 1.649544701655376779e-03
5.736699846082117027e+00 1.957987927267187955e-03
5.801322477325504323e+00 2.331250682752951386e-03
5.866890204197696690e+00 2.789804950367440022e-03
5.933416848570857383e+00 3.382135160674599583e-03
6.000916434459795390e+00 4.105899600976777551e-03
6.069403190978309937e+00 4.984805301898320717e-03
6.138891555338720885e+00 6.106975739306204527e-03
6.209396175895218306e+00 7.511542595747362425e-03
6.280931915231879437e+00 9.221764965572363734e-03
6.353513853295671865e+00 1.128762407961086955e-02
6.427157290575351567e+00 1.394089466434884558e-02
6.501877751326913035e+00 1.715514205377035445e-02
6.577690986846052468e+00 2.100977821890925509e-02
6.654612978788692956e+00 2.562324734900914974e-02
6.732659942539904740e+00 3.134174033147513888e-02
6.811848330632129134e+00 3.806990928105471322e-02
6.892194836213508147e+00 4.590746138101919199e-02
6.973716396566786102e+00 5.499052302908838397e-02
7.056430196679721156e+00 6.578280201996067333e-02
7.140353672867807866e+00 7.806626016870774065e-02
7.225504516449855252e+00 9.192786018422036132e-02
7.311900677477333410e+00 1.074523469746108406e-01
7.399560368518391940e+00 1.251459380386760745e-01
7.488502068497061792e+00 1.446674068605413033e-01
7.578744526588635289e+00 1.659673242891568923e-01
7.670306766172150681e+00 1.890595002450604079e-01
7.763208088840458210e+00 2.141810555200396871e-01
7.857468078469157291e+00 2.413669983653417006e-01
7.953106605344880897e+00 2.703415206798859272e-01
8.050143830353988506e+00 3.010789830641832365e-01
8.148600209232604641e+00 3.335337541569278197e-01
8.248496496878731321e+00 3.679023020156558244e-01
8.349853751727371431e+00 4.037566981166646474e-01
8.452693340189838977e+00 4.408642517994116328e-01
8.557036941157720733e+00 4.792181634151748137e-01
8.662906550572962772e+00 5.189128582050881455e-01
8.770324486064641434e+00 5.604257704637896076e-01
8.879313391653544940e+00 6.039732548155420933e-01
8.989896242525665215e+00 6.497517102624799090e-01
9.102096349875434811e+00 6.978603699720864473e-01
9.215937365819709015e+00 7.482678465363900022e-01
9.331443288383795220e+00 8.009546745291996617e-01
9.448638466560295157e+00 8.559054182668601740e-01
9.567547605441882652e+00 9.133300845262632972e-01
9.688195771429292336e+00 9.734339315508110380e-01
9.810608397515347079e+00 1.036340246721094704e+00
9.934811288646278271e+00 1.102101204695575376e+00
1.006083062716159304e+01 1.170905196818345484e+00
1.018869297831322562e+01 1.242632590499063383e+00
1.031842529586574031e+01 1.317551813189220322e+00
1.045005492777819001e+01 1.395911391318030992e+00
1.058360962196907451e+01 1.477850424784001859e+00
1.071911753216582142e+01 1.563434342485744422e+00
1.085660722383961563e+01 1.652790872232844599e+00
1.099610768022702878e+01 1.745390080388810716e+00
1.113764830843988207e+01 1.841042509361811907e+00
1.128125894566423071e+01 1.939588830954976917e+00
1.142696986545025872e+01 2.040911370072212350e+00
1.157481178409396883e+01 2.145045695220020754e+00
1.172481586711220736e+01 2.252469623947282784e+00
1.187701373581255737e+01 2.363245253260977119e+00
1.203143747395920116e+01 2.477134595766412595e+00
1.218811963453612712e+01 2.593826570561127642e+00
1.234709324660958174e+01 2.713161369164873271e+00
1.250839182229062629e+01 2.835302751386906905e+00
1.267204936379948066e+01 2.960731996497047547e+00
1.283810037063346599e+01 3.090253474661348143e+00
1.300657984683955526e+01 3.223780897777951182e+00
1.317752330839318731e+01 3.360561129168903260e+00
1.335096679068534620e+01 3.499660311971047655e+00
1.352694685611883685e+01 3.640521622587862716e+00
1.370550060181565222e+01 3.783351013454868461e+00
1.388666566743737896e+01 3.928955025080773211e+00
1.407048024311951195e+01 4.078323873121311394e+00
1.425698307752223393e+01 4.231717394439820978e+00
1.444621348599866018e+01 4.387890031739107854e+00
1.463821135888261082e+01 4.545909570809198108e+00
1.483301716989767272e+01 4.705275199245854800e+00
1.503067198468920651e+01 4.865829828183288797e+00
1.523121746948093680e+01 5.027809098498783769e+00
1.543469589985857304e+01 5.191789366107824044e+00
1.564115016968134597e+01 5.358495649037130271e+00
1.585062380012443484e+01 5.528383987067073235e+00
1.606316094885321988e+01 5.700929596660374798e+00
1.627880641933172257e+01 5.875234271747841852e+00
1.649760567026763169e+01 6.050651855958427916e+00
1.671960482519486746e+01 6.226931719186193703e+00
1.694485068219661272e+01 6.404200896244618413e+00
1.717339072377055942e+01 6.582837804684011473e+00
1.740527312683838801e+01 6.763278800909111155e+00
1.764054677290137008e+01 6.945703333281352698e+00
1.787926125834504276e+01 7.129896224304865804e+00
1.812146690489414524e+01 7.314966632856178208e+00
1.836721477022043914e+01 7.499652567739232722e+00
1.861655665870608800e+01 7.682479210838607742e+00
1.886954513236404907e+01 7.862054956186848464e+00
1.912623352191816650e+01 8.037271803774411083e+00
1.938667593804572675e+01 8.207411872827027111e+00
1.965092728278388989e+01 8.372399552178968918e+00
1.991904326110340762e+01 8.532767010678751873e+00
2.019108039265119814e+01 8.689048053617685952e+00
2.046709602366506076e+01 8.841558623569673259e+00
2.074714833906232059e+01 8.989596201943243159e+00
2.103129637470531677e+01 9.131318330532181449e+00
2.131960002984647318e+01 9.264156329178295124e+00
2.161212007975526106e+01 9.386136235605917477e+00
2.190891818852953321e+01 9.496492481313232759e+00
2.221005692209488913e+01 9.595505669575091545e+00
2.251559976139352770e+01 9.683912982939427039e+00
2.282561111576610813e+01 9.761968511301827078e+00
2.314015633652975978e+01 9.828938257254339561e+00
2.345930173075413450e+01 9.883534567588768027e+00
2.378311457523898298e+01 9.924935263876136560e+00
2.411166313069668377e+01 9.952894026527127735e+00
2.444501665614150809e+01 9.968092115949971799e+00
2.480265665567884881e+01 9.970840295722872781e+00
2.516236557142084251e+01 9.960790160293973017e+00
2.552733785788463194e+01 9.937513553496172491e+00
2.589765053031815967e+01 9.900214343985963339e+00
2.627338173088018181e+01 9.848400320181085021e+00
2.665461074512919737e+01 9.782352304338434834e+00
2.704141801875431028e+01 9.703530513909566224e+00
2.743388517455045417e+01 9.613601731490911462e+00
2.783209502964223603e+01 9.513965824715558739e+00
2.823613161295985563e+01 9.405499761868478359e+00
2.864608018297034775e+01 9.288486116199811349e+00
2.906202724566866635e+01 9.162864255929937585e+00
2.948406057283199289e+01 9.028570252283016018e+00
2.991226922054085335e+01 8.885785618609245873e+00
3.034674354797173024e+01 8.735018570378887404e+00
3.078757523646399008e+01 8.576851238971626046e+00
3.123485730886641676e+01 8.411869184968027824e+00
3.168868414916658338e+01 8.241041950387648640e+00
3.214915152240720886e+01 8.065540042116960961e+00
3.261635659489477490e+01 7.886379784053647590e+00
3.309039795470227574e+01 7.704651399768977171e+00
3.357137563247401602e+01 7.521173262665227455e+00
3.405939112253292222e+01 7.336498582611713282e+00
3.455454740429800609e+01 7.151033988874560876e+00
3.505694896401448801e+01 6.965266398662368630e+00
3.556670181680225795e+01 6.779801823301569108e+00
3.608391352902699367e+01 6.595477568377652311e+00
3.660869324099805766e+01 6.413283625229263762e+00
3.714115168999926908e+01 6.234131881722355217e+00
3.768140123365618166e+01 6.058799426525849796e+00
3.822955587364537422e+01 5.887804655201499315e+00
3.878573127975100476e+01 5.721475540342628285e+00
3.935004481427260714e+01 5.559880196053018864e+00
3.992261555679080232e+01 5.402988007815807237e+00
4.050356432929502404e+01 5.250773190385167766e+00
4.109301372167885802e+01 5.103168430492501351e+00
4.169108811760892763e+01 4.960272737981647140e+00
4.229791372077137623e+01 4.822175167570667220e+00
4.291361858150332864e+01 4.688966834172433984e+00
4.353833262381355240e+01 4.560725438026461909e+00
4.417218767279848635e+01 4.437418248040993163e+00
4.481531748245998870e+01 4.318912307497495107e+00
4.546785776392894718e+01 4.205005856905399853e+00
4.612994621410312135e+01 4.095454136086958741e+00
4.680172254470333115e+01 3.989896520571556415e+00
4.748332851175485558e+01 3.887736231406766052e+00
4.817490794550071342e+01 3.788616860961327326e+00
4.887660678075174303e+01 3.692101958223814151e+00
4.958857308768152450e+01 3.597915673863383734e+00
5.031095710307167224e+01 3.505915624087806215e+00
5.104391126201418416e+01 3.416060708764413256e+00
5.178759023007822293e+01 3.328398651474034686e+00
5.254215093594640251e+01 3.243010528516475421e+00
5.330775260452993081e+01 3.159940607507574217e+00
5.408455679056751109e+01 3.079158965999222897e+00
5.487272741271601717e+01 3.000569829067488481e+00
5.567243078814057355e+01 2.924061416917871803e+00
5.648383566760941221e+01 2.849535959219294590e+00
5.730711327110377340e+01 2.776873170457388351e+00
5.814243732394789532e+01 2.705959878087630166e+00
5.898998409346788208e+01 2.636792251919147567e+00
5.984993242618776321e+01 2.569393463090650087e+00
6.072246378556758373e+01 2.503828499630300186e+00
6.160776229029711004e+01 2.440166178550772891e+00
6.250601475314641675e+01 2.378451138734498649e+00
6.341741072038730209e+01 2.318683545924286715e+00
6.434214251179045618e+01 2.260841983517284604e+00
6.528040526120808806e+01 2.204870728683072212e+00
6.623239695775092173e+01 2.150687232172919572e+00
6.719831848756641079e+01 2.098214513615504817e+00
6.817837367622961153e+01 2.047377816226205738e+00
6.917276933175367049e+01 1.998126666060584311e+00
7.018171528822959715e+01 1.950410472950349750e+00
7.120542445010534038e+01 1.904178358915285640e+00
7.224411283711131659e+01 1.859390730323146945e+00
7.329799962984473893e+01 1.816003949332433365e+00
7.436730721602033611e+01 1.773963412665040096e+00
7.545226123739757895e+01 1.733201018040158248e+00
7.655309063739558439e+01 1.693638440647453169e+00
7.767002770940304401e+01 1.655187829609924499e+00
7.880330814579654941e+01 1.617765417178953502e+00
7.995317108767561365e+01 1.581287801011584282e+00
8.111985917532520318e+01 1.545680565653777983e+00
8.230361859941740477e+01 1.510865411635351929e+00
8.350469915296110912e+01 1.476771291483823800e+00
8.472335428401285640e+01 1.443333107173212504e+00
8.595984114915859209e+01 1.410501176615016172e+00
8.721442066777775892e+01 1.378232668718908149e+00
8.848735757710242922e+01 1.346494864280610937e+00
8.977892048808013215e+01 1.315272133287741285e+00
9.108938194205610728e+01 1.284552755135402569e+00
9.241901846828365308e+01 1.254328197092099195e+00
9.376811064227648274e+01 1.224597847990802624e+00
9.513694314501545080e+01 1.195365046383373819e+00
9.652580482301991083e+01 1.166637630711717000e+00
9.793498874929994713e+01 1.138423345526063724e+00
9.936479228519932860e+01 1.110735265014188178e+00
1.008155171431436941e+02 1.083578295560390314e+00
1.022874694503076825e+02 1.056967127888459146e+00
1.037809598132116520e+02 1.030914142882915607e+00
1.052963033832655526e+02 1.005428662561645536e+00
1.068338199232710508e+02 9.805207437170410101e-01
1.083938338748966572e+02 9.562006892969193705e-01
1.099766744271412620e+02 9.324811392836713786e-01
1.115826755857962382e+02 9.093735067495187785e-01
1.132121762439292070e+02 8.868860556780837623e-01
1.148655202533938109e+02 8.650261327992141425e-01
1.165430564973892729e+02 8.437971758389049004e-01
1.182451389640803541e+02 8.231974309902382325e-01
1.199721268212944665e+02 8.032296288357718694e-01
1.217243844923131633e+02 7.838949257264069548e-01
1.235022817327699727e+02 7.651896333364971436e-01
1.253061937086760906e+02 7.470992934904154836e-01
1.271365010755863096e+02 7.296030748861814796e-01
1.289935900589235587e+02 7.126876425126478232e-01
1.308778525354799456e+02 6.963313245758422365e-01
1.327896861161075321e+02 6.805080535554368648e-01
1.347294942296223041e+02 6.651902067878522340e-01
1.366976862079337138e+02 6.503499118694506809e-01
1.386946773724205570e+02 6.359583053000453789e-01
1.407208891215717017e+02 6.219860906874452589e-01
1.427767490199065605e+02 6.084024278078954406e-01
1.448626908881995234e+02 5.951775209240114384e-01
1.469791548950230151e+02 5.822859087040587189e-01
1.491265876496301530e+02 5.697053594485634864e-01
1.513054422961979242e+02 5.574135735304053263e-01
1.535161786094464844e+02 5.453925878746004319e-01
1.557592630916604151e+02 5.336273270332905216e-01
1.580351690711281378e+02 5.221063012024592664e-01
1.603443768020218556e+02 5.108188520588906600e-01
1.626873735657409554e+02 4.997542381592856575e-01
1.650646537737326014e+02 4.889052941626982896e-01
1.674767190718256415e+02 4.782701781185517698e-01
1.699240784460826035e+02 4.678475012732024041e-01
1.724072483302055048e+02 4.576368161968585868e-01
1.749267527145134409e+02 4.476381032273767380e-01
1.774831232565094581e+02 4.378525508544798828e-01
1.800768993930740294e+02 4.282801176813125776e-01
1.827086284542912722e+02 4.189220005932831614e-01
1.853788657789465617e+02 4.097757212767888513e-01
1.880881748317131610e+02 4.008405321792345988e-01
1.908371273220491560e+02 3.921169262490853402e-01
1.936263033248425245e+02 3.836042946357205441e-01
1.964562914028127238e+02 3.752998935329691643e-01
1.993276887307085588e+02 3.671994607251836129e-01
2.022411012213239871e+02 3.592989526060254013e-01
2.051971436533511337e+02 3.515937906449160821e-01
2.081964398011143942e+02 3.440791999331994089e-01
2.112396225661930202e+02 3.367509509767169229e-01
2.143273341109756700e+02 3.296032216875748322e-01
2.174602259941688374e+02 3.226309081695055148e-01
2.206389593082817271e+02 3.158275166299360226e-01
2.238642048191344713e+02 3.091862509407038995e-01
2.271366431073955994e+02 3.027011275045651262e-01
2.304569647121978733e+02 2.963667196229920475e-01
2.338258702768554826e+02 2.901767827921234999e-01
2.372440706967061033e+02 2.841255536308788243e-01
2.407122872691286091e+02 2.782075799700814978e-01
2.442312518457437136e+02 2.724173651361622150e-01
2.478017069868481315e+02 2.667495616011136272e-01
2.514244061181098289e+02 2.611991327489300851e-01
2.551001136895479249e+02 2.557611810584498047e-01
2.588296053368508751e+02 2.504305619338283995e-01
2.626136680450438234e+02 2.452025471055667705e-01
2.664531003145572186e+02 2.400725221904714823e-01
2.703487123297242647e+02 2.350364969957252914e-01
2.743013261297415397e+02 2.300908851009716427e-01
2.783117757821366354e+02 2.252324843178581948e-01
2.823809075587656139e+02 2.204582286766478549e-01
2.865095801143937706e+02 2.157654458914722018e-01
2.906986646678852821e+02 2.111519934312913183e-01
2.949490451860436337e+02 2.066160714241871699e-01
2.992616185701478457e+02 2.021561873047057201e-01
3.036372948452053606e+02 1.977704071450929191e-01
3.080769973519922473e+02 1.934574573819324295e-01
3.125816629418862362e+02 1.892160576698036778e-01
3.171522421745603424e+02 1.850452440832009715e-01
3.217896995185702167e+02 1.809440140266699859e-01
3.264950135548646131e+02 1.769117517135650464e-01
3.312691771832928112e+02 1.729479032984972409e-01
3.361131978321151905e+02 1.690525350460198584e-01
3.410280976705899434e+02 1.652254023592504006e-01
3.460149138246708276e+02 1.614663333511795196e-01
3.510746985958507480e+02 1.577753915696630260e-01
3.562085196832240399e+02 1.541524324191738682e-01
3.614174604087816647e+02 1.505974792444551014e-01
3.667026199460127600e+02 1.471104595533409831e-01
3.720651135518517094e+02 1.436912902602050235e-01
3.775060728020075089e+02 1.403399766635856638e-01
3.830266458297559211e+02 1.370565781629758950e-01
3.886279975682069221e+02 1.338411153917982710e-01
3.943113099961270223e+02 1.306931932528210272e-01
4.000777823873599459e+02 1.276124391536188896e-01
4.059286315638858014e+02 1.245982895686284647e-01
4.118650921526005391e+02 1.216502641351978609e-01
4.178884168458353088e+02 1.187677808588610412e-01
4.239998766656973999e+02 1.159501568643780123e-01
4.302007612322817636e+02 1.131965701788786166e-01
4.364923790357917142e+02 1.105062240384400152e-01
4.428760577126658973e+02 1.078782652840189066e-01
4.493531443257205069e+02 1.053119158131733263e-01
4.559250056484069091e+02 1.028062913908396603e-01
4.625930284532259975e+02 1.003607545661698713e-01
4.693586198043518607e+02 9.797428333669899736e-02
4.762232073545573030e+02 9.564592213219717809e-02
4.831882396464628187e+02 9.337434590315522864e-02
4.902551864182080976e+02 9.115825532857332880e-02
4.974255389135902305e+02 8.899646310586219189e-02
5.047008101967396669e+02 8.688767369965695597e-02
5.120825354714069135e+02 8.483071350265258825e-02
5.195722724049088583e+02 8.282437142008720887e-02
5.271716014568282844e+02 8.086743238696397773e-02
5.348821262125143221e+02 7.895855858713858588e-02
5.427054737214666602e+02 7.709647742579885110e-02
5.506432948406737751e+02 7.527990988150290441e-02
5.586972645829603152e+02 7.350765861540521640e-02
5.668690824704583520e+02 7.177875132637703826e-02
5.751604728932219359e+02 7.009219944264154234e-02
5.835731854731071735e+02 6.844694999650115241e-02
5.921089954329764851e+02 6.684200648156900237e-02
6.007697039712866172e+02 6.527622450679479438e-02
6.095571386421892157e+02 6.374838941680960325e-02
6.184731537411610134e+02 6.225735893264493226e-02
6.275196306962975541e+02 6.080213169019091368e-02
6.366984784653284350e+02 5.938171022774267616e-02
6.460116339384284174e+02 5.799523520598109244e-02
6.554610623469490065e+02 5.664183881409627641e-02
6.650487576781021062e+02 5.532067035155506518e-02
6.747767430957291026e+02 5.403087580503189435e-02
6.846470713672291595e+02 5.277161946682426552e-02
6.946618252967101625e+02 5.154204867393454015e-02
7.048231181645163588e+02 5.034136908624183698e-02
7.151330941731492885e+02 4.916880594705876767e-02
7.255939288997373069e+02 4.802367937019096783e-02
7.362078297551225887e+02 4.690537194166730095e-02
7.469770364496470165e+02 4.581321769845154990e-02
7.579038214657891785e+02 4.474660181429195721e-02
7.689904905376781699e+02 4.370494251892818177e-02
7.802393831376508615e+02 4.268766234334300802e-02
7.916528729699225551e+02 4.169416178083127505e-02
8.032333684714633364e+02 4.072386698018825441e-02
8.149833133202394038e+02 3.977616782347839774e-02
8.269051869508537038e+02 3.885051531172726419e-02
8.390015050777523129e+02 3.794631169364241080e-02
8.512748202260912649e+02 3.706306403188827647e-02
8.637277222703421558e+02 3.620023527079935938e-02
8.763628389808222892e+02 3.535737970678386882e-02
8.891828365781810817e+02 3.453408216946512316e-02
9.021904202960232624e+02 3.372991496477920070e-02
9.153883349517589068e+02 3.294448715793144022e-02
9.287793655258024046e+02 3.217736595355226437e-02
9.423663377492583777e+02 3.142812373991252239e-02
9.561521187001854969e+02 3.069633744892677485e-02
9.701396174086070232e+02 2.998163981560684338e-02
9.843317854703616376e+02 2.928363288496797778e-02
9.987316176699379184e+02 2.860194300770491777e-02
1.013342152612433665e+03 2.793617979829618458e-02
1.028166473364730564e+03 2.728591607687946147e-02
1.043207708106099290e+03 2.665075343239039357e-02
1.058469030788283362e+03 2.603033847221411859e-02
1.073953661805247748e+03 2.542430939240594018e-02
1.089664868672760122e+03 2.483234291444271283e-02
1.105605966717861065e+03 2.425414813623980384e-02
1.121780319778480816e+03 2.368940483739624334e-02
1.138191340913255544e+03 2.313779786357901894e-02
1.154842493121723010e+03 2.259901860434130466e-02
1.171737290075105648e+03 2.207276640591196090e-02
1.188879296857719055e+03 2.155875701393705421e-02
1.206272130719295546e+03 2.105671335812498574e-02
1.223919461838269854e+03 2.056636311665798605e-02
1.241825014096233417e+03 2.008744354800419060e-02
1.259992565863771688e+03 1.961969969349005791e-02
1.278425950797721271e+03 1.916287171238322332e-02
1.297129058650172283e+03 1.871670364563135860e-02
1.316105836089256172e+03 1.828094553177499887e-02
1.335360287531939775e+03 1.785535531890512784e-02
1.354896475989066630e+03 1.743969376519027142e-02
1.374718523922671920e+03 1.703372328912632072e-02
1.394830614115932576e+03 1.663721683820286457e-02
1.415236990555784587e+03 1.624995192847233580e-02
1.435941959328461735e+03 1.587170931017384962e-02
1.456949889528189260e+03 1.550227670018032231e-02
1.478265214179089980e+03 1.514152618980160389e-02
1.499892431170667578e+03 1.478929999592545202e-02
1.521836104206918662e+03 1.444539995934749146e-02
1.544100863769332591e+03 1.410967181128765582e-02
1.566691408094043027e+03 1.378196024440324352e-02
1.589612504163184212e+03 1.346210051833089671e-02
1.612868988710848498e+03 1.314990374663000186e-02
1.636465769243697196e+03 1.284520321209100743e-02
1.660407825076518066e+03 1.254785086192331325e-02
1.684700208382950677e+03 1.225770796999680126e-02
1.709348045261597463e+03 1.197464105420815300e-02
1.734356536817693723e+03 1.169852102046945244e-02
1.759730960260642405e+03 1.142919768922754167e-02
1.785476670017572360e+03 1.116651566354697617e-02
1.811599098863225208e+03 1.091030878616965766e-02
1.838103759066376824e+03 1.066040882136580839e-02
1.864996243553002842e+03 1.041665964997155920e-02
1.892282227086457624e+03 1.017891591291613697e-02
1.919967467464998890e+03 9.947054711161416526e-03
1.948057806736712109e+03 9.720924197270794029e-03
1.976559172432340347e+03 9.500377819253546033e-03
2.005477578816069126e+03 9.285265039949995580e-03
2.034819128154606460e+03 9.075415597682068639e-03
2.064590012004925029e+03 8.870633261231034364e-03
2.094796512520717442e+03 8.670750841592781213e-03
2.125445003778092087e+03 8.475627787277320926e-03
2.156541953120587550e+03 8.285112012723873029e-03
2.188093922523860329e+03 8.099052581147445085e-03
2.220107569980435528e+03 7.917302564481575392e-03
2.252589650904583323e+03 7.739718347020967115e-03
2.285547019557883687e+03 7.566161875542055590e-03
2.318986630495568534e+03 7.396491968986541876e-03
2.352915540034014157e+03 7.230577838386251233e-03
2.387340907739815520e+03 7.068300093942174803e-03
2.422269997940491976e+03 6.909547384160679220e-03
2.457710181257450131e+03 6.754215897445306482e-03
2.493668936161282545e+03 6.602208327870132121e-03
2.530153850549816980e+03 6.453436893402013722e-03
2.567172623349359128e+03 6.307818698432086230e-03
2.604733066139217499e+03 6.165275558870137243e-03
2.642843104800141191e+03 6.025735569852542703e-03
2.681510781186792428e+03 5.889108608650212365e-03
2.720744254824672225e+03 5.755328034339587256e-03
2.760551804631998039e+03 5.624346797772331388e-03
2.800941830666596616e+03 5.496109484415227439e-03
2.841922855898545095e+03 5.370565114037788648e-03
2.883503528008621288e+03 5.247672550829085569e-03
2.925692621213070197e+03 5.127400680547213041e-03
2.968499038115205622e+03 5.009711734138765429e-03
3.011931811583895524e+03 4.894561896700601322e-03
3.056000106659743324e+03 4.781904515044548692e-03
3.100713222489025156e+03 4.671699055286771332e-03
3.146080594285932420e+03 4.563907556522696710e-03
3.192111795323636670e+03 4.458498395593111195e-03
3.238816538954317366e+03 4.355438540722722345e-03
3.286204680658935104e+03 4.254696230935287038e-03
3.334286220126844455e+03 4.156240887253264196e-03
3.383071303365886251e+03 4.060032885995845144e-03
3.432570224843422693e+03 3.966026950250923187e-03
3.482793429658567220e+03 3.874171162075443382e-03
3.533751515746344921e+03 3.784426540050542936e-03
3.585455236114012678e+03 3.696751587607570964e-03
3.637915501110060632e+03 3.611106219803738790e-03
3.691143380726597115e+03 3.527455893865278323e-03
3.745150106935173881e+03 3.445772475004373232e-03
3.799947076057017966e+03 3.366013860952145678e-03
3.855545851167829369e+03 3.288129075249899072e-03
3.911958164537692028e+03 3.212074061112866162e-03
3.969195920106936683e+03 3.137807495861178776e-03
4.027271195997901941e+03 3.065288364317485248e-03
4.086196247063757710e+03 2.994476082720731562e-03
4.145983507474426915e+03 2.925330512625968875e-03
4.206645593340361302e+03 2.857815526586028783e-03
4.268195305374853888e+03 2.791892996586112924e-03
4.330645631595073610e+03 2.727523427459317001e-03
4.394009750062886269e+03 2.664668008390396262e-03
4.458301031665573646e+03 2.603288978250918248e-03
4.523533042937274331e+03 2.543349583734402265e-03
4.589719548921877504e+03 2.484813943241562760e-03
4.656874516077512453e+03 2.427647024857838669e-03
4.725012115223847104e+03 2.371814888469747293e-03
4.794146724532327426e+03 2.317284275445270075e-03
4.864292932560119880e+03 2.264022858102684478e-03
4.935465541328698237e+03 2.211999510143961012e-03
5.007679569447160247e+03 2.161184142387527138e-03
5.080950255281533828e+03 2.111546821104132339e-03
5.155293060170282843e+03 2.063059176963517524e-03
5.230723671686818307e+03 2.015693034390767836e-03
5.307258006950021809e+03 1.969420767864192307e-03
5.384912215982816633e+03 1.924215997201820638e-03
5.463702685120269962e+03 1.880053700898855901e-03
5.543646040467300736e+03 1.836909932647682892e-03
5.624759151407044556e+03 1.794760036876552004e-03
5.707059134160581380e+03 1.753579865509302151e-03
5.790563355398827298e+03 1.713346633628657929e-03
5.875289435907102416e+03 1.674038745801777195e-03
5.961255254303469883e+03 1.635635054686921958e-03
6.048478950811331742e+03 1.598113545700410171e-03
6.136978931087391175e+03 1.561453609580898318e-03
6.226773870105586866e+03 1.525635457080840203e-03
6.317882716097779848e+03 1.490639745639831329e-03
6.410324694552075016e+03 1.456447570536541225e-03
6.504119312269885995e+03 1.423040453483280423e-03
6.599286361482009852e+03 1.390400341536834807e-03
6.695845924025281420e+03 1.358509608235540858e-03
6.793818375580099200e+03 1.327351038309837559e-03
6.893224389969977892e+03 1.296907816254446767e-03
6.994084943524228038e+03 1.267163501493757515e-03
7.096421319504103849e+03 1.238102028961559319e-03
7.200255112594139064e+03 1.209707692916347534e-03
7.305608233458870927e+03 1.181965164839662418e-03
7.412502913366292887e+03 1.154859468292169632e-03
7.520961708879218349e+03 1.128375984354593100e-03
7.631007506614865633e+03 1.102500415075165826e-03
7.742663528074493115e+03 1.077218791322016173e-03
7.855953334543494748e+03 1.052517453293696191e-03
7.970900832063052803e+03 1.028383067830903556e-03
8.087530276475014944e+03 1.004802609181578831e-03
8.205866278539962877e+03 9.817633619185963008e-04
8.325933809130736336e+03 9.592528942269735667e-04
8.447758204501624277e+03 9.372590572148645389e-04
8.571365171634633953e+03 9.157699744723052371e-04
8.696780793664307566e+03 8.947740458209825151e-04
8.824031535381440335e+03 8.742599431703047212e-04
8.953144248817850894e+03 8.542166042038992421e-04
9.084146178912456890e+03 8.346332205809269943e-04
9.217064969260374710e+03 8.154992262549432946e-04
9.351928667946369387e+03 7.968042951808460440e-04
9.488765733463213110e+03 7.785383347042778082e-04
9.627605040717120573e+03 7.606914929343623535e-04
9.768475887120797779e+03 7.432541455289630623e-04
9.911407998775493979e+03 7.262168954166126154e-04
1.005643153674402129e+04 7.095705529673165465e-04
1.020357710341491111e+04 6.933061397441575222e-04
1.035287574896030856e+04 6.774148749597609914e-04
1.050435897788797411e+04 6.618881899969112324e-04
1.065805875568910960e+04 6.467177123183362551e-04
1.081400751558393313e+04 6.318952700077066706e-04
1.097223816536524464e+04 6.174128712037906582e-04
1.113278409434288369e+04 6.032627069089907881e-04
1.129567918038924290e+04 5.894371422527288577e-04
1.146095779708799091e+04 5.759287218036056744e-04
1.162865482098771281e+04 5.627301637324295253e-04
1.179880563896115018e+04 5.498343580389551677e-04
1.197144615567270557e+04 5.372343560629752601e-04
1.214661280115478439e+04 5.249233657617271686e-04
1.232434253849502420e+04 5.128947485006298164e-04
1.250467287163645233e+04 5.011420172853140158e-04
1.268764185329103384e+04 4.896588387822834506e-04
1.287328809296978943e+04 4.784390267821422502e-04
1.306165076512990345e+04 4.674765395359199369e-04
1.325276961744101936e+04 4.567654693947826271e-04
1.344668497917304558e+04 4.463000438498082850e-04
1.364343776970585350e+04 4.360746184168965214e-04
1.384306950716436950e+04 4.260836845884844858e-04
1.404562231717937539e+04 4.163218597903869857e-04
1.425113894177659859e+04 4.067838907050011542e-04
1.445966274839637299e+04 3.974646388045119339e-04
1.467123773904441259e+04 3.883590835899326235e-04
1.488590855957741041e+04 3.794623158547120751e-04
1.510372050912387385e+04 3.707695429905662069e-04
1.532471954964279576e+04 3.622760831640331946e-04
1.554895231562286972e+04 3.539773656626841623e-04
1.577646612392258976e+04 3.458689222579859526e-04
1.600730898375537618e+04 3.379463859823674801e-04
1.624152960682013145e+04 3.302054879363999166e-04
1.647917741758006377e+04 3.226420577708329768e-04
1.672030256369224662e+04 3.152520232156958823e-04
1.696495592658971145e+04 3.080314071516984838e-04
1.721318913221808543e+04 3.009763242768222994e-04
1.746505456192967540e+04 2.940829759991974574e-04
1.772060536353661155e+04 2.873476501372376367e-04
1.797989546252600121e+04 2.807667177294631035e-04
1.824297957343934104e+04 2.743366366299559165e-04
1.850991321141789376e+04 2.680539461430157984e-04
1.878075270391752201e+04 2.619152677726891559e-04
1.905555520259450714e+04 2.559172972526905978e-04
1.933437869536555081e+04 2.500568061599105479e-04
1.961728201864446964e+04 2.443306372168757958e-04
1.990432486975737629e+04 2.387357089321713328e-04
2.019556781953995596e+04 2.332690105055464438e-04
2.049107232511871553e+04 2.279276030169754934e-04
2.079090074287958123e+04 2.227086126386423545e-04
2.109511634162635164e+04 2.176092310283824155e-04
2.140378331593119583e+04 2.126267125416101810e-04
2.171696679968096942e+04 2.077583755968051213e-04
2.203473287982126203e+04 2.030016012206569895e-04
2.235714861030205429e+04 1.983538319938017236e-04
2.268428202622735989e+04 1.938125688505273588e-04
2.301620215821154125e+04 1.893753688062448028e-04
2.335297904694607860e+04 1.850398441342859779e-04
2.369468375797906629e+04 1.808036612177533987e-04
2.404138839671138339e+04 1.766645418737191144e-04
2.439316612361235093e+04 1.726202606137075459e-04
2.475009116965756402e+04 1.686686442207262085e-04
2.511223885199298456e+04 1.648075674910706246e-04
2.547968558982788818e+04 1.610349539164817245e-04
2.585250892056069642e+04 1.573487726463645574e-04
2.623078751614102657e+04 1.537470418997078010e-04
2.661460119967032006e+04 1.502278250997813691e-04
2.700403096224616093e+04 1.467892321570654700e-04
2.739915898005236158e+04 1.434294143622218197e-04
2.780006863169976350e+04 1.401465653308197105e-04
2.820684451582077963e+04 1.369389187717929353e-04
2.861957246892066541e+04 1.338047500511004473e-04
2.903833958349080785e+04 1.307423745036226555e-04
2.946323422638627380e+04 1.277501472941916429e-04
2.989434605747291425e+04 1.248264606705195537e-04
3.033176604854743709e+04 1.219697431598886460e-04
3.077558650253360247e+04 1.191784586294695287e-04
3.122590107295940470e+04 1.164511061369530678e-04
3.168280478372032303e+04 1.137862201391426440e-04
3.214639404913003818e+04 1.111823691924544743e-04
3.261676669426627632e+04 1.086381550907553821e-04
3.309402197561319190e+04 1.061522106911505980e-04
3.357826060200575739e+04 1.037232000007115855e-04
3.406958475588186411e+04 1.013498167269465794e-04
3.456809811484351667e+04 9.903078592064904102e-05
3.507390587353549199e+04 9.676486181725178293e-05
3.558711476584271441e+04 9.455082842038621191e-05
3.610783308741253131e+04 9.238749632336606780e-05
3.663617071850781213e+04 9.027370338721894772e-05
3.717223914719240565e+04 8.820831311568983618e-05
3.771615149285802909e+04 8.619021610619683436e-05
3.826802253009387641e+04 8.421832847439373422e-05
3.882796871290556737e+04 8.229159211428765659e-05
3.939610819928985438e+04 8.040897248589730481e-05
3.997256087616681907e+04 7.856945852219212462e-05
4.055744838467900263e+04 7.677206176015977405e-05
4.115089414585933991e+04 7.501581662851727612e-05
4.175302338667467120e+04 7.329978016326464283e-05
4.236396316645104525e+04 7.162303147257800427e-05
4.298384240368573955e+04 6.998467079756949495e-05
4.361279190325068339e+04 6.838381848110058892e-05
4.425094438399483624e+04 6.681961479448319738e-05
4.489843450674949418e+04 6.529121933393269828e-05
4.555539890274438949e+04 6.379781171823579837e-05
4.622197620243952406e+04 6.233859045825062401e-05
4.689830706477790955e+04 6.091277300261340507e-05
4.758453420686741447e+04 5.951959400823976921e-05
4.828080243409577088e+04 5.815830566552717198e-05
4.898725867068741354e+04 5.682817657249130718e-05
4.970405199070729577e+04 5.552849293732211949e-05
5.043133364951742260e+04 5.425855727632516458e-05
5.116925711569464329e+04 5.301768878393343736e-05
5.191797810341449804e+04 5.180522164573213252e-05
5.267765460530990094e+04 5.062050522323523639e-05
5.344844692581064010e+04 4.946290333989735929e-05
5.423051771496968286e+04 4.833179471454152466e-05
5.502403200278547592e+04 4.722657250509786531e-05
5.582915723402533331e+04 4.614664415991597489e-05
5.664606330355958198e+04 4.509143056288922161e-05
5.747492259221259155e+04 4.406036560905977266e-05
5.831591000313743280e+04 4.305289594410394833e-05
5.916920299872374017e+04 4.206848079043249550e-05
6.003498163804455544e+04 4.110659216231986649e-05
6.091342861485228786e+04 4.016671430646997912e-05
6.180472929613058659e+04 3.924834351651833233e-05
6.270907176120919758e+04 3.835098722545033842e-05
6.362664684145234060e+04 3.747416410892763332e-05
6.455764816052652168e+04 3.661740345164155312e-05
6.550227217525883316e+04 3.578024586771965667e-05
6.646071821709323558e+04 3.496224243925884895e-05
6.743318853415192279e+04 3.416295504079554105e-05
6.841988833391379740e+04 3.338195508214249403e-05
6.942102582651562989e+04 3.261882378705750860e-05
7.043681226868844533e+04 3.187315163339911285e-05
7.146746200833695184e+04 3.114453879222067647e-05
7.251319252976954158e+04 3.043259465832508670e-05
7.357422449959171354e+04 2.973693787913469404e-05
7.465078181326956837e+04 2.905719564706189546e-05
7.574309164237605000e+04 2.839300357459505794e-05
7.685138448252851958e+04 2.774400543376113147e-05
7.797589420202630572e+04 2.710985318346406431e-05
7.911685809120154590e+04 2.649020695565409663e-05
8.027451691249018768e+04 2.588473480452568236e-05
8.144911495123780333e+04 2.529311244712962746e-05
8.264090006724836712e+04 2.471502281284420710e-05
8.385012374708580319e+04 2.415015602660038963e-05
8.507704115714278305e+04 2.359820912090608439e-05
8.632191119748368510e+04 2.305888636881141870e-05
8.758499655647779582e+04 2.253189882308540958e-05
8.886656376623149845e+04 2.201696440581345552e-05
9.016688325883018842e+04 2.151380721270764189e-05
9.148622942340426380e+04 2.102215765294616141e-05
9.282488066402908589e+04 2.054175206002137376e-05
9.418311945847341849e+04 2.007233307031811844e-05
9.556123241780787066e+04 1.961364921883440978e-05
9.695951034688325308e+04 1.916545502965145384e-05
9.837824830569625192e+04 1.872751046464684910e-05
9.981774567165075860e+04 1.829958093236679572e-05
1.012783062027322158e+05 1.788143706415366808e-05
1.027602381016065920e+05 1.747285482182071430e-05
1.042638540806553065e+05 1.707361538957772657e-05
1.057894714279616892e+05 1.668350508359483093e-05
1.073374120742668165e+05 1.630231509388388754e-05
1.089080026608990447e+05 1.592984128117588350e-05
1.105015746087036969e+05 1.556588411199036191e-05
1.121184641879771079e+05 1.521024855134528887e-05
1.137590125894240628e+05 1.486274419206713607e-05
1.154235659961575730e+05 1.452318501918585438e-05
1.171124756567460572e+05 1.419138938932633864e-05
1.188260979593355296e+05 1.386717965754293984e-05
1.205647945068522677e+05 1.355038224110821540e-05
1.223289321933055762e+05 1.324082735038458836e-05
1.241188832812118926e+05 1.293834929510322119e-05
1.259350254801444826e+05 1.264278615748320686e-05
1.277777420264400280e+05 1.235397989726687301e-05
1.296474217640663264e+05 1.207177593431908274e-05
1.315444592266732943e+05 1.179602321254668537e-05
1.334692547208498290e+05 1.152657401971170480e-05
1.354222144105909974e+05 1.126328411342076836e-05
1.374037504030090931e+05 1.100601258989374341e-05
1.394142808352936117e+05 1.075462186918597365e-05
1.414542299629438203e+05 1.050897747337729263e-05
1.435240282492952247e+05 1.026894794776276378e-05
1.456241124563554768e+05 1.003440478645976886e-05
1.477549257369664847e+05 9.805222413806595212e-06
1.499169177283189201e+05 9.581278212229108241e-06
1.521105446468306181e+05 9.362452410224123743e-06
1.543362693844174792e+05 9.148628018119666857e-06
1.565945616061725596e+05 8.939690636385280194e-06
1.588858978494713083e+05 8.735528466509515913e-06
1.612107616245303652e+05 8.536032181058556071e-06
1.635696435164341528e+05 8.341095073831586329e-06
1.659630412886579288e+05 8.150612873883941506e-06
1.683914599881055183e+05 7.964483804812208723e-06
1.708554120516803523e+05 7.782608307151935256e-06
1.733554174144203134e+05 7.604889097140322409e-06
1.758920036192098341e+05 7.431231032580165916e-06
1.784657059281020483e+05 7.261541228937129201e-06
1.810770674352693022e+05 7.095728937594437486e-06
1.837266391816030955e+05 6.933705562488059381e-06
1.864149802709943324e+05 6.775384482350252992e-06
1.891426579883112863e+05 6.620681032515189792e-06
1.919102479191076709e+05 6.469512436621092271e-06
1.947183340710822667e+05 6.321797827327453655e-06
1.975675089973123104e+05 6.177458228242566757e-06
2.004583739212933579e+05 6.036416507566996423e-06
2.033915388638050354e+05 5.898597303553426561e-06
2.063676227716375433e+05 5.763926932646526549e-06
2.093872536482010328e+05 5.632333376818134937e-06
2.124510686860427377e+05 5.503746228324129765e-06
2.155597144013065554e+05 5.378096755466606308e-06
2.187138467701563204e+05 5.255317805011510757e-06
2.219141313671995304e+05 5.135343811847749946e-06
2.251612435059364943e+05 5.018110647386457562e-06
2.284558683812597010e+05 4.903555647875381117e-06
2.317987012140439183e+05 4.791617521259013704e-06
2.351904473978459428e+05 4.682236444746432004e-06
2.386318226477566641e+05 4.575353962114473886e-06
2.421235531514305621e+05 4.470913011446903603e-06
2.456663757223209250e+05 4.368857787878726464e-06
2.492610379551614169e+05 4.269133753103600032e-06
2.529082983837180363e+05 4.171687578407731013e-06
2.566089266408548865e+05 4.076467178116780440e-06
2.603637036209408543e+05 3.983421676294011187e-06
2.641734216446288046e+05 3.892501392045536883e-06
2.680388846260509454e+05 3.803657771839434978e-06
2.719609082424537628e+05 3.716843348588524259e-06
2.759403201063225861e+05 3.632011722062641556e-06
2.799779599400238949e+05 3.549117541589227068e-06
2.840746797529966570e+05 3.468116528262865360e-06
2.882313440215439186e+05 3.388965426506500102e-06
2.924488298712473479e+05 3.311621991731277027e-06
2.967280272620580508e+05 3.236044910357777063e-06
3.010698391760955565e+05 3.162193810006422388e-06
3.054751818081879755e+05 3.090029202957549472e-06
3.099449847592075821e+05 3.019512551420945682e-06
3.144801912322280114e+05 2.950606194338267253e-06
3.190817582315580803e+05 2.883273373992921524e-06
3.237506567646886688e+05 2.817478132751978487e-06
3.284878720471877023e+05 2.753185333024179624e-06
3.332944037105992902e+05 2.690360612200863230e-06
3.381712660133791505e+05 2.628970416954110606e-06
3.431194880549221998e+05 2.568981968193287106e-06
3.481401139927232871e+05 2.510363261120958169e-06
3.532342032627079170e+05 2.453083008894805234e-06
3.584028308027880266e+05 2.397110628148380165e-06
3.636470872797011398e+05 2.342416218961186703e-06
3.689680793191471603e+05 2.288970565590522016e-06
3.743669297393164015e+05 2.236745137691676784e-06
3.798447777878172928e+05 2.185712068404715134e-06
3.854027793820731458e+05 2.135844134591238480e-06
3.910421073532498558e+05 2.087114716434405414e-06
3.967639516937312437e+05 2.039497797068589414e-06
4.025695198082374991e+05 1.992967936474146136e-06
4.084600367686040699e+05 1.947500302262223638e-06
4.144367455722860759e+05 1.903070629784691864e-06
4.205009074046640308e+05 1.859655231929830500e-06
4.266538019051614101e+05 1.817230938131647914e-06
4.328967274372818065e+05 1.775775106546236425e-06
4.392310013625798165e+05 1.735265591900847856e-06
4.456579603186419699e+05 1.695680775903655359e-06
4.521789605011506937e+05 1.656999535804144369e-06
4.587953779500507517e+05 1.619201250629034382e-06
4.655086088399298023e+05 1.582265756580104864e-06
4.723200697746276855e+05 1.546173345450043737e-06
4.792311980861611664e+05 1.510904747035981719e-06
4.862434521380275837e+05 1.476441136761921484e-06
4.933583116329485201e+05 1.442764128835627942e-06
5.005772779251059401e+05 1.409855767470851213e-06
5.079018743369563599e+05 1.377698507019570847e-06
5.153336464806719450e+05 1.346275192593152541e-06
5.228741625842942158e+05 1.315569055676379347e-06
5.305250138226606650e+05 1.285563703950899692e-06
5.382878146531622624e+05 1.256243133804715619e-06
5.461642031564272474e+05 1.227591709867306047e-06
5.541558413819737034e+05 1.199594164560811118e-06
5.622644156989371404e+05 1.172235565229887838e-06
5.704916371519257082e+05 1.145501319742652760e-06
5.788392418220718391e+05 1.119377154175185639e-06
5.873089911933805561e+05 1.093849137822665779e-06
5.959026725244239205e+05 1.068903657163268221e-06
6.046220992254872108e+05 1.044527423911783924e-06
6.134691112412330694e+05 1.020707440866152298e-06
6.224455754389553331e+05 9.974310059335113034e-07
6.315533860025214963e+05 9.746856977515095043e-07
6.407944648320717970e+05 9.524593852533815808e-07
6.501707619495758554e+05 9.307402182953733373e-07
6.596842559103254462e+05 9.095166254702989440e-07
6.693369542204353493e+05 8.887772966551207785e-07
6.791308937604656676e+05 8.685111748603321155e-07
6.890681412152295234e+05 8.487074507282676473e-07
6.991507935099032475e+05 8.293555602044019646e-07
7.093809782525184564e+05 8.104451879765061871e-07
7.197608541829145979e+05 7.919662575459839829e-07
7.302926116282750154e+05 7.739089267504587980e-07
7.409784729653130053e+05 7.562635704981879900e-07
7.518206930892367382e+05 7.390207821928251849e-07
7.628215598895759322e+05 7.221713620207867492e-07
7.739833947329556104e+05 7.057063306684480799e-07
7.853085529529501218e+05 6.896169131874818250e-07
7.967994243470868096e+05 6.738945448594772646e-07
8.084584336811400717e+05 6.585308468565692740e-07
8.202880412008054554e+05 6.435176313603472616e-07
8.322907431508408627e+05 6.288468904951727784e-07
8.444690723018228309e+05 6.145108055252073550e-07
8.568255984845953062e+05 6.005017375783814777e-07
8.693629291325503727e+05 5.868122284965640992e-07
8.820837098318501376e+05 5.734349865570363432e-07
8.949906248796769651e+05 5.603628840466145550e-07
9.080863978506735293e+05 5.475889520102582095e-07
9.213737921716517303e+05 5.351063813564411320e-07
9.348556117047278676e+05 5.229085222927014470e-07
9.485347013389925705e+05 5.109888798694137365e-07
9.624139475908190943e+05 4.993411084891160709e-07
9.764962792129740119e+05 4.879590032085508073e-07
9.907846678126209881e+05 4.768364991468422465e-07
1.005282128478386672e+06 4.659676663525188999e-07
1.019991720416603959e+06 4.553467159799697452e-07
1.034916547596843098e+06 4.449679917935155113e-07
1.050059759406909579e+06 4.348259714848104572e-07
1.065424551317404257e+06 4.249152533245223647e-07
1.081014165556029882e+06 4.152305586470509622e-07
1.096831891791763948e+06 4.057667241349446183e-07
1.112881067829021020e+06 3.965187097227278266e-07
1.129165080311994301e+06 3.874815905090098616e-07
1.145687365439277841e+06 3.786505587752567303e-07
1.162451409688976826e+06 3.700209128074363806e-07
1.179460750554414466e+06 3.615880571746853417e-07
1.196718977290599374e+06 3.533474982340072520e-07
1.214229731671599904e+06 3.452948465416113356e-07
1.231996708759055007e+06 3.374258146759962234e-07
1.250023657681854209e+06 3.297362156309323640e-07
1.268314382427301491e+06 3.222219575783290969e-07
1.286872742643803824e+06 3.148790398458367573e-07
1.305702654455308570e+06 3.077035515685195140e-07
1.324808091287704185e+06 3.006916698873361452e-07
1.344193084707240341e+06 2.938396622981531962e-07
1.363861725271290401e+06 2.871438823172508061e-07
1.383818163391514914e+06 2.806007688441370918e-07
1.404066610209645238e+06 2.742068389386186853e-07
1.424611338486150373e+06 2.679586889105145501e-07
1.445456683501811698e+06 2.618529892423744764e-07
1.466607043972579995e+06 2.558864905037062175e-07
1.488066882977762260e+06 2.500560170930389010e-07
1.509840728901786497e+06 2.443584694085551759e-07
1.531933176389809232e+06 2.387908153552958854e-07
1.554348887317213463e+06 2.333500917248698001e-07
1.577092591773385415e+06 2.280334005745611983e-07
1.600169089059825055e+06 2.228379118886597409e-07
1.623583248702862998e+06 2.177608609931830381e-07
1.647340011481228517e+06 2.127995483437408472e-07
1.671444390468645142e+06 2.079513350427874769e-07
1.695901472091656411e+06 2.032136412790001099e-07
1.720716417202961398e+06 1.985839448358225542e-07
1.745894462170417188e+06 1.940597808820004539e-07
1.771440919982012827e+06 1.896387424693199775e-07
1.797361181367016630e+06 1.853184784471318108e-07
1.823660715933486121e+06 1.810966920997305242e-07
1.850345073322462151e+06 1.769711373778633806e-07
1.877419884379013907e+06 1.729396190510611641e-07
1.904890862340454943e+06 1.689999903134000279e-07
1.932763804041946540e+06 1.651501556269660051e-07
1.961044591139705852e+06 1.613880672400326934e-07
1.989739191352148540e+06 1.577117262196230056e-07
2.018853659719152609e+06 1.541191770683964666e-07
2.048394139879788272e+06 1.506085088024432643e-07
2.078366865368745755e+06 1.471778522884561853e-07
2.108778160931690596e+06 1.438253826805774886e-07
2.139634443859908264e+06 1.405493169833844249e-07
2.170942225344431121e+06 1.373479144514464313e-07
2.202708111850030255e+06 1.342194729782040829e-07
2.234938806509299669e+06 1.311623287625186919e-07
2.267641110537113622e+06 1.281748549419716237e-07
2.300821924665806349e+06 1.252554620781942707e-07
2.334488250601315871e+06 1.224025978151122805e-07
2.368647192500682548e+06 1.196147459959969830e-07
2.403305958471158054e+06 1.169055329241360249e-07
2.438471862091214396e+06 1.142756719202923584e-07
2.474152323953846935e+06 1.117261234858161441e-07
2.510354873232412152e+06 1.092580893210187272e-07
2.547087149269431829e+06 1.068729874196712478e-07
2.584356903188642114e+06 1.045724141478012253e-07
2.622171999530578963e+06 1.023580983693360184e-07
2.660540417912147474e+06 1.002318468976126373e-07
2.699470254710422363e+06 9.819548250495555644e-08
2.738969724771140609e+06 9.625077496923341797e-08
2.779047163142194040e+06 9.439937242741875102e-08
2.819711026832430623e+06 9.264272735873105953e-08
2.860969896596245002e+06 9.098202532107257514e-08
2.902832478744226042e+06 8.941811773373012897e-08
2.945307606980364304e+06 8.795146112567771541e-08
2.988404244266119786e+06 8.658206434711033767e-08
3.032131484711739700e+06 8.530944849766914944e-08
3.076498555495275650e+06 8.413261759216932622e-08
3.121514818809644319e+06 8.305004200619703799e-08
3.167189773838226683e+06 8.205965614304163461e-08
