4.638347206026201874e+00 9.233049340919496310e-04
4.702602317841572344e+00 1.055030083590193131e-03
4.767797150372983239e+00 1.218192611534050281e-03
4.833945446885373975e+00 1.420348327038515723e-03
4.901061151636692870e+00 1.674278211497103649e-03
4.969158412817463955e+00 1.993618061828199197e-03
5.038251585533189747e+00 2.394632275973560681e-03
5.108355234830531444e+00 2.900475468151519302e-03
5.179484138767614709e+00 3.544442490014109229e-03
5.251653291529272849e+00 4.356387346596159518e-03
5.324877906587913934e+00 5.379524068591316766e-03
5.399173419910553662e+00 6.679978087624075141e-03
5.474555493212703183e+00 8.324307307805169781e-03
5.551040017260008064e+00 1.038648503197047053e-02
5.628643115217998982e+00 1.295602837476285928e-02
5.707381146050893861e+00 1.617096428067612418e-02
5.787270707970185946e+00 2.013901210751087648e-02
5.868328641933496570e+00 2.499415260724888524e-02
5.950572035194806375e+00 3.088205764528181158e-02
6.034018224906437133e+00 3.798979645029841590e-02
6.118684801773745185e+00 4.641605019033361729e-02
6.204589613763387135e+00 5.629049944125907173e-02
6.291750769865659620e+00 6.773821069948482432e-02
6.380186643911902600e+00 8.091984665890088191e-02
6.469915878447843660e+00 9.583888657236272479e-02
6.560957388663449130e+00 1.125440491449724023e-01
6.653330366380261651e+00 1.310713484713314503e-01
6.747054284097194099e+00 1.515032677064674371e-01
6.842148899095331416e+00 1.737215285453625191e-01
6.938634257602776856e+00 1.976462220885011334e-01
7.036530699020578261e+00 2.232225731620250953e-01
7.135858860210200660e+00 2.504568381506849795e-01
7.236639679843950290e+00 2.793550220232165482e-01
7.338894402818854523e+00 3.098808147323271478e-01
7.442644584735115032e+00 3.420416407189734165e-01
7.547912096440178686e+00 3.757952457205044894e-01
7.654719128639132286e+00 4.111396512892121491e-01
7.763088196572519806e+00 4.479657344287153453e-01
7.873042144762743000e+00 4.863479344471374755e-01
7.984604151829614693e+00 5.265631192375805902e-01
8.097797735376589756e+00 5.689055453240479121e-01
8.212646756948311477e+00 6.135914055297034819e-01
8.329175427060649284e+00 6.608349897964186370e-01
8.447408310304421519e+00 7.109215789975474875e-01
8.567370330523674582e+00 7.640281665269569311e-01
8.689086776069618878e+00 8.201643783394557685e-01
8.812583305131584055e+00 8.793220854725686264e-01
8.937885951145826624e+00 9.416013103816238683e-01
9.065021128283394347e+00 1.007182096653891357e+00
9.194015637018390308e+00 1.076104452034651882e+00
9.324896669777555047e+00 1.148300429399824907e+00
9.457691816672477714e+00 1.223644441235384184e+00
9.592429071315772049e+00 1.302069328359836575e+00
9.729136836722066306e+00 1.383516640252057339e+00
9.867843931295602999e+00 1.468079906820512814e+00
1.000857959490516436e+01 1.555868685619691050e+00
1.015137349504786357e+01 1.646819062741102790e+00
1.029625573310326558e+01 1.740674834561335205e+00
1.044325685067879483e+01 1.837303234131028473e+00
1.059240783604793812e+01 1.936732733110445137e+00
1.074374013068278089e+01 2.039234255942297125e+00
1.089728563588182197e+01 2.144936217671024714e+00
1.105307671949501724e+01 2.253634285208984345e+00
1.121114622274693318e+01 2.365001103334798405e+00
1.137152746715972107e+01 2.478942961034745984e+00
1.153425426157749989e+01 2.595615050192416895e+00
1.169936090929336281e+01 2.714900139126797729e+00
1.186688221528045517e+01 2.836577520089945459e+00
1.203685349352917022e+01 2.960658983143241052e+00
1.220931057449136503e+01 3.087452954926034554e+00
1.238428981263341022e+01 3.217149397498568764e+00
1.256182809410000800e+01 3.349687606580688648e+00
1.274196284448984962e+01 3.484937484390758566e+00
1.292473203674488502e+01 3.622673004534551655e+00
1.311017419915536841e+01 3.762586510624928771e+00
1.329832842348161748e+01 3.904315834629344284e+00
1.348923437319458607e+01 4.047996873120554895e+00
1.368293229183726822e+01 4.194035443299457100e+00
1.387946301150790873e+01 4.342870873677631138e+00
1.407886796146772923e+01 4.493898890765461118e+00
1.428118917687424272e+01 4.645972800298714844e+00
1.448646930764236451e+01 4.798347063481199548e+00
1.469475162743521679e+01 4.951053279712069433e+00
1.490608004278635512e+01 5.104275594253447679e+00
1.512049910235523953e+01 5.258441808374618276e+00
1.533805400631847426e+01 5.414187555544401675e+00
1.555879061589785550e+01 5.572060758551790727e+00
1.578275546302833199e+01 5.732161888841702080e+00
1.600999576016693382e+01 5.893825763054963751e+00
1.624055941024516514e+01 6.056272144090854681e+00
1.647449501676742756e+01 6.219115754317457778e+00
1.671185189405648330e+01 6.382349650500545479e+00
1.695268007764914131e+01 6.546221392486090807e+00
1.719703033484396215e+01 6.711063187285558840e+00
1.744495417540318272e+01 6.877040251722979392e+00
1.769650386241088569e+01 7.043510030816567458e+00
1.795173242329051888e+01 7.209228738132019920e+00
1.821069366098313225e+01 7.373257063050963289e+00
1.847344216528901484e+01 7.535380934275475617e+00
1.874003332437566982e+01 7.695815072271404489e+00
1.901052333645368719e+01 7.854512486043107700e+00
1.928496922162334926e+01 8.011099892083411333e+00
1.956342883389492115e+01 8.164981466559220635e+00
1.984596087338418258e+01 8.315703394570379103e+00
2.013262489868679594e+01 8.462934014635198565e+00
2.042348133943324839e+01 8.605808774383174153e+00
2.071859150902777813e+01 8.743098432619270000e+00
2.101801761757332798e+01 8.873227957246047737e+00
2.132182278498554950e+01 8.994788275188659199e+00
2.163007105429880639e+01 9.106699753702368838e+00
2.194282740516665697e+01 9.208315619342803515e+00
2.226015776755947329e+01 9.299378175265738733e+00
2.258212903566309038e+01 9.379786570321114070e+00
2.290880908198005628e+01 9.449589030635271669e+00
2.324026677163723065e+01 9.508963308698323402e+00
2.357657197690311790e+01 9.558392339042965702e+00
2.391779559191692428e+01 9.598516070910232401e+00
2.426400954763311901e+01 9.629849700149591740e+00
2.461528682698505932e+01 9.652394664936728930e+00
2.497170148026973635e+01 9.665574091329602879e+00
2.533693378821371311e+01 9.668483593978915991e+00
2.569664264327549574e+01 9.660627433792818408e+00
2.606161486817117989e+01 9.642220111237556068e+00
2.643192747813571941e+01 9.613408921385994788e+00
2.680765861531468985e+01 9.574344612655123044e+00
2.718888756525321071e+01 9.525057699897658381e+00
2.757569477362681809e+01 9.465667282606718302e+00
2.796816186321667885e+01 9.396631198355439807e+00
2.836637165113342363e+01 9.318543129795864743e+00
2.877040816629308040e+01 9.232155954653370245e+00
2.918035666714830612e+01 9.138105457649263741e+00
2.959630365967944954e+01 9.036629145252980777e+00
3.001833691564890216e+01 8.927571705012292469e+00
3.044654549112215136e+01 8.810707121028892530e+00
3.088101974526044913e+01 8.686005246407866309e+00
3.132185135938768639e+01 8.553708269328334168e+00
3.176913335633695823e+01 8.414411051420565002e+00
3.222296012007992516e+01 8.268922427307508372e+00
3.268342741564313059e+01 8.117930632644666744e+00
3.315063240931668531e+01 7.961875826311882065e+00
3.362467368915693555e+01 7.801135035339043178e+00
3.410565128579132477e+01 7.636123826489068733e+00
3.459366669352565538e+01 7.467361597981089005e+00
3.508882289176155922e+01 7.295553113976863457e+00
3.559122436672664946e+01 7.121605338668947738e+00
3.610097713352291748e+01 6.946498825953382195e+00
3.661818875849788668e+01 6.771226551732366872e+00
3.714296838194251649e+01 6.596775900606411724e+00
3.767542674112196011e+01 6.424003162532970101e+00
3.821567619364279267e+01 6.253635972083344541e+00
3.876383074116238703e+01 6.086232083833978734e+00
3.932000605344537547e+01 5.922198835752610080e+00
3.988431949277148192e+01 5.761817362520282870e+00
4.045689013870125450e+01 5.605241034240993514e+00
4.103783881320374860e+01 5.452526782454592436e+00
4.162728810615186603e+01 5.303699541921250926e+00
4.222536240119124074e+01 5.158847891812238906e+00
4.283218790198672821e+01 5.018120609131418774e+00
4.344789265885385987e+01 4.881755845431435148e+00
4.407260659577948303e+01 4.750083323654974876e+00
4.470646153783778942e+01 4.623274016999170399e+00
4.534959123900808464e+01 4.501391879247623962e+00
4.600213141039836273e+01 4.384412027884841301e+00
4.666421974888314850e+01 4.272157788713579762e+00
4.733599596615969318e+01 4.164335313012892392e+00
4.801760181822937312e+01 4.060546385716591544e+00
4.870918113531093496e+01 3.960415949995705454e+00
4.941087985219059675e+01 3.863554176226927428e+00
5.012284603901697011e+01 3.769644512869922526e+00
5.084522993254631729e+01 3.678432975856511966e+00
5.157818396784492165e+01 3.589755677867500605e+00
5.232186281045585474e+01 3.503497606543128473e+00
5.307642338903527701e+01 3.419559627731615592e+00
5.384202492846750232e+01 3.337838709325622766e+00
5.461882898346399884e+01 3.258200552095552816e+00
5.540699947265400027e+01 3.180499968942104516e+00
5.620670271317455757e+01 3.104590912340173148e+00
5.701810745576543837e+01 3.030338827988081629e+00
5.784138492037899937e+01 2.957620708092345119e+00
5.867670883231018308e+01 2.886338717779092455e+00
5.952425545885534319e+01 2.816444084191144448e+00
6.038420364650834671e+01 2.747916308341324054e+00
6.125673485869862844e+01 2.680756236404254977e+00
6.214203321408488989e+01 2.614974767310418891e+00
6.304028552540569308e+01 2.550599646641961371e+00
6.395168133890087603e+01 2.487663690617559098e+00
6.487641297430866416e+01 2.426197582141834896e+00
6.581467556544835418e+01 2.366220541621770757e+00
6.676666710139727456e+01 2.307743921836646894e+00
6.773258846826901447e+01 2.250781401052897923e+00
6.871264349160421148e+01 2.195350088940229316e+00
6.970703897938113869e+01 2.141464666505419778e+00
7.071598476565540636e+01 2.089127471541908143e+00
7.173969375483902411e+01 2.038340178908340405e+00
7.277838196662601433e+01 1.989097123235395781e+00
7.383226858157657091e+01 1.941373862834655739e+00
7.490157598736794853e+01 1.895130648910819726e+00
7.598652982572154713e+01 1.850315926766877839e+00
7.708735904001783013e+01 1.806874348500179472e+00
7.820429592360632398e+01 1.764736813546726957e+00
7.933757616882387254e+01 1.723823734520885997e+00
8.048743891672961581e+01 1.684056761109191225e+00
8.165412680756762143e+01 1.645361932419685758e+00
8.283788603196842359e+01 1.607670131475689157e+00
8.403896638289879206e+01 1.570912350770126142e+00
8.525762130837250652e+01 1.535015319270035761e+00
8.649410796493211251e+01 1.499904637696011012e+00
8.774868727191307016e+01 1.465506015250086058e+00
8.902162396650277287e+01 1.431755347495273778e+00
9.031318665960343139e+01 1.398599114610810323e+00
9.162364789251431318e+01 1.365987217689648592e+00
9.295328419444209089e+01 1.333876360979532327e+00
9.430237614085312714e+01 1.302232019017766529e+00
9.567120841268025799e+01 1.271031353596938196e+00
9.706006985639407958e+01 1.240257834482136889e+00
9.846925354495530769e+01 1.209898462347513748e+00
9.989905683965746164e+01 1.179958589277634085e+00
1.013497814528753622e+02 1.150445578009464009e+00
1.028217335117319635e+02 1.121372002471861418e+00
1.043152236226952425e+02 1.092750941386871011e+00
1.058305669371219722e+02 1.064595033028658655e+00
1.073680832177598887e+02 1.036919185030248824e+00
1.089280969062227626e+02 1.009742576402036240e+00
1.105109371914539622e+02 9.830902010365027976e-01
1.121169380791885146e+02 9.569876319877526072e-01
1.137464384624368563e+02 9.314579741122521739e-01
1.153997821929946497e+02 9.065205820356665445e-01
1.170773181540022421e+02 8.821933453632864186e-01
1.187794003335647091e+02 8.584914001631791525e-01
1.205063878994488107e+02 8.354267707806641852e-01
1.222586452748747092e+02 8.130093558889639471e-01
1.240365422154134905e+02 7.912449611017657869e-01
1.258404538870130978e+02 7.701339426581410574e-01
1.276707609451641048e+02 7.496746418083208852e-01
1.295278496152242553e+02 7.298640170814825190e-01
1.314121117739196052e+02 7.106891823713203937e-01
1.333239450320351409e+02 6.921388277078549534e-01
1.352637528183187214e+02 6.741975768010398662e-01
1.372319444646108195e+02 6.568515090517597077e-01
1.392289352922201431e+02 6.400856442589006878e-01
1.412551466995644489e+02 6.238828918882191044e-01
1.433110062510910723e+02 6.082275881953684848e-01
1.453969477675011888e+02 5.931027918286395639e-01
1.475134114172929571e+02 5.784902525020843012e-01
1.496608438096441773e+02 5.643706628104367962e-01
1.518396980886553820e+02 5.507220453746954902e-01
1.540504340289692493e+02 5.375242250746493644e-01
1.562935181327915188e+02 5.247569972896630741e-01
1.585694237283308325e+02 5.124016998817192414e-01
1.608786310696784483e+02 5.004386756753064214e-01
1.632216274381514438e+02 4.888463785262261441e-01
1.655989072451136224e+02 4.776044395810459253e-01
1.680109721363092206e+02 4.666940531117237390e-01
1.704583310977148756e+02 4.560970330907568870e-01
1.729415005629455209e+02 4.457934211598689744e-01
1.754610045222318604e+02 4.357637155510056814e-01
1.780173746329872131e+02 4.259910231415817150e-01
1.806111503320010740e+02 4.164558643393140303e-01
1.832428789492652470e+02 4.071383408535280135e-01
1.859131158234713723e+02 3.980211077155776378e-01
1.886224244191977277e+02 3.890892586510691920e-01
1.913713764458059359e+02 3.803307664527940668e-01
1.941605519780860902e+02 3.717346663431437270e-01
1.969905395786583711e+02 3.632903015404270741e-01
1.998619364221708850e+02 3.549877893363995174e-01
2.027753484213153286e+02 3.468196480951338256e-01
2.057313903546801441e+02 3.387803987613466905e-01
2.087306859964844818e+02 3.308675524195242579e-01
2.117738682482008699e+02 3.230801069145233795e-01
2.148615792721095943e+02 3.154181098102698533e-01
2.179944706268072139e+02 3.078840896510735559e-01
2.211732034046914919e+02 3.004809006883924494e-01
2.243984483714693567e+02 2.932121735837739385e-01
2.276708861076945141e+02 2.860821764885995711e-01
2.309912071523832537e+02 2.790957364261139606e-01
2.343601121487315879e+02 2.722566354939641720e-01
2.377783119919573096e+02 2.655695058728335667e-01
2.412465279793175057e+02 2.590378350126590901e-01
2.447654919623095111e+02 2.526647167545031936e-01
2.483359465011047291e+02 2.464525038218548514e-01
2.519586450212440809e+02 2.404026231271026159e-01
2.556343519726177078e+02 2.345148000293479917e-01
2.593638429907832688e+02 2.287880177021113515e-01
2.631479050606330361e+02 2.232200260255727542e-01
2.669873366824627396e+02 2.178080670943546848e-01
2.708829480404690457e+02 2.125486380724420643e-01
2.748355611737098911e+02 2.074375387428582795e-01
2.788460101495719528e+02 2.024700492714479050e-01
2.829151412397687295e+02 1.976410146233828491e-01
2.870438130989206229e+02 1.929447990437249683e-01
2.912328969457447556e+02 1.883757282591066728e-01
2.954832767468956263e+02 1.839281862193421491e-01
2.997958494035008243e+02 1.795965772906584768e-01
3.041715249404143151e+02 1.753751342668175839e-01
3.086112266982564734e+02 1.712583188036654880e-01
3.131158915282470048e+02 1.672412368810198557e-01
3.176864699898984554e+02 1.633189166801207459e-01
3.223239265516037904e+02 1.594868949541673186e-01
3.270292397941467470e+02 1.557411727102378241e-01
3.318034026172091444e+02 1.520782959958973946e-01
3.366474224488813434e+02 1.484952298135232829e-01
3.415623214582490732e+02 1.449893457855589707e-01
3.465491367710912414e+02 1.415580084838320429e-01
3.516089206887231740e+02 1.381990530305437226e-01
3.567427409100591262e+02 1.349105386234743797e-01
3.619516807569072512e+02 1.316909508062465983e-01
3.672368394025713201e+02 1.285390301316303718e-01
3.725993321037975079e+02 1.254535371180770242e-01
3.780402904361040441e+02 1.224334832749068569e-01
3.835608625325729122e+02 1.194781980082350314e-01
3.891622133261175804e+02 1.165871092519460972e-01
3.948455247953052094e+02 1.137595370334936740e-01
4.006119962137772745e+02 1.109948364727606773e-01
4.064628444033084520e+02 1.082923435079974350e-01
4.123993039905865317e+02 1.056515034425923871e-01
4.184226276677312626e+02 1.030716662939613892e-01
4.245340864566356913e+02 1.005522145064368239e-01
4.307349699771769451e+02 9.809223194436034188e-02
4.370265867193378995e+02 9.569082098696234107e-02
4.434102643193330664e+02 9.334709180807103379e-02
4.498873498397513799e+02 9.106012469174937229e-02
4.564592100538137629e+02 8.882899697536682238e-02
4.631272317337870845e+02 8.665287020446767186e-02
4.698928219436081122e+02 8.453074952651937202e-02
4.767574083358087478e+02 8.246162018812457084e-02
4.837224394527652862e+02 8.044438581538405908e-02
4.907893850323692391e+02 7.847785784565318445e-02
4.979597363181663354e+02 7.656085060859008085e-02
5.052350063740317410e+02 7.469217152073263921e-02
5.126167304034569270e+02 7.287070035567684567e-02
5.201064660734961080e+02 7.109529946720963278e-02
5.277057938434652442e+02 6.936484483613379604e-02
5.354163172984432322e+02 6.767819388089134358e-02
5.432396634876552071e+02 6.603418329884937210e-02
5.511774832678109988e+02 6.443162097803716015e-02
5.592314516514528577e+02 6.286939663439139458e-02
5.674032681604261370e+02 6.134648763122135806e-02
5.756946571844939626e+02 5.986192390566370813e-02
5.841073683452171963e+02 5.841467011262403697e-02
5.926431768651590346e+02 5.700371153807025359e-02
6.013038839424721118e+02 5.562800147355816127e-02
6.100913171309998688e+02 5.428652400319020077e-02
6.190073307259063995e+02 5.297830943483224087e-02
6.280538061549697204e+02 5.170247936738360528e-02
6.372326523755973540e+02 5.045818481417134460e-02
6.465458062776375527e+02 4.924466626481721621e-02
6.559952330921098564e+02 4.806111281488503750e-02
6.655829268058901107e+02 4.690667846466246849e-02
6.753109105824785274e+02 4.578059774731500775e-02
6.851812371889277529e+02 4.468209868634406834e-02
6.951959894289943804e+02 4.361039275969472162e-02
7.053572805826661352e+02 4.256473454506481263e-02
7.156672548520830333e+02 4.154443060887479805e-02
7.261280878140061077e+02 4.054883391491465039e-02
7.367419868789054362e+02 3.957733097297193303e-02
7.475111917567448927e+02 3.862930237259174643e-02
7.584379749296198270e+02 3.770415765349467013e-02
7.695246421312704115e+02 3.680130155430551275e-02
7.807735328336386829e+02 3.592017026426665149e-02
7.921870207405396513e+02 3.506023601057221828e-02
8.037675142885370860e+02 3.422097448295267214e-02
8.155174571551850704e+02 3.340185930766487177e-02
8.274393287746681835e+02 3.260237283546267573e-02
8.395356448610079951e+02 3.182200464306323556e-02
8.518089579389301207e+02 3.106028522324105756e-02
8.642618578824692577e+02 3.031675419446887981e-02
8.768969724614993311e+02 2.959097883877828683e-02
8.897169678962200123e+02 2.888254416374771288e-02
9.027245494197798052e+02 2.819105886448077664e-02
9.159224618491255114e+02 2.751614289419274106e-02
9.293134901642019940e+02 2.685739158150656641e-02
9.429004600956369586e+02 2.621441245223704586e-02
9.566862387210055658e+02 2.558682116890613478e-02
9.706737350698402906e+02 2.497425552793457182e-02
9.848659007374818657e+02 2.437637116228966172e-02
9.992657305079136449e+02 2.379283222494962824e-02
1.013876262985721155e+03 2.322328956875652911e-02
1.028700581237265624e+03 2.266738835693575538e-02
1.043741813441290105e+03 2.212479750371869336e-02
1.059003133549002769e+03 2.159521277849716508e-02
1.074487761953825157e+03 2.107832205244158930e-02
1.090198966170974018e+03 2.057382939771473102e-02
1.106140061526930594e+03 2.008143998869132973e-02
1.122314411859057600e+03 1.960084932623039344e-02
1.138725430225415039e+03 1.913176413170544765e-02
1.155376579624957230e+03 1.867389619668002182e-02
1.172271373728313620e+03 1.822696169684339881e-02
1.189413377619198172e+03 1.779069890730939490e-02
1.206806208546733160e+03 1.736486598419537813e-02
1.224453536688734175e+03 1.694921711065817960e-02
1.242359085926164425e+03 1.654351437408418946e-02
1.260526634628972261e+03 1.614752834615944960e-02
1.278960016453346952e+03 1.576101875893218610e-02
1.297663121150723100e+03 1.538374066733771278e-02
1.316639895388565947e+03 1.501546311246636234e-02
1.335894343583167256e+03 1.465596101682313870e-02
1.355430528744684807e+03 1.430500585799458421e-02
1.375252573334458248e+03 1.396238754979142391e-02
1.395364660134958967e+03 1.362791500248690738e-02
1.415771033132407183e+03 1.330139812340746727e-02
1.436475998412310446e+03 1.298263917996711828e-02
1.457483925068156850e+03 1.267144577720383941e-02
1.478799246123321154e+03 1.236764858502708078e-02
1.500426459466548295e+03 1.207107799657019392e-02
1.522370128801065221e+03 1.178155847703448583e-02
1.544634884607580034e+03 1.149892700618655728e-02
1.567225425121434000e+03 1.122302550410059219e-02
1.590146517323957141e+03 1.095369864238400839e-02
1.613402997948425536e+03 1.069079046275448960e-02
1.636999774500673311e+03 1.043415178653819136e-02
1.660941826294647854e+03 1.018363794122050664e-02
1.685234205503136309e+03 9.939111504621993970e-03
1.709882038223876862e+03 9.700439790309735993e-03
1.734890525561226696e+03 9.467493795594864731e-03
1.760264944723699273e+03 9.240143396558923861e-03
1.786010650137519860e+03 9.018260220208813155e-03
1.812133074576513764e+03 8.801716960854140404e-03
1.838637730308526443e+03 8.590387921841819568e-03
1.865530210258590841e+03 8.384152033868077364e-03
1.892816189189103397e+03 8.182892793257023206e-03
1.920501424897350944e+03 7.986499800936101498e-03
1.948591759430433285e+03 7.794859284584405856e-03
1.977093120318093270e+03 7.607861609271114947e-03
2.006011521823502562e+03 7.425398160325908520e-03
2.035353066212339172e+03 7.247357231365735009e-03
2.065123945040530998e+03 7.073623938366375291e-03
2.095330440460711998e+03 6.904092063147329941e-03
2.125978926547914853e+03 6.738660100550552742e-03
2.157075870644586757e+03 6.577224376229191469e-03
2.188627834725276898e+03 6.419683576651543169e-03
2.220641476781388519e+03 6.265938857935594505e-03
2.253123552226051743e+03 6.115893494990393142e-03
2.286080915319689211e+03 5.969453109327350557e-03
2.319520520616360955e+03 5.826485897278525089e-03
2.353449424431252282e+03 5.686875740194085802e-03
2.387874786329750805e+03 5.550526279895698703e-03
2.422803870638149874e+03 5.417345529590195108e-03
2.458244047976613274e+03 5.287243810734152186e-03
2.494202796814471640e+03 5.160131838473826921e-03
2.530687705048273074e+03 5.035923521045707757e-03
2.567706471603024056e+03 4.914536238496452353e-03
2.605266908056715238e+03 4.795890290481781559e-03
2.643376940288759670e+03 4.679910251154439926e-03
2.682044610152461701e+03 4.566519678862951750e-03
2.721278077171947189e+03 4.455646546770474989e-03
2.761085620264035697e+03 4.347224229620545027e-03
2.801475639485137890e+03 4.241193909275157645e-03
2.842456657803892540e+03 4.137494370234777105e-03
2.884037322899619085e+03 4.036075703065290093e-03
2.926226408987082777e+03 3.936897370919388919e-03
2.969032818668094478e+03 3.839918704332328028e-03
3.012465584809998745e+03 3.745095727667268823e-03
3.056533872451853767e+03 3.652381847282771404e-03
3.101246980738366346e+03 3.561746635211773121e-03
3.146614344882135811e+03 3.473167025526649465e-03
3.192645538154719816e+03 3.386618169989145249e-03
3.239350273906657549e+03 3.302070508218983222e-03
3.286738407617248868e+03 3.219495037397223508e-03
3.334819938974160777e+03 3.138877686404374298e-03
3.383605013983522440e+03 3.060197541909096333e-03
3.433103927110959830e+03 2.983429915681448316e-03
3.483327123453824242e+03 2.908548396156641729e-03
3.534285200945352699e+03 2.835528096509132637e-03
3.585988912590987638e+03 2.764342513843628599e-03
3.638449168737379750e+03 2.694964027548180097e-03
3.691677039374769720e+03 2.627364441166477570e-03
3.745683756472814366e+03 2.561515120314761078e-03
3.800480716350817602e+03 2.497383212813237240e-03
3.856079482082529921e+03 2.434932712877177323e-03
3.912491785936056203e+03 2.374127702856354896e-03
3.969729531849717659e+03 2.314931090313884950e-03
4.027804797943816538e+03 2.257304585913326445e-03
4.086729839069455011e+03 2.201209068001057020e-03
4.146517089394459617e+03 2.146604793208409419e-03
4.207179165027151612e+03 2.093463451126213043e-03
4.268728866678666236e+03 2.041747694646390762e-03
4.331179182363981454e+03 1.991413255386357932e-03
4.394543290142739352e+03 1.942416237449460029e-03
4.458834560899966164e+03 1.894714348607685721e-03
4.524066561167513100e+03 1.848266852350514272e-03
4.590253055986945583e+03 1.803034031919855014e-03
4.657408011814038218e+03 1.758977162113992479e-03
4.725545599466066960e+03 1.716059362717609234e-03
4.794680197112053065e+03 1.674244305822750883e-03
4.864826393306704631e+03 1.633497146144012070e-03
4.935998990068993407e+03 1.593785476860204442e-03
5.008213006005486932e+03 1.555078791868533955e-03
5.081483679479641978e+03 1.517345405493308874e-03
5.155826471827313981e+03 1.480557375364218407e-03
5.231257070619267324e+03 1.444685809941669528e-03
5.307791392971698770e+03 1.409702238245788206e-03
5.385445588904807664e+03 1.375580972176552313e-03
5.464236044750894507e+03 1.342299593847270760e-03
5.544179386612076996e+03 1.309837855036942618e-03
5.625292483868644013e+03 1.278171675804062705e-03
5.707592452738786960e+03 1.247277268302789469e-03
5.791096659890492447e+03 1.217134264283136966e-03
5.875822726106109258e+03 1.187725076533523161e-03
5.961788530000683750e+03 1.159032430650568102e-03
6.049012211794558425e+03 1.131034778564808489e-03
6.137512177141330540e+03 1.103714161194665686e-03
6.227307101011788291e+03 1.077054193888061888e-03
6.318415931634598564e+03 1.051038884328198576e-03
6.410857894494620268e+03 1.025652626388302499e-03
6.504652496389978296e+03 1.000880192473021461e-03
6.599819529548129140e+03 9.767067255298739550e-04
6.696379075802522493e+03 9.531177323951461194e-04
6.794351510830117149e+03 9.300990694454131652e-04
6.893757508450942623e+03 9.076369346008865586e-04
6.994618044990768794e+03 8.857178562206276598e-04
7.096954403707261008e+03 8.643286906762554823e-04
7.200788179281308658e+03 8.434566116426937647e-04
7.306141282373753711e+03 8.230891096196162743e-04
7.413035944248839769e+03 8.032139753202075134e-04
7.521494721465574912e+03 7.838192967877816858e-04
7.631540500637314835e+03 7.648934447374456519e-04
7.743196503261404359e+03 7.464250738083316218e-04
7.856486290619260217e+03 7.284031121278524389e-04
7.971433768748031071e+03 7.108167603109396063e-04
8.088063193485475495e+03 6.936554797652878801e-04
8.206399175588019716e+03 6.769089880206352952e-04
8.326466685924295234e+03 6.605672477607571480e-04
8.448291060744315473e+03 6.446204650405276161e-04
8.571898007025751212e+03 6.290590829077938664e-04
8.697313607898744522e+03 6.138737776943243261e-04
8.824564328149624998e+03 5.990554529677481928e-04
8.953677019805681994e+03 5.845952321631682838e-04
9.084678927801240206e+03 5.704844521933847418e-04
9.217597695726746679e+03 5.567146581974646673e-04
9.352461371662240708e+03 5.432776007172042745e-04
9.489298414095690532e+03 5.301652299944561823e-04
9.628137697928441412e+03 5.173696942729357449e-04
9.769008520568257154e+03 5.048833305159282359e-04
9.911940608111372057e+03 4.926986615977528919e-04
1.005696412161550688e+04 4.808083885210760917e-04
1.020410966346403620e+04 4.692053902968136309e-04
1.035340828382386462e+04 4.578827171974591409e-04
1.050489148719743935e+04 4.468335912037801547e-04
1.065859123907056892e+04 4.360513971088497264e-04
1.081453997265799626e+04 4.255296808798113110e-04
1.097277059574697705e+04 4.152621416539869440e-04
1.113331649764171380e+04 4.052426319779431699e-04
1.129621155620888567e+04 3.954651527699058929e-04
1.146149014502636237e+04 3.859238518655510111e-04
1.162918714063684456e+04 3.766130189967770592e-04
1.179933792990710572e+04 3.675270822402069201e-04
1.197197841749549480e+04 3.586606030919201656e-04
1.214714503342826538e+04 3.500082742966669370e-04
1.232487474078682317e+04 3.415649172192238969e-04
1.250520504350786905e+04 3.333254789739449088e-04
1.268817399429694524e+04 3.252850303459922394e-04
1.287382020265856409e+04 3.174387608534433650e-04
1.306218284304329791e+04 3.097819762410726485e-04
1.325330166311408721e+04 3.023100945252115215e-04
1.344721699213403735e+04 2.950186452323672916e-04
1.364396974947611488e+04 2.879032654986262828e-04
1.384360145325824487e+04 2.809597002496281443e-04
1.404615422910410234e+04 2.741837962980653558e-04
1.425167081903220242e+04 2.675715017155791062e-04
1.446019459047556120e+04 2.611188605962234781e-04
1.467176954543247848e+04 2.548220135334749396e-04
1.488644032975210575e+04 2.486771940313863265e-04
1.510425224255531975e+04 2.426807281724211243e-04
1.532525124579334806e+04 2.368290306438175941e-04
1.554948397394702624e+04 2.311186032128295046e-04
1.577699774386686113e+04 2.255460310248681927e-04
1.600784056475817852e+04 2.201079819785269065e-04
1.624206114831165723e+04 2.148012045112021682e-04
1.647970891898217815e+04 2.096225262728540917e-04
1.672083402441834551e+04 2.045688521572612290e-04
1.696548734604461424e+04 1.996371617858526317e-04
1.721372050979789492e+04 1.948245074373379342e-04
1.746558589702166137e+04 1.901280121748168388e-04
1.772113665551907980e+04 1.855448689015166529e-04
1.798042671076816259e+04 1.810723382970360045e-04
1.824351077730117322e+04 1.767077483826274761e-04
1.851044437025001389e+04 1.724484912979379466e-04
1.878128381706103391e+04 1.682920225036693999e-04
1.905608626938088491e+04 1.642358579972285921e-04
1.933490971511648240e+04 1.602775742921499786e-04
1.961781299067171858e+04 1.564148061043057125e-04
1.990485579336263982e+04 1.526452465198794607e-04
2.019609869401470132e+04 1.489666439521968467e-04
2.049160314974405264e+04 1.453768016470286103e-04
2.079143151692609899e+04 1.418735749519221606e-04
2.109564706435396511e+04 1.384548714074147454e-04
2.140431398658898979e+04 1.351186489851486511e-04
2.171749741750704197e+04 1.318629155739105838e-04
2.203526344404256452e+04 1.286857273085571492e-04
2.235767912013422392e+04 1.255851873737374004e-04
2.268481248087456333e+04 1.225594443720047456e-04
2.301673255686628909e+04 1.196066915481363213e-04
2.335350938878907618e+04 1.167251658887488415e-04
2.369521404217902455e+04 1.139131470851849522e-04
2.404191862242485149e+04 1.111689569012133541e-04
2.439369628998353801e+04 1.084909574664482887e-04
2.475062127581815366e+04 1.058775505057491569e-04
2.511276889706196016e+04 1.033271759214098810e-04
2.548021557291133649e+04 1.008383115600310965e-04
2.585303884075162568e+04 9.840947179463340301e-05
2.623131737251917730e+04 9.603920768825777946e-05
2.661513099130196133e+04 9.372610495035458992e-05
2.700456068818390122e+04 9.146878375660072924e-05
2.739968863933495231e+04 8.926589697884069726e-05
2.780059822335188073e+04 8.711613029944683447e-05
2.820737403885283493e+04 8.501820099706449687e-05
2.862010192232859481e+04 8.297085782863942126e-05
2.903886896625584268e+04 8.097287968572249636e-05
2.946376353747474786e+04 7.902307509510451099e-05
2.989487529583603464e+04 7.712028097267927982e-05
3.033229521312106590e+04 7.526336239879711587e-05
3.077611559223802760e+04 7.345121185025211543e-05
3.122643008669911433e+04 7.168274872240048071e-05
3.168333372038378366e+04 6.995691869639172585e-05
3.214692290758944000e+04 6.827269287604112794e-05
3.261729547337731856e+04 6.662906712337523293e-05
3.309455067421482818e+04 6.502506138519566822e-05
3.357878921891994105e+04 6.345971937917838177e-05
3.407011328991332266e+04 6.193210784394021515e-05
3.456862656477948622e+04 6.044131644735952673e-05
3.507443423814546259e+04 5.898645666299747684e-05
3.558764304387816810e+04 5.756666155823771331e-05
3.610836127760668751e+04 5.618108479302918882e-05
3.663669881957534380e+04 5.482890062029729039e-05
3.717276715782918473e+04 5.350930309486575309e-05
3.771667941174084990e+04 5.222150613111610365e-05
3.826855035588017199e+04 5.096474246585395692e-05
3.882849644423310383e+04 4.973826350662154247e-05
3.939663583477649809e+04 4.854133841362213899e-05
3.997308841441018740e+04 4.737325411498428561e-05
4.055797582425620931e+04 4.623331469928463277e-05
4.115142148532666761e+04 4.512084123070735542e-05
4.175355062456728047e+04 4.403517119664710345e-05
4.236449030128266895e+04 4.297565810259515234e-05
4.298436943394834816e+04 4.194167093435886254e-05
4.361331882741420122e+04 4.093259387739540153e-05
4.425147120050678495e+04 3.994782600927153631e-05
4.489896121403468715e+04 3.898678092287743892e-05
4.555592549920458987e+04 3.804888654123115893e-05
4.622250268645309552e+04 3.713358452512913036e-05
4.689883343469950341e+04 3.624033004198472761e-05
4.758506046102759865e+04 3.536859125442311106e-05
4.828132857080070244e+04 3.451784924473781440e-05
4.898778468821843126e+04 3.368759752477197555e-05
4.970457788732062181e+04 3.287734208853222858e-05
5.043185942344375508e+04 3.208660073687175074e-05
5.116978276513878518e+04 3.131490300431303978e-05
5.191850362655498611e+04 3.056178958289854260e-05
5.267818000029862742e+04 2.982681232805971271e-05
5.344897219077243790e+04 2.910953385341588260e-05
5.423104284800196911e+04 2.840952748571097248e-05
5.502455700195781537e+04 2.772637681317885678e-05
5.582968209737904544e+04 2.705967552093174007e-05
5.664658802910731902e+04 2.640902697294880133e-05
5.747544717793795280e+04 2.577404412902863855e-05
5.831643444699447718e+04 2.515434927897216948e-05
5.916972729863661516e+04 2.454957386892735204e-05
6.003550579190702410e+04 2.395935830136328897e-05
6.091395262052729959e+04 2.338335163742678033e-05
6.180525315144981141e+04 2.282121138623535630e-05
6.270959546397258237e+04 2.227260326070445821e-05
6.362717038942765066e+04 2.173720107398631734e-05
6.455817155144884600e+04 2.121468646586988321e-05
6.550279540683012601e+04 2.070474889351227744e-05
6.646124128698180721e+04 2.020708523834346092e-05
6.743371143999202468e+04 1.972139975591039084e-05
6.842041107330498926e+04 1.924740371444322383e-05
6.942154839702237223e+04 1.878481539738425816e-05
7.043733466783959011e+04 1.833335983495296064e-05
7.146798423362517497e+04 1.789276881794500066e-05
7.251371457865080447e+04 1.746278055186094226e-05
7.357474636948478292e+04 1.704313960356437817e-05
7.465130350155544875e+04 1.663359660481699657e-05
7.574361314639740158e+04 1.623390823613506822e-05
7.685190579958911985e+04 1.584383702580656657e-05
7.797641532939051103e+04 1.546315128125782265e-05
7.911737902609363664e+04 1.509162490789949678e-05
8.027503765209387348e+04 1.472903727097513887e-05
8.144963549269553914e+04 1.437517301956094215e-05
8.264142040766082937e+04 1.402982198368895683e-05
8.385064388351124944e+04 1.369277906973174477e-05
8.507756108659639722e+04 1.336384412273002172e-05
8.632243091693699535e+04 1.304282187526877089e-05
8.758551606285801972e+04 1.272952174090608674e-05
8.886708305642088817e+04 1.242375774725003703e-05
9.016740232966536132e+04 1.212534835035893109e-05
9.148674827167557669e+04 1.183411640928808822e-05
9.282539928647990746e+04 1.154988902190010383e-05
9.418363785179948900e+04 1.127249753303341832e-05
9.556175057865654526e+04 1.100177731839926205e-05
9.696002827185286151e+04 1.073756775273736360e-05
9.837876599133532727e+04 1.047971202407581390e-05
9.981826311445735337e+04 1.022805712258786676e-05
1.012788233991531451e+05 9.982453706506623243e-06
1.027607550480366335e+05 9.742756083849489512e-06
1.042643707734365453e+05 9.508822061741864279e-06
1.057899878633826593e+05 9.280512891610542814e-06
1.073379282485617150e+05 9.057693129610928939e-06
1.089085185702470189e+05 8.840230605073804131e-06
1.105020902492279565e+05 8.627996328793302724e-06
1.121189795557441539e+05 8.420864429357952476e-06
1.137595276804428140e+05 8.218712091332394047e-06
1.154240808063785516e+05 8.021419451987205377e-06
1.171129901820605592e+05 7.828869535542161905e-06
1.188266121955747221e+05 7.640948163895828278e-06
1.205653084497863165e+05 7.457543922791925030e-06
1.223294458386427432e+05 7.278548061688074110e-06
1.241193966245976335e+05 7.103854498981185793e-06
1.259355385171605740e+05 6.933359686645149480e-06
1.277782547526035778e+05 6.766962591336964214e-06
1.296479341748288280e+05 6.604564577625793005e-06
1.315449713174196950e+05 6.446069400578321020e-06
1.334697664868975990e+05 6.291383118109365063e-06
1.354227258471890236e+05 6.140414089297402877e-06
1.374042615053367335e+05 5.993072865268494608e-06
1.394147915984597639e+05 5.849272166497500661e-06
1.414547403819857573e+05 5.708926788564146670e-06
1.435245383191776054e+05 5.571953588449473759e-06
1.456246221719692985e+05 5.438271418751702314e-06
1.477554350931279769e+05 5.307801101589980364e-06
1.499174267197684676e+05 5.180465369987562326e-06
1.521110532682316552e+05 5.056188820353016726e-06
1.543367776303553255e+05 4.934897855401101778e-06
1.565950694711533433e+05 4.816520645966704088e-06
1.588864053279207728e+05 4.700987095620010178e-06
1.612112687107925885e+05 4.588228790067787203e-06
1.635701502047706163e+05 4.478178984465005586e-06
1.659635475732460036e+05 4.370772531000288128e-06
1.683919658630374470e+05 4.265945860579534030e-06
1.708559175109619391e+05 4.163636915059569721e-06
1.733559224519696436e+05 4.063785138711594960e-06
1.758925082288559352e+05 3.966331423459716751e-06
1.784662101035837550e+05 3.871218107787805890e-06
1.810775711702337430e+05 3.778388908522695670e-06
1.837271424696045578e+05 3.687788907058265036e-06
1.864154831054926908e+05 3.599364490184762814e-06
1.891431603626707511e+05 3.513063341121286842e-06
1.919107498265953327e+05 3.428834395580110459e-06
1.947188355048666999e+05 3.346627834062355418e-06
1.975680099504621758e+05 3.266395032043387944e-06
2.004588743867758312e+05 3.188088541476736252e-06
2.033920388344844687e+05 3.111662044470631154e-06
2.063681222402737767e+05 3.037070341009457113e-06
2.093877526074480556e+05 2.964269317445715636e-06
2.124515671284469718e+05 2.893215922944862334e-06
2.155602123193053994e+05 2.823868150985389062e-06
2.187143441560765496e+05 2.756185003277656438e-06
2.219146282132555789e+05 2.690126469695491200e-06
2.251617398042289133e+05 2.625653495374983691e-06
2.284563641237734701e+05 2.562727968983064599e-06
2.317991963926466997e+05 2.501312689442859169e-06
2.351909420042863931e+05 2.441371365384379559e-06
2.386323166736627754e+05 2.382868572358983161e-06
2.421240465883077413e+05 2.325769744527546702e-06
2.456668685615503346e+05 2.270041137352856044e-06
2.492615301879981125e+05 2.215649821833205773e-06
2.529087900012890750e+05 2.162563656181097058e-06
2.566094176341574930e+05 2.110751282734874207e-06
2.603641939808405587e+05 2.060182094150112702e-06
2.641739113618574920e+05 2.010826223781727790e-06
2.680393736912048189e+05 1.962654516197012702e-06
2.719613966459914227e+05 1.915638519295376053e-06
2.759408078385631088e+05 1.869750463051282613e-06
2.799784469911446795e+05 1.824963249402382457e-06
2.840751661130313878e+05 1.781250433608081010e-06
2.882318296803803532e+05 1.738586207739547230e-06
2.924493148186253384e+05 1.696945382389087432e-06
2.967285114875672734e+05 1.656303372330511069e-06
3.010703226691734744e+05 1.616636184640499928e-06
3.054756645581174525e+05 1.577920399992790114e-06
3.099454667551146122e+05 1.540133170199154094e-06
3.144806724630794488e+05 1.503252192908760342e-06
3.190822386861594860e+05 1.467255706198653325e-06
3.237511364316816907e+05 1.432122464942154304e-06
3.284883509150477475e+05 1.397831737169675752e-06
3.332948817676333128e+05 1.364363286083259135e-06
3.381717432477228576e+05 1.331697368159812328e-06
3.431199644545377232e+05 1.299814711990918785e-06
3.481405895453965641e+05 1.268696512384201729e-06
3.532346779560463619e+05 1.238324411794733957e-06
3.584033046242175042e+05 1.208680495254405542e-06
3.636475602164635784e+05 1.179747276142444556e-06
3.689685513582979329e+05 1.151507692875525717e-06
3.743674008677212987e+05 1.123945092622555703e-06
3.798452479921500199e+05 1.097043224717369068e-06
3.854032486488124123e+05 1.070786226298827920e-06
3.910425756686765817e+05 1.045158616204774853e-06
3.967644190439254162e+05 1.020145284936669499e-06
4.025699861790756113e+05 9.957314857356593612e-07
4.084605021457558614e+05 9.719028292940703106e-07
4.144372099412116222e+05 9.486452710515403791e-07
4.205013707506106002e+05 9.259451052660135900e-07
4.266542642131605535e+05 9.037889527957725038e-07
4.328971886921459227e+05 8.821637570503124097e-07
4.392314615488991840e+05 8.610567729849108519e-07
4.456584194207811961e+05 8.404555659978923761e-07
4.521794185032457463e+05 8.203479986314345286e-07
4.587958348360054661e+05 8.007222269753463297e-07
4.655090645934125059e+05 7.815666889126463755e-07
4.723205243790677050e+05 7.628701008973156751e-07
4.792316515247453353e+05 7.446214489180349728e-07
4.862439043936967500e+05 7.268099864644950642e-07
4.933587626883938792e+05 7.094252243009960761e-07
5.005777277627654839e+05 6.924569264230221911e-07
5.079023229390110937e+05 6.758951010216117023e-07
5.153340938290420454e+05 6.597299965519755623e-07
5.228746086606354802e+05 6.439520949717799015e-07
5.305254586083602626e+05 6.285521077689189536e-07
5.382882581293353578e+05 6.135209701683026694e-07
5.461646453039121116e+05 5.988498353309812237e-07
5.541562821813288610e+05 5.845300685867256297e-07
5.622648551304362481e+05 5.705532419941017835e-07
5.704920751955538290e+05 5.569111303183311263e-07
5.788396784575212514e+05 5.435957043858174236e-07
5.873094264000464464e+05 5.305991304893212661e-07
5.959031062813997269e+05 5.179137619906185790e-07
6.046225315115606645e+05 5.055321371447558899e-07
6.134695420348816551e+05 4.934469716175366084e-07
6.224460047183411662e+05 4.816511564655913923e-07
6.315538137454874814e+05 4.701377523949338741e-07
6.407948910161367385e+05 4.588999885202987982e-07
6.501711865519292187e+05 4.479312559522504944e-07
6.596846789078232832e+05 4.372251053014761085e-07
6.693373755895949434e+05 4.267752409644514655e-07
6.791313134774605278e+05 4.165755186165754880e-07
6.890685592558848439e+05 4.066199407404634621e-07
6.991512098496903200e+05 3.969026548970536899e-07
7.093813928665495478e+05 3.874179489405002589e-07
7.197612670459380606e+05 3.781602483136006533e-07
7.302930227146693505e+05 3.691241117865250389e-07
7.409788822490822058e+05 3.603042286088441605e-07
7.518211005440041190e+05 3.516954153989012167e-07
7.628219654885791242e+05 3.432926127267386493e-07
7.739837984490405070e+05 3.350908837221320547e-07
7.853089547585651744e+05 3.270854095646936999e-07
7.967998242142774398e+05 3.192714878182258534e-07
8.084588315815427341e+05 3.116445278622494314e-07
8.202884371056414675e+05 3.042000495034328178e-07
8.322911370309103513e+05 2.969336793543227268e-07
8.444694641274990281e+05 2.898411501007615002e-07
8.568259882258175639e+05 2.829182964585012184e-07
8.693633167588183424e+05 2.761610536419870900e-07
8.820840953122172505e+05 2.695654537269811355e-07
8.949910081827436807e+05 2.631276240680958486e-07
9.080867789445809321e+05 2.568437844607052740e-07
9.213741710240747780e+05 2.507102460676555841e-07
9.348559882828684058e+05 2.447234084285619955e-07
9.485350756095724646e+05 2.388797577758581427e-07
9.624143195200735936e+05 2.331758643438164496e-07
9.764966487666441826e+05 2.276083805487609467e-07
9.907850349559464958e+05 2.221740388805562021e-07
1.005282493176098447e+06 2.168696503280598938e-07
1.019992082632917096e+06 2.116921026357418095e-07
1.034916907295449171e+06 2.066383582409485560e-07
1.050060116550968494e+06 2.017054524951265353e-07
1.065424905869537266e+06 1.968904915824459992e-07
1.081014517478311202e+06 1.921906511237944027e-07
1.096832241045712959e+06 1.876031739977525949e-07
1.112881414375593653e+06 1.831253699259641447e-07
1.129165424111575121e+06 1.787546129086226024e-07
1.145687706451672362e+06 1.744883402921052771e-07
1.162451747873401968e+06 1.703240504379502126e-07
1.179461085869490402e+06 1.662593017350457287e-07
1.196719309694341151e+06 1.622917107940136761e-07
1.214230061121407896e+06 1.584189517942937824e-07
1.231997035211706301e+06 1.546387546026645179e-07
1.250023981093493523e+06 1.509489037299970842e-07
1.268314702753431629e+06 1.473472366187216600e-07
1.286873059839277063e+06 1.438316424893555096e-07
1.305702968474316178e+06 1.404000609662985404e-07
1.324808402083766880e+06 1.370504812482407639e-07
1.344193392233199207e+06 1.337809407820199849e-07
1.363862029479295947e+06 1.305895241495853573e-07
1.383818464233017992e+06 1.274743618592735326e-07
1.404066907635386335e+06 1.244336290808447869e-07
1.424611632446148898e+06 1.214655447096443860e-07
1.445456973945355741e+06 1.185683700488073608e-07
1.466607330848216079e+06 1.157404084993520221e-07
1.488067166233283235e+06 1.129800039846976197e-07
1.509841008484221762e+06 1.102855403719256933e-07
1.531933452245413326e+06 1.076554399675526839e-07
1.554349159391453955e+06 1.050881629086824401e-07
1.577092860010932432e+06 1.025822060110147283e-07
1.600169353404539172e+06 1.001361023810794780e-07
1.623583509097782895e+06 9.774842022401969823e-08
1.647340267868559109e+06 9.541776220114790316e-08
1.671444642789746867e+06 9.314276433122018352e-08
1.695901720287030563e+06 9.092209526563328996e-08
1.720716661212239414e+06 8.875445541496722250e-08
1.745894701932346448e+06 8.663857643676312555e-08
1.771441155434445012e+06 8.457322040424261246e-08
1.797361412446893984e+06 8.255717911182958128e-08
1.823660942576827714e+06 8.058927330626442139e-08
1.850345295464351773e+06 7.866835188260722208e-08
1.877420101953584468e+06 7.679329124380187862e-08
1.904891075280876365e+06 7.496299467331605766e-08
1.932764012280410156e+06 7.317639183503335756e-08
1.961044794607411372e+06 7.143243802115740203e-08
1.989739389979288913e+06 6.973011365694468785e-08
2.018853853434899123e+06 6.806842344733614881e-08
2.048394328612276120e+06 6.644639592767648096e-08
2.078367049045057967e+06 6.486308274588791869e-08
2.108778339477843605e+06 6.331755843895189843e-08
2.139634617200836074e+06 6.180891967165926722e-08
2.170942393403969705e+06 6.033628484390177380e-08
2.202708274550900329e+06 5.889879337993593405e-08
2.234938963773091789e+06 5.749560527733290439e-08
2.267641262284270488e+06 5.612590054991942898e-08
2.300822070815606974e+06 5.478887891665882650e-08
2.334488391071858816e+06 5.348375927578074927e-08
2.368647327208865900e+06 5.220977927365591855e-08
2.403306087332665920e+06 5.097304844606203361e-08
2.438471985020496417e+06 4.977383831545698739e-08
2.474152440864100587e+06 4.861249629292163337e-08
2.510354984035565518e+06 4.748947789499027764e-08
2.547087253876124043e+06 4.640533418790543653e-08
2.584357001508204732e+06 4.536069484971481907e-08
2.622172091471016407e+06 4.435624720142205217e-08
2.660540503380118869e+06 4.339271148440142095e-08
2.699470333611220121e+06 4.247081296818826836e-08
2.738969797008672263e+06 4.159125157905647424e-08
2.779047228618960362e+06 4.075467043416440967e-08
2.819711085449506529e+06 3.996162365663387013e-08
2.860969948253256269e+06 3.921254515235334033e-08
2.902832523339332547e+06 3.850771931689792478e-08
2.945307644410232548e+06 3.784725476565391564e-08
2.988404274425907061e+06 3.723106198984821508e-08
3.032131507495066617e+06 3.665883599210266010e-08
3.076498570794208441e+06 3.613004417101165805e-08
3.121514826514669228e+06 3.564392004316283929e-08
3.167189773838226683e+06 3.519946300225867465e-08
