4.516751136248215559e+00 9.262162523092422892e-04
4.581647022192520957e+00 1.057119384174859270e-03
4.647492000071845375e+00 1.220098895218358183e-03
4.714299950203702849e+00 1.423221807545574803e-03
4.782084955902991652e+00 1.678090256707641826e-03
4.850861306450868327e+00 1.999109546242391813e-03
4.920643500106896440e+00 2.404400946106470191e-03
4.991446247165406191e+00 2.917532530411030226e-03
5.063284473056411272e+00 3.569458061253419617e-03
5.136173321491928512e+00 4.394993699560100636e-03
5.210128157658357573e+00 5.440359986894469438e-03
5.285164571455498006e+00 6.768291912532464587e-03
5.361298380782889339e+00 8.449574439228113576e-03
5.438545634874369483e+00 1.056599718285978519e-02
5.516922617681235153e+00 1.321317071498363457e-02
5.596445851304936880e+00 1.651467312970267276e-02
5.677132099480054706e+00 2.059890023580392485e-02
5.758998371108046577e+00 2.560824318320249413e-02
5.842061923842880589e+00 3.169257029517730251e-02
5.926340267728937405e+00 3.901442621976177610e-02
6.011851168892154540e+00 4.770239679796376558e-02
6.098612653285266028e+00 5.789078224631397790e-02
6.186643010487660632e+00 6.970294445706043396e-02
6.275960797560862225e+00 8.325283938362221248e-02
6.366584842960489432e+00 9.857808759131542198e-02
6.458534250505306495e+00 1.157215134389722733e-01
6.551828403404316603e+00 1.347116203983414751e-01
6.646486968342905755e+00 1.555655836885351528e-01
6.742529899628577184e+00 1.781994868344914107e-01
6.839977443397333268e+00 2.025287232540810001e-01
6.938850141881742317e+00 2.284879471151657349e-01
7.039168837741164531e+00 2.560478328910422707e-01
7.140954678455567972e+00 2.852099154277304982e-01
7.244229120783416853e+00 3.159747972477556788e-01
7.349013935284791188e+00 3.483549987471338261e-01
7.455331210910767226e+00 3.823087861575893975e-01
7.563203359659794955e+00 4.178035955199074225e-01
7.672653121302159818e+00 4.547794396494575508e-01
7.783703568173718779e+00 4.933580941739378889e-01
7.896378110039471210e+00 5.338601471661220677e-01
8.010700499028521548e+00 5.766106540899800237e-01
8.126694834641064347e+00 6.217855440007551415e-01
8.244385568828580091e+00 6.695987886217291685e-01
8.363797511148458597e+00 7.203493677195250688e-01
8.484955833993907959e+00 7.742262594609130577e-01
8.607886077900298361e+00 8.312454109736431285e-01
8.732614156929269456e+00 8.914004405245048446e-01
8.859166364131480620e+00 9.548091655218492457e-01
8.987569377089199563e+00 1.021647011484818623e+00
9.117850263540098865e+00 1.091928516972398011e+00
9.250036487083171721e+00 1.165556260896549290e+00
9.384155912968113356e+00 1.242377258198676948e+00
9.520236813969495060e+00 1.322284963044792816e+00
9.658307876346599485e+00 1.405230354582890362e+00
9.798398205890730850e+00 1.491280006687071946e+00
9.940537334060724817e+00 1.580522058373304617e+00
1.008475522420820525e+01 1.672861306287501515e+00
1.023108227789407287e+01 1.767991975284739503e+00
1.037954934129719042e+01 1.865741149734595705e+00
1.053018771171679191e+01 1.966223365355796560e+00
1.068302914417016503e+01 2.069780502841946479e+00
1.083810585808655347e+01 2.176585325583189956e+00
1.099545054409927403e+01 2.286420144353438211e+00
1.115509637093690820e+01 2.398901668414377575e+00
1.131707699241531273e+01 2.513848100074185687e+00
1.148142655453205840e+01 2.631428979437985483e+00
1.164817970266450331e+01 2.751545686264988966e+00
1.181737158887298555e+01 2.873991441544139214e+00
1.198903787931118714e+01 2.998804482913521863e+00
1.216321476174458383e+01 3.126315533746768960e+00
1.233993895317881773e+01 3.256669656921572287e+00
1.251924770759994665e+01 3.389672818803369569e+00
1.270117882382763241e+01 3.525188169456016762e+00
1.288577065348309780e+01 3.663070923208717300e+00
1.307306210907398736e+01 3.803109936645629574e+00
1.326309267219713384e+01 3.944973042967963917e+00
1.345590240186129627e+01 4.088785341408437191e+00
1.365153194293195682e+01 4.234890887801441295e+00
1.385002253469912326e+01 4.383644105333235785e+00
1.405141601957089037e+01 4.534307539750399130e+00
1.425575485189385638e+01 4.685749734025696611e+00
1.446308210690259344e+01 4.837253920658302064e+00
1.467344148980011020e+01 4.988933756866016367e+00
1.488687734497105630e+01 5.141025980524438488e+00
1.510343466532948042e+01 5.293988009568932007e+00
1.532315910180373564e+01 5.448464613604465434e+00
1.554609697295953019e+01 5.604976420666591963e+00
1.577229527476431414e+01 5.763569100331069173e+00
1.600180169049401613e+01 5.923555830155876833e+00
1.623466460078468998e+01 6.084174554974202564e+00
1.647093309383163628e+01 6.245080205016027008e+00
1.671065697573704867e+01 6.406303395217322283e+00
1.695388678100936986e+01 6.568110261310611264e+00
1.720067378321614981e+01 6.730825888121128031e+00
1.745107000579274370e+01 6.894573703161693601e+00
1.770512823300872540e+01 7.058584460417685058e+00
1.796290202109529233e+01 7.221455839393019716e+00
1.822444570953497589e+01 7.382241059122129911e+00
1.848981443251636847e+01 7.540887558665074764e+00
1.875906413055687594e+01 7.697870458143794004e+00
1.903225156229503057e+01 7.853350004964964270e+00
1.930943431645520647e+01 8.007066153594585955e+00
1.959067082398780713e+01 8.158441892191110156e+00
1.987602037038640646e+01 8.306965115310751102e+00
2.016554310818551699e+01 8.452171023866446475e+00
2.045930006964073300e+01 8.592979544008468196e+00
2.075735317959470549e+01 8.727923283530323317e+00
2.105976526853097042e+01 8.855292734437181679e+00
2.136660008581873882e+01 8.973745619015021546e+00
2.167792231315159057e+01 9.082431803530651493e+00
2.199379757818260117e+01 9.180909067143037561e+00
2.231429246835853419e+01 9.268997988583572933e+00
2.263947454495711042e+01 9.346538925146816723e+00
2.296941235732887066e+01 9.413473917745454500e+00
2.330417545734746909e+01 9.469968953388557154e+00
2.364383441407175823e+01 9.516694525900071255e+00
2.398846082862174711e+01 9.554587675703452021e+00
2.433812734927217747e+01 9.584369721080669535e+00
2.469290768676739134e+01 9.606080285802883978e+00
2.505287662985945829e+01 9.618948586327075390e+00
2.541927910018975822e+01 9.621882952819097667e+00
2.577898794589921749e+01 9.614364938446914977e+00
2.614396016130573486e+01 9.596708092948661672e+00
2.651427276164226043e+01 9.569205116726857696e+00
2.689000388905233407e+01 9.532105854226569974e+00
2.727123282907901825e+01 9.485402241742624696e+00
2.765804002739575651e+01 9.429006679342018415e+00
2.805050710678159120e+01 9.363190676288022374e+00
2.844871688434500356e+01 9.288423662200438358e+00
2.885275338899983311e+01 9.205439389382235049e+00
2.926270187919652344e+01 9.114928081172834595e+00
2.967864886091317445e+01 9.017173194515006429e+00
3.010068210590988969e+01 8.912005332473240671e+00
3.052889067024984726e+01 8.799135668819035416e+00
3.096336491309194372e+01 8.678451081710178983e+00
3.140419651575769322e+01 8.550141365676127592e+00
3.185147850107776790e+01 8.414802815868805297e+00
3.230530525302137335e+01 8.273219497929105160e+00
3.276577253661257316e+01 8.126005317595424771e+00
3.323297751813893797e+01 7.973511632477150002e+00
3.370701878565426313e+01 7.816005548388901047e+00
3.418799636978337730e+01 7.653840549634201906e+00
3.467601176482946101e+01 7.487530823221163701e+00
3.517116795019145314e+01 7.317827083268030108e+00
3.567356941209425969e+01 7.145701033589983098e+00
3.618332216563710801e+01 6.972190954350697467e+00
3.670053377716472909e+01 6.798313814095916285e+00
3.722531338696524728e+01 6.625056595663370018e+00
3.775777173230093808e+01 6.453267019998591536e+00
3.829802117077544921e+01 6.283665099574066382e+00
3.884617570404319764e+01 6.116814655163248737e+00
3.940235100186578876e+01 5.953135256899766858e+00
3.996666442651992668e+01 5.792940871200901398e+00
4.053923505756303314e+01 5.636413224748311634e+00
4.112018371696103713e+01 5.483621997783052926e+00
4.170963299458365015e+01 5.334606342766644360e+00
4.230770727407327314e+01 5.189453231245895637e+00
4.291453275909149312e+01 5.048320644905082588e+00
4.353023749995048064e+01 4.911469397277376636e+00
4.415495142063373635e+01 4.779268054233325458e+00
4.478880634621200585e+01 4.651918984835988091e+00
4.543193603066112018e+01 4.529516491644428378e+00
4.608447618508555621e+01 4.412062953256919329e+00
4.674656450635624338e+01 4.299392189208711024e+00
4.741834070616681629e+01 4.191220642572395683e+00
4.809994654051494933e+01 4.087180701884600253e+00
4.879152583961565881e+01 3.986894436014031484e+00
4.949322453825136137e+01 3.889979200845643525e+00
5.020519070656683169e+01 3.796112171622572085e+00
5.092757458131442405e+01 3.705022163915665523e+00
5.166052859755643567e+01 3.616526365865324166e+00
5.240420742083195194e+01 3.530484683480962005e+00
5.315876797979302637e+01 3.446770207725905699e+00
5.392436949931984458e+01 3.365257203964632904e+00
5.470117353411967542e+01 3.285795285925613207e+00
5.548934400281748935e+01 3.208231650871990581e+00
5.628904722254599591e+01 3.132414969774367730e+00
5.710045194404059998e+01 3.058205019012002701e+00
5.792372938724920317e+01 2.985478371220910088e+00
5.875905327746221474e+01 2.914139555441372487e+00
5.960659988197141956e+01 2.844132872040472826e+00
6.046654804726603061e+01 2.775431091385231142e+00
6.133907923677077179e+01 2.708025173805231667e+00
6.222437756913954843e+01 2.641917091622914882e+00
6.312262985710606245e+01 2.577131986745297532e+00
6.403402564690523491e+01 2.513707707636416711e+00
6.495875725827028191e+01 2.451682967022752457e+00
6.589701982501543398e+01 2.391088535916559898e+00
6.684901133621285396e+01 2.331950239720633977e+00
6.781493267797092983e+01 2.274295729438319036e+00
6.879498767582499852e+01 2.218156273630616404e+00
6.978938313774794722e+01 2.163556595292736695e+00
7.079832889778991500e+01 2.110507189725255195e+00
7.182203786035742610e+01 2.059017831478247018e+00
7.286072604513883277e+01 2.009088084366320359e+00
7.391461263268865878e+01 1.960696465302723013e+00
7.498392001067837498e+01 1.913805514935115415e+00
7.606887382082349802e+01 1.868366228958162623e+00
7.716970300649856540e+01 1.824326800778613311e+00
7.828663986104703554e+01 1.781621019719159094e+00
7.941992007679964161e+01 1.740169942691428773e+00
8.056978279480931349e+01 1.699895998024573585e+00
8.173647065531378075e+01 1.660725294885889269e+00
8.292022984893721116e+01 1.622590131547909653e+00
8.412131016863983746e+01 1.585421814912650884e+00
8.533996506242890234e+01 1.549145814284762945e+00
8.657645168684022963e+01 1.513683920854778986e+00
8.783103096120250086e+01 1.478956995106189387e+00
8.910396762269623139e+01 1.444896095361890342e+00
9.039553028221666864e+01 1.411441862045115236e+00
9.170599148105596043e+01 1.378538281203850691e+00
9.303562774841360294e+01 1.346136699245094492e+00
9.438471965974864020e+01 1.314197363674922681e+00
9.575355189598654704e+01 1.282693401800301114e+00
9.714241330359040205e+01 1.251604527570895353e+00
9.855159695551328980e+01 1.220914544516821909e+00
9.998140021304099889e+01 1.190627614555672231e+00
1.014321247885404915e+02 1.160751479009072717e+00
1.029040768091267921e+02 1.131298385555461028e+00
1.043975668812597775e+02 1.102281520470892673e+00
1.059129101562880351e+02 1.073714033146595526e+00
1.074504263969510021e+02 1.045611578850033974e+00
1.090104400448539934e+02 1.017994704612238399e+00
1.105932802889318225e+02 9.908903083685898228e-01
1.121992811349108337e+02 9.643261455763962875e-01
1.138287814757926810e+02 9.383276084374548853e-01
1.154821251633640316e+02 9.129159022909776322e-01
1.171596610807562087e+02 8.881111441340654444e-01
1.188617432160650509e+02 8.639310731819921374e-01
1.205887307370479959e+02 8.403891461786343609e-01
1.223409880669157417e+02 8.174966092051705324e-01
1.241188849612297389e+02 7.952607311260033729e-01
1.259227965859281966e+02 7.736841514476802129e-01
1.277531035964917692e+02 7.527681663846207405e-01
1.296101922182681960e+02 7.325113209549938276e-01
1.314944543279732727e+02 7.129020831441215122e-01
1.334062875363817398e+02 6.939314174852984074e-01
1.353460952722309116e+02 6.755858351573362786e-01
1.373142868673506030e+02 6.578535658790466423e-01
1.393112776430387783e+02 6.407217692088593708e-01
1.413374889977021951e+02 6.241752358369357934e-01
1.433933484957771327e+02 6.082006410895266502e-01
1.454792899579533696e+02 5.927830247934801067e-01
1.475957535527177527e+02 5.779052480632410616e-01
1.497431858892363721e+02 5.635484541995612329e-01
1.519220401115980508e+02 5.496907154898394987e-01
1.541327759944334161e+02 5.363115158830195073e-01
1.563758600399361853e+02 5.233898602261621846e-01
1.586517655763026653e+02 5.109059809473003311e-01
1.609609728576115799e+02 4.988388339253568282e-01
1.633039691651673877e+02 4.871652077446626539e-01
1.656812489103210169e+02 4.758626985641564722e-01
1.680933137388036585e+02 4.649098861183914577e-01
1.705406726365787335e+02 4.542859955047810483e-01
1.730238420372477322e+02 4.439680612487131306e-01
1.755433459310277442e+02 4.339335789080689398e-01
1.780997159753182473e+02 4.241628685368787899e-01
1.806934916068947246e+02 4.146334546364860985e-01
1.833252201557347405e+02 4.053221876281672964e-01
1.859954569605155257e+02 3.962094312242716576e-01
1.887047654858006922e+02 3.872780969414119645e-01
1.914537174409369698e+02 3.785142279069266258e-01
1.942428929006993883e+02 3.699052632388883932e-01
1.970728804276928940e+02 3.614393265704917146e-01
1.999442771965499333e+02 3.531056689366597334e-01
2.028576891199465706e+02 3.448962788161270554e-01
2.058137309764551901e+02 3.368055383604947606e-01
2.088130265402787415e+02 3.288313109822958435e-01
2.118562087128733253e+02 3.209730919391001192e-01
2.149439196565024872e+02 3.132318334532604998e-01
2.180768109297459034e+02 3.056112404168325192e-01
2.212555436249840852e+02 2.981156078459172298e-01
2.244807885079065670e+02 2.907501734280776295e-01
2.277532261590493476e+02 2.835207853625533181e-01
2.310735471174107545e+02 2.764338510245576974e-01
2.344424520261685814e+02 2.694946978588600439e-01
2.378606517805221472e+02 2.627095602591611456e-01
2.413288676777097805e+02 2.560833034916658590e-01
2.448478315692098022e+02 2.496203454080752893e-01
2.484182860151742887e+02 2.433242255309628899e-01
2.520409844411245786e+02 2.371973669622031988e-01
2.557166912969309180e+02 2.312402075610111574e-01
2.594461822181308435e+02 2.254523666921932901e-01
2.632302441895961351e+02 2.198319761800482108e-01
2.670696757116018034e+02 2.143765642483168310e-01
2.709652869683234258e+02 2.090827031747133913e-01
2.749178999987975089e+02 2.039460981410307905e-01
2.789283488703891294e+02 1.989617954063833405e-01
2.829974798547897308e+02 1.941243179593764578e-01
2.871261516065974320e+02 1.894275733012397156e-01
2.913152353445066183e+02 1.848653428298178136e-01
2.955656150351489373e+02 1.804314223275285678e-01
2.998781875796285590e+02 1.761195837763546435e-01
3.042538630027758586e+02 1.719234691670954995e-01
3.086935646451871094e+02 1.678368828474718910e-01
3.131982293580576879e+02 1.638543738407007011e-01
3.177688077008754703e+02 1.599703526126074471e-01
3.224062641420083537e+02 1.561798225444810950e-01
3.271115772622146096e+02 1.524782632076892297e-01
3.318857399611501933e+02 1.488617736716185413e-01
3.367297596668793744e+02 1.453268409574904052e-01
3.416446585484612228e+02 1.418704692882259422e-01
3.466314737316477022e+02 1.384896435430676143e-01
3.516912575177267968e+02 1.351818553887426944e-01
3.568250776055849656e+02 1.319448871831830072e-01
3.620340173170022808e+02 1.287769874568483186e-01
3.673191758252538079e+02 1.256767138233949033e-01
3.726816683870568454e+02 1.226426485720796544e-01
3.781226265779001210e+02 1.196736500447405094e-01
3.836431985308357753e+02 1.167689351374698314e-01
3.892445491787470360e+02 1.139278404345033802e-01
3.949278605001703113e+02 1.111496420569674515e-01
4.006943317687158128e+02 1.084336531584815522e-01
4.065451798061267255e+02 1.057791941821846493e-01
4.124816392390586657e+02 1.031856989747646780e-01
4.185049627595988682e+02 1.006525070749880457e-01
4.246164213896071828e+02 9.817901099454770519e-02
4.308173047489273699e+02 9.576428008497225863e-02
4.371089213275081988e+02 9.340740118095908207e-02
4.434925987615296776e+02 9.110747880502556573e-02
4.499696841135457817e+02 8.886357141509483581e-02
4.565415441567417929e+02 8.667475042589840861e-02
4.632095656633485419e+02 8.454014640335641428e-02
4.699751556972662456e+02 8.245876867941194510e-02
4.768397419109897442e+02 8.042959337907869266e-02
4.838047728468575883e+02 7.845155937302117355e-02
4.908717182427231478e+02 7.652349516919491890e-02
4.980420693420932707e+02 7.464421534882773046e-02
5.053173392088039009e+02 7.281254319589038071e-02
5.126990630463064917e+02 7.102736671129515622e-02
5.201887985216147854e+02 6.928755956906579305e-02
5.277881260940037009e+02 6.759201178241321106e-02
5.354986493485105257e+02 6.593961086025484919e-02
5.433219953343177622e+02 6.432921034458401188e-02
5.512598149080927215e+02 6.275963151832762710e-02
5.593137830823338845e+02 6.122977751471608832e-02
5.674855993788423802e+02 5.973861793910444085e-02
5.757769881873365421e+02 5.828518558131039196e-02
5.841896991293318706e+02 5.686844781231825685e-02
5.927255074273452919e+02 5.548738711184775241e-02
6.013862142794826013e+02 5.414097182675878250e-02
6.101736472395398323e+02 5.282821667181854253e-02
6.190896606026327618e+02 5.154817855479000566e-02
6.281361357964904073e+02 5.029999802621148985e-02
6.373149817784708375e+02 4.908284898308236388e-02
6.466281354383718281e+02 4.789598730113166225e-02
6.560775620071619869e+02 4.673861084660198284e-02
6.656652554716650911e+02 4.560987434429361609e-02
6.753932389953288293e+02 4.450902597457502552e-02
6.852635653451526423e+02 4.343530358350133902e-02
6.952783173248386674e+02 4.238792853472232725e-02
7.054396082143199465e+02 4.136616294538081329e-02
7.157495822156806753e+02 4.036932591579824037e-02
7.262104149056253846e+02 3.939677547275913239e-02
7.368243136945665128e+02 3.844789873079925563e-02
7.475935182924099536e+02 3.752208345436713194e-02
7.585203011811918259e+02 3.661874293858195795e-02
7.696069680945923892e+02 3.573727984275426595e-02
7.808558585044929714e+02 3.487713246120182492e-02
7.922693461146467371e+02 3.403778407708572817e-02
8.038498393615548139e+02 3.321871801561905591e-02
8.155997819227079617e+02 3.241942081010862342e-02
8.275216532322259582e+02 3.163937964307633049e-02
8.396179690040652304e+02 3.087809755064409301e-02
8.518912817628848870e+02 3.013510863674551121e-02
8.643441813826524367e+02 2.940996433723320341e-02
8.769792956331733649e+02 2.870223393554428154e-02
8.897992907345781077e+02 2.801150246668444865e-02
9.028068719199446832e+02 2.733738423422749780e-02
9.160047840061487250e+02 2.667950086950014732e-02
9.293958119730625640e+02 2.603745203572773587e-02
9.429827815512404641e+02 2.541085067428908856e-02
9.567685598181830073e+02 2.479931841705007578e-02
9.707560558033470670e+02 2.420249384051965935e-02
9.849482211019966371e+02 2.362004083689309836e-02
9.993480504980371961e+02 2.305162938541485684e-02
1.013958582595975372e+03 2.249691669477813655e-02
1.028782900462092130e+03 2.195555907806624046e-02
1.043824132275049124e+03 2.142723582600274124e-02
1.059085451985971986e+03 2.091165028505982681e-02
1.074570079988198813e+03 2.040849798257098752e-02
1.090281283796861317e+03 1.991748720611573320e-02
1.106222378738354109e+03 1.943832252535420552e-02
1.122396728649952820e+03 1.897070186418016446e-02
1.138807746589629005e+03 1.851433531555420758e-02
1.155458895556246262e+03 1.806893781549396422e-02
1.172353689220343085e+03 1.763422813352451615e-02
1.189495692665540901e+03 1.720994801710755417e-02
1.206888523140867619e+03 1.679586105162074808e-02
1.224535850824043337e+03 1.639172550529265776e-02
1.242441399595934854e+03 1.599730729225967013e-02
1.260608947826391841e+03 1.561238091906727923e-02
1.279042329171504207e+03 1.523670913441298874e-02
1.297745433382605370e+03 1.487004869075984545e-02
1.316722207127057800e+03 1.451217155796078948e-02
1.335976654821049351e+03 1.416285527469758956e-02
1.355512839474631846e+03 1.382187297068405984e-02
1.375334883549038295e+03 1.348901879743854768e-02
1.395446969826630948e+03 1.316410720798816616e-02
1.415853342293519745e+03 1.284695310195528919e-02
1.436558307035100142e+03 1.253736206308243492e-02
1.457566233144746775e+03 1.223514476166540077e-02
1.478881553645719123e+03 1.194012548355200334e-02
1.500508766426645252e+03 1.165213279954279910e-02
1.522452435190633423e+03 1.137099466181921634e-02
1.544717190418271684e+03 1.109654670133258803e-02
1.567307730344778292e+03 1.082863041083351185e-02
1.590228821951360032e+03 1.056709191254674024e-02
1.613485301971167019e+03 1.031178032323304058e-02
1.637082077909905593e+03 1.006254916734042326e-02
1.661024129081394221e+03 9.819254293338366968e-03
1.685316507658288174e+03 9.581758480018458257e-03
1.709964339738192621e+03 9.349929163580253388e-03
1.734972826425329458e+03 9.123637355421744533e-03
1.760347244928074815e+03 8.902756022693487231e-03
1.786092949672515033e+03 8.687160957459867661e-03
1.812215373432333536e+03 8.476730842017381196e-03
1.838720028475233221e+03 8.271346536036096320e-03
1.865612507726101512e+03 8.070892372262022940e-03
1.892898485947187055e+03 7.875256294348851466e-03
1.920583720935626843e+03 7.684329829777677284e-03
1.948674054738368795e+03 7.498005074544036169e-03
1.977175414885002283e+03 7.316178083548532246e-03
2.006093815638541855e+03 7.138746703412654146e-03
2.035435359264507042e+03 6.965608252571642289e-03
2.065206237318665444e+03 6.796660384614631317e-03
2.095412731953486855e+03 6.631806278472065358e-03
2.126061217243838200e+03 6.470950446990773874e-03
2.157158160531998874e+03 6.313996677188557505e-03
2.188710123792347986e+03 6.160851303703593698e-03
2.220723765016114612e+03 6.011422893615206778e-03
2.253205839616253343e+03 5.865621948835116062e-03
2.286163201853009468e+03 5.723360822230912082e-03
2.319602806280261575e+03 5.584509155422291010e-03
2.353531709213011709e+03 5.448953090818088596e-03
2.387957070216461489e+03 5.316599819981995476e-03
2.422886153616714637e+03 5.187360340699826225e-03
2.458326330033744398e+03 5.061147152680958369e-03
2.494285077936686321e+03 4.937872207317133347e-03
2.530769985221891147e+03 4.817449673357166590e-03
2.567788750814165269e+03 4.699796973333046982e-03
2.605349186291296974e+03 4.584834173208264876e-03
2.643459217532491948e+03 4.472485304464960190e-03
2.682126886390846266e+03 4.362676034043874718e-03
2.721360352390273420e+03 4.255333505005801098e-03
2.761167894447378330e+03 4.150388074932152144e-03
2.801557912618352020e+03 4.047780401105292164e-03
2.842538929871612709e+03 3.947447690517739971e-03
2.884119593886254734e+03 3.849338681503191445e-03
2.926308678876815065e+03 3.753411384957942160e-03
2.969115087444873097e+03 3.659624684392169883e-03
3.012547852457538738e+03 3.567934579396001699e-03
3.056616138953631889e+03 3.478294485505621647e-03
3.101329246077616972e+03 3.390675532325528388e-03
3.146696609041848660e+03 3.305056949612212441e-03
3.192727801117635408e+03 3.221414933310191853e-03
3.239432535655264473e+03 3.139720458066966660e-03
3.286820668133778781e+03 3.059944946163810700e-03
3.334902198240585221e+03 2.982076870750187403e-03
3.383687271981550111e+03 2.906098202222075211e-03
3.433186183822030671e+03 2.831987425574354622e-03
3.483409378859107164e+03 2.759722060405570346e-03
3.534367455025741037e+03 2.689279392215392257e-03
3.586071165327095514e+03 2.620635229004192844e-03
3.638531420109537066e+03 2.553763871221488742e-03
3.691759289363018070e+03 2.488638100535353094e-03
3.745766005056904760e+03 2.425229205561944303e-03
3.800562963510203645e+03 2.363505759788831796e-03
3.856161727796365085e+03 2.303434064782179658e-03
3.912574030183188825e+03 2.244979457333571432e-03
3.969811774608686392e+03 2.188105496991126289e-03
4.027887039192845350e+03 2.132774314537861510e-03
4.086812078786450911e+03 2.078947013667048656e-03
4.146599327557004472e+03 2.026583911901041861e-03
4.207261401612501686e+03 1.975657903629443428e-03
4.268811101663743102e+03 1.926131762101200053e-03
4.331261415725369261e+03 1.877960483263210398e-03
4.394625521856679370e+03 1.831099387482089044e-03
4.458916790942353146e+03 1.785505484175380075e-03
4.524148789513887095e+03 1.741137422922368373e-03
4.590335282612491028e+03 1.697954895872195655e-03
4.657490236693574843e+03 1.655918608596307177e-03
4.725627822574047968e+03 1.614991227737024200e-03
4.794762418422555129e+03 1.575135952335104950e-03
4.864908612793426983e+03 1.536317549080188152e-03
4.936081207705249653e+03 1.498503413790817571e-03
5.008295221764200505e+03 1.461662976106330170e-03
5.081565893333340682e+03 1.425764280332788604e-03
5.155908683748122712e+03 1.390779449904960482e-03
5.231339280578903526e+03 1.356679482935400395e-03
5.307873600941466066e+03 1.323435778138229608e-03
5.385527794855589491e+03 1.291022754080362565e-03
5.464318248653147748e+03 1.259418394157011713e-03
5.544261588435828344e+03 1.228603020113730113e-03
5.625374683583479055e+03 1.198552640727859088e-03
5.707674650313847451e+03 1.169243523673956127e-03
5.791178855294469940e+03 1.140655673170196636e-03
5.875904919307234195e+03 1.112772119770966302e-03
5.961870720966723638e+03 1.085576185988416063e-03
6.049094400492809655e+03 1.059046395654453330e-03
6.137594363538609286e+03 1.033165198145706391e-03
6.227389285074426880e+03 1.007916733542412336e-03
6.318498113328435466e+03 9.832855258831204454e-04
6.410940073784993729e+03 9.592564774360099085e-04
6.504734673241719975e+03 9.358148616177676751e-04
6.599901703925557740e+03 9.129463139416664832e-04
6.696461247669432851e+03 8.906368241626528258e-04
6.794433680149773863e+03 8.688727220738951679e-04
6.893839675186073691e+03 8.476406700389555078e-04
6.994700209103555608e+03 8.269276540031123869e-04
7.097036565159333804e+03 8.067209806037647750e-04
7.200870338033735607e+03 7.870082673050783108e-04
7.306223438387031820e+03 7.677774390870998819e-04
7.413118097482888516e+03 7.490167131496130656e-04
7.521576871879728969e+03 7.307145947457764287e-04
7.631622648190312248e+03 7.128598658982239315e-04
7.743278647911379267e+03 6.954415856340523047e-04
7.856568432323734669e+03 6.784490809444770551e-04
7.971515907463906842e+03 6.618719429616684580e-04
8.088145329169021352e+03 6.457000164261142948e-04
8.206481308194866870e+03 6.299233938463410717e-04
8.326548815409421877e+03 6.145324069575684375e-04
8.448373187062046782e+03 5.995176247701678243e-04
8.571980130129739337e+03 5.848698478177660927e-04
8.697395727741964947e+03 5.705801032986038308e-04
8.824646444684365633e+03 5.566396387340021533e-04
8.953759132983532254e+03 5.430399144373929295e-04
9.084761037573080102e+03 5.297725979581855392e-04
9.217679802042739539e+03 5.168295598213181082e-04
9.352543474471818627e+03 5.042028706219552070e-04
9.489380513347547094e+03 4.918847954627500810e-04
9.628219793570518959e+03 4.798677908575961319e-04
9.769090612547735873e+03 4.681444960554228488e-04
9.912022696374659063e+03 4.567077298416502128e-04
1.005704620610822894e+04 4.455504846121694732e-04
1.020419174413101609e+04 4.346659256565178937e-04
1.035349036060912840e+04 4.240473854587739361e-04
1.050497356004418361e+04 4.136883619751130243e-04
1.065867330792116627e+04 4.035825108466503403e-04
1.081462203745397528e+04 3.937236428088340592e-04
1.097285265642900777e+04 3.841057176236604021e-04
1.113339855414960039e+04 3.747228439227199767e-04
1.129629360848155011e+04 3.655692747397258115e-04
1.146157219300183533e+04 3.566394050134381096e-04
1.162926918425224540e+04 3.479277666921642281e-04
1.179941996909863883e+04 3.394290249081896929e-04
1.197206045219842599e+04 3.311379739100045200e-04
1.214722706357691823e+04 3.230495352848142526e-04
1.232495676631455717e+04 3.151587554193840089e-04
1.250528706434707055e+04 3.074608024596690945e-04
1.268825601037900924e+04 2.999509636002226174e-04
1.287390221391388332e+04 2.926246403927303900e-04
1.306226484940124647e+04 2.854773462640585683e-04
1.325338366450300236e+04 2.785047035483078845e-04
1.344729898848121411e+04 2.717024424478276922e-04
1.364405174070778048e+04 2.650663976280533130e-04
1.384368343929954608e+04 2.585925071996624577e-04
1.404623620987909271e+04 2.522768074542521780e-04
1.425175279446382410e+04 2.461154316272412025e-04
1.446027656048563040e+04 2.401046060839452830e-04
1.467185150994166179e+04 2.342406503708879296e-04
1.488652228867991471e+04 2.285199741120708984e-04
1.510433419582008355e+04 2.229390758078529568e-04
1.532533319331220628e+04 2.174945391464145131e-04
1.554956591563590155e+04 2.121830311906380828e-04
1.577707967964044838e+04 2.070012994368959115e-04
1.600792249452992110e+04 2.019461712822362724e-04
1.624214307199373616e+04 1.970145519608060758e-04
1.647979083648548840e+04 1.922034229389115974e-04
1.672091593565247604e+04 1.875098397154181676e-04
1.696556925091782978e+04 1.829309293691473801e-04
1.721380240821712505e+04 1.784638886831735067e-04
1.746566778889247144e+04 1.741059827704080501e-04
1.772121854074564544e+04 1.698545440300189410e-04
1.798050858925326611e+04 1.657069702572847286e-04
1.824359264894617081e+04 1.616607235877269479e-04
1.851052623495481748e+04 1.577133276039993474e-04
1.878136567472409661e+04 1.538623663001374101e-04
1.905616811989916823e+04 1.501054820964576849e-04
1.933499155838544175e+04 1.464403755671272707e-04
1.961789482658527777e+04 1.428648034937687319e-04
1.990493762181317288e+04 1.393765783441188811e-04
2.019618051489301070e+04 1.359735655450814221e-04
2.049168496293933276e+04 1.326536827285204655e-04
2.079151332232593268e+04 1.294148976259300787e-04
2.109572886184428717e+04 1.262552281130666608e-04
2.140439577605406521e+04 1.231727406062246280e-04
2.171757919882944407e+04 1.201655492586066812e-04
2.203534521710314584e+04 1.172318142559247061e-04
2.235776088481209808e+04 1.143697405982346642e-04
2.268489423704706860e+04 1.115775767097782053e-04
2.301681430440897384e+04 1.088536138940035666e-04
2.335359112757566254e+04 1.061961854212858805e-04
2.369529577208139744e+04 1.036036655089266848e-04
2.404200034331301140e+04 1.010744683873099911e-04
2.439377800172558273e+04 9.860704675252178909e-05
2.475070297828026014e+04 9.619989094217186367e-05
2.511285059010833720e+04 9.385152795535612984e-05
2.548029725640421384e+04 9.156052107846170823e-05
2.585312051455121036e+04 8.932546871694423433e-05
2.623139903648363179e+04 8.714500405828393484e-05
2.661521264528737811e+04 8.501779330914092892e-05
2.700464233204427001e+04 8.294253528967127824e-05
2.739977027292210914e+04 8.091796017777746781e-05
2.780067984651551524e+04 7.894282949548865830e-05
2.820745565144041757e+04 7.701593505149531864e-05
2.862018352418537688e+04 7.513609856399518878e-05
2.903895055722481266e+04 7.330217037007983032e-05
2.946384511739658774e+04 7.151302887082379997e-05
2.989495686454910174e+04 6.976757951647862607e-05
3.033237677046134559e+04 6.806475467101280596e-05
3.077619713803911145e+04 6.640351287055747294e-05
3.122651162079215646e+04 6.478283829489263996e-05
3.168341524259747530e+04 6.320174000500386859e-05
3.214700441774995124e+04 6.165925114721043697e-05
3.261737697130828747e+04 6.015442831918272736e-05
3.309463215973730257e+04 5.868635112781227800e-05
3.357887069185236760e+04 5.725412181356451594e-05
3.407019475007146684e+04 5.585686460837053710e-05
3.456870801197644323e+04 5.449372537661377729e-05
3.507451567219157005e+04 5.316387065108085916e-05
3.558772446458099876e+04 5.186648729850761074e-05
3.610844268477100559e+04 5.060078185389112887e-05
3.663678021300304681e+04 4.936598041646280332e-05
3.717284853731927433e+04 4.816132798713806127e-05
3.771676077708938101e+04 4.698608831143390391e-05
3.826863170688023092e+04 4.583954292530149736e-05
3.882857778067473555e+04 4.472099093996912463e-05
3.939671715644667711e+04 4.362974832334507455e-05
3.997316972109277413e+04 4.256514793197764502e-05
4.055805711573190638e+04 4.152653894387434630e-05
4.115150276137295441e+04 4.051328660082968085e-05
4.175363188495839131e+04 3.952477161473020965e-05
4.236457154578953487e+04 3.856038978247575610e-05
4.298445066233854595e+04 3.761955151007393100e-05
4.361340003945190256e+04 3.670168164764724887e-05
4.425155239595272724e+04 3.580621916120344276e-05
4.489904239264607895e+04 3.493261679079830997e-05
4.555600666073511093e+04 3.408034072926928817e-05
4.622258383065281669e+04 3.324887011282840442e-05
4.689891456131482846e+04 3.243769674722828686e-05
4.758514156980122789e+04 3.164632478409550704e-05
4.828140966147157451e+04 3.087427058362244626e-05
4.898786576052166492e+04 3.012106232243224073e-05
4.970465894098744320e+04 2.938623986895841540e-05
5.043194045820147585e+04 2.866935420472411047e-05
5.116986378071072977e+04 2.796996728285871224e-05
5.191858462266041170e+04 2.728765162315395249e-05
5.267826097665270208e+04 2.662199029035904833e-05
5.344905314708614605e+04 2.597257653657130652e-05
5.423112378398208239e+04 2.533901368242540055e-05
5.502463791730679804e+04 2.472091466617192521e-05
5.582976299179501802e+04 2.411790187661140995e-05
5.664666890228399279e+04 2.352960680241476398e-05
5.747552802956453525e+04 2.295567000168543875e-05
5.831651527675565012e+04 2.239574083532543656e-05
5.916980810621243290e+04 2.184947729341751724e-05
6.003558657697286253e+04 2.131654573121367501e-05
6.091403338275379065e+04 2.079662061184008514e-05
6.180533389050275582e+04 2.028938429170489824e-05
6.270967617951290595e+04 1.979452687857292319e-05
6.362725108111130248e+04 1.931174609611839110e-05
6.455825221892675472e+04 1.884074706581651926e-05
6.550287604974809801e+04 1.838124218521425138e-05
6.646132190498049022e+04 1.793295080702256923e-05
6.743379203270676953e+04 1.749559913122142221e-05
6.842049164036584261e+04 1.706891998167996811e-05
6.942162893805396743e+04 1.665265276612566052e-05
7.043741518246104533e+04 1.624654325262252686e-05
7.146806472145004955e+04 1.585034351782179209e-05
7.251379503928701160e+04 1.546381162013639801e-05
7.357482680253448780e+04 1.508671153372820198e-05
7.465138390661499579e+04 1.471881291541369847e-05
7.574369352305722714e+04 1.435989110528472479e-05
7.685198614743366488e+04 1.400972693490440965e-05
7.797649564799814834e+04 1.366810664388219340e-05
7.911745931503658358e+04 1.333482167293114295e-05
8.027511791093804641e+04 1.300966854307877667e-05
8.144971572100052435e+04 1.269244869251889645e-05
8.264150060497976665e+04 1.238296842731661477e-05
8.385072404939074477e+04 1.208103880325452268e-05
8.507764122057642089e+04 1.178647551132589713e-05
8.632251101855078014e+04 1.149909876741310477e-05
8.758559613163197355e+04 1.121873314490306312e-05
8.886716309187449224e+04 1.094520748364034672e-05
9.016748233131105371e+04 1.067835478294493364e-05
9.148682823901867960e+04 1.041801215068331276e-05
9.282547921901848167e+04 1.016402067375097977e-05
9.418371774902427569e+04 9.916225369151703646e-06
9.556183044005082047e+04 9.674474996897096629e-06
9.696010809689234884e+04 9.438622009310608085e-06
9.837884577948806691e+04 9.208522421627276947e-06
9.981834286518360022e+04 8.984035797765516215e-06
1.012789031119052670e+05 8.765025130080377749e-06
1.027608347222589946e+05 8.551356801675803841e-06
1.042644504085653607e+05 8.342900429162393113e-06
1.057900674588458787e+05 8.139528813342186881e-06
1.073380078037789644e+05 7.941117817906720628e-06
1.089085980846293969e+05 7.747546364326867460e-06
1.105021697221779468e+05 7.558696336013140437e-06
1.121190589866555238e+05 7.374452521369816605e-06
1.137596070687004249e+05 7.194702522519073179e-06
1.154241601513583009e+05 7.019336672426863854e-06
1.171130694831291767e+05 6.848247962187749142e-06
1.188266914520896826e+05 6.681331995509702927e-06
1.205653876610956941e+05 6.518486939834483823e-06
1.223295250040850951e+05 6.359613452253009744e-06
1.241194757435018109e+05 6.204614638330937268e-06
1.259356175888456200e+05 6.053395946264102166e-06
1.277783337763785530e+05 5.905865128884131500e-06
1.296480131499927083e+05 5.761932173221901007e-06
1.315450502432611829e+05 5.621509282098602139e-06
1.334698453626949922e+05 5.484510800738651658e-06
1.354228046722100698e+05 5.350853195407507157e-06
1.374043402788384701e+05 5.220454947704103313e-06
1.394148703196883143e+05 5.093236530641217445e-06
1.414548190501762438e+05 4.969120334062815815e-06
1.435246169335540035e+05 4.848030660974889865e-06
1.456247007317441457e+05 4.729893663088119177e-06
1.477555135975023441e+05 4.614637313566517633e-06
1.499175051679317257e+05 4.502191335081329009e-06
1.521111316593612719e+05 4.392487162232979478e-06
1.543368559636168065e+05 4.285457885575562592e-06
1.565951477456999128e+05 4.181038237089472064e-06
1.588864835428932856e+05 4.079164547666460012e-06
1.612113468653193559e+05 3.979774708739498455e-06
1.635702282979672018e+05 3.882808134496226185e-06
1.659636256042149616e+05 3.788205706967117390e-06
1.683920438308682642e+05 3.695909745748814117e-06
1.708559954147307726e+05 3.605863972578687648e-06
1.733560002907391172e+05 3.518013492425786789e-06
1.758925860016749648e+05 3.432304750962980556e-06
1.784662878094873158e+05 3.348685515411856946e-06
1.810776488082427240e+05 3.267104814575998834e-06
1.837272200387254707e+05 3.187512920377966262e-06
1.864155606047175534e+05 3.109861306965609621e-06
1.891432377909768256e+05 3.034102643166649335e-06
1.919108271829449513e+05 2.960190752307797758e-06
1.947189127882069442e+05 2.888080600129994428e-06
1.975680871597247315e+05 2.817728240081529556e-06
2.004589515208767843e+05 2.749090799115967964e-06
2.033921158923240437e+05 2.682126435717563519e-06
2.063681992207361036e+05 2.616794339888201275e-06
2.093878295094009081e+05 2.553054698735166103e-06
2.124516439507415926e+05 2.490868677799866693e-06
2.155602890607761801e+05 2.430198389571049306e-06
2.187144208155408851e+05 2.371006866882484625e-06
2.219147047895134892e+05 2.313258038262824986e-06
2.251618162960628979e+05 2.256916713328931167e-06
2.284564405299482169e+05 2.201948564882391093e-06
2.317992727119088231e+05 2.148320104861610718e-06
2.351910182353641721e+05 2.095998668670196781e-06
2.386323928152658627e+05 2.044952381625232988e-06
2.421241226391269010e+05 1.995150145089131442e-06
2.456669445202572097e+05 1.946561614566451602e-06
2.492616060532448755e+05 1.899157191583459794e-06
2.529088657717081951e+05 1.852907999781677983e-06
2.566094933083614160e+05 1.807785876198543556e-06
2.603642695574214449e+05 1.763763337380697523e-06
2.641739868393868674e+05 1.720813570548539802e-06
2.680394490682333708e+05 1.678910409995926190e-06
2.719614719210485928e+05 1.638028334301691857e-06
2.759408830101568019e+05 1.598142444815326188e-06
2.799785220577609725e+05 1.559228456652865180e-06
2.840752410731342388e+05 1.521262673759324975e-06
2.882319045324111357e+05 1.484221977319722443e-06
2.924493895610028412e+05 1.448083806551335939e-06
2.967285861186869442e+05 1.412826154480688714e-06
3.010703971874074196e+05 1.378427552663528556e-06
3.054757389618138550e+05 1.344867058310177715e-06
3.099455410425974987e+05 1.312124241387880796e-06
3.144807466326483409e+05 1.280179166702254752e-06
3.190823127360890503e+05 1.249012383552800754e-06
3.237512103602213901e+05 1.218604914373704482e-06
3.284884247204213170e+05 1.188938247457746873e-06
3.332949554480385268e+05 1.159994323143548114e-06
3.381718168013311224e+05 1.131755526340281657e-06
3.431200378794937278e+05 1.104204667507230900e-06
3.481406628398178727e+05 1.077324975837418603e-06
3.532347511180228903e+05 1.051100086510220119e-06
3.584033776518113445e+05 1.025514037070837957e-06
3.636476331077083596e+05 1.000551254094808178e-06
3.689686241111985291e+05 9.761965492551874637e-07
3.743674734802534804e+05 9.524351003393064007e-07
3.798453204622598132e+05 9.292524470235811015e-07
3.854033209744159249e+05 9.066344773463936479e-07
3.910426478476592456e+05 8.845674268875882156e-07
3.967644910741419299e+05 8.630378672434968484e-07
4.025700580583491246e+05 8.420326997510588999e-07
4.084605738718778011e+05 8.215391446395346525e-07
4.144372815119409934e+05 8.015447325167027263e-07
4.205014421636736370e+05 7.820372960162791975e-07
4.266543354662501952e+05 7.630049650970482185e-07
4.328972597829214064e+05 7.444361604929722301e-07
4.392315324749855208e+05 7.263195859668173141e-07
4.456584901797685889e+05 7.086442223505555840e-07
4.521794890926891821e+05 6.913993170420592302e-07
4.587959052534240764e+05 6.745743788935057116e-07
4.655091348362891586e+05 6.581591715195997841e-07
4.723205944448484224e+05 6.421437098228639334e-07
4.792317214108389453e+05 6.265182522751658393e-07
4.862439740974738961e+05 6.112732973957875688e-07
4.933588322071868461e+05 5.963995730035710443e-07
5.005777970938675571e+05 5.818880329031786181e-07
5.079023920796759194e+05 5.677298495189557492e-07
5.153341627764831064e+05 5.539164123443923011e-07
5.228746774120253976e+05 5.404393208142352581e-07
5.305255271608305629e+05 5.272903812885093325e-07
5.382883264799751341e+05 5.144615984384002608e-07
5.461647134497682564e+05 5.019451717054665017e-07
5.541563501194048440e+05 4.897334887144927045e-07
5.622649228576917667e+05 4.778191240612373307e-07
5.704921427089041099e+05 4.661948338071360837e-07
5.788397457538363524e+05 4.548535512489720374e-07
5.873094934761506738e+05 4.437883823775338996e-07
5.959031731340710539e+05 4.329926001988428601e-07
6.046225981375294505e+05 4.224596409818186566e-07
6.134696084308308782e+05 4.121831008864074305e-07
6.224460708809051430e+05 4.021567330118218305e-07
6.315538796712511685e+05 3.923744429863148948e-07
6.407949567016351502e+05 3.828302860610777717e-07
6.501712519936468452e+05 3.735184611535152468e-07
6.596847441021930426e+05 3.644333083038692290e-07
6.693374405329975998e+05 3.555693047700203578e-07
6.791313781662237598e+05 3.469210633904553784e-07
6.890686236862826627e+05 3.384833282713117465e-07
6.991512740179422544e+05 3.302509731499298791e-07
7.093814567688198294e+05 3.222189953421806014e-07
7.197613306783348089e+05 3.143825141513057079e-07
7.302930860732436413e+05 3.067367666399593591e-07
7.409789453298273729e+05 2.992771070043485660e-07
7.518211633428549394e+05 2.919990027645847722e-07
7.628220280014107702e+05 2.848980326261662192e-07
7.739838606716678478e+05 2.779698827593158455e-07
7.853090166867419612e+05 2.712103440807441387e-07
7.967998858436950250e+05 2.646153094274085106e-07
8.084588929078297224e+05 2.581807720352222183e-07
8.202884981243624352e+05 2.519028231475199420e-07
8.322911977375646820e+05 2.457776495413120382e-07
8.444695245175205637e+05 2.398015312643038843e-07
8.568260482945732074e+05 2.339708383979874225e-07
8.693633765016072430e+05 2.282820291593979736e-07
8.820841547242698725e+05 2.227316479037974182e-07
8.949910672592204064e+05 2.173163236722024276e-07
9.080868376805717126e+05 2.120327677252429555e-07
9.213742294145972701e+05 2.068777721340873552e-07
9.348560463228677399e+05 2.018482064157962727e-07
9.485351332939198473e+05 1.969410162766442378e-07
9.624143768435647944e+05 1.921532213526457244e-07
9.764967057239990681e+05 1.874819144498618882e-07
9.907850915418076329e+05 1.829242592021312745e-07
1.005282549385030172e+06 1.784774890449660586e-07
1.019992138459403999e+06 1.741389042515249953e-07
1.034916962733895169e+06 1.699058708613928733e-07
1.050060171595695661e+06 1.657758184246101154e-07
1.065424960514784558e+06 1.617462396568054323e-07
1.081014571718233405e+06 1.578146884450778235e-07
1.096832294874379179e+06 1.539787785222907001e-07
1.112881467786986148e+06 1.502361817703630363e-07
1.129165477099588141e+06 1.465846265070452830e-07
1.145687759010111215e+06 1.430218960987089465e-07
1.162451799995980924e+06 1.395458279929176489e-07
1.179461137549831765e+06 1.361543125354198323e-07
1.196719360925973859e+06 1.328452915790792554e-07
1.214230111897766357e+06 1.296167573586827790e-07
1.231997085526128765e+06 1.264667506549943354e-07
1.250024030939221149e+06 1.233933598384009442e-07
1.268314752123605926e+06 1.203947196996065983e-07
1.286873108726939652e+06 1.174690107383316882e-07
1.305703016872406704e+06 1.146144577851219988e-07
1.324808449985122075e+06 1.118293293215533116e-07
1.344193439630550565e+06 1.091119355876559280e-07
1.363862076365268789e+06 1.064606279653858564e-07
1.383818510600129608e+06 1.038737976818122878e-07
1.404066953476044582e+06 1.013498754624229873e-07
1.424611677752650343e+06 9.888733028309896143e-08
1.445457018709884956e+06 9.648466863174779109e-08
1.466607375062842388e+06 9.414043323910544027e-08
1.488067209889960242e+06 9.185320222493509184e-08
1.509841051574785495e+06 8.962158809554290218e-08
1.531933494761580369e+06 8.744423731666142584e-08
1.554349201324819354e+06 8.531982939811680180e-08
1.577092901352968533e+06 8.324707612235474500e-08
1.600169394146593520e+06 8.122472068673498399e-08
1.623583549231076147e+06 7.925153672601945264e-08
1.647340307384184096e+06 7.732632760360561303e-08
1.671444681678665103e+06 7.544792583436455799e-08
1.695901758540072478e+06 7.361519248865645328e-08
1.720716698820100399e+06 7.182701641412314661e-08
1.745894738885585917e+06 7.008231367680291175e-08
1.771441191723484546e+06 6.838002652501539528e-08
1.797361448062014766e+06 6.671912290927107129e-08
1.823660977508168668e+06 6.509859580489359355e-08
1.850345329701907700e+06 6.351746286492559906e-08
1.877420135487203719e+06 6.197476565750799382e-08
1.904891108100258512e+06 6.046956931083868143e-08
1.932764044375104597e+06 5.900096149773856036e-08
1.961044825966814067e+06 5.756805210427349442e-08
1.989739420592640759e+06 5.616997249901051882e-08
2.018853883291283855e+06 5.480587537779587620e-08
2.048394357700617518e+06 5.347493407911353194e-08
2.078367077354117762e+06 5.217634216603248663e-08
2.108778366996219382e+06 5.090931279265990686e-08
2.139634643916957546e+06 4.967307820116840845e-08
2.170942419306098484e+06 4.846688920697938364e-08
2.202708299627126195e+06 4.729001493504861041e-08
2.234938988011329435e+06 4.614174235069036190e-08
2.267641285672258120e+06 4.502137582730451795e-08
2.300822093340903986e+06 4.392823671250511370e-08
2.334488412721841596e+06 4.286166277387322438e-08
2.368647347970726434e+06 4.182100783746913794e-08
2.403306107193409465e+06 4.081122291940369894e-08
2.438472003966937307e+06 3.983251145009584774e-08
2.474152458882860374e+06 3.888512634826204410e-08
2.510355001113070175e+06 3.796940812507297606e-08
2.547087269998601172e+06 3.708577423181099352e-08
2.584357016661679838e+06 3.623470535601204572e-08
2.622172105641310569e+06 3.541672829117146477e-08
2.660540516552845482e+06 3.463239581106686178e-08
2.699470345771783497e+06 3.388226403292659599e-08
2.738969808142261114e+06 3.316686799244991168e-08
2.779047238710548729e+06 3.248669590840066665e-08
2.819711094483846799e+06 3.184216344502095654e-08
2.860969956214878708e+06 3.123358866004538297e-08
2.902832530212540645e+06 3.066116855667967438e-08
2.945307650179100689e+06 3.012495812822685843e-08
2.988404279074275400e+06 2.962485270636559813e-08
3.032131511006540619e+06 2.916057409646556023e-08
3.076498573152152356e+06 2.873166111601509508e-08
3.121514827702203766e+06 2.833746490049275665e-08
3.167189773838226683e+06 2.797714898494748089e-08
