4.287067477679750382e+00 9.132916353383557046e-04
4.332944438271387533e+00 1.000885556932040819e-03
4.379492793274065043e+00 1.101188748357781900e-03
4.426722368326840851e+00 1.215542495101726121e-03
4.474643132863779016e+00 1.352810128803527386e-03
4.523265202218399672e+00 1.515666189751822259e-03
4.572598839758813760e+00 1.703669324558430799e-03
4.622654459054220233e+00 1.922848354730076915e-03
4.673442626072994877e+00 2.194776866271926433e-03
4.724974061413028892e+00 2.512592078883847495e-03
4.777259642564701814e+00 2.882293221961386952e-03
4.830310406206901774e+00 3.331263113223036088e-03
4.884137550536753025e+00 3.875921944971257548e-03
4.938752437633328718e+00 4.515082159445689414e-03
4.994166595856067481e+00 5.261828436880491497e-03
5.050391722278178896e+00 6.190264705318925670e-03
5.107439685155736875e+00 7.300401224834430353e-03
5.165322526432910344e+00 8.604199832689795463e-03
5.224052464283778896e+00 1.012684998693437824e-02
5.283641895691460810e+00 1.201193475019364520e-02
5.344103399064856319e+00 1.423310545399487925e-02
5.405449736893835677e+00 1.682248476019214400e-02
5.467693858443127830e+00 1.982661053123187245e-02
5.530848902485745455e+00 2.346388318869915141e-02
5.594928200076403790e+00 2.770739091427130291e-02
5.659945277365432403e+00 3.257893041757359276e-02
5.725913858454014793e+00 3.813496306054514617e-02
5.792847868291059577e+00 4.458012453096170391e-02
5.860761435612612757e+00 5.198498637135078038e-02
5.929668895924145033e+00 6.029028539026022593e-02
5.999584794526628961e+00 6.954958146069167846e-02
6.070523889586762145e+00 7.982863897364111949e-02
6.142501155252217515e+00 9.143663321068076777e-02
6.215531784812478477e+00 1.041297754698058409e-01
6.289631193905850459e+00 1.179375880782486119e-01
6.364815023773529923e+00 1.328834833148820616e-01
6.441099144561158951e+00 1.490636634450009934e-01
6.518499658668843288e+00 1.665468904763558466e-01
6.597032904150054833e+00 1.851325484054395787e-01
6.676715458160361827e+00 2.048120530875500722e-01
6.757564140456656432e+00 2.255772540903613899e-01
6.839596016947462331e+00 2.474757185325161535e-01
6.922828403295371302e+00 2.705816909023905370e-01
7.007278868572026198e+00 2.947759252759424853e-01
7.092965238966771224e+00 3.200771269221638904e-01
7.179905601549408267e+00 3.464995321163492070e-01
7.268118308088117985e+00 3.740484649949101792e-01
7.357621978923292616e+00 4.028705634315157269e-01
7.448435506897900460e+00 4.328082541101863634e-01
7.540578061345574845e+00 4.639324376085431911e-01
7.634069092136878787e+00 4.963602803689834975e-01
7.728928333784947036e+00 5.302415779225700954e-01
7.825175809611073952e+00 5.658233033412056745e-01
7.922831835971350323e+00 6.033235256004301217e-01
8.021917026545178686e+00 6.426845814347008634e-01
8.122452296686402562e+00 6.840419058743172354e-01
8.224458867838334797e+00 7.275353755096942709e-01
8.327958272013153973e+00 7.732661375350455835e-01
8.432972356337097963e+00 8.213253940186407975e-01
8.539523287661960893e+00 8.719171043597981896e-01
8.647633557244200020e+00 9.248640125621485630e-01
8.757325985492553144e+00 9.802482456574006520e-01
8.868623726784965910e+00 1.038100007890148557e+00
8.981550274356241204e+00 1.098402932565856638e+00
9.096129465256968416e+00 1.161093778923496966e+00
9.212385485385309991e+00 1.226261530321577586e+00
9.330342874592117752e+00 1.293863424860763001e+00
9.450026531861002610e+00 1.363836093285446527e+00
9.571461720564151676e+00 1.436166664767669188e+00
9.694674073794935509e+00 1.510846177992789752e+00
9.819689599778779865e+00 1.587877554300525462e+00
9.946534687362962757e+00 1.667215090183729709e+00
1.007523611158705279e+01 1.748775105601127144e+00
1.020582103933455898e+01 1.832507401649388079e+00
1.033831703506750266e+01 1.918501101285934318e+00
1.047275206664490987e+01 2.006998487988332691e+00
1.060915451122625441e+01 2.098150583484723164e+00
1.074755316126160132e+01 2.191925143865480319e+00
1.088797723056908495e+01 2.288103646407894765e+00
1.103045636050165612e+01 2.386405799592320243e+00
1.117502062620378389e+01 2.486732133543084977e+00
1.132170054295986716e+01 2.589260558116067479e+00
1.147052707263568827e+01 2.693994221263814381e+00
1.162153163021375235e+01 2.800900358836796222e+00
1.177474609042474007e+01 2.909959955296082867e+00
1.193020279447554621e+01 3.021223729636883348e+00
1.208793455687622220e+01 3.134775401669718242e+00
1.224797467236644088e+01 3.250602769442779483e+00
1.241035692294357240e+01 3.368558628941742406e+00
1.257511558499360582e+01 3.488642761006872206e+00
1.274228543652621326e+01 3.610802049061338614e+00
1.291190176451602944e+01 3.734888589598871267e+00
1.308400037235100299e+01 3.860630089565529222e+00
1.325861758739013041e+01 3.987947821661315118e+00
1.343579026863142012e+01 4.116951853575081088e+00
1.361555581449234786e+01 4.247790884265613798e+00
1.379795217070414637e+01 4.380434259131790853e+00
1.398301783832140543e+01 4.514353296686751449e+00
1.417079188184922955e+01 4.648921020871668475e+00
1.436131393748895313e+01 4.783550376829358797e+00
1.455462422150496238e+01 4.918405337572613334e+00
1.475076353871350499e+01 5.053658031731433908e+00
1.494977329109606323e+01 5.189567443510375355e+00
1.515169548653875431e+01 5.326477652288561515e+00
1.535657274769933345e+01 5.464707278321383477e+00
1.556444832100442888e+01 5.604447966292447347e+00
1.577536608577794652e+01 5.745612037889368473e+00
1.598937056350355945e+01 5.887889234501774816e+00
1.620650692722229635e+01 6.030963472555221472e+00
1.642682101106797887e+01 6.174686750409221325e+00
1.665035931994213669e+01 6.319017284903397425e+00
1.687716903933034018e+01 6.463942126610723093e+00
1.710729804526251385e+01 6.609569551373391860e+00
1.734079491441859133e+01 6.755780743456844206e+00
1.757770893438257787e+01 6.902053231156387803e+00
1.781809011404615717e+01 7.047570261190888807e+00
1.806198919416485893e+01 7.191697398492304494e+00
1.830945765806883685e+01 7.334356852451914932e+00
1.856054774252987016e+01 7.475895984223150492e+00
1.881531244878807740e+01 7.616711252137164934e+00
1.907380555373937270e+01 7.756830566712071828e+00
1.933608162128718178e+01 7.895854583257222892e+00
1.960219601385984944e+01 8.033124717632546208e+00
1.987220490409685070e+01 8.168049859763279130e+00
2.014616528670611117e+01 8.299939013480308603e+00
2.042413499049441938e+01 8.427997528870653454e+00
2.070617269057453314e+01 8.551199752797177922e+00
2.099233792075024851e+01 8.668256401060382643e+00
2.128269108608339621e+01 8.778076546378823508e+00
2.157729347564414724e+01 8.879901693728774248e+00
2.187620727544829080e+01 8.973315786151454532e+00
2.217949558158383638e+01 9.058152059609160034e+00
2.248722241352953333e+01 9.134311755531005161e+00
2.279945272766833853e+01 9.201653133429784859e+00
2.311625243099872051e+01 9.260012132769386284e+00
2.343768839504683044e+01 9.309421011500205623e+00
2.376382846998172127e+01 9.350263020738850628e+00
2.409474149893763695e+01 9.383204670970961558e+00
2.443049733254579081e+01 9.408906116632232752e+00
2.477116684367869937e+01 9.427565093882757097e+00
2.511682194241025812e+01 9.438749944045710549e+00
2.548418832140347590e+01 9.441363137335418543e+00
2.585651911582821327e+01 9.434130845147739919e+00
2.623429518847067854e+01 9.416890564467486513e+00
2.661759617565231650e+01 9.389938296939568829e+00
2.700650287836325703e+01 9.353595772742746561e+00
2.740109727929489480e+01 9.307960047706895779e+00
2.780146256012255535e+01 9.253019704084351815e+00
2.820768311904022596e+01 9.189077136608984731e+00
2.861984458855177493e+01 9.116543836406645340e+00
2.903803385352299316e+01 9.036182144584740783e+00
2.946233906949660764e+01 8.948655679517568018e+00
2.989284968127630293e+01 8.854201879955152066e+00
3.032965644178162634e+01 8.752610055196564431e+00
3.077285143117888211e+01 8.643643647179274581e+00
3.122252807629217486e+01 8.527217345718060670e+00
3.167878117029804841e+01 8.403547295656601079e+00
3.214170689270780912e+01 8.273304453646558088e+00
3.261140282964289838e+01 8.137043648076435431e+00
3.308796799440617065e+01 7.995089513345589260e+00
3.357150284835395837e+01 7.847595295886057087e+00
3.406210932207407183e+01 7.694823096553135677e+00
3.455989083687278907e+01 7.537203123395697091e+00
3.506495232657625394e+01 7.375407860887084333e+00
3.557740025965117781e+01 7.210372807625064162e+00
3.609734266164858951e+01 7.043126231997705489e+00
3.662488913797564294e+01 6.874662214542739846e+00
3.716015089700124463e+01 6.705983388979801063e+00
3.770324077349886238e+01 6.537955661855204603e+00
3.825427325243225596e+01 6.371333798547235361e+00
3.881336449308971481e+01 6.206745997701207607e+00
3.938063235357022052e+01 6.044663145808629068e+00
3.995619641562885960e+01 5.885463065939944727e+00
4.054017800988444264e+01 5.729398938422138876e+00
4.113270024139684722e+01 5.576601923070963807e+00
4.173388801561776518e+01 5.427172250315507540e+00
4.234386806472085141e+01 5.281240201778730992e+00
4.296276897431768305e+01 5.139007374240753379e+00
4.359072121056394167e+01 5.000768014612482659e+00
4.422785714766153831e+01 4.866818657376494883e+00
4.487431109576422728e+01 4.737412296536693823e+00
4.553021932929024018e+01 4.612719993423122666e+00
4.619572011564897451e+01 4.492776334516877412e+00
4.687095374438894879e+01 4.377451771068541220e+00
4.755606255677079020e+01 4.266503009166286553e+00
4.825119097577294980e+01 4.159618215495267890e+00
4.895648553653715140e+01 4.056459654326927122e+00
4.967209491725800774e+01 3.956681030185301040e+00
5.039816997052468395e+01 3.859976412810387281e+00
5.113486375512155746e+01 3.766072789176023949e+00
5.188233156829324599e+01 3.674791236821276286e+00
5.264073097848132221e+01 3.585976511789561005e+00
5.341022185854102844e+01 3.499485036745267674e+00
5.419096641944207704e+01 3.415183792852981348e+00
5.498312924446403116e+01 3.332923675071151504e+00
5.578687732389014542e+01 3.252571145141930575e+00
5.660238009021011862e+01 3.173997008860963476e+00
5.742980945383668967e+01 3.097081417952182392e+00
5.826933983934446815e+01 3.021718181241452861e+00
5.912114822223990274e+01 2.947831198121888541e+00
5.998541416626786571e+01 2.875378784567868884e+00
6.086231986126384896e+01 2.804338671001794125e+00
6.175205016156090920e+01 2.734695084939374077e+00
6.265479262495706081e+01 2.666439023260112506e+00
6.357073755225268741e+01 2.599595785870295828e+00
6.450007802736732287e+01 2.534200814231702292e+00
6.544300995804185561e+01 2.470295765413594413e+00
6.639973211713609658e+01 2.407910830767553634e+00
6.737044618453150235e+01 2.347077305115928603e+00
6.835535678964551209e+01 2.287827811950184476e+00
6.935467155456755961e+01 2.230197271139422011e+00
7.036860113782725534e+01 2.174198501858287003e+00
7.139735927880155941e+01 2.119837654483138323e+00
7.244116284277104967e+01 2.067122116903767015e+00
7.350023186663693764e+01 2.016027666796076367e+00
7.457478960530420409e+01 1.966518611685184936e+00
7.566506257874560504e+01 1.918539518168880242e+00
7.677128061975207629e+01 1.872036356371790777e+00
7.789367692238195673e+01 1.826949716122874712e+00
7.903248809111987327e+01 1.783197443448203856e+00
8.018795419075250663e+01 1.740700892574404079e+00
8.136031879697608815e+01 1.699381640150676054e+00
8.254982904774240637e+01 1.659170978974229271e+00
8.375673569535565832e+01 1.620004287212077010e+00
8.498129315933287842e+01 1.581811182813694705e+00
8.622375958003568996e+01 1.544518984468431499e+00
8.748439687308666635e+01 1.508050433051243422e+00
8.876347078458297801e+01 1.472336324569850863e+00
9.006125094711582335e+01 1.437317560384121728e+00
9.137801093660941376e+01 1.402936237964397925e+00
9.271402832999238797e+01 1.369143540310371332e+00
9.406958476371164579e+01 1.335896635562948909e+00
9.544496599310141960e+01 1.303165029657991969e+00
9.684046195262244794e+01 1.270927286150249191e+00
9.825636681698054531e+01 1.239158862299746922e+00
9.969297906313882152e+01 1.207859737543113043e+00
1.011506015332388557e+02 1.177033961264732476e+00
1.026295414984399486e+02 1.146689276151504178e+00
1.041301107236922547e+02 1.116835315051849520e+00
1.056526255334593003e+02 1.087481930871064373e+00
1.071974068783982119e+02 1.058641704381520610e+00
1.087647804030191168e+02 1.030331138593383322e+00
1.103550765143298946e+02 1.002573322378762510e+00
1.119686304514886928e+02 9.753930849755275689e-01
1.136057823564727016e+02 9.488138724402562785e-01
1.152668773457802018e+02 9.228548250231506378e-01
1.169522655831838307e+02 8.975339083245613692e-01
1.186623023535452148e+02 8.728672215532953249e-01
1.203973481377094998e+02 8.488660318010081696e-01
1.221577686884970859e+02 8.255396161902326391e-01
1.239439351078047764e+02 8.028931955151663580e-01
1.257562239248345151e+02 7.809277832337385705e-01
1.275950171754682003e+02 7.596429983890085058e-01
1.294607024828012527e+02 7.390350066258055683e-01
1.313536731388540773e+02 7.190892855158723673e-01
1.332743281874805348e+02 6.997949686066186059e-01
1.352230725084871210e+02 6.811363156486661685e-01
1.372003169029815126e+02 6.630993016450292821e-01
1.392064781799728621e+02 6.456691302094307305e-01
1.412419792442353241e+02 6.288283561284535583e-01
1.433072491854564987e+02 6.125616783228456930e-01
1.454027233686933869e+02 5.968526488765777405e-01
1.475288435261457209e+02 5.816833076254332990e-01
1.496860578502773649e+02 5.670347381220361971e-01
1.518748210882937997e+02 5.528853050116629975e-01
1.540955946380065029e+02 5.392148448380332804e-01
1.563488466450959606e+02 5.260027943477056933e-01
1.586350521017972994e+02 5.132298472696974478e-01
1.609546929470320435e+02 5.008759388688054370e-01
1.633082581680010605e+02 4.889193665920858467e-01
1.656962439032639338e+02 4.773393274306448886e-01
1.681191535473280112e+02 4.661156434953641625e-01
1.705774978567647793e+02 4.552288382828508229e-01
1.730717950578775230e+02 4.446575006210216063e-01
1.756025709559475843e+02 4.343806066686833334e-01
1.781703590460738837e+02 4.243787810467312682e-01
1.807757006256349257e+02 4.146306700807864121e-01
1.834191449083977261e+02 4.051147653427682460e-01
1.861012491402925377e+02 3.958121694286272363e-01
1.888225787168808836e+02 3.867060038595309113e-01
1.915837073025451502e+02 3.777820609280876929e-01
1.943852169514172772e+02 3.690272907765683730e-01
1.972276982300768111e+02 3.604293183806075440e-01
2.001117503420446440e+02 3.519769276396720881e-01
2.030379812540994635e+02 3.436614455600352502e-01
2.060070078244342824e+02 3.354764405053166088e-01
2.090194559326944272e+02 3.274188002125112407e-01
2.120759606119170542e+02 3.194870204056913798e-01
2.151771661823936199e+02 3.116812130873629627e-01
2.183237263874966061e+02 3.040040410526978487e-01
2.215163045314916701e+02 2.964586476233868062e-01
2.247555736193631049e+02 2.890491665677974442e-01
2.280422164986838993e+02 2.817804391284957632e-01
2.313769260035646766e+02 2.746579872622239571e-01
2.347604051007040482e+02 2.676864315003102401e-01
2.381933670375745180e+02 2.608714210336293138e-01
2.416765354927800047e+02 2.542171476832639776e-01
2.452106447286082016e+02 2.477275772388262964e-01
2.487964397458133590e+02 2.414059232594428783e-01
2.524346764406683121e+02 2.352542796191800512e-01
2.561261217643073564e+02 2.292728444493815632e-01
2.598715538844011235e+02 2.234612286229018252e-01
2.636717623491989571e+02 2.178175902310559853e-01
2.675275482539669838e+02 2.123395712885355613e-01
2.714397244098605029e+02 2.070238421923727423e-01
2.754091155152665351e+02 2.018662608820469828e-01
2.794365583296576574e+02 1.968620312604107137e-01
2.835229018499765061e+02 1.920058607986723509e-01
2.876690074896094984e+02 1.872918759829571844e-01
2.918757492599793864e+02 1.827140838203585860e-01
2.961440139547826789e+02 1.782664814245314144e-01
3.004747013369321280e+02 1.739430247855840161e-01
3.048687243282301438e+02 1.697375318394241661e-01
3.093270092018140645e+02 1.656439269118181457e-01
3.138504957774155741e+02 1.616569197235674382e-01
3.184401376194818454e+02 1.577709978498913479e-01
3.230969022381864875e+02 1.539813237837912296e-01
3.278217712933831649e+02 1.502834555148387097e-01
3.326157408015451438e+02 1.466735605860439995e-01
3.374798213457270890e+02 1.431481001061323532e-01
3.424150382885971453e+02 1.397040701942109109e-01
3.474224319885900627e+02 1.363383353762429029e-01
3.525030580192162120e+02 1.330482980323257347e-01
3.576579873915770804e+02 1.298316086894252819e-01
3.628883067801422158e+02 1.266863843117730648e-01
3.681951187518210418e+02 1.236110354451635251e-01
3.735795419983854231e+02 1.206039685498496578e-01
3.790427115722973781e+02 1.176638856239779901e-01
3.845857791259791156e+02 1.147897943440461532e-01
3.902099131545836030e+02 1.119807861809661992e-01
3.959162992423177343e+02 1.092359399730297026e-01
4.017061403123714172e+02 1.065544060226770590e-01
4.075806568804896983e+02 1.039353457001215703e-01
4.135410873122647217e+02 1.013780215772503573e-01
4.195886880841894708e+02 9.888156679375798008e-02
4.257247340485239420e+02 9.644520696307698482e-02
4.319505187020355947e+02 9.406781114819301459e-02
4.382673544586775733e+02 9.174835835834330156e-02
4.446765729262467062e+02 8.948583141268877383e-02
4.511795251870881316e+02 8.727913508458673419e-02
4.577775820829126019e+02 8.512723435388372395e-02
4.644721345037705191e+02 8.302914699746019589e-02
4.712645936812544960e+02 8.098377492204397732e-02
4.781563914859954139e+02 7.899000659124638668e-02
4.851489807295031937e+02 7.704673463119844634e-02
4.922438354704197536e+02 7.515273217322286647e-02
4.994424513252621409e+02 7.330677675067991117e-02
5.067463457836989278e+02 7.150766660762904181e-02
5.141570585284390518e+02 6.975426303145335072e-02
5.216761517598074533e+02 6.804540186790056233e-02
5.293052105250586692e+02 6.637995213206097922e-02
5.370458430525072799e+02 6.475679015251281645e-02
5.448996810905478014e+02 6.317475297324069705e-02
5.528683802516407013e+02 6.163266540245902758e-02
5.609536203613065481e+02 6.012945372006289063e-02
5.691571058122452769e+02 5.866408403382811221e-02
5.774805659236330939e+02 5.723560237858073274e-02
5.859257553056562529e+02 5.584298090437762874e-02
5.944944542293940231e+02 5.448521768968369455e-02
6.031884690021081497e+02 5.316129682704974491e-02
6.120096323480144065e+02 5.187027344281248953e-02
6.209598037946226441e+02 5.061123593508229379e-02
6.300408700647385558e+02 4.938335951990328876e-02
6.392547454741871888e+02 4.818585063596642765e-02
6.486033723353511959e+02 4.701800163172634855e-02
6.580887213666245543e+02 4.587901647917900366e-02
6.677127921078425743e+02 4.476807338739497572e-02
6.774776133417859683e+02 4.368446439878782839e-02
6.873852435218625487e+02 4.262743777779873927e-02
6.974377712060320391e+02 4.159624419570080722e-02
7.076373154970748374e+02 4.059018458815558117e-02
7.179860264893142130e+02 3.960861413012744386e-02
7.284860857218591264e+02 3.865091768756667712e-02
7.391397066384751042e+02 3.771650405145052232e-02
7.499491350541866268e+02 3.680478042362124447e-02
7.609166496287127757e+02 3.591518193327637720e-02
7.720445623467954874e+02 3.504712364616782705e-02
7.833352190055842357e+02 3.420006998100783013e-02
7.947909997091452396e+02 3.337352778344328946e-02
8.064143193701760310e+02 3.256698862802608063e-02
8.182076282190857910e+02 3.177995545768642904e-02
8.301734123205159221e+02 3.101192568205581729e-02
8.423141940974037425e+02 3.026242061466129923e-02
8.546325328627135605e+02 2.953098297825853744e-02
8.671310253589559807e+02 2.881717298351925416e-02
8.798123063055854800e+02 2.812056092259587400e-02
8.926790489544016509e+02 2.744073433260071221e-02
9.057339656530875800e+02 2.677731550975065433e-02
9.189798084169773347e+02 2.612992584068789606e-02
9.324193695091826157e+02 2.549816699546686438e-02
9.460554820292213662e+02 2.488166229432233270e-02
9.598910205102390591e+02 2.428003959198335795e-02
9.739289015249601107e+02 2.369294236634798823e-02
9.881720843005257393e+02 2.312004271809967385e-02
1.002623571342298760e+03 2.256101118039028491e-02
1.017286409066794135e+03 2.201550544646435278e-02
1.032163688443894443e+03 2.148318963216093100e-02
1.047258545648409381e+03 2.096375071870941811e-02
1.062574162721206903e+03 2.045689497879304639e-02
1.078113768239989440e+03 1.996232131266369170e-02
1.093880637999902092e+03 1.947974620888767716e-02
1.109878095704057614e+03 1.900887372832800806e-02
1.126109513664193628e+03 1.854940703827486631e-02
1.142578313511581428e+03 1.810106313351826993e-02
1.159287966918285520e+03 1.766355854039027007e-02
1.176241996329024005e+03 1.723661466170156586e-02
1.193443975703700517e+03 1.681997943804051585e-02
1.210897531270823038e+03 1.641341887647481193e-02
1.228606342291891451e+03 1.601669080042789420e-02
1.246574141837035995e+03 1.562956699926635121e-02
1.264804717571923447e+03 1.525182439940154198e-02
1.283301912556229354e+03 1.488322306979141842e-02
1.302069626053757020e+03 1.452352094373173148e-02
1.321111814354433591e+03 1.417249496221914193e-02
1.340432491608269856e+03 1.382992322774612669e-02
1.360035730671601186e+03 1.349557926128007457e-02
1.379925663965616423e+03 1.316926404405985469e-02
1.400106484347509195e+03 1.285079493531440277e-02
1.420582445994330328e+03 1.253998532466655061e-02
1.441357865299807372e+03 1.223663914624631595e-02
1.462437121784215378e+03 1.194056942821471352e-02
1.483824659017614067e+03 1.165159745536483230e-02
1.505524985556578713e+03 1.136955016412213165e-02
1.527542675894586637e+03 1.109425583599001064e-02
1.549882371426347845e+03 1.082554912381372518e-02
1.572548781426245341e+03 1.056327067336439336e-02
1.595546684041025856e+03 1.030726631275054317e-02
1.618880927297068183e+03 1.005738625903566594e-02
1.642556430122379197e+03 9.813483728229942943e-03
1.666578183383479882e+03 9.575413314033796863e-03
1.690951250937521081e+03 9.343037380603581854e-03
1.715680770699746063e+03 9.116221710917372587e-03
1.740771955726607302e+03 8.894835900461578806e-03
1.766230095314642085e+03 8.678752905841444903e-03
1.792060556115535746e+03 8.467848811807850151e-03
1.818268783267366871e+03 8.262003562296178771e-03
1.844860301542497837e+03 8.061099595550166863e-03
1.871840716512191648e+03 7.865022655103186267e-03
1.899215715728317718e+03 7.673661608600257020e-03
1.926991069922248016e+03 7.486903339173972376e-03
1.955172634221408771e+03 7.304635038893438244e-03
1.983766349383501620e+03 7.126756926915038363e-03
2.012778243048867353e+03 6.953167495902773387e-03
2.042214431011112310e+03 6.783766346478563823e-03
2.072081118506367602e+03 6.618455680760415571e-03
2.102384601521327113e+03 6.457141653536845743e-03
2.133131268120477671e+03 6.299729941710948376e-03
2.164327599792755791e+03 6.146126478579992496e-03
2.195980172817803123e+03 5.996240270650050885e-03
2.228095659652313316e+03 5.849982095000589959e-03
2.260680830336576037e+03 5.707264634170900776e-03
2.293742553921665603e+03 5.568003345086157754e-03
2.327287799917387474e+03 5.432063570771996502e-03
2.361323639761554659e+03 5.299344757194980431e-03
2.395857248310591331e+03 5.169761764548880950e-03
2.430895905352060254e+03 5.043230160421085378e-03
2.466446997139239102e+03 4.919665652509116333e-03
2.502518017948207671e+03 4.798982144128292882e-03
2.539116571657592431e+03 4.681099700837491537e-03
2.576250373351565486e+03 4.565940812527450807e-03
2.613927250946141612e+03 4.453429206026105966e-03
2.652155146839359531e+03 4.343492076678019849e-03
2.690942119585547971e+03 4.236060706281317111e-03
2.730296345594136710e+03 4.131067780117258538e-03
2.770226120853184057e+03 4.028446532908668345e-03
2.810739862678293321e+03 3.928142518986940147e-03
2.851846111486926020e+03 3.830093690593381651e-03
2.893553532598789843e+03 3.734253171855173199e-03
2.935870918062496912e+03 3.640579938407123833e-03
2.978807188508989839e+03 3.549032835132080385e-03
3.022371395031984775e+03 3.459567834929517648e-03
3.066572721095983525e+03 3.372138952622826327e-03
3.111420484472226690e+03 3.286720981986907941e-03
3.156924139202828428e+03 3.203291827412614156e-03
3.203093277593764924e+03 3.121824402761666072e-03
3.249937632236942136e+03 3.042286998701224099e-03
3.297467078061897155e+03 2.964649610641374028e-03
3.345691634417381465e+03 2.888901392305430037e-03
3.394621467183564164e+03 2.815018915139059878e-03
3.444266890914948817e+03 2.742978604149442362e-03
3.494638371014755649e+03 2.672757337139795679e-03
3.545746525941039636e+03 2.604331454793636438e-03
3.597602129445147511e+03 2.537672497843578793e-03
3.650216112842746952e+03 2.472752146041796648e-03
3.703599567318311529e+03 2.409540335186139640e-03
3.757763746263068242e+03 2.348005394246466433e-03
3.812720067647300311e+03 2.288114260360448425e-03
3.868480116427258054e+03 2.229832295016242506e-03
3.925055646987369528e+03 2.173124043346736593e-03
3.982458585618010147e+03 2.117952313930461690e-03
4.040701033029637529e+03 2.064278982995409583e-03
4.099795266903704032e+03 2.012065207024433134e-03
4.159753744480746718e+03 1.961271249668941445e-03
4.220589105186442794e+03 1.911872236691149977e-03
4.282314173296101217e+03 1.863827810106651224e-03
4.344941960637946067e+03 1.817093027612299043e-03
4.408485669336106184e+03 1.771624702225695633e-03
4.472958694593716245e+03 1.727381852551593613e-03
4.538374627516557666e+03 1.684325336974280265e-03
4.604747257978163361e+03 1.642415709806163649e-03
4.672090577526756533e+03 1.601615064612468180e-03
4.740418782334751995e+03 1.561888056322066577e-03
4.809746276191250217e+03 1.523199627757671187e-03
4.880087673538519084e+03 1.485516033919072722e-03
4.951457802552665271e+03 1.448805656325522634e-03
5.023871708269496594e+03 1.413039555295623334e-03
5.097344655756057364e+03 1.378186731063843354e-03
5.171892133328587988e+03 1.344221397566390010e-03
5.247529855817417229e+03 1.311115134089301144e-03
5.324273767879813931e+03 1.278840758599639107e-03
5.402140047361056531e+03 1.247374237252258300e-03
5.481145108704818995e+03 1.216694781981883262e-03
5.561305606413387977e+03 1.186783430818475144e-03
5.642638438558526104e+03 1.157615909957839841e-03
5.725160750343529799e+03 1.129169725083014860e-03
5.808889937717540306e+03 1.101426183906124455e-03
5.893843651042742749e+03 1.074369047455903071e-03
5.980039798814968890e+03 1.047981804247017637e-03
6.067496551438962342e+03 1.022242651211652123e-03
6.156232345058687315e+03 9.971356731371273235e-04
6.246265885443843217e+03 9.726453426599808568e-04
6.337616151932916182e+03 9.487565111490110651e-04
6.430302401434274543e+03 9.254544032480701687e-04
6.524344172485416493e+03 9.027246092363901088e-04
6.619761289371827843e+03 8.805530743530478720e-04
6.716573866305994670e+03 8.589260909643883475e-04
6.814802311667588583e+03 8.378302838383372940e-04
6.914467332305481250e+03 8.172526052916495674e-04
7.015589937902992460e+03 7.971803264878128941e-04
7.118191445406607272e+03 7.776010348392358232e-04
7.222293483519762958e+03 7.585026226892183131e-04
7.327917997262203244e+03 7.398732836083507210e-04
7.435087252596152211e+03 7.217014963366922805e-04
7.543823841119845383e+03 7.039760227527016700e-04
7.654150684830130558e+03 6.866858970887080357e-04
7.766091040954320306e+03 6.698204270995493110e-04
7.879668506852962309e+03 6.533691834164988927e-04
7.994907024994203312e+03 6.373219950875758620e-04
8.111830888001031781e+03 6.216689390003145950e-04
8.230464743772070506e+03 6.064003346245477920e-04
8.350833600677502545e+03 5.915067368756952255e-04
8.472962832831022752e+03 5.769789345770047788e-04
8.596878185438585206e+03 5.628079439705270916e-04
8.722605780225660055e+03 5.489850030231171194e-04
8.850172120943763730e+03 5.355015650598023017e-04
8.979604098957608585e+03 5.223492912466957830e-04
9.110928998913697797e+03 5.095200464602161680e-04
9.244174504492240885e+03 4.970058953572237086e-04
9.379368704242728199e+03 4.847990992925079769e-04
9.516540097505227095e+03 4.728921100541584794e-04
9.655717600418049187e+03 4.612775664648195045e-04
9.796930552013503984e+03 4.499482855003796673e-04
9.940208720402415565e+03 4.388972602829930712e-04
1.008558230904958327e+04 4.281176545942908212e-04
1.023308196314054294e+04 4.176028023374336786e-04
1.038273877604180234e+04 4.073462012690089997e-04
1.053458429585532394e+04 3.973415106249768747e-04
1.068865053206912307e+04 3.875825433628040002e-04
1.084496996230473633e+04 3.780632641653461617e-04
1.100357553916371216e+04 3.687777840849600281e-04
1.116450069717424776e+04 3.597203607435993855e-04
1.132777935983899988e+04 3.508853932012344292e-04
1.149344594678646899e+04 3.422674190360508613e-04
1.166153538102678976e+04 3.338611094246153317e-04
1.183208309631342308e+04 3.256612654968756623e-04
1.200512504461277240e+04 3.176628150765752664e-04
1.218069770368316131e+04 3.098608111593270089e-04
1.235883808476412378e+04 3.022504290824268715e-04
1.253958374037868634e+04 2.948269631371704265e-04
1.272297277224946629e+04 2.875858236521360023e-04
1.290904383933081954e+04 2.805225323507073618e-04
1.309783616595790045e+04 2.736327205049733906e-04
1.328938955011572398e+04 2.669121263191047075e-04
1.348374437182825204e+04 2.603565938076085520e-04
1.368094160167092014e+04 2.539620691560604275e-04
1.388102280940719720e+04 2.477245993199606315e-04
1.408403017275183811e+04 2.416403267416123877e-04
1.429000648626171824e+04 2.357054885841352069e-04
1.449899517035745885e+04 2.299164133560416821e-04
1.471104028047621796e+04 2.242695210752906941e-04
1.492618651635891001e+04 2.187613198099872371e-04
1.514447923147294932e+04 2.133884041890707871e-04
1.536596444257310395e+04 2.081474517077993636e-04
1.559068883940165870e+04 2.030352211206146672e-04
1.581869979453088126e+04 1.980485499693334598e-04
1.605004537334950146e+04 1.931843542223807015e-04
1.628477434419468773e+04 1.884396259431838575e-04
1.652293618863276788e+04 1.838114314982194854e-04
1.676458111188999465e+04 1.792969092437773958e-04
1.700976005343621728e+04 1.748932671867973662e-04
1.725852469772259792e+04 1.705977814656456728e-04
1.751092748507736542e+04 1.664077952178316146e-04
1.776702162275997762e+04 1.623207173923396022e-04
1.802686109617760303e+04 1.583340207597316537e-04
1.829050068026522786e+04 1.544452406095876088e-04
1.855799595103277170e+04 1.506519719377426823e-04
1.882940329728001961e+04 1.469518686486020326e-04
1.910477993248430357e+04 1.433426418830654147e-04
1.938418390686061321e+04 1.398220596980812263e-04
1.966767411959910532e+04 1.363879450322521810e-04
1.995531033128112540e+04 1.330381749143791056e-04
2.024715317647712800e+04 1.297706777699025112e-04
2.054326417652816599e+04 1.265834328488115801e-04
2.084370575251536866e+04 1.234744683797535381e-04
2.114854123841792170e+04 1.204418617340040945e-04
2.145783489446435851e+04 1.174837376135998515e-04
2.177165192067884345e+04 1.145982671319883668e-04
2.209005847062528846e+04 1.117836660649721759e-04
2.241312166535307188e+04 1.090381937369617170e-04
2.274090960754617117e+04 1.063601518458583747e-04
2.307349139587924947e+04 1.037478840668812873e-04
2.341093713958407170e+04 1.011997750089073693e-04
2.375331797322871353e+04 9.871424914628231721e-05
2.410070607171277879e+04 9.628976974064070587e-05
2.445317466548255106e+04 9.392483738582507301e-05
2.481079805596741426e+04 9.161798931238162344e-05
2.517365163124371975e+04 8.936779861345570716e-05
2.554181188192599075e+04 8.717287378252857580e-05
2.591535641729189592e+04 8.503185755664478818e-05
2.629436398164217462e+04 8.294342635536896017e-05
2.667891447090072324e+04 8.090628860160471920e-05
2.706908894945610155e+04 7.891918439394407785e-05
2.746496966725094899e+04 7.698088446806264416e-05
2.786664007711988961e+04 7.509019017358585079e-05
2.827418485238188441e+04 7.324593235370831126e-05
2.868768990468971242e+04 7.144697084421241574e-05
2.910724240214016754e+04 6.969219318775929720e-05
2.953293078764971142e+04 6.798051415485608371e-05
2.996484479759832539e+04 6.631087487015115763e-05
3.040307548074585429e+04 6.468224275769740930e-05
3.084771521742588448e+04 6.309361070202665551e-05
3.129885773901957509e+04 6.154399648872250106e-05
3.175659814771428137e+04 6.003244196718380871e-05
3.222103293655197558e+04 5.855801232872611111e-05
3.269226000976987780e+04 5.711979555027644616e-05
3.317037870343874238e+04 5.571690207829607384e-05
3.365548980640355148e+04 5.434846437758720779e-05
3.414769558153000253e+04 5.301363630296538449e-05
3.464709978726171539e+04 5.171159260637423036e-05
3.515380769949330715e+04 5.044152805051919784e-05
3.566792613376192458e+04 4.920265709793625135e-05
3.618956346776542341e+04 4.799421340775955771e-05
3.671882966420768207e+04 4.681544968020005701e-05
3.725583629397964978e+04 4.566563699856162272e-05
3.780069655967855215e+04 4.454406456389020327e-05
3.835352531947188254e+04 4.345003876239920715e-05
3.891443911130884226e+04 4.238288300070161151e-05
3.948355617748809163e+04 4.134193708608606508e-05
4.006099648958248872e+04 4.032655729249950798e-05
4.064688177373007056e+04 3.933611573355738536e-05
4.124133553629418748e+04 3.837000007642438139e-05
4.184448308989872748e+04 3.742761291749263766e-05
4.245645157984501566e+04 3.650837144731449953e-05
4.307737001091404818e+04 3.561170702783847885e-05
4.370736927456067497e+04 3.473706509871731332e-05
4.434658217650651204e+04 3.388390479481113011e-05
4.499514346473560727e+04 3.305169861183779182e-05
4.565318985789946601e+04 3.223993201032671090e-05
4.632086007413851621e+04 3.144810296263597014e-05
4.699829486032303976e+04 3.067572169307675970e-05
4.768563702172448393e+04 2.992231045372230938e-05
4.838303145211797528e+04 2.918740333983666844e-05
4.909062516432705888e+04 2.847054592424501585e-05
4.980856732121403911e+04 2.777129503782096897e-05
5.053700926712484215e+04 2.708921823812468585e-05
5.127610455979136168e+04 2.642389367491903085e-05
5.202600900270356215e+04 2.577490977412833439e-05
5.278688067795185634e+04 2.514186520332196642e-05
5.355887997955210449e+04 2.452436850648923023e-05
5.434216964725671278e+04 2.392203794238389358e-05
5.513691480086161027e+04 2.333450103182831435e-05
5.594328297501237830e+04 2.276139442019278636e-05
5.676144415452278918e+04 2.220236356683103461e-05
5.759157081020671467e+04 2.165706275082467076e-05
5.843383793523617351e+04 2.112515476968193217e-05
5.928842308203035645e+04 2.060631076634281695e-05
6.015550639968382893e+04 2.010020992721405747e-05
6.103527067194337724e+04 1.960653926158264203e-05
6.192790135573872249e+04 1.912499339872185232e-05
6.283358662027704850e+04 1.865527450369516192e-05
6.375251738671022758e+04 1.819709210788006477e-05
6.468488736838143814e+04 1.775016291192333932e-05
6.563089311166017433e+04 1.731421060115243373e-05
6.659073403737593617e+04 1.688896556786568856e-05
6.756461248285476177e+04 1.647416479195444735e-05
6.855273374457484169e+04 1.606955169182102273e-05
6.955530612144152110e+04 1.567487605574215641e-05
7.057254095869872253e+04 1.528989383099655860e-05
7.160465269248024561e+04 1.491436702943172213e-05
7.265185889501491329e+04 1.454806341269688401e-05
7.371438032048943569e+04 1.419075643982893333e-05
7.479244095158624987e+04 1.384222506838184678e-05
7.588626804669771809e+04 1.350225376572856118e-05
7.699609218783416145e+04 1.317063230269468753e-05
7.812214732923082192e+04 1.284715566271083587e-05
7.926467084666581650e+04 1.253162381941872959e-05
8.042390358750063751e+04 1.222384163752271411e-05
8.160008992145088268e+04 1.192361872100074804e-05
8.279347779209940927e+04 1.163076939510713329e-05
8.400431876916460169e+04 1.134511256693383272e-05
8.523286810153165425e+04 1.106647162166021826e-05
8.647938477105947095e+04 1.079467427786474264e-05
8.774413154717579891e+04 1.052955244763094799e-05
8.902737504226928286e+04 1.027094214012289365e-05
9.032938576789124636e+04 1.001868339852356845e-05
9.165043819178148988e+04 9.772620227997898024e-06
9.299081079572651652e+04 9.532600480872883601e-06
9.435078613426396623e+04 9.298475772236914892e-06
9.573065089424751932e+04 9.070101312639648243e-06
9.713069595527858473e+04 8.847335854447570323e-06
9.855121645102770708e+04 8.630041596883425794e-06
9.999251183144681272e+04 8.418084165482801976e-06
1.014548859258959856e+05 8.211332492643965450e-06
1.029386470071904041e+05 8.009658766512268031e-06
1.044441078565871867e+05 7.812938271163933699e-06
1.059715858297174564e+05 7.621049348611143838e-06
1.075214029234893387e+05 7.433873288517256521e-06
1.090938858439628821e+05 7.251294338387130409e-06
1.106893660752222786e+05 7.073199595663871186e-06
1.123081799492534337e+05 6.899478954846146384e-06
1.139506687168431090e+05 6.730024998922198002e-06
1.156171786195171881e+05 6.564732932784977239e-06
1.173080609625282814e+05 6.403500509500672513e-06
1.190236721889112378e+05 6.246228009539764836e-06
1.207643739546235156e+05 6.092818177706645393e-06
1.225305332047831471e+05 5.943176161842106963e-06
1.243225222510210297e+05 5.797209444281723274e-06
1.261407188499677868e+05 5.654827755428802425e-06
1.279855062828819500e+05 5.515943028470878120e-06
1.298572734364513308e+05 5.380469356174926488e-06
1.317564148847675824e+05 5.248322962312761277e-06
1.336833309725056752e+05 5.119422134340207068e-06
1.356384278993169719e+05 4.993687187627050382e-06
1.376221178054591583e+05 4.871040364222367243e-06
1.396348188586729812e+05 4.751405812295867188e-06
1.416769553423375473e+05 4.634709523233133740e-06
1.437489577449069475e+05 4.520879332132548989e-06
1.458512628506603360e+05 4.409844849730176349e-06
1.479843138317763805e+05 4.301537433794878557e-06
1.501485603417576640e+05 4.195890110058681432e-06
1.523444586102148460e+05 4.092837543510312299e-06
1.545724715390460333e+05 3.992315984001412263e-06
1.568330688000134542e+05 3.894263264809129778e-06
1.591267269337543112e+05 3.798618752040816595e-06
1.614539294502362027e+05 3.705323312773317985e-06
1.638151669306820550e+05 3.614319262445711335e-06
1.662109371309876733e+05 3.525550322069754187e-06
1.686417450866493164e+05 3.438961582669147345e-06
1.711081032192250132e+05 3.354499488280105825e-06
1.736105314443566604e+05 3.272111808315736226e-06
1.761495572813690233e+05 3.191747601782059653e-06
1.787257159644720377e+05 3.113357185226006317e-06
1.813395505555921409e+05 3.036892080252648917e-06
1.839916120588465419e+05 2.962304993374224453e-06
1.866824595367025177e+05 2.889549786592762128e-06
1.894126602278238861e+05 2.818581468414926404e-06
1.921827896666498855e+05 2.749356154521890743e-06
1.949934318047180714e+05 2.681831051759145207e-06
1.978451791337659233e+05 2.615964401782425043e-06
2.007386328106244036e+05 2.551715471108925013e-06
2.036744027839502378e+05 2.489044511992646816e-06
2.066531079227988666e+05 2.427912768673323241e-06
2.096753761470876052e+05 2.368282438834229493e-06
2.127418445599617262e+05 2.310116657665900337e-06
2.158531595820971706e+05 2.253379458944651924e-06
2.190099770879703574e+05 2.198035755240660868e-06
2.222129625441170356e+05 2.144051311212049645e-06
2.254627911494124855e+05 2.091392739195979732e-06
2.287601479774082836e+05 2.040027475918302918e-06
2.321057281207469641e+05 1.989923763607669178e-06
2.355002368376887462e+05 1.941050624726164278e-06
2.389443897007846099e+05 1.893377835281929952e-06
2.424389127477197908e+05 1.846875907842138374e-06
2.459845426343618892e+05 1.801516079326724343e-06
2.495820267900540202e+05 1.757270299592615628e-06
2.532321235751736385e+05 1.714111209900649848e-06
2.569356024409958045e+05 1.672012129709718420e-06
2.606932440919007640e+05 1.630947024039062017e-06
2.645058406499407720e+05 1.590890495651457721e-06
2.683741958218305954e+05 1.551817765164313037e-06
2.722991250683636754e+05 1.513704670163137919e-06
2.762814557763179764e+05 1.476527642708083833e-06
2.803220274328694213e+05 1.440263700415781616e-06
2.844216918025627383e+05 1.404890418397007581e-06
2.885813131068582297e+05 1.370385921190610899e-06
2.928017682063209941e+05 1.336728863307135031e-06
2.970839467854582472e+05 1.303898430321379486e-06
3.014287515402714489e+05 1.271874320589091583e-06
3.058370983685466344e+05 1.240636735587582082e-06
3.103099165629267809e+05 1.210166360868250084e-06
3.148481490068137064e+05 1.180444353122317714e-06
3.194527523731276742e+05 1.151452327135366322e-06
3.241246973259746446e+05 1.123172351515475740e-06
3.288649687252690201e+05 1.095586938274861333e-06
3.336745658343434916e+05 1.068679031497135380e-06
3.385545025305956951e+05 1.042431995808071425e-06
3.435058075192217948e+05 1.016829599611229412e-06
3.485295245500610326e+05 9.918560077479558839e-07
3.536267126376326778e+05 9.674957723852354186e-07
3.587984462843692163e+05 9.437338293464220366e-07
3.640458157071305322e+05 9.205554851349820182e-07
3.693699270670219557e+05 8.979464119763971340e-07
3.747719027025821852e+05 8.758926279688510987e-07
3.802528813663656474e+05 8.543804944503079108e-07
3.858140184650055598e+05 8.333967031106251923e-07
3.914564863027686952e+05 8.129282776555662954e-07
3.971814743286844459e+05 7.929625609665727981e-07
4.029901893872824148e+05 7.734872101713072954e-07
4.088838559730049456e+05 7.544901827263221762e-07
4.148637164883234072e+05 7.359597306508286247e-07
4.209310315056518302e+05 7.178843908827156493e-07
4.270870800330698257e+05 7.002529846750214257e-07
4.333331597839464666e+05 6.830546090528042013e-07
4.396705874505008687e+05 6.662786310550020496e-07
4.461006989813632099e+05 6.499146784826247652e-07
4.526248498632023693e+05 6.339526316886678530e-07
4.592444154064618051e+05 6.183826174565666665e-07
4.659607910352769541e+05 6.031950053767820535e-07
4.727753925816391711e+05 5.883804036096558925e-07
4.796896565838557435e+05 5.739296519498091815e-07
4.867050405893750722e+05 5.598338170142821204e-07
4.938230234620487317e+05 5.460841817165320133e-07
5.010451056938675465e+05 5.326722423543737015e-07
5.083728097212858265e+05 5.195897023233489913e-07
5.158076802461401094e+05 5.068284714834438480e-07
5.233512845612866804e+05 4.943806587138198789e-07
5.310052128809862770e+05 4.822385691653259613e-07
5.387710786761345807e+05 4.703946943175110410e-07
5.466505190143726068e+05 4.588417098096423223e-07
5.546451949052015552e+05 4.475724684934077391e-07
5.627567916501143482e+05 4.365800013384070922e-07
5.709870191978698131e+05 4.258575108493482556e-07
5.793376125049539842e+05 4.153983681846638067e-07
5.878103319013111759e+05 4.051961062852941017e-07
5.964069634614330716e+05 3.952444160192738267e-07
6.051293193808660144e+05 3.855371414349731255e-07
6.139792383582199691e+05 3.760682787898581759e-07
6.229585859827803215e+05 3.668319726893443868e-07
6.320692551277765306e+05 3.578225124929115708e-07
6.413131663494040258e+05 3.490343282082261351e-07
6.506922682916891063e+05 3.404619851303938071e-07
6.602085380972654093e+05 3.321001811985537185e-07
6.698639818241554312e+05 3.239437441792631446e-07
6.796606348686616402e+05 3.159876302266899898e-07
6.896005623944308609e+05 3.082269196687066196e-07
6.996858597677947255e+05 3.006568151751588240e-07
7.099186529994906159e+05 2.932726352770172098e-07
7.203010991928107105e+05 2.860698133651405279e-07
7.308353869983489858e+05 2.790438935552553783e-07
7.415237370753544383e+05 2.721905310743873049e-07
7.523684025598652661e+05 2.655054879985097953e-07
7.633716695396702271e+05 2.589846317422096265e-07
7.745358575362346601e+05 2.526239300939583575e-07
7.858633199936412275e+05 2.464194495812926840e-07
7.973564447747282684e+05 2.403673519977794012e-07
8.090176546644357732e+05 2.344638945011608740e-07
8.208494078805482714e+05 2.287054265105179729e-07
8.328541985918919090e+05 2.230883879068002205e-07
8.450345574441093486e+05 2.176093057804943481e-07
8.573930520931360079e+05 2.122647918411471384e-07
8.699322877464652993e+05 2.070515402506204450e-07
8.826549077123249881e+05 2.019663265572420266e-07
8.955635939569058828e+05 1.970060061444513106e-07
9.086610676697250456e+05 1.921675119947730992e-07
9.219500898372563533e+05 1.874478529552427739e-07
9.354334618249695050e+05 1.828441103410727928e-07
9.491140259678403381e+05 1.783534368679235614e-07
9.629946661695538787e+05 1.739730546649333601e-07
9.770783085104124621e+05 1.697002549554705410e-07
9.913679218641788466e+05 1.655323955882763790e-07
1.005866518523914390e+06 1.614669002033739676e-07
1.020577154836995411e+06 1.575012547145499767e-07
1.035502931849373854e+06 1.536330067659683260e-07
1.050646995959317079e+06 1.498597632555852903e-07
1.066012539580651792e+06 1.461791908234051246e-07
1.081602801815748680e+06 1.425890134902520568e-07
1.097421069138327846e+06 1.390870118104544318e-07
1.113470676086274209e+06 1.356710204105862418e-07
1.129755005964536453e+06 1.323389268447002195e-07
1.146277491558376001e+06 1.290886699185086999e-07
1.163041615856972523e+06 1.259182394568865242e-07
1.180050912787671201e+06 1.228256749277652451e-07
1.197308967960937181e+06 1.198090642931908775e-07
1.214819419426210457e+06 1.168665425568299997e-07
1.232585958438829752e+06 1.139962900494881682e-07
1.250612330238152528e+06 1.111965314855646603e-07
1.268902334837052273e+06 1.084655350941939488e-07
1.287459827822985593e+06 1.058016120698219106e-07
1.306288721170759294e+06 1.032031152039808809e-07
1.325392984067179263e+06 1.006684382102589083e-07
1.344776643747788155e+06 9.819601361905475293e-08
1.364443786345781991e+06 9.578431239636824658e-08
1.384398557753422298e+06 9.343184261835416361e-08
1.404645164495963370e+06 9.113714954648875854e-08
1.425187874618424103e+06 8.889881421015892720e-08
1.446031018585291225e+06 8.671545295112950244e-08
1.467178990193418227e+06 8.458571565626703138e-08
1.488636247498210752e+06 8.250828531022907427e-08
1.510407313753444701e+06 8.048187675459199909e-08
1.532496778364738682e+06 7.850523681330879003e-08
1.554909297857040074e+06 7.657714317899633980e-08
1.577649596856227843e+06 7.469640385021314773e-08
1.600722469085068908e+06 7.286185599353852958e-08
1.624132778373772744e+06 7.107236512674176816e-08
1.647885459685286274e+06 6.932682435642258970e-08
1.671985520155586069e+06 6.762415406783667178e-08
1.696438040149214910e+06 6.596330136316026726e-08
1.721248174330234993e+06 6.434323933977108310e-08
1.746421152748836437e+06 6.276296647057320373e-08
1.771962281943869079e+06 6.122150550748721216e-08
1.797876946061467053e+06 5.971790309493326696e-08
1.824170607990019256e+06 5.825122914173269312e-08
1.850848810511793243e+06 5.682057668015735864e-08
1.877917177471357863e+06 5.542506104569665781e-08
1.905381414961099625e+06 5.406381962854460234e-08
1.933247312524116598e+06 5.273601063101514693e-08
1.961520744374614907e+06 5.144081293883767040e-08
1.990207670636273455e+06 5.017742527634057463e-08
2.019314138598602731e+06 4.894506638087943611e-08
2.048846283991761040e+06 4.774297419526702587e-08
2.078810332279967843e+06 4.657040560199474575e-08
2.109212599973884411e+06 4.542663556831919103e-08
2.140059495962097775e+06 4.431095679471254737e-08
2.171357522862194572e+06 4.322267913050040368e-08
2.203113278391475789e+06 4.216112952540275240e-08
2.235333456757812295e+06 4.112565154220722184e-08
2.268024850070791319e+06 4.011560498909101950e-08
2.301194349773505703e+06 3.913036540877966955e-08
2.334848948095316067e+06 3.816932353004758531e-08
2.368995739525820594e+06 3.723189549824174844e-08
2.403641922310370486e+06 3.632256303458330644e-08
2.438794799967510626e+06 3.544145287493266208e-08
2.474461782828576397e+06 3.458877642949396624e-08
2.510650389599800110e+06 3.376482340268089721e-08
2.547368248947319575e+06 3.296995197111345144e-08
2.584623101105251815e+06 3.220457650609854642e-08
2.622422799507437740e+06 3.146915214154466246e-08
2.660775312442901079e+06 3.076415669576355682e-08
2.699688724735625088e+06 3.009007038546465924e-08
2.739171239448836073e+06 2.944735407543215773e-08
2.779231179614281282e+06 2.883642610561904065e-08
2.819876989986669272e+06 2.825763947826478042e-08
2.861117238823935855e+06 2.771125959197849789e-08
2.902960619693385437e+06 2.719744344192702016e-08
2.945415953304361552e+06 2.671622107712766708e-08
2.988492189367654733e+06 2.626748008629251419e-08
3.032198408482181840e+06 2.585095332017402624e-08
3.076543824049112387e+06 2.546621065256719773e-08
3.121537784214185551e+06 2.511265501451525999e-08
3.167189773838225752e+06 2.478952263416033814e-08
