3.164573927401879594e+00 8.165551498634418103e-04
3.200528214891147805e+00 8.704253280791423870e-04
3.237016283273637995e+00 9.289793713649966127e-04
3.274046057113074060e+00 9.926753239012356313e-04
3.311625578622017230e+00 1.063028246639130059e-03
3.349763009408514236e+00 1.141684174891746716e-03
3.388466632248642973e+00 1.228326579846475810e-03
3.427744852885407312e+00 1.323907360619442112e-03
3.467606201854282588e+00 1.431976434018278734e-03
3.508059336335921152e+00 1.553561554057919297e-03
3.549113042036324384e+00 1.689248146591257110e-03
3.590776235094967017e+00 1.840872283225167619e-03
3.633057964021195296e+00 2.015118482248695175e-03
3.675967411659416317e+00 2.212796803471836320e-03
3.719513897183448492e+00 2.435524627835277366e-03
3.763706878120498978e+00 2.686645806040449322e-03
3.808555952405137113e+00 2.976878656400041602e-03
3.854070860463820303e+00 3.310187771551114690e-03
3.900261487330329846e+00 3.689811485091136836e-03
3.947137864792651829e+00 4.122463529170238700e-03
3.994710173571663248e+00 4.622271104284446375e-03
4.042988745532231754e+00 5.205947757776809015e-03
4.091984065927119829e+00 5.874809883370938832e-03
4.141706775674173890e+00 6.640253570939020494e-03
4.192167673667356098e+00 7.514136734537227302e-03
4.243377719122068292e+00 8.537355765220418224e-03
4.295348033955307621e+00 9.712164135866584169e-03
4.348089905201161898e+00 1.105471270474089537e-02
4.401614787462110101e+00 1.258751600329809095e-02
4.455934305396797690e+00 1.434033081667264453e-02
4.511060256244718403e+00 1.639831639433819016e-02
4.567004612388319451e+00 1.875140439757318200e-02
4.623779523953222892e+00 2.142802953898979845e-02
4.681397321447012594e+00 2.445617000027519583e-02
4.739870518437213853e+00 2.786536594391773175e-02
4.799211814269002119e+00 3.177746387156310526e-02
4.859434096823267879e+00 3.616653277772945846e-02
4.920550445315657662e+00 4.107334832510965705e-02
4.982574133137164907e+00 4.654493179554361482e-02
5.045518630736824051e+00 5.262686647086528557e-02
5.109397608547293856e+00 5.942077973769405164e-02
5.174224939953812274e+00 6.696637976095851097e-02
5.240014704307287552e+00 7.524528082772777293e-02
5.306781189982030078e+00 8.429416942862277828e-02
5.374538897478974953e+00 9.415618667239528117e-02
5.443302542574915748e+00 1.048703204785578769e-01
5.513087059518534616e+00 1.165529801302568336e-01
5.583907604273820269e+00 1.291877775447818899e-01
5.655779557811708713e+00 1.427511846299568954e-01
5.728718529450524954e+00 1.572619307702213809e-01
5.802740360246106732e+00 1.727373670494896096e-01
5.877861126432139649e+00 1.891976016007526074e-01
5.954097142911659368e+00 2.066984800094825991e-01
6.031464966800376359e+00 2.252835627208500946e-01
6.109981401022552383e+00 2.449003267362123981e-01
6.189663497960329330e+00 2.655618265858676885e-01
6.270528563157181878e+00 2.872710552075808943e-01
6.352594159076392799e+00 3.100490892461703618e-01
6.435878108915329854e+00 3.339370071189042832e-01
6.520398500476263237e+00 3.590350082924269604e-01
6.606173690094766293e+00 3.854074322634528094e-01
6.693222306626413598e+00 4.130257623849634685e-01
6.781563255492571329e+00 4.419038745284983305e-01
6.871215722786348401e+00 4.720502317726587016e-01
6.962199179439505059e+00 5.034753232171051973e-01
7.054533385451136063e+00 5.362251422526018718e-01
7.148238394179290189e+00 5.703499222517141032e-01
7.243334556696091830e+00 6.059584857693858240e-01
7.339842526207681850e+00 6.429649237889316638e-01
7.437783262539797491e+00 6.814194291917144986e-01
7.537178036689739180e+00 7.213920197163621317e-01
7.638048435446176399e+00 7.629577112197305500e-01
7.740416366077321975e+00 8.062047805058155658e-01
7.844304061088920754e+00 8.512101665394531391e-01
7.949734083052629963e+00 8.979958609026439387e-01
8.056729329506287840e+00 9.465315445011617257e-01
8.165313037926811290e+00 9.968124267260853877e-01
8.275508790777038826e+00 1.048699972747950460e+00
8.387340520627342144e+00 1.102108221608948835e+00
8.500832515353380359e+00 1.157058625409093100e+00
8.616009423411002288e+00 1.213844750636379199e+00
8.732896259189519839e+00 1.272840334802940898e+00
8.851518408444267294e+00 1.334148535862707874e+00
8.971901633810018595e+00 1.397526737452810863e+00
9.094072080396157887e+00 1.462643543684842395e+00
9.218056281464985346e+00 1.529276317615290814e+00
9.343881164194161926e+00 1.597403316913571514e+00
9.471574055524916602e+00 1.667158795242160263e+00
9.601162688096902542e+00 1.738876307201402405e+00
9.732675206271348856e+00 1.812863386163238832e+00
9.866140172243355266e+00 1.889285513720853960e+00
1.000158657224522329e+01 1.968097827646217990e+00
1.013904382284174410e+01 2.049043186123566063e+00
1.027854177731887475e+01 2.131716800081295826e+00
1.042011073216742112e+01 2.215744693225947692e+00
1.056378143366287325e+01 2.300916062371925808e+00
1.070958508454292257e+01 2.387349113943733503e+00
1.085755335078425432e+01 2.475341235495313708e+00
1.100771836847970242e+01 2.565256833352137278e+00
1.116011275081768339e+01 2.657191699938602270e+00
1.131476959516529845e+01 2.750971814633107027e+00
1.147172249025636148e+01 2.846320025458868308e+00
1.163100552348633165e+01 2.943004406137087692e+00
1.179265328831552928e+01 3.040971815297838443e+00
1.195670089178215356e+01 3.140353783697246381e+00
1.212318396212702609e+01 3.241453184991455849e+00
1.229213865653126447e+01 3.344618479064663585e+00
1.246360166896906208e+01 3.449981567156333195e+00
1.263761023817704476e+01 3.557328639660946035e+00
1.281420215574170918e+01 3.666243232996591939e+00
1.299341577430720029e+01 3.776292383823720122e+00
1.317529001590476945e+01 3.887207774823234097e+00
1.335986438040598756e+01 3.998728237621130610e+00
1.354717895410146333e+01 4.110922160639881362e+00
1.373727441840674146e+01 4.223921601912102197e+00
1.393019205869775412e+01 4.338054924183396999e+00
1.412597377327709935e+01 4.453380958991687955e+00
1.432466208247376827e+01 4.569574435155653092e+00
1.452630013787772434e+01 4.686085850768032302e+00
1.473093173171162285e+01 4.802422083804128050e+00
1.493860130634192451e+01 4.918315265722013052e+00
1.514935396393069489e+01 5.033626044228411089e+00
1.536323547623117136e+01 5.148427556443269992e+00
1.558029229452863262e+01 5.263035034288261471e+00
1.580057155972859562e+01 5.377862158576598439e+00
1.602412111259516792e+01 5.493327214840097561e+00
1.625098950414113119e+01 5.609611667173092897e+00
1.648122600617238120e+01 5.726588134597324853e+00
1.671488062198898206e+01 5.843774360342656848e+00
1.695200409724477097e+01 5.960271226490858609e+00
1.719264793096862931e+01 6.075041960633861926e+00
1.743686438674915706e+01 6.187170971043033596e+00
1.768470650408524492e+01 6.296578065729835139e+00
1.793622810990543215e+01 6.403659870031430223e+00
1.819148383025815718e+01 6.509005573254993848e+00
1.845052910217551911e+01 6.613419904030119589e+00
1.871342018571333554e+01 6.717580322320639397e+00
1.898021417616967454e+01 6.821971855292432885e+00
1.925096901648499070e+01 6.926738062652585626e+00
1.952574350982650486e+01 7.031445805856449738e+00
1.980459733235889885e+01 7.135228537185804853e+00
2.008759104620509106e+01 7.237082535095333391e+00
2.037478611259928130e+01 7.336213554070468490e+00
2.066624490523516045e+01 7.432223909753393087e+00
2.096203072381252142e+01 7.524942054595913810e+00
2.126220780778461616e+01 7.614231561160044848e+00
2.156684135030996785e+01 7.699832103295158880e+00
2.187599751241123514e+01 7.781253862009759992e+00
2.218974343734406673e+01 7.857984951157897413e+00
2.250814726517949538e+01 7.929727595764116899e+00
2.283127814760276308e+01 7.996406192116285006e+00
2.315920626293182139e+01 8.058070205538498954e+00
2.349200283135896683e+01 8.114457683696304713e+00
2.382974013041829053e+01 8.164773040591732922e+00
2.417249151068345014e+01 8.207983668814732070e+00
2.452033141169783903e+01 8.243124516840129701e+00
2.487333537814168594e+01 8.269951793709221732e+00
2.523158007623895216e+01 8.289155064134105189e+00
2.559514331040785962e+01 8.301702312769306147e+00
2.596410404015887252e+01 8.308523408918535580e+00
2.634548900134865690e+01 8.310142483300129612e+00
2.672057339867676973e+01 8.306225237660409988e+00
2.710114703428025962e+01 8.296491304443406989e+00
2.748729024137754706e+01 8.280529905385474621e+00
2.787908452883774757e+01 8.258427177479539694e+00
2.827661259838576413e+01 8.230848984459036899e+00
2.867995836205926352e+01 8.198666511265679802e+00
2.908920695992131655e+01 8.162159360667640584e+00
2.950444477803234733e+01 8.121200964589384341e+00
2.992575946668449660e+01 8.075735802496165405e+00
3.035323995890345827e+01 8.025615139674920684e+00
3.078697648922099006e+01 7.971383080459800041e+00
3.122706061272187839e+01 7.913486942211081399e+00
3.167358522436974866e+01 7.852177778573091516e+00
3.212664457861578882e+01 7.787246529415434715e+00
3.258633430929467067e+01 7.718298860795607119e+00
3.305275144981091984e+01 7.644913713251236587e+00
3.352599445362148600e+01 7.566456779291001133e+00
3.400616321501772887e+01 7.482631199965963376e+00
3.449335909021155544e+01 7.393405051043189680e+00
3.498768491872992570e+01 7.298910841548660322e+00
3.548924504512287825e+01 7.199495683547304736e+00
3.599814534098924668e+01 7.095537578526358580e+00
3.651449322732411673e+01 6.987370167231808260e+00
3.703839769719387931e+01 6.875258607748814477e+00
3.756996933874322053e+01 6.759582338286032055e+00
3.810932035853839750e+01 6.640781720214862460e+00
3.865656460525212168e+01 6.519319610764864770e+00
3.921181759369545716e+01 6.395668217717316750e+00
3.977519652920143045e+01 6.270376062940788309e+00
4.034682033236479270e+01 6.143881404421868808e+00
4.092680966414449983e+01 6.016616256878765334e+00
4.151528695133371372e+01 5.888970506230884361e+00
4.211237641240182938e+01 5.761349367648208819e+00
4.271820408371507227e+01 5.634172038911314573e+00
4.333289784614088802e+01 5.507810248937250464e+00
4.395658745204197260e+01 5.382654206857611534e+00
4.458940455266435521e+01 5.259027634434029430e+00
4.523148272592735708e+01 5.137105934556695175e+00
4.588295750461984568e+01 5.017085400474941892e+00
4.654396640500909399e+01 4.899154813866369196e+00
4.721464895586798605e+01 4.783429892904516478e+00
4.789514672792775229e+01 4.670033201072019580e+00
4.858560336376145727e+01 4.559049879233185720e+00
4.928616460810427213e+01 4.450545671650155910e+00
4.999697833861848295e+01 4.344489824190768346e+00
5.071819459710763311e+01 4.240830849092501076e+00
5.144996562118861760e+01 4.139435542366268095e+00
5.219244587642613453e+01 4.040154578195465085e+00
5.294579208893820521e+01 3.942896162296849916e+00
5.371016327847897287e+01 3.847526366712683554e+00
5.448572079200459939e+01 3.753947545722788881e+00
5.527262833773195894e+01 3.662100553428034644e+00
5.607105201969400099e+01 3.571978780068254089e+00
5.688116037280274639e+01 3.483596371232096089e+00
5.770312439842350472e+01 3.396997920620971723e+00
5.853711760047097101e+01 3.312177932209817044e+00
5.938331602203363246e+01 3.229104298303692833e+00
6.024189828253294365e+01 3.147781791231048842e+00
6.111304561542798552e+01 3.068199039794396565e+00
6.199694190647014125e+01 2.990323062254400366e+00
6.289377373251947034e+01 2.914114501713503280e+00
6.380373040092748482e+01 2.839519133291807940e+00
6.472700398949716316e+01 2.766511913983570548e+00
6.566378938702813173e+01 2.695110013035830754e+00
6.661428433445378516e+01 2.625350215357154404e+00
6.757868946658233256e+01 2.557257057131755218e+00
6.855720835444665795e+01 2.490847227160753352e+00
6.955004754827614022e+01 2.426151642837971689e+00
7.055741662109520007e+01 2.363168941318449345e+00
7.157952821296140655e+01 2.301900797766940343e+00
7.261659807585084536e+01 2.242344758535183225e+00
7.366884511919911915e+01 2.184461218697261842e+00
7.473649145611094013e+01 2.128197731669764003e+00
7.581976245024343086e+01 2.073499100747143498e+00
7.691888676337826780e+01 2.020304648252423618e+00
7.803409640368758460e+01 1.968580662140568593e+00
7.916562677470759013e+01 1.918239962709268553e+00
8.031371672502936576e+01 1.869218887992280642e+00
8.147860859871484251e+01 1.821461679048536730e+00
8.266054828645316377e+01 1.774910429538588463e+00
8.385978527746307520e+01 1.729515124227788192e+00
8.507657271215779815e+01 1.685236902668205694e+00
8.631116743557767279e+01 1.642039701104752725e+00
8.756383005160672894e+01 1.599893239348264551e+00
8.883482497798271993e+01 1.558771900188989479e+00
9.012442050211026867e+01 1.518645761976930020e+00
9.143288883769379538e+01 1.479476774795312144e+00
9.276050618219606747e+01 1.441231479827153938e+00
9.410755277514080319e+01 1.403890200044286329e+00
9.547431295726541123e+01 1.367426882207107397e+00
9.686107523054155877e+01 1.331816722268517772e+00
9.826813231907426882e+01 1.297033065214162395e+00
9.969578123088979282e+01 1.263052814120133815e+00
1.011443233206312726e+02 1.229857923820147025e+00
1.026140643531681462e+02 1.197433485717465551e+00
1.041053145681403009e+02 1.165758226099172123e+00
1.056183887454433261e+02 1.134825858135858567e+00
1.071536062716742492e+02 1.104619855617249513e+00
1.087112912075498485e+02 1.075132465415145511e+00
1.102917723563092380e+02 1.046355211802738605e+00
1.118953833331211172e+02 1.018282833996658088e+00
1.135224626355027198e+02 9.909118778073697786e-01
1.151733537147735547e+02 9.642403634910619026e-01
1.168484050485506458e+02 9.382679799554316524e-01
1.185479702143080090e+02 9.129902233196709460e-01
1.202724079640115065e+02 8.884032234797892835e-01
1.220220822998447119e+02 8.645028262860026125e-01
1.237973625510457936e+02 8.412851971281715135e-01
1.255986234518652225e+02 8.187420210334275250e-01
1.274262452206686049e+02 7.968697293688090655e-01
1.292806136401929678e+02 7.756547808789802101e-01
1.311621201389803559e+02 7.550772446021511985e-01
1.330711618740029394e+02 7.351196011224905291e-01
1.350081418144953602e+02 7.157645400058819662e-01
1.369734688270169727e+02 6.969921664651737014e-01
1.389675577617553017e+02 6.787822780292255276e-01
1.409908295400965983e+02 6.611134183344151705e-01
1.430437112434741493e+02 6.439622457464752037e-01
1.451266362035192117e+02 6.273056655620984357e-01
1.472400440935313384e+02 6.111225999459192204e-01
1.493843810212850087e+02 5.953963160734304649e-01
1.515600996231980275e+02 5.801115252334150263e-01
1.537676591598741425e+02 5.652530176081395075e-01
1.560075256130477044e+02 5.508129971124123836e-01
1.582801717839436719e+02 5.367713100197333276e-01
1.605860773930791083e+02 5.231150586086551479e-01
1.629257291815257247e+02 5.098342098715777926e-01
1.652996210136526827e+02 4.969203249624381535e-01
1.677082539813728488e+02 4.843664951022301768e-01
1.701521365099166587e+02 4.721637233457565141e-01
1.726317844651534301e+02 4.603056752069715762e-01
1.751477212624809852e+02 4.487848289843005545e-01
1.777004779773111807e+02 4.375943892593959217e-01
1.802905934571728324e+02 4.267255978712276576e-01
1.829186144354533496e+02 4.161675491133603466e-01
1.855850956468046036e+02 4.059108242680772305e-01
1.882905999442400287e+02 3.959444386563008567e-01
1.910356984179451274e+02 3.862566860344379682e-01
1.938209705158235181e+02 3.768357411340417795e-01
1.966470041658106140e+02 3.676691286209142207e-01
1.995143958999767904e+02 3.587451532714937552e-01
2.024237509804458170e+02 3.500521399415434942e-01
2.053756835271547345e+02 3.415786471114784506e-01
2.083708166474864072e+02 3.333136531513005152e-01
2.114097825677992546e+02 3.252474154070298384e-01
2.144932227668775511e+02 3.173719215127228654e-01
2.176217881113390149e+02 3.096800046756241764e-01
2.207961389930240728e+02 3.021642359987348203e-01
2.240169454683928336e+02 2.948173230512717291e-01
2.272848873999631394e+02 2.876331477367622402e-01
2.306006545998199044e+02 2.806070521609049795e-01
2.339649469752252458e+02 2.737351691211829530e-01
2.373784746763550118e+02 2.670145750477271318e-01
2.408419582462022959e+02 2.604425007285513516e-01
2.443561287726735998e+02 2.540157815060835600e-01
2.479217280429094217e+02 2.477330354449633898e-01
2.515395086998631484e+02 2.415924247634158861e-01
2.552102344011730679e+02 2.355931869819469504e-01
2.589346799803604995e+02 2.297326566614238397e-01
2.627136316103819240e+02 2.240090767394452009e-01
2.665478869695796220e+02 2.184207170105532947e-01
2.704382554100603215e+02 2.129657227953538068e-01
2.743855581285359335e+02 2.076421854166372594e-01
2.783906283396639196e+02 2.024482531743823921e-01
2.824543114519279925e+02 1.973815458633754183e-01
2.865774652460917764e+02 1.924399076883202553e-01
2.907609600562598757e+02 1.876211798886567306e-01
2.950056789535938151e+02 1.829228502002517853e-01
2.993125179327159344e+02 1.783425617194080159e-01
3.036823861008382437e+02 1.738778201628034814e-01
3.081162058696608028e+02 1.695258309386953877e-01
3.126149131500787348e+02 1.652837788809744246e-01
3.171794575497411870e+02 1.611492042075955977e-01
3.218108025734942430e+02 1.571196913630069636e-01
3.265099258267650839e+02 1.531928331437691360e-01
3.312778192219194580e+02 1.493663745446387747e-01
3.361154891876382749e+02 1.456380285806964103e-01
3.410239568813580604e+02 1.420056824918171923e-01
3.460042584048225649e+02 1.384671749436662269e-01
3.510574450227897501e+02 1.350201230559559817e-01
3.561845833849337737e+02 1.316622908229119204e-01
3.613867557510001234e+02 1.283912763790616141e-01
3.666650602192554516e+02 1.252049637949788352e-01
3.720206109582778140e+02 1.221012894823908651e-01
3.774545384421387553e+02 1.190783430529751552e-01
3.829679896890307873e+02 1.161339844775116648e-01
3.885621285033867593e+02 1.132659513564817921e-01
3.942381357215372759e+02 1.104722289352117193e-01
3.999972094609689748e+02 1.077509958361807241e-01
4.058405653732298219e+02 1.051005026598769154e-01
4.117694369005337194e+02 1.025189614272715710e-01
4.177850755361182564e+02 1.000044649273035546e-01
4.238887510884187009e+02 9.755509481407625971e-02
4.300817519491059784e+02 9.516901553801004887e-02
4.363653853650423571e+02 9.284435275621270856e-02
4.427409777142229927e+02 9.057955367942695235e-02
4.492098747857552894e+02 8.837271438014204783e-02
4.557734420639341693e+02 8.622216423202189173e-02
4.624330650164705503e+02 8.412626691378473354e-02
4.691901493869456203e+02 8.208350024346092177e-02
4.760461214915425217e+02 8.009229009033716484e-02
4.830024285201201337e+02 7.815157163555781772e-02
4.900605388416838082e+02 7.625952508335533120e-02
4.972219423143488370e+02 7.441474618208135383e-02
5.044881505998183115e+02 7.261587402176550299e-02
5.118606974824718350e+02 7.086158069949996530e-02
5.193411391931241496e+02 6.915056982709007205e-02
5.269310547375253009e+02 6.748158058958285410e-02
5.346320462296615688e+02 6.585340813199994092e-02
5.424457392299315188e+02 6.426486378226599350e-02
5.503737830882869275e+02 6.271483640735141252e-02
5.584178512923803055e+02 6.120230876283641597e-02
5.665796418208097975e+02 5.972624467112631202e-02
5.748608775015380843e+02 5.828566180223323373e-02
5.832633063755579315e+02 5.687971142056862106e-02
5.917887020658750998e+02 5.550751048105043162e-02
6.004388641518845589e+02 5.416812526087744217e-02
6.092156185492482336e+02 5.286070214693534830e-02
6.181208178953094148e+02 5.158442377255900713e-02
6.271563419401543342e+02 5.033849733292571071e-02
6.363240979434006022e+02 4.912219415492159735e-02
6.456260210767933359e+02 4.793485672310787010e-02
6.550640748326890161e+02 4.677580149281693883e-02
6.646402514385083578e+02 4.564437361359874323e-02
6.743565722772810886e+02 4.453993588781115370e-02
6.842150883143197007e+02 4.346180608286175084e-02
6.942178805301447255e+02 4.240934847527388224e-02
7.043670603597503259e+02 4.138198973050029317e-02
7.146647701382985360e+02 4.037914574385928490e-02
7.251131835533315098e+02 3.940027071879923654e-02
7.357145061035943172e+02 3.844483370728923877e-02
7.464709755645977793e+02 3.751230478635558113e-02
7.573848624609688613e+02 3.660216152563329495e-02
7.684584705457214113e+02 3.571389784452601301e-02
7.796941372865461517e+02 3.484701673434732749e-02
7.910942343592176940e+02 3.400105802257848142e-02
8.026611681482133918e+02 3.317553328605818419e-02
8.143973802546641991e+02 3.236997199133568454e-02
8.263053480117388290e+02 3.158390613954263626e-02
8.383875850075777407e+02 3.081687988505753262e-02
8.506466416158613129e+02 3.006842892335965384e-02
8.630851055341606752e+02 2.933809652362073458e-02
8.757056023301629466e+02 2.862542744377233328e-02
8.885107959958858146e+02 2.792998412142835146e-02
9.015033895100004884e+02 2.725135692893548844e-02
9.146861254083926269e+02 2.658914627716247453e-02
9.280617863630754982e+02 2.594297067888508279e-02
9.416331957695571191e+02 2.531245078465213863e-02
9.554032183428214466e+02 2.469721382514636354e-02
9.693747607220288955e+02 2.409689503928136994e-02
9.835507720840596448e+02 2.351113657085897313e-02
9.979342447660358175e+02 2.293959055283772974e-02
1.012528214896960549e+03 2.238190704129503633e-02
1.027335763038606046e+03 2.183774904345942361e-02
1.042360014835752054e+03 2.130678818876663785e-02
1.057604141675983783e+03 2.078875878716564610e-02
1.073071361359112643e+03 2.028329045514854628e-02
1.088764938776401550e+03 1.979010368131867842e-02
1.104688186599742721e+03 1.930890934290341310e-02
1.120844465980891073e+03 1.883943382725378202e-02
1.137237187260978089e+03 1.838140576924125399e-02
1.153869810690370514e+03 1.793454611267911863e-02
1.170745847159060531e+03 1.749857280040822624e-02
1.187868858937787991e+03 1.707322905470716815e-02
1.205242460429969015e+03 1.665824957180399996e-02
1.222870318934623356e+03 1.625338734559405446e-02
1.240756155420516279e+03 1.585841699323486953e-02
1.258903745311579769e+03 1.547311649798346900e-02
1.277316919283835659e+03 1.509725021437518730e-02
1.295999564074018735e+03 1.473056318082746445e-02
1.314955623299986428e+03 1.437283026505790581e-02
1.334189098293164761e+03 1.402382719987591356e-02
1.353704048943169255e+03 1.368333364213132272e-02
1.373504594554763344e+03 1.335114013215135675e-02
1.393594914717414440e+03 1.302704558448564490e-02
1.413979250187525395e+03 1.271084983230314283e-02
1.434661903783570551e+03 1.240235221796181370e-02
1.455647241294394007e+03 1.210135754041526471e-02
1.476939692400741933e+03 1.180767769815933496e-02
1.498543751610277923e+03 1.152113059795937394e-02
1.520463979206345584e+03 1.124153912799187235e-02
1.542705002210553403e+03 1.096873109011396036e-02
1.565271515359445630e+03 1.070253905328769593e-02
1.588168282095533868e+03 1.044279899091356267e-02
1.611400135572753925e+03 1.018935012505936544e-02
1.634971979676679211e+03 9.942035718674366654e-03
1.658888790059662142e+03 9.700705083474155110e-03
1.683155615191089282e+03 9.465212584689956798e-03
1.707777577423079265e+03 9.235416423773691250e-03
1.732759874071707372e+03 9.011182263444637158e-03
1.758107778514059419e+03 8.792379931362736406e-03
1.783826641301404379e+03 8.578880084818923252e-03
1.809921891288589904e+03 8.370553728185627443e-03
1.836399036779968128e+03 8.167276785780197210e-03
1.863263666692156221e+03 7.968930644125973850e-03
1.890521451733752201e+03 7.775399124518916558e-03
1.918178145602309087e+03 7.586568283690723821e-03
1.946239586198895267e+03 7.402263715678349988e-03
1.974711696860358643e+03 7.222398389739049726e-03
2.003600487609654010e+03 7.046859974057882031e-03
2.032912056424480852e+03 6.875538825742880805e-03
2.062652590524434345e+03 6.708330341089845800e-03
2.092828367677082952e+03 6.545126619653451883e-03
2.123445757523084922e+03 6.385827607331122195e-03
2.154511222920691580e+03 6.230332127223354131e-03
2.186031321310013027e+03 6.078539337335648989e-03
2.218012706097163573e+03 5.930352172920447772e-03
2.250462128058668441e+03 5.785670668774033250e-03
2.283386436766498718e+03 5.644405761362260472e-03
2.316792582033888721e+03 5.506468257494217394e-03
2.350687615382298191e+03 5.371772076808679561e-03
2.385078691529946354e+03 5.240244841119661573e-03
2.419973069902016050e+03 5.111809047393485114e-03
2.455378116163017239e+03 4.986392629986262891e-03
2.491301303771581843e+03 4.863905642790051186e-03
2.527750215557943648e+03 4.744287712901057441e-03
2.564732545324629882e+03 4.627478761676427632e-03
2.602256099470461777e+03 4.513424774395075230e-03
2.640328798638343869e+03 4.402061507736470571e-03
2.678958679387245411e+03 4.293319395803872618e-03
2.718153895888565330e+03 4.187160748646687712e-03
2.757922721647320031e+03 4.083532022046875570e-03
2.798273551248612421e+03 3.982383223886753684e-03
2.839214902129576785e+03 3.883666099728980310e-03
2.880755416377232905e+03 3.787334097302834900e-03
2.922903862552773262e+03 3.693342041702251093e-03
2.965669137542422050e+03 3.601645562082210310e-03
3.009060268435438957e+03 3.512200471677516533e-03
3.053086414429621072e+03 3.424962568652226581e-03
3.097756868764606679e+03 3.339888162289205570e-03
3.143081060683613941e+03 3.256932510680370096e-03
3.189068557423773200e+03 3.176050901449777378e-03
3.235729066235584924e+03 3.097198968794236031e-03
3.283072436432041286e+03 3.020333634267848791e-03
3.331108661467630100e+03 2.945412011502348236e-03
3.379847881047762712e+03 2.872389865004974265e-03
3.429300383269179747e+03 2.801222790992009219e-03
3.479476606791563427e+03 2.731866466588245366e-03
3.530387143041003128e+03 2.664295117067847288e-03
3.582042738445623854e+03 2.598450967879014761e-03
3.634454296704076114e+03 2.534288678109316087e-03
3.687632881087084115e+03 2.471763321108825379e-03
3.741589716772760767e+03 2.410829551990129570e-03
3.796336193216004631e+03 2.351445092393023538e-03
3.851883866552734617e+03 2.293566647980054950e-03
3.908244462039160680e+03 2.237153233403140536e-03
3.965429876526762200e+03 2.182165275092666328e-03
4.023452180973622490e+03 2.128563827484696198e-03
4.082323622992371838e+03 2.076312606836738708e-03
4.142056629435425748e+03 2.025373018552487255e-03
4.202663809018194115e+03 1.975708877395883876e-03
4.264157954980523755e+03 1.927285471384125679e-03
4.326552047787185984e+03 1.880067927474208134e-03
4.389859257867788074e+03 1.834021587864561199e-03
4.454092948396940301e+03 1.789114598211363110e-03
4.519266678114960996e+03 1.745322287205732610e-03
4.585394204189939046e+03 1.702611015035930542e-03
4.652489485121598591e+03 1.660950399927676058e-03
4.720566683687823570e+03 1.620313890608423343e-03
4.789640169934151345e+03 1.580677210160147048e-03
4.859724524207010290e+03 1.542015663207676589e-03
4.930834540231516257e+03 1.504298714569210276e-03
5.002985228234148053e+03 1.467504037326892562e-03
5.076191818111110479e+03 1.431609198164341627e-03
5.150469762643249851e+03 1.396592192111050911e-03
5.225834740757821237e+03 1.362431553666689638e-03
5.302302660838105112e+03 1.329106344253635184e-03
5.379889664081338196e+03 1.296596139738966612e-03
5.458612127905993475e+03 1.264881015571710189e-03
5.538486669408732268e+03 1.233941531171079244e-03
5.619530148872037898e+03 1.203758719649020582e-03
5.701759673323080278e+03 1.174314075801210448e-03
5.785192600144893731e+03 1.145589550303024095e-03
5.869846540740158161e+03 1.117567535804863668e-03
5.955739364248651327e+03 1.090230858632627213e-03
6.042889201319266249e+03 1.063562760627269821e-03
6.131314447937060322e+03 1.037546893576625972e-03
6.221033769306274735e+03 1.012167304663798761e-03
6.312066103790425586e+03 9.874084351622612089e-04
6.404430666909804131e+03 9.632551069303944358e-04
6.498146955397589409e+03 9.396925161432214801e-04
6.593234751315349968e+03 9.167062178442632325e-04
6.689714126228614077e+03 8.942821198563292214e-04
6.787605445443824465e+03 8.724064717644361595e-04
6.886929372307078665e+03 8.510666854246679101e-04
6.987706872565735466e+03 8.302509976036618299e-04
7.089959218794145272e+03 8.099443523205818304e-04
7.193707994883865467e+03 7.901343048445162286e-04
7.298975100599614962e+03 7.708087131302048412e-04
7.405782756202132987e+03 7.519557306767141267e-04
7.514153507138455097e+03 7.335638001476972418e-04
7.624110228800825098e+03 7.156216485748867744e-04
7.735676131355504367e+03 6.981182793723266639e-04
7.848874764641961519e+03 6.810429660144651188e-04
7.963730023143925791e+03 6.643852418265550671e-04
8.080266151033151800e+03 6.481348958727200550e-04
8.198507747286877930e+03 6.322819647560371566e-04
8.318479770880478100e+03 6.168167311218666730e-04
8.440207546055824423e+03 6.017297152430666624e-04
8.563716767666732267e+03 5.870116714392929671e-04
8.689033506602960188e+03 5.726535775317352249e-04
8.816184215293269517e+03 5.586466319406548520e-04
8.945195733289006967e+03 5.449822462857711360e-04
9.076095292929749121e+03 5.316520437625290533e-04
9.208910525091503587e+03 5.186478528827582427e-04
9.343669465019067502e+03 5.059617032590162100e-04
9.480400558244044078e+03 4.935858185824878704e-04
9.619132666589113796e+03 4.815126118784967841e-04
9.759895074260350157e+03 4.697346806205019874e-04
9.902717494028705914e+03 4.582448034069152264e-04
1.004763007350176485e+04 4.470359364201772177e-04
1.019466340148767267e+04 4.361012087518124306e-04
1.034384851445184540e+04 4.254339179282694912e-04
1.049521690306815071e+04 4.150275240310087946e-04
1.064880051886637193e+04 4.048756467175750702e-04
1.080463178097654963e+04 3.949720606646125467e-04
1.096274358297201979e+04 3.853106941439320946e-04
1.112316929981301291e+04 3.758856240343648827e-04
1.128594279489145811e+04 3.666910734779206234e-04
1.145109842717888205e+04 3.577214051557800457e-04
1.161867105847933999e+04 3.489711196733201936e-04
1.178869606078800098e+04 3.404348506755444648e-04
1.196120932375771008e+04 3.321073642968882795e-04
1.213624726227475003e+04 3.239835548386445566e-04
1.231384682414529743e+04 3.160584424450111046e-04
1.249404549789480734e+04 3.083271682783795707e-04
1.267688132068112463e+04 3.007849919894043690e-04
1.286239288632339412e+04 2.934272883196241107e-04
1.305061935344890480e+04 2.862495453887926432e-04
1.324160045375874142e+04 2.792473621696085848e-04
1.343537650041436245e+04 2.724164457895813986e-04
1.363198839654740368e+04 2.657526084382886428e-04
1.383147764389355143e+04 2.592517640363922065e-04
1.403388635155273005e+04 2.529099260930164016e-04
1.423925724487802836e+04 2.467232051915681798e-04
1.444763367449414181e+04 2.406878077385236989e-04
1.465905962544807335e+04 2.348000330928082940e-04
1.487357972649374460e+04 2.290562718068757777e-04
1.509123925951223282e+04 2.234530017796233000e-04
1.531208416907038190e+04 2.179867870952606956e-04
1.553616107211886992e+04 2.126542749161499583e-04
1.576351726783209779e+04 2.074521953042813790e-04
1.599420074759271120e+04 2.023773583008835414e-04
1.622826020512163814e+04 1.974266526581364958e-04
1.646574504675640128e+04 1.925970425870528885e-04
1.670670540188042651e+04 1.878855664501395282e-04
1.695119213350434802e+04 1.832893344585622721e-04
1.719925684900219130e+04 1.788055278179640113e-04
1.745095191100560623e+04 1.744313969127929539e-04
1.770633044845590484e+04 1.701642597404350444e-04
1.796544636781921872e+04 1.660014997993547741e-04
1.822835436446570748e+04 1.619405642464766205e-04
1.849510993421399689e+04 1.579789624094238266e-04
1.876576938504629288e+04 1.541142644230127101e-04
1.904038984899378920e+04 1.503445718835772328e-04
1.931902929419619977e+04 1.466671371956476482e-04
1.960174653713834778e+04 1.430796435922929068e-04
1.988860125506518307e+04 1.395798915726912445e-04
2.017965399857853845e+04 1.361657353957405816e-04
2.047496620441883715e+04 1.328350813390933227e-04
2.077460020843326129e+04 1.295858873963943092e-04
2.107861925873350992e+04 1.264161614953944403e-04
2.138708752904744324e+04 1.233239607456678886e-04
2.170007013226398340e+04 1.203073892602649569e-04
2.201763313417836252e+04 1.173645975169102413e-04
2.233984356743727403e+04 1.144937808083827018e-04
2.266676944568811086e+04 1.116931788852603807e-04
2.299847977793620157e+04 1.089610746418393969e-04
2.333504458311124472e+04 1.062957932459263131e-04
2.367653490484689974e+04 1.036957006476602538e-04
2.402302282647767061e+04 1.011592025958196761e-04
2.437458148625418471e+04 9.868474361580730977e-05
2.473128509278132697e+04 9.627080629071707910e-05
2.509320894068311100e+04 9.391591052883800769e-05
2.546042942649587712e+04 9.161861256166847919e-05
2.583302406479408091e+04 8.937750403517436481e-05
2.621107150455347801e+04 8.719121074866412473e-05
2.659465154575131237e+04 8.505839204542585191e-05
2.698384515621199171e+04 8.297773984642907723e-05
2.737873448869771164e+04 8.094797835425952739e-05
2.777940289824932916e+04 7.896786299876516020e-05
2.818593495978196734e+04 7.703617994266149182e-05
2.859841648593714490e+04 7.515174467400548286e-05
2.901693454519618535e+04 7.331340166849949430e-05
2.944157748025966794e+04 7.152002336324653805e-05
2.987243492669490297e+04 6.977051003620104931e-05
3.030959783185623019e+04 6.806378890161557177e-05
3.075315847408334957e+04 6.639881361614115860e-05
3.120321048217944917e+04 6.477456326729329498e-05
3.165984885517437579e+04 6.319004183514951743e-05
3.212316998237875305e+04 6.164427749158357954e-05
3.259327166372854845e+04 6.013632223560663482e-05
3.307025313043055939e+04 5.866525136276080763e-05
3.355421506590805075e+04 5.723016289354913280e-05
3.404525962705301936e+04 5.583017693042591646e-05
3.454349046579086280e+04 5.446443494611783094e-05
3.504901275095917663e+04 5.313209933896288317e-05
3.556193319050690479e+04 5.183235290382848232e-05
3.608236005401959119e+04 5.056439857955769067e-05
3.661040319557298790e+04 4.932745883510556806e-05
3.714617407692108827e+04 4.812077530569425850e-05
3.768978579102489311e+04 4.694360797654165715e-05
3.824135308592415095e+04 4.579523494268344274e-05
3.880099238895824965e+04 4.467495175473086674e-05
3.936882183134396473e+04 4.358207137761530221e-05
3.994496127310895099e+04 4.251592359084445123e-05
4.052953232839403063e+04 4.147585471114768798e-05
4.112265839112345566e+04 4.046122691435073075e-05
4.172446466105103173e+04 3.947141795373194890e-05
4.233507817018868809e+04 3.850582067731196754e-05
4.295462780962065153e+04 3.756384285282533391e-05
4.358324435670971434e+04 3.664490677881091657e-05
4.422106050270343258e+04 3.574844896606356958e-05
4.486821088074266299e+04 3.487391969120691524e-05
4.552483209427994007e+04 3.402078260490128331e-05
4.619106274591555120e+04 3.318851442160536478e-05
4.686704346665374032e+04 3.237660462369002575e-05
4.755291694558710878e+04 3.158455526573381830e-05
4.824882796001804672e+04 3.081188060902132489e-05
4.895492340601640899e+04 3.005810686311699077e-05
4.967135232942904986e+04 2.932277171874653838e-05
5.039826595734036528e+04 2.860542417024030830e-05
5.113581772999343957e+04 2.790562414576553560e-05
5.188416333317996759e+04 2.722294244099808313e-05
5.264346073110276484e+04 2.655702121959268929e-05
5.341387019971862173e+04 2.590742022987612591e-05
5.419555436057163752e+04 2.527370750441920006e-05
5.498867821511934017e+04 2.465549448054786427e-05
5.579340917956109479e+04 2.405240201245535431e-05
5.660991712017948157e+04 2.346406029289094388e-05
5.743837438919358101e+04 2.289010857638826995e-05
5.827895586114121397e+04 2.233019499862957328e-05
5.913183896979362180e+04 2.178397626817378324e-05
5.999720374560598430e+04 2.125111745521636697e-05
6.087523285372165992e+04 2.073129177777834552e-05
6.176611163252899860e+04 2.022418044794093350e-05
6.267002813278273243e+04 1.972947252027894743e-05
6.358717315729999245e+04 1.924686467758162956e-05
6.451774030123523698e+04 1.877606104437354008e-05
6.546192599294417596e+04 1.831677292184902012e-05
6.641992953544858028e+04 1.786871866055376817e-05
6.739195314850517025e+04 1.743162345391730995e-05
6.837820201128994813e+04 1.700521927814886529e-05
6.937888430571151548e+04 1.658924466777700181e-05
7.039421126035126508e+04 1.618344461673090133e-05
7.142439719505237008e+04 1.578757027737001439e-05
7.246965956616082985e+04 1.540137889320686919e-05
7.353021901242376771e+04 1.502463358435723780e-05
7.460629940156568773e+04 1.465710331871228122e-05
7.569812787754257442e+04 1.429856272378177094e-05
7.680593490848751389e+04 1.394879198019048362e-05
7.792995433536067139e+04 1.360757661328735226e-05
7.907042342130877660e+04 1.327470737716336228e-05
8.022758290174657304e+04 1.294998010909724896e-05
8.140167703517443442e+04 1.263319565228492698e-05
8.259295365473642596e+04 1.232415974470813582e-05
8.380166422053285351e+04 1.202268289810931014e-05
8.502806387270326377e+04 1.172858026294499020e-05
8.627241148527822224e+04 1.144167147889734941e-05
8.753496972082550928e+04 1.116178058323754191e-05
8.881600508589639503e+04 1.088873589702615862e-05
9.011578798727648973e+04 1.062236997459845405e-05
9.143459278906819236e+04 1.036251947287315947e-05
9.277269787060345698e+04 1.010902507613744975e-05
9.413038568520416447e+04 9.861731322489831393e-06
9.550794281980590313e+04 9.620486554363228668e-06
9.690566005545099324e+04 9.385142780968078093e-06
9.832383242866663204e+04 9.155555671560681476e-06
9.976275929374479165e+04 8.931584427829145843e-06
1.012227443859304331e+05 8.713091725284393861e-06
1.027040958855334029e+05 8.499943571889304451e-06
1.042071264829850843e+05 8.292009247172641153e-06
1.057321534448373422e+05 8.089161201505450563e-06
1.072794986807347450e+05 7.891275019192103111e-06
1.088494888113677152e+05 7.698229338628169541e-06
1.104424552374111081e+05 7.509905783620978695e-06
1.120587342094828491e+05 7.326188870522902147e-06
1.136986668991193292e+05 7.146965924761285245e-06
1.153625994707901846e+05 6.972127016054755047e-06
1.170508831549709721e+05 6.801564896413639174e-06
1.187638743222811026e+05 6.635174957956526479e-06
1.205019345587068092e+05 6.472855158474759074e-06
1.222654307419291872e+05 6.314505966352796951e-06
1.240547351187649037e+05 6.160030261626442563e-06
1.258702253837399039e+05 6.009333299114969464e-06
1.277122847588204168e+05 5.862322629334641120e-06
1.295813020742984081e+05 5.718908087105836559e-06
1.314776718508708873e+05 5.579001712640424391e-06
1.334017943829201395e+05 5.442517718578707402e-06
1.353540758230030769e+05 5.309372394878161366e-06
1.373349282675893628e+05 5.179484078671955656e-06
1.393447698440466484e+05 5.052773086749414225e-06
1.413840247988990450e+05 4.929161697482891401e-06
1.434531235873823753e+05 4.808574095407436985e-06
1.455525029643049347e+05 4.690937946124937846e-06
1.476826060762381239e+05 4.576193971675743995e-06
1.498438825550609035e+05 4.464256496586543557e-06
1.520367886128690734e+05 4.355056874502334661e-06
1.542617871382713784e+05 4.248528138016404767e-06
1.565193477941056772e+05 4.144604966410963978e-06
1.588099471165680152e+05 4.043223642198506929e-06
1.611340686158096942e+05 3.944322011181959605e-06
1.634922028779958491e+05 3.847839426921875408e-06
1.658848476688587689e+05 3.753716724075466665e-06
1.683125080387725611e+05 3.661896174467694674e-06
1.707756964293593774e+05 3.572321474909574315e-06
1.732749327816558362e+05 3.484937699267248994e-06
1.758107446458689519e+05 3.399691278611826034e-06
1.783836672927315522e+05 3.316529937914434743e-06
1.809942438264875382e+05 3.235402681910501402e-06
1.836430252995370247e+05 3.156259749967637479e-06
1.863305708287531743e+05 3.079052609607809900e-06
1.890574477134995977e+05 3.003733917376326824e-06
1.918242315553874068e+05 2.930257495834159953e-06
1.946315063797646144e+05 2.858578290515397376e-06
1.974798647590037144e+05 2.788652345480517883e-06
2.003699079375812726e+05 2.720436772936894054e-06
2.033022459589888458e+05 2.653889736435975638e-06
2.062774977945089631e+05 2.588970427861277595e-06
2.092962914738676627e+05 2.525639041583872587e-06
2.123592642177992093e+05 2.463856746757795316e-06
2.154670625725590799e+05 2.403585655257512739e-06
2.186203425463970925e+05 2.344788802925446827e-06
2.218197697480278148e+05 2.287430125560121096e-06
2.250660195271359989e+05 2.231474448311444060e-06
2.283597771169293555e+05 2.176887458061527517e-06
2.317017377787774021e+05 2.123635687671189597e-06
2.350926069489803631e+05 2.071686479509331688e-06
2.385331003876627947e+05 2.021007975189031101e-06
2.420239443298701080e+05 1.971569086498482474e-06
2.455658756388614420e+05 1.923339494261861698e-06
2.491596419616475469e+05 1.876289621378930436e-06
2.528060018868129118e+05 1.830390620409122571e-06
2.565057251046399178e+05 1.785614343921735050e-06
2.602595925695744809e+05 1.741933331598270482e-06
2.640683966650807415e+05 1.699320789481579632e-06
2.679329413708969951e+05 1.657750581711208059e-06
2.718540424327407381e+05 1.617197214212911691e-06
2.758325275345062837e+05 1.577635819982446792e-06
2.798692364729724359e+05 1.539042139770420167e-06
2.839650213350669364e+05 1.501392504244881305e-06
2.881207466777403606e+05 1.464663820499309591e-06
2.923372897104457952e+05 1.428833559008735937e-06
2.966155404803158017e+05 1.393879745108059606e-06
3.009564020600338117e+05 1.359780943036685100e-06
3.053607907384547871e+05 1.326516244530917052e-06
3.098296362140271231e+05 1.294065247869405692e-06
3.143638817910338985e+05 1.262408050176896220e-06
3.189644845787058002e+05 1.231525230602945817e-06
3.236324156932602637e+05 1.201397848221196805e-06
3.283686604628850473e+05 1.172007425571076707e-06
3.331742186357216560e+05 1.143335941494980603e-06
3.380501045909047825e+05 1.115365811302798303e-06
3.429973475526780239e+05 1.088079880270477182e-06
3.480169918076423346e+05 1.061461409489349786e-06
3.531100969252028153e+05 1.035494072130407675e-06
3.582777379812092986e+05 1.010161941593126338e-06
3.635210057849026634e+05 9.854494834177015433e-07
3.688410071091626887e+05 9.613415419950297558e-07
3.742388649241260719e+05 9.378233308441804303e-07
3.797157186342372443e+05 9.148804233262143543e-07
3.852727243187545100e+05 8.924987454939486710e-07
3.909110549757756526e+05 8.706645697209801440e-07
3.966319007698490168e+05 8.493645051286272075e-07
4.024364692831946304e+05 8.285854896630048533e-07
4.083259857705996837e+05 8.083160085892289399e-07
4.143016934180678218e+05 7.885439215087253689e-07
4.203648536052166019e+05 7.692554349187697570e-07
4.265167461715440149e+05 7.504387215405474237e-07
4.327586696865937556e+05 7.320822435046715591e-07
4.390919417240404873e+05 7.141747479378924341e-07
4.455178991398284561e+05 6.967052538688139051e-07
4.520378983543545473e+05 6.796630491549432191e-07
4.586533156387819326e+05 6.630376810302325567e-07
4.653655474055599188e+05 6.468189546561348374e-07
4.721760105031813728e+05 6.309969248489219741e-07
4.790861425152498414e+05 6.155618914587846144e-07
4.860974020639441442e+05 6.005043902390810318e-07
4.932112691179041867e+05 5.858151877110273005e-07
5.004292453046223964e+05 5.714852748145690329e-07
5.077528542274359497e+05 5.575058632850163649e-07
5.151836417871091398e+05 5.438683808891220793e-07
5.227231765081618796e+05 5.305644658830257113e-07
5.303730498699728632e+05 5.175859613226320214e-07
5.381348766426900402e+05 5.049249083153062813e-07
5.460102952281064354e+05 4.925735421172826240e-07
5.540009680054922355e+05 4.805242869869188509e-07
5.621085816824921640e+05 4.687697540161006032e-07
5.703348476511756890e+05 4.573027352937972096e-07
5.786815023492791224e+05 4.461162005956726976e-07
5.871503076267335564e+05 4.352032897112493825e-07
5.957430511175791034e+05 4.245573103550085224e-07
6.044615466172987362e+05 4.141717320809029145e-07
6.133076344656731235e+05 4.040401859489936843e-07
6.222831819352750899e+05 3.941564589143724831e-07
6.313900836255897302e+05 3.845144911589257534e-07
6.406302618629500503e+05 3.751083699511717188e-07
6.500056671063257381e+05 3.659323268570413980e-07
6.595182783590011531e+05 3.569807334312277786e-07
6.691701035863419529e+05 3.482480994856711138e-07
6.789631801396334777e+05 3.397290696582391994e-07
6.888995751861280296e+05 3.314184202956147881e-07
6.989813861454062862e+05 3.233110554091885044e-07
7.092107411321032559e+05 3.154020029099808243e-07
7.195897994051122805e+05 3.076864118218453391e-07
7.301207518233862938e+05 3.001595494702226786e-07
7.408058213083886076e+05 2.928167997841110316e-07
7.516472633133023046e+05 2.856536598834621984e-07
7.626473662991578458e+05 2.786657377170957514e-07
7.738084522178490879e+05 2.718487476026103638e-07
7.851328770022831159e+05 2.651985086398020022e-07
7.966230310636971844e+05 2.587109411994022403e-07
8.082813397961976007e+05 2.523820664537038453e-07
8.201102640887605958e+05 2.462080029586682740e-07
8.321123008446700405e+05 2.401849651114141960e-07
8.442899835085698869e+05 2.343092590137728058e-07
8.566458826012526406e+05 2.285772810621418140e-07
8.691826062622473110e+05 2.229855149874597268e-07
8.819028008003478171e+05 2.175305310703022625e-07
8.948091512522266712e+05 2.122089837032046178e-07
9.079043819491968025e+05 2.070176096446753392e-07
9.211912570922590094e+05 2.019532252516303317e-07
9.346725813356246799e+05 1.970127244104127648e-07
9.483512003786845598e+05 1.921930765963906739e-07
9.622300015667161206e+05 1.874913253348091306e-07
9.763119145003794692e+05 1.829045869081206088e-07
9.905999116540612886e+05 1.784300483608001482e-07
1.005097009003359941e+06 1.740649658245163988e-07
1.019806266661699163e+06 1.698066619871631077e-07
1.034730789526252891e+06 1.656525249432276748e-07
1.049873727933370508e+06 1.616000061995201854e-07
1.065238278323550709e+06 1.576466201728679433e-07
1.080827683916146168e+06 1.537899420769886815e-07
1.096645235393984243e+06 1.500276070566186226e-07
1.112694271597966785e+06 1.463573074202502816e-07
1.128978180231828475e+06 1.427767919722071501e-07
1.145500398577280110e+06 1.392842204575402211e-07
1.162264414219500730e+06 1.358772095143579350e-07
1.179273765783363720e+06 1.325535298991807382e-07
1.196532043680367526e+06 1.293111439745528061e-07
1.214042890866503352e+06 1.261480636910672513e-07
1.231810003611251945e+06 1.230623494708312998e-07
1.249837132277798140e+06 1.200521088816762672e-07
1.268128082114658318e+06 1.171154958604835351e-07
1.286686714058938669e+06 1.142507097067856110e-07
1.305516945551306941e+06 1.114559939506316842e-07
1.324622751362885581e+06 1.087296351364222473e-07
1.344008164434296079e+06 1.060699614172119680e-07
1.363677276726936689e+06 1.034753417371704559e-07
1.383634240086708451e+06 1.009441847328025997e-07
1.403883267120467266e+06 9.847493828980836578e-08
1.424428632085162215e+06 9.606608829120413999e-08
1.445274671790126013e+06 9.371615796679295438e-08
1.466425786512488266e+06 9.142370625170599560e-08
1.487886440925985342e+06 8.918732735912472276e-08
1.509661165043421090e+06 8.700564950550153603e-08
1.531754555172867142e+06 8.487733482500076685e-08
1.554171274887848180e+06 8.280107820179550788e-08
1.576916056011792738e+06 8.077560669318648039e-08
1.599993699616827536e+06 7.879967825780404710e-08
1.623409077037190786e+06 7.687208116758031139e-08
1.647167130897533149e+06 7.499163311041225966e-08
1.671272876156211598e+06 7.315718080949725364e-08
1.695731401163840899e+06 7.136759931180514504e-08
1.720547868737444980e+06 6.962179132787023705e-08
1.745727517250144854e+06 6.791868638317741632e-08
1.771275661736978916e+06 6.625724002349966458e-08
1.797197695016798563e+06 6.463643324297884516e-08
1.823499088830583496e+06 6.305527188700592247e-08
1.850185394996485673e+06 6.151278629657238127e-08
1.877262246581713669e+06 6.000803058685676535e-08
1.904735359091560589e+06 5.854008215442474028e-08
1.932610531675904989e+06 5.710804073687270968e-08
1.960893648353299825e+06 5.571102808355089055e-08
1.989590679252974689e+06 5.434818720923363665e-08
2.018707681875083363e+06 5.301868231329448928e-08
2.048250802369327284e+06 5.172169805114144842e-08
2.078226276832276955e+06 5.045643920828250622e-08
2.108640432623811066e+06 4.922212983433426279e-08
2.139499689702601172e+06 4.801801294165871424e-08
2.170810561981365550e+06 4.684334989395658735e-08
2.202579658701816108e+06 4.569742022726550794e-08
2.234813685829746071e+06 4.457952115446953632e-08
2.267519447470603045e+06 4.348896718834156026e-08
2.300703847305706237e+06 4.242508956554625310e-08
2.334373890049484093e+06 4.138723580372824630e-08
2.368536682928109076e+06 4.037516382243618074e-08
2.403199437179700937e+06 3.939337593039320295e-08
2.438369469576475676e+06 3.844201506584256681e-08
2.474054203969265334e+06 3.752131442133524115e-08
2.510261172854544129e+06 3.663159037164769813e-08
2.546998018964383751e+06 3.577323202216196189e-08
2.584272496879829559e+06 3.494668785739801466e-08
2.622092474667627830e+06 3.415244916164153523e-08
2.660465935541167855e+06 3.339103060350840800e-08
2.699400979545571376e+06 3.266294852498697350e-08
2.738905825267456472e+06 3.196869766463967442e-08
2.778988811569817830e+06 3.130872650913556117e-08
2.819658399352203589e+06 3.068341294695363539e-08
2.860923173336640000e+06 3.009304051550809284e-08
2.902791843879806809e+06 2.953777626357440957e-08
2.945273248811624013e+06 2.901765096290990302e-08
2.988376355300730094e+06 2.853254258053899575e-08
3.032110261747452896e+06 2.808216324356220502e-08
3.076484199704173487e+06 2.766605050228343763e-08
3.121507535824045073e+06 2.728356305946309362e-08
3.167189773838222027e+06 2.693388101565338389e-08
