2.714569292622064811e+00 7.695763239390768489e-04
2.754808611154021314e+00 8.394798530202546554e-04
2.795645326572095080e+00 9.164877336947233662e-04
2.837088307889305216e+00 1.001322060391953393e-03
2.879146555788898443e+00 1.095288243425278883e-03
2.921829204579153405e+00 1.199761818736494977e-03
2.965145524177184910e+00 1.315892180387344748e-03
3.009104922122227688e+00 1.445446434286905670e-03
3.053716945618752732e+00 1.590403985618312876e-03
3.098991283609975333e+00 1.753193725110946226e-03
3.144937768882109186e+00 1.936864918454565604e-03
3.191566380199897246e+00 2.145065543609793283e-03
3.238887244473794169e+00 2.381636881137923385e-03
3.286910638959363418e+00 2.650262798532995387e-03
3.335646993489314482e+00 2.955432737326748292e-03
3.385106892738700246e+00 3.303155734896661214e-03
3.435301078523680829e+00 3.700452977126129049e-03
3.486240452134484080e+00 4.154840268184093778e-03
3.537936076702958843e+00 4.675389230722987871e-03
3.590399179605321400e+00 5.273235785082390839e-03
3.643641154900496559e+00 5.961070782007721336e-03
3.697673565804735940e+00 6.754082742242272647e-03
3.752508147202952227e+00 7.669754376735601897e-03
3.808156808197302734e+00 8.726959544514727857e-03
3.864631634693650231e+00 9.943728173292872008e-03
3.921944892026401508e+00 1.133913128456439864e-02
3.980109027622329432e+00 1.293552422593910456e-02
4.039136673703949576e+00 1.476088139985538839e-02
4.099040650032965694e+00 1.684647528489384427e-02
4.159833966694536755e+00 1.923222487100200578e-02
4.221529826922848727e+00 2.196410389933007440e-02
4.284141629968576837e+00 2.508636839590154544e-02
4.347682974008999501e+00 2.863413092432608859e-02
4.412167659101267958e+00 3.263862591323911377e-02
4.477609690179560786e+00 3.713550641962782423e-02
4.544023280096676665e+00 4.216768143763938159e-02
4.611422852710816755e+00 4.778694478690349162e-02
4.679823046018203314e+00 5.405617919338510935e-02
4.749238715332223748e+00 6.104709389955573218e-02
4.819684936509675666e+00 6.881744030087835751e-02
4.891177009225022410e+00 7.739102497375979772e-02
4.963730460293194646e+00 8.678211428254356541e-02
5.037361047041772011e+00 9.702324125077957384e-02
5.112084760733140776e+00 1.081599420934452882e-01
5.187917830037560130e+00 1.202709599564650567e-01
5.264876724557717047e+00 1.334252816951859155e-01
5.342978158405658817e+00 1.476699986886347848e-01
5.422239093832768475e+00 1.630236480457363801e-01
5.502676744913695295e+00 1.794674337255101615e-01
5.584308581284912698e+00 1.970007018496076068e-01
5.667152331938879684e+00 2.156308547915107288e-01
5.751225989074392864e+00 2.353971486084663889e-01
5.836547812004203806e+00 2.563749439200379565e-01
5.923136331120641529e+00 2.786576121813530982e-01
6.011010351920041295e+00 3.023361274560313339e-01
6.100188959087001983e+00 3.274099512151134039e-01
6.190691520639218126e+00 3.537947902491359597e-01
6.282537692133886686e+00 3.814416721139067823e-01
6.375747420936573207e+00 4.103486384761275696e-01
6.470340950553346460e+00 4.405381297430955856e-01
6.566338825027374426e+00 4.720234875305677202e-01
6.663761893400753422e+00 5.048495666174622754e-01
6.762631314242471881e+00 5.390245068053890476e-01
6.862968560243714045e+00 5.745538658678588373e-01
6.964795422881378428e+00 6.114023325121460406e-01
7.068134017150734749e+00 6.496175113195965523e-01
7.173006786368521404e+00 6.892557687721652115e-01
7.279436507047104321e+00 7.303046377493964680e-01
7.387446293841192890e+00 7.726769216435824816e-01
7.497059604568006463e+00 8.164308050691274632e-01
7.608300245301748532e+00 8.615870636007285643e-01
7.721192375543997954e+00 9.082962025346690282e-01
7.835760513470618527e+00 9.568211349615577399e-01
7.952029541256811385e+00 1.007423055470781481e+00
8.070024710480932839e+00 1.060240173130527319e+00
8.189771647608777627e+00 1.115279797540235762e+00
8.311296359559159797e+00 1.172464917703537557e+00
8.434625239352218529e+00 1.231794549832991192e+00
8.559785071841437443e+00 1.293241670660535636e+00
8.686803039530861525e+00 1.356753916342658295e+00
8.815706728478664544e+00 1.422649590355694604e+00
8.946524134288422303e+00 1.491519010635559361e+00
9.079283668189123802e+00 1.563587937308264841e+00
9.214014163205680674e+00 1.638544805511061186e+00
9.350744880420934990e+00 1.715771932475059991e+00
9.489505515330685981e+00 1.794521144914686506e+00
9.630326204292932957e+00 1.874334770635961656e+00
9.773237531073039719e+00 1.955474172561272095e+00
9.918270533485932461e+00 2.038561363877684940e+00
1.006545671013707022e+01 2.123831480968807028e+00
1.021482802726322170e+01 2.211114468759622920e+00
1.036641692567509665e+01 2.299807360678025603e+00
1.052025632780290465e+01 2.389022135219436738e+00
1.067637964484644364e+01 2.477905216422706669e+00
1.083482078403150517e+01 2.566172464611206294e+00
1.099561415597388070e+01 2.654040817186885892e+00
1.115879468215273285e+01 2.742124188125353523e+00
1.132439780249501382e+01 2.830692893312806824e+00
1.149245948307226506e+01 2.919438320699039746e+00
1.166301622391184090e+01 3.007782625815040856e+00
1.183610506692419229e+01 3.095162637891038848e+00
1.201176360394754994e+01 3.181484158076480995e+00
1.219002998491226997e+01 3.266959441316581003e+00
1.237094292612636970e+01 3.352265678625997669e+00
1.255454171868394830e+01 3.438385916345643611e+00
1.274086623699862564e+01 3.526233905604134300e+00
1.292995694746343105e+01 3.616452051082185370e+00
1.312185491723943542e+01 3.709395406538726903e+00
1.331660182317492058e+01 3.805116447660699563e+00
1.351423996085668122e+01 3.903590579753058343e+00
1.371481225379598001e+01 4.004461530694785942e+00
1.391836226275074040e+01 4.107273552749612477e+00
1.412493419518619220e+01 4.211932201559106304e+00
1.433457291487601282e+01 4.318875433095186622e+00
1.454732395164578662e+01 4.428951687198519949e+00
1.476323351126146299e+01 4.542836710842790282e+00
1.498234848546425724e+01 4.660435532440950546e+00
1.520471646215485251e+01 4.780649612220022604e+00
1.543038573572857963e+01 4.901785702592524885e+00
1.565940531756404397e+01 5.022246869475176290e+00
1.589182494666777323e+01 5.141413567178801713e+00
1.612769510047633403e+01 5.259308366980897986e+00
1.636706700581931173e+01 5.376317503886552274e+00
1.660999265004495840e+01 5.492830789844849626e+00
1.685652479231067247e+01 5.608726701130162695e+00
1.710671697504157152e+01 5.723297988347933796e+00
1.736062353555888293e+01 5.835459885580679185e+00
1.761829961788103560e+01 5.944067845927373916e+00
1.787980118470007795e+01 6.047948287016265745e+00
1.814518502953556123e+01 6.146202343214128838e+00
1.841450878906927002e+01 6.238559089547358383e+00
1.868783095566292829e+01 6.325092722151870461e+00
1.896521089006152039e+01 6.406364217299811870e+00
1.924670883428552060e+01 6.483093486864543564e+00
1.953238592471439361e+01 6.555730605627255514e+00
1.982230420536426863e+01 6.624215594933470008e+00
2.011652664136294533e+01 6.688283044097667940e+00
2.041511713262462990e+01 6.747985894452068756e+00
2.071814052772790049e+01 6.804184829964896153e+00
2.102566263799990409e+01 6.858089733513475394e+00
2.133775025180907292e+01 6.910815638594836052e+00
2.165447114907055592e+01 6.962729706381114880e+00
2.197589411596682751e+01 7.013379955502802687e+00
2.230208895988677043e+01 7.062077998449277416e+00
2.263312652458674279e+01 7.108439112840165386e+00
2.296907870557634723e+01 7.152766155231347511e+00
2.331001846573303737e+01 7.195770974284831922e+00
2.365601985114842876e+01 7.237991631185797914e+00
2.400715800720961823e+01 7.279596037361648619e+00
2.436350919491951927e+01 7.320307711773991421e+00
2.472515080745941773e+01 7.359499995014872731e+00
2.509216138699736476e+01 7.396846303934745848e+00
2.546462064174629703e+01 7.432038722087559002e+00
2.584260946327494679e+01 7.464728501888886925e+00
2.622620994407641604e+01 7.494508998748017348e+00
2.661550539539693006e+01 7.520831482078619956e+00
2.701058036532973361e+01 7.543230715918187279e+00
2.741152065717735553e+01 7.561326643681529625e+00
2.781841334808654409e+01 7.574963577223078559e+00
2.823134680796015772e+01 7.584049469843971103e+00
2.865044942543800488e+01 7.588620756270385570e+00
2.902553354979167111e+01 7.588451521168166458e+00
2.940610690842581576e+01 7.584324013148028953e+00
2.979224983450041009e+01 7.575869994739927726e+00
3.018404383682523573e+01 7.562782398600629286e+00
3.058157161706501626e+01 7.544872346061509916e+00
3.098491708719635085e+01 7.522087610829172988e+00
3.139416538722034034e+01 7.494441318565133514e+00
3.180940290313454355e+01 7.461876732820106106e+00
3.223071728516731582e+01 7.424135464629454617e+00
3.265819746627961706e+01 7.380351120890379590e+00
3.309193368093755083e+01 7.330846260956630722e+00
3.353201748415926886e+01 7.275570647463218243e+00
3.397854177084078486e+01 7.214613716945565081e+00
3.443160079536469453e+01 7.148213658057721354e+00
3.489129019149606847e+01 7.076707857630994525e+00
3.535770699256881500e+01 7.000433446992501807e+00
3.583094965196822557e+01 6.919654712053048939e+00
3.631111806391298558e+01 6.834597607682744602e+00
3.679831358454121215e+01 6.745363534499493774e+00
3.729263905330501672e+01 6.652032586845571416e+00
3.779419881467852349e+01 6.555028583092956218e+00
3.830309874018350769e+01 6.454676252856276442e+00
3.881944625073688115e+01 6.351363752044719924e+00
3.934335033932569559e+01 6.245525610479644385e+00
3.987492159401416103e+01 6.137594219456913969e+00
4.041427222128688612e+01 6.027992649905749900e+00
4.096151606973373305e+01 5.917128590409831190e+00
4.151676865408165895e+01 5.805360774017387371e+00
4.208014717957843231e+01 5.693009738759158722e+00
4.265177056673224598e+01 5.580395630191672396e+00
4.323175947641423988e+01 5.467960558754095146e+00
4.382023633532846674e+01 5.355890905427454385e+00
4.441732536185394054e+01 5.244521111385832768e+00
4.502315259226514854e+01 5.134178398684065669e+00
4.563784590733646951e+01 5.025156671306438838e+00
4.626153505933616827e+01 4.917737767837405904e+00
4.689435169941447157e+01 4.812187722570916648e+00
4.753642940539347705e+01 4.708718980474193572e+00
4.818790370996342176e+01 4.607464375423826475e+00
4.884891212929149873e+01 4.508469850542517143e+00
4.951959419204904833e+01 4.411682802057503849e+00
5.020009146886425810e+01 4.317049273815175781e+00
5.089054760220567175e+01 4.224596163590035758e+00
5.159110833670238350e+01 4.134282021499586790e+00
5.230192154990905351e+01 4.045820132785202361e+00
5.302313728352004318e+01 3.959120097988681142e+00
5.375490777504143836e+01 3.874097197855435493e+00
5.449738748992552928e+01 3.790719838104990913e+00
5.525073315417628095e+01 3.708962277016126130e+00
5.601510378743210339e+01 3.628776709259929678e+00
5.679066073653173419e+01 3.550090228481792121e+00
5.757756770957291081e+01 3.472813572328943721e+00
5.837599081046768390e+01 3.396857541807810854e+00
5.918609857400544172e+01 3.322150078338388379e+00
6.000806200142703517e+01 3.248637320287269592e+00
6.084205459652086034e+01 3.176242394552016179e+00
6.168825240224733619e+01 3.104871845554804111e+00
6.254683403789789509e+01 3.034546023771643064e+00
6.341798073679972703e+01 2.965191943080699222e+00
6.430187638457037735e+01 2.896744143738589461e+00
6.519870755793412798e+01 2.829215571661508388e+00
6.610866356410473088e+01 2.762609103593820947e+00
6.703193648074538658e+01 2.696960207008255228e+00
6.796872119651384025e+01 2.632298313910287568e+00
6.891921545219962297e+01 2.568662706160114162e+00
6.988361988246491308e+01 2.506095771003231665e+00
7.086213805819443223e+01 2.444636763690393622e+00
7.185497652946726532e+01 2.384333932475658724e+00
7.286234486915526531e+01 2.325247037781120074e+00
7.388445571716128768e+01 2.267431569956321447e+00
7.492152482530440238e+01 2.210927505389538084e+00
7.597377110286086577e+01 2.155766514876391149e+00
7.704141666277376999e+01 2.101976776333328800e+00
7.812468686853621591e+01 2.049576734512095211e+00
7.922381038176347090e+01 1.998580421255738537e+00
8.033901921045881522e+01 1.949098198022449324e+00
8.147054875798714590e+01 1.900995444502828313e+00
8.261863787276571713e+01 1.854258054868131111e+00
8.378352889868008901e+01 1.808860679261028448e+00
8.496546772624043342e+01 1.764770755078048037e+00
8.616470384448395237e+01 1.721949559860367351e+00
8.738149039363963766e+01 1.680357571932003413e+00
8.861608421856089990e+01 1.639950034944588353e+00
8.986874592294209663e+01 1.600676379247332193e+00
9.113973992432855198e+01 1.562479705301240696e+00
9.242933450992966016e+01 1.525300414791299186e+00
9.373780189325171364e+01 1.489077754793210362e+00
9.506541827155646729e+01 1.453747961469584959e+00
9.641246388416369939e+01 1.419249603456442577e+00
9.777922307160389437e+01 1.385529652763546116e+00
9.916598433563873982e+01 1.352538025816651057e+00
1.005730404001602238e+02 1.320226762446978119e+00
1.020006882729784508e+02 1.288554664377908221e+00
1.034492293085172463e+02 1.257483543004132676e+00
1.049189692714235207e+02 1.226985106921773205e+00
1.064102184011113934e+02 1.197031009201413809e+00
1.079232914772473322e+02 1.167619317274042556e+00
1.094585078861959744e+02 1.138709577922527139e+00
1.110161916884381981e+02 1.110262367461229971e+00
1.125966716869738775e+02 1.082262695523978469e+00
1.142002814967288771e+02 1.054699176995574028e+00
1.158273596149741280e+02 1.027562229213118572e+00
1.174782494927791419e+02 1.000848201060243303e+00
1.191532996075073498e+02 9.745524451639228092e-01
1.208528635363754518e+02 9.486773735577571642e-01
1.225773000310882139e+02 9.232265161159918243e-01
1.243269730935642912e+02 8.982089666596295707e-01
1.261022520527730961e+02 8.736392619940505089e-01
1.279035116426923508e+02 8.495383882907517892e-01
1.297311320814109479e+02 8.259300628050985082e-01
1.315854991513851928e+02 8.028352261187223782e-01
1.334670042808722314e+02 7.802737767966826388e-01
1.353760446265551707e+02 7.582660176272660868e-01
1.373130231573754259e+02 7.368313185903470064e-01
1.392783487395948328e+02 7.159874232674700023e-01
1.412724362230988788e+02 6.957488935120834661e-01
1.432957065289675711e+02 6.761262247451778062e-01
1.453485867383234051e+02 6.571255696762845488e-01
1.474315101824821568e+02 6.387497084826084803e-01
1.495449165344234927e+02 6.209989104355395639e-01
1.516892519015972312e+02 6.038697479903769594e-01
1.538649689200917123e+02 5.873542735407027982e-01
1.560725268501764731e+02 5.714407556669832688e-01
1.583123916732467364e+02 5.561396263387118344e-01
1.605850361901833878e+02 5.414063997986339194e-01
1.628909401211543866e+02 5.272201587182777649e-01
1.652305902068771104e+02 5.135605785642620713e-01
1.676044803113613852e+02 5.004070881179955022e-01
1.700131115261553987e+02 4.877376460822591131e-01
1.724569922761195073e+02 4.755285314812927044e-01
1.749366384267476917e+02 4.637570050175821024e-01
1.774525733930567810e+02 4.523986173260656773e-01
1.800053282500721252e+02 4.414298477010225596e-01
1.825954418449304342e+02 4.308272462212281995e-01
1.852234609106212133e+02 4.205677051692877644e-01
1.878899401813925749e+02 4.106291844944526259e-01
1.905954425098483398e+02 4.009896013084284783e-01
1.933405389857584282e+02 3.916278612193818676e-01
1.961258090566046803e+02 3.825252496788751344e-01
1.989518406498947343e+02 3.736652059128771075e-01
2.018192302972647667e+02 3.650327098137686743e-01
2.047285832603980680e+02 3.566135109175483375e-01
2.076805136587847187e+02 3.483938064556301173e-01
2.106756445993541433e+02 3.403614820550714959e-01
2.137146083080046424e+02 3.325068551112357884e-01
2.167980462630535783e+02 3.248216607834252256e-01
2.199266093306450784e+02 3.172989662633404206e-01
2.231009579021389300e+02 3.099325376377139452e-01
2.263217620335075537e+02 3.027167110220709834e-01
2.295897015867740834e+02 2.956468409025504451e-01
2.329054663735213637e+02 2.887189523395908841e-01
2.362697563005021095e+02 2.819292172579953570e-01
2.396832815173754057e+02 2.752748040735497614e-01
2.431467625666099366e+02 2.687524738124201784e-01
2.466609305355801212e+02 2.623592348443906652e-01
2.502265272108866725e+02 2.560929431784252364e-01
2.538443052349351206e+02 2.499520453176364287e-01
2.575150282648081088e+02 2.439396066538485064e-01
2.612394711334629278e+02 2.380504726195138976e-01
2.650184200132840147e+02 2.322816546983897390e-01
2.688526725820331080e+02 2.266317812472535553e-01
2.727430381912278108e+02 2.210995028828318110e-01
2.766903380369826095e+02 2.156833729572290581e-01
2.806954053333483330e+02 2.103825939532295020e-01
2.847590854881935911e+02 2.051960086600543298e-01
2.888822362816576970e+02 2.001224528008739290e-01
2.930657280472118487e+02 1.951610884011319436e-01
2.973104438553748992e+02 1.903106882649839293e-01
3.016172797001171375e+02 1.855701897877514439e-01
3.059871446879889163e+02 1.809384488990253281e-01
3.104209612300189747e+02 1.764142890070490299e-01
3.149196652364214515e+02 1.719967250115646551e-01
3.194842063141541644e+02 1.676846550805786984e-01
3.241155479673622040e+02 1.634767861694326196e-01
3.288146678007611285e+02 1.593717790165523340e-01
3.335825577259949455e+02 1.553682339323415040e-01
3.384202241710120234e+02 1.514646177983818565e-01
3.433286882925058308e+02 1.476594754089019246e-01
3.483089861914658059e+02 1.439513968819357004e-01
3.533621691318851390e+02 1.403388738735855956e-01
3.584893037626616206e+02 1.368201909905970570e-01
3.636914723427529452e+02 1.333932526711721356e-01
3.689697729696268311e+02 1.300558840517156145e-01
3.743253198110503490e+02 1.268061112248333733e-01
3.797592433402724055e+02 1.236419670029408890e-01
3.852726905746506532e+02 1.205612548777016957e-01
3.908668253177710312e+02 1.175615345056636452e-01
3.965428284051047285e+02 1.146404841896773441e-01
4.023018979532664048e+02 1.117958617180291048e-01
4.081452496129194287e+02 1.090255281195019327e-01
4.140741168253798605e+02 1.063274551782378563e-01
4.200897510829747148e+02 1.036994934059174145e-01
4.261934221932149285e+02 1.011395034149806804e-01
4.323864185468339087e+02 9.864540156579704178e-02
4.386700473897425354e+02 9.621506518016299803e-02
4.450456350989705925e+02 9.384660699083964552e-02
4.515145274626462424e+02 9.153817385394850958e-02
4.580780899640703296e+02 8.928800300866175654e-02
4.647377080699458247e+02 8.709429773914829920e-02
4.714947875228306202e+02 8.495543853064128903e-02
4.783507546378698976e+02 8.286992641225653100e-02
4.853070566038693414e+02 8.083784346164607504e-02
4.923651617887657039e+02 7.885597386573034440e-02
4.995265600495899321e+02 7.692291778258245061e-02
5.067927630469450833e+02 7.503735966903787857e-02
5.141653045640942992e+02 7.319803144358602576e-02
5.216457408307201149e+02 7.140379792387885338e-02
5.292356508514229745e+02 6.965359328466144695e-02
5.369366367390235837e+02 6.794627630050560640e-02
5.447503240527371418e+02 6.628082148265797280e-02
5.526783621413153469e+02 6.465630953750377274e-02
5.607224244911927826e+02 6.307182604768082901e-02
5.688842090797318178e+02 6.152647389721606352e-02
5.771654387336411673e+02 6.001933756079377846e-02
5.855678614926415548e+02 5.854955274829479195e-02
5.940932509784479407e+02 5.711626678669716461e-02
6.027434067691456221e+02 5.571861802025202676e-02
6.115201547790677523e+02 5.435578788766617930e-02
6.204253476442091824e+02 5.302700250223665174e-02
6.294608651132881505e+02 5.173146723704998701e-02
6.386286144445341506e+02 5.046840014857340018e-02
6.479305308082842885e+02 4.923699392891255078e-02
6.573685776954657740e+02 4.803645977708785597e-02
6.669447473320495874e+02 4.686609244124807783e-02
6.766610610995942352e+02 4.572517317783244412e-02
6.865195699619196148e+02 4.461295401539833172e-02
6.965223548980319492e+02 4.352871731077771755e-02
7.066715273413884688e+02 4.247177000365478378e-02
7.169692296255922201e+02 4.144141613468114299e-02
7.274176354366036321e+02 4.043696172944636485e-02
7.380189502715622893e+02 3.945772857636831166e-02
7.487754119043507899e+02 3.850304871384192112e-02
7.596892908579434334e+02 3.757226382755720490e-02
7.707628908836776418e+02 3.666473525100524822e-02
7.819985494475428141e+02 3.577985757337755202e-02
7.933986382235876818e+02 3.491703990292032572e-02
8.049655635945383665e+02 3.407570482560982189e-02
8.167017671597486697e+02 3.325528633733563361e-02
8.286097262505844583e+02 3.245523938195785107e-02
8.406919544533570843e+02 3.167502310982182184e-02
8.529510021398907611e+02 3.091411038565246988e-02
8.653894570058732825e+02 3.017197728393263001e-02
8.780099446170809188e+02 2.944812826570005967e-02
8.908151289635926560e+02 2.874208349279459146e-02
9.038077130221125799e+02 2.805336493177596272e-02
9.169904393265304634e+02 2.738151691958681799e-02
9.303660905468344708e+02 2.672609106806015170e-02
9.439374900764776157e+02 2.608664108977953172e-02
9.577075026283590660e+02 2.546273638703111866e-02
9.716790348395240926e+02 2.485396132826785121e-02
9.858550358847063535e+02 2.425991104794344294e-02
1.000238498098850300e+03 2.368018836284559517e-02
1.014832457608749564e+03 2.311439736661799818e-02
1.029639994973934336e+03 2.256217160750800116e-02
1.044664235836909711e+03 2.202315682304333000e-02
1.059908351582952264e+03 2.149732867899536992e-02
1.075375560009532819e+03 2.098405496543030019e-02
1.091069126005537100e+03 2.048299338014017423e-02
1.106992362240446937e+03 1.999383442132816879e-02
1.123148629863570932e+03 1.951628061956900070e-02
1.139541339213558786e+03 1.905004394607248339e-02
1.156173950538259078e+03 1.859484920305532613e-02
1.173049974725108541e+03 1.815041853559097584e-02
1.190172974042254737e+03 1.771649292366983194e-02
1.207546562890483301e+03 1.729281833052549386e-02
1.225174408566144848e+03 1.687913884806973783e-02
1.243060232035297076e+03 1.647521474267215832e-02
1.261207808719124387e+03 1.608081690252197507e-02
1.279620969290860103e+03 1.569572270271153008e-02
1.298303600484410481e+03 1.531961599635756760e-02
1.317259645914763723e+03 1.495228588312283967e-02
1.336493106910432971e+03 1.459351695442394695e-02
1.356008043358079476e+03 1.424309314346211205e-02
1.375808574559468752e+03 1.390081734082572115e-02
1.395898880101026407e+03 1.356649886044818468e-02
1.416283200736068920e+03 1.323994245993528884e-02
1.436965839279939019e+03 1.292094506651087112e-02
1.457951161518303934e+03 1.260931151918457012e-02
1.479243597128685678e+03 1.230486182406179997e-02
1.500847640615477076e+03 1.200742518361337316e-02
1.522767852258703215e+03 1.171683679239124420e-02
1.545008859076604494e+03 1.143293955489537231e-02
1.567575355802308877e+03 1.115558043996008920e-02
1.590472105874861427e+03 1.088460612010961476e-02
1.613703942444680251e+03 1.061986517086766814e-02
1.637275769393770133e+03 1.036121401205065962e-02
1.661192562370861879e+03 1.010851882428417427e-02
1.685459369841668831e+03 9.861653576118104350e-03
1.710081314154580696e+03 9.620503419806251261e-03
1.735063592621890848e+03 9.384965318174239013e-03
1.760411478616847489e+03 9.154941321356717052e-03
1.786130322686825366e+03 8.930331619791107012e-03
1.812225553682721284e+03 8.711029659541182427e-03
1.838702679904878096e+03 8.496931581427492192e-03
1.865567290265846168e+03 8.287942493118365117e-03
1.892825055470096686e+03 8.083967441949717336e-03
1.920481729210994899e+03 7.884912633039494953e-03
1.948543149385360266e+03 7.690684979999085069e-03
1.977015239325730818e+03 7.501192311478089257e-03
2.005904009050686682e+03 7.316342716933838669e-03
2.035215556533489689e+03 7.136043769228594784e-03
2.064956068989232335e+03 6.960201561899140993e-03
2.095131824180914009e+03 6.788721362875600393e-03
2.125749191744557265e+03 6.621507261391722070e-03
2.156814634533709977e+03 6.458463677279018683e-03
2.188334709983710127e+03 6.299495370288694246e-03
2.220316071495830329e+03 6.144507385741048919e-03
2.252765469841681352e+03 5.993406731708674287e-03
2.285689754588251617e+03 5.846098415828246929e-03
2.319095875543715010e+03 5.702487013133952266e-03
2.352990884224401725e+03 5.562481964872831135e-03
2.387381935343322766e+03 5.426021549900266437e-03
2.422276288320378171e+03 5.292991054211084768e-03
2.457681308814716886e+03 5.163300120394847745e-03
2.493604470279532052e+03 5.036855866381737858e-03
2.530053355539540007e+03 4.913565008088875870e-03
2.567035658391667766e+03 4.793338594917690917e-03
2.604559185229054947e+03 4.676130199294283030e-03
2.642631856688842163e+03 4.561863072465476530e-03
2.681261709324149706e+03 4.450422551878647701e-03
2.720456897300442506e+03 4.341731188627070276e-03
2.760225694116715658e+03 4.235714531642619483e-03
2.800576494351962538e+03 4.132301914935600055e-03
2.841517815437119225e+03 4.031424762643461002e-03
2.883058299452914980e+03 3.933019016945344705e-03
2.925206714954162180e+03 3.837024128746873916e-03
2.967971958820609416e+03 3.743381494094093383e-03
3.011363058134947096e+03 3.652032922968574766e-03
3.055389172088305259e+03 3.562919841053327572e-03
3.100059593913560548e+03 3.475985072837232785e-03
3.145383752847068081e+03 3.391171159027438903e-03
3.191371216118995562e+03 3.308422166108113474e-03
3.238031690972778506e+03 3.227685250625281048e-03
3.285375026714241812e+03 3.148913143315286000e-03
3.333411216790600065e+03 3.072062055218716288e-03
3.382150400899884971e+03 2.997085432010065335e-03
3.431602867131349285e+03 2.923937328286811081e-03
3.481779054137079584e+03 2.852573220067214626e-03
3.532689553335457276e+03 2.782949762398460175e-03
3.584345111146784348e+03 2.715024482530984697e-03
3.636756631261777784e+03 2.648756002529799661e-03
3.689935176943110037e+03 2.584103947362287063e-03
3.743891973360724478e+03 2.521028915935762810e-03
3.798638409961230991e+03 2.459492474835311450e-03
3.854186042872137932e+03 2.399457113126452889e-03
3.910546597341121924e+03 2.340886238981414007e-03
3.967731970211004864e+03 2.283744153059818604e-03
4.025754232431084347e+03 2.227996023101395245e-03
4.084625631605078070e+03 2.173607874244270870e-03
4.144358594576357063e+03 2.120546540280860044e-03
4.204965730051155333e+03 2.068779669890934148e-03
4.266459831260008286e+03 2.018275701177214311e-03
4.328853878658242138e+03 1.969003833827307533e-03
4.392161042665878085e+03 1.920934014005368489e-03
4.456394686447801178e+03 1.874036930619863654e-03
4.521568368734462638e+03 1.828284022022993137e-03
4.587695846683937816e+03 1.783647368255142709e-03
4.654791078785795435e+03 1.740099742069916959e-03
4.722868227807608491e+03 1.697614595640618493e-03
4.791941663784457887e+03 1.656166035707201233e-03
4.862025967052161832e+03 1.615728794135309031e-03
4.933135931325067759e+03 1.576278182416183905e-03
5.005286566818734173e+03 1.537790155030387650e-03
5.078493103418276405e+03 1.500241248184433322e-03
5.152770993893300329e+03 1.463608568105613256e-03
5.228135917159645942e+03 1.427869778264658027e-03
5.304603781589020400e+03 1.393003085451904096e-03
5.382190728366908843e+03 1.358987227535860248e-03
5.460913134899868965e+03 1.325801460500605896e-03
5.540787618272467626e+03 1.293425545798738627e-03
5.621831038754914516e+03 1.261839737783525088e-03
5.704060503361935844e+03 1.231024770944356365e-03
5.787493369463928502e+03 1.200961849005754761e-03
5.872147248450758525e+03 1.171632633089261279e-03
5.958040009449196077e+03 1.143019231356597401e-03
6.045189783094942868e+03 1.115104188062226824e-03
6.133614965359665803e+03 1.087870472945548506e-03
6.223334221434022766e+03 1.061301470709222639e-03
6.314366489667746464e+03 1.035380969963283762e-03
6.406730985567144671e+03 1.010093154349209297e-03
6.500447205851207400e+03 9.854225926020103356e-04
6.595534932567106807e+03 9.613542296908210352e-04
6.692014237265761949e+03 9.378733776525599239e-04
6.789905485238795336e+03 9.149657066233561880e-04
6.889229339817267828e+03 8.926207152780013272e-04
6.990006766733277800e+03 8.708303359616083143e-04
7.092259038545694239e+03 8.495715771957570387e-04
7.196007739130368464e+03 8.288314787885152704e-04
7.301274768236078671e+03 8.085973963956645397e-04
7.408082346107395097e+03 7.888569938191358159e-04
7.516453018174946010e+03 7.695982354990800077e-04
7.626409659814324186e+03 7.508093788028116691e-04
7.737975481174901688e+03 7.324789671548905196e-04
7.851174032079008612e+03 7.145958224370951503e-04
7.966029206992981926e+03 6.971490389325796970e-04
8.082565250070934781e+03 6.801279767776534325e-04
8.200806760272205793e+03 6.635222554643100193e-04
8.320778696553994450e+03 6.473217475403264792e-04
8.442506383139752870e+03 6.315165720402874695e-04
8.566015514864593570e+03 6.160970887305349843e-04
8.691332162599299409e+03 6.010538918801762052e-04
8.818482778753383172e+03 5.863778049733665149e-04
8.947494202858657445e+03 5.720598752355556676e-04
9.078393667234879103e+03 5.580913681925705420e-04
9.211208802737948645e+03 5.444637623388368271e-04
9.345967644592257784e+03 5.311687435988433556e-04
9.482698638308711452e+03 5.181982004283867656e-04
9.621430645688982622e+03 5.055442187626561258e-04
9.762192950917831695e+03 4.931990774058579198e-04
9.905015266744590917e+03 4.811552434695449097e-04
1.004992774075490161e+04 4.694053677801440631e-04
1.019696096173464866e+04 4.579422803937921969e-04
1.034614596612665991e+04 4.467589859249228735e-04
1.049751424458188376e+04 4.358486593624183621e-04
1.065109774860685138e+04 4.252046419663053000e-04
1.080692889730801471e+04 4.148204372959371890e-04
1.096504058423476272e+04 4.046897073856659541e-04
1.112546618432304058e+04 3.948062688679668860e-04
1.128823956094013374e+04 3.851640892070322918e-04
1.145339507303256141e+04 3.757572827606855265e-04
1.162096758237900758e+04 3.665801071984499089e-04
1.179099246094890259e+04 3.576269601567080955e-04
1.196350559836896537e+04 3.488923758674107155e-04
1.213854340949898506e+04 3.403710219137405274e-04
1.231614284211823906e+04 3.320576959775144664e-04
1.249634138472490849e+04 3.239473225898111398e-04
1.267917707444915141e+04 3.160349499943166957e-04
1.286468850508202559e+04 3.083157470555435977e-04
1.305291483522232556e+04 3.007850002775812629e-04
1.324389579654221416e+04 2.934381111884352272e-04
1.343767170217381681e+04 2.862705935286958994e-04
1.363428345521899610e+04 2.792780705076789512e-04
1.383377255738324129e+04 2.724562720713905582e-04
1.403618111773582314e+04 2.658010322235703003e-04
1.424155186159874211e+04 2.593082865123227964e-04
1.444992813956514328e+04 2.529740694726713706e-04
1.466135393665001720e+04 2.467945124233813375e-04
1.487587388157480927e+04 2.407658411037891190e-04
1.509353325618763847e+04 2.348843733576620166e-04
1.531437800502191567e+04 2.291465168501558589e-04
1.553845474499438933e+04 2.235487667561506864e-04
1.576581077524503416e+04 2.180877037296516472e-04
1.599649408712157674e+04 2.127599917161947067e-04
1.623055337430950385e+04 2.075623760982880407e-04
1.646803804311038402e+04 2.024916816967804690e-04
1.670899822287115239e+04 1.975448108324222730e-04
1.695348477656544128e+04 1.927187414099873388e-04
1.720154931152970312e+04 1.880105249266749194e-04
1.745324419035748724e+04 1.834172848167317320e-04
1.770862254195144487e+04 1.789362146084977302e-04
1.796773827273846473e+04 1.745645763449119720e-04
1.823064607804890693e+04 1.702996989066251233e-04
1.849740145366100842e+04 1.661389763786838775e-04
1.876806070751599691e+04 1.620798664579743025e-04
1.904268097160349134e+04 1.581218795541504863e-04
1.932132021402100872e+04 1.542607569708785340e-04
1.960403725121057505e+04 1.504938775843497781e-04
1.989089176037370635e+04 1.468189422054039239e-04
2.018194429206816494e+04 1.432337077430955092e-04
2.047725628298967058e+04 1.397359858319422192e-04
2.077689006894003614e+04 1.363236414874200841e-04
2.108090889798492208e+04 1.329945916841278211e-04
2.138937694380549874e+04 1.297468041643802690e-04
2.170235931924329270e+04 1.265782962173192755e-04
2.201992209004546021e+04 1.234871335121483097e-04
2.234213228880990209e+04 1.204714289179717565e-04
2.266905792913452387e+04 1.175293413547613306e-04
2.300076801997443181e+04 1.146590746144847579e-04
2.333733258020835274e+04 1.118588762961022760e-04
2.367882265341825405e+04 1.091270366513179811e-04
2.402531032288618007e+04 1.064618876342874384e-04
2.437686872680952365e+04 1.038618019089449418e-04
2.473357207373917481e+04 1.013251918550864066e-04
2.509549565824433375e+04 9.885050859903833620e-05
2.546271587680575612e+04 9.643624101559025350e-05
2.583531024394147971e+04 9.408091482971575918e-05
2.621335740857001656e+04 9.178309167544432051e-05
2.659693717061054849e+04 8.954136826721441431e-05
2.698613049782854068e+04 8.735437557144795553e-05
2.738101954292641676e+04 8.522077797190190677e-05
2.778168766088435586e+04 8.313927245154548716e-05
2.818821942655594103e+04 8.110858775202696284e-05
2.860070065252023051e+04 7.912748360713720876e-05
2.901921840719519605e+04 7.719474998061239652e-05
2.944386103321710470e+04 7.530920634658083387e-05
2.987471816608804875e+04 7.346970099948474820e-05
3.031188075309617125e+04 7.167511034810110685e-05
3.075544107251401874e+04 6.992433822931101728e-05
3.120549275307663993e+04 6.821631519779665419e-05
3.166213079374473455e+04 6.654999787360343900e-05
3.212545158375878600e+04 6.492436832034392748e-05
3.259555292298359200e+04 6.333843343123728078e-05
3.307253404255372152e+04 6.179122434610096013e-05
3.355649562581916689e+04 6.028179585839649977e-05
3.404753982959759014e+04 5.880922583657522882e-05
3.454577030573893717e+04 5.737261462949999743e-05
3.505129222300427500e+04 5.597108450400852355e-05
3.556421228926488402e+04 5.460377914068918059e-05
3.608463877402750950e+04 5.326986311226268578e-05
3.661268153128796257e+04 5.196852138996927264e-05
3.714845202271912422e+04 5.069895884532787879e-05
3.769206334119967505e+04 4.946039975433465989e-05
3.824363023468587926e+04 4.825208731458650125e-05
3.880326913043235982e+04 4.707328317652850573e-05
3.937109815956993407e+04 4.592326697763737234e-05
3.994723718203903263e+04 4.480133594686560217e-05
4.053180781189195841e+04 4.370680447490741670e-05
4.112493344296317082e+04 4.263900369292679274e-05
4.172673927491535869e+04 4.159728105801248393e-05
4.233735233966799569e+04 4.058099993823640044e-05
4.295690152821151423e+04 3.958953923359764408e-05
4.358551761781352252e+04 3.862229297588757953e-05
4.422333329962502467e+04 3.767866999659283389e-05
4.487048320668887027e+04 3.675809356415810590e-05
4.552710394235818967e+04 3.586000103054710648e-05
4.619333410913241096e+04 3.498384348358148370e-05
4.686931433791341260e+04 3.412908538990983552e-05
4.755518731768995349e+04 3.329520428708116029e-05
4.825109782565908245e+04 3.248169044392382535e-05
4.895719275778371957e+04 3.168804657960756083e-05
4.967362115980226372e+04 3.091378755794369892e-05
5.040053425868905470e+04 3.015844009087195298e-05
5.113808549457549816e+04 2.942154244767309875e-05
5.188643055313999503e+04 2.870264414629061203e-05
5.264572739847037883e+04 2.800156260048568740e-05
5.341613630640682823e+04 2.731773444735281157e-05
5.419781989837506990e+04 2.665060003538600612e-05
5.499094317571254942e+04 2.599975199745478460e-05
5.579567355449680326e+04 2.536479290921591910e-05
5.661218090088678582e+04 2.474533504699821004e-05
5.744063756697613280e+04 2.414100012404331452e-05
5.828121842717540858e+04 2.355141908297838819e-05
5.913410091512672079e+04 2.297623186230968466e-05
5.999946506115423108e+04 2.241508718918237543e-05
6.087749353026835888e+04 2.186764236562230908e-05
6.176837166072256514e+04 2.133356305914978519e-05
6.267228750313473574e+04 2.081252309788786801e-05
6.358943186018313281e+04 2.030420425081352887e-05
6.451999832688131573e+04 1.980829604755334153e-05
6.546418333144205826e+04 1.932449558999476926e-05
6.642218617674206325e+04 1.885250737357802532e-05
6.739420908239090932e+04 1.839204310781814323e-05
6.838045722741525969e+04 1.794282154052125240e-05
6.938113879357220139e+04 1.750456827835043658e-05
7.039646500928941532e+04 1.707701562254329737e-05
7.142665019425407809e+04 1.665990239387902966e-05
7.247191180465396610e+04 1.625297378459575115e-05
7.353247047907559318e+04 1.585598120817733388e-05
7.460855008508056926e+04 1.546868214780155104e-05
7.570037776645955455e+04 1.509084000767856103e-05
7.680818399117790977e+04 1.472222396172217292e-05
7.793220260002561554e+04 1.436260881406979502e-05
7.907267085597672849e+04 1.401177485719883251e-05
8.022982949427080166e+04 1.366950774266058286e-05
8.140392277323044254e+04 1.333559835619247831e-05
8.259519852581934538e+04 1.300984268972759929e-05
8.380390821195481112e+04 1.269204171652568211e-05
8.503030697159071860e+04 1.238200126335421755e-05
8.627465367856920057e+04 1.207953189188203393e-05
8.753721099526692706e+04 1.178444878326413264e-05
8.881824542804117664e+04 1.149657162682044920e-05
9.011802738348077401e+04 1.121572451534218450e-05
9.143683122548845131e+04 1.094173583720030050e-05
9.277493533319355629e+04 1.067443817143701003e-05
9.413262215971242404e+04 1.041366818006442968e-05
9.551017829177207022e+04 1.015926650675197862e-05
9.690789451020318666e+04 9.911077682730979271e-06
9.832606585131822794e+04 9.668950032196018768e-06
9.976499166919136769e+04 9.432735583605454416e-06
1.012249756988464942e+05 9.202289979201137436e-06
1.027063261203691218e+05 8.977472386316140236e-06
1.042093556239631434e+05 8.758145407695524289e-06
1.057343814759494417e+05 8.544174993653229794e-06
1.072817255857384007e+05 8.335430366193676723e-06
1.088517145737826795e+05 8.131783938432866638e-06
1.104446798405159789e+05 7.933111239743346921e-06
1.120609576363114757e+05 7.739290839393257146e-06
1.137008891324573196e+05 7.550204271303570758e-06
1.153648204931711662e+05 7.365735959664667757e-06
1.170531029486729967e+05 7.185773148254227927e-06
1.187660928693228343e+05 7.010205827556051177e-06
1.205041518408437987e+05 6.838926675287387437e-06
1.222676467406499723e+05 6.671830990652881335e-06
1.240569498152870801e+05 6.508816629989609259e-06
1.258724387590062543e+05 6.349783943784341129e-06
1.277144967934947490e+05 6.194635712712817087e-06
1.295835127487616264e+05 6.043277090429632819e-06
1.314798811452166992e+05 5.895615541230862515e-06
1.334040022769510106e+05 5.751560790047406297e-06
1.353562822962258942e+05 5.611024766864754985e-06
1.373371332992109819e+05 5.473921552879528997e-06
1.393469734129697317e+05 5.340167327608447362e-06
1.413862268837174925e+05 5.209680313914217395e-06
1.434553241663768131e+05 5.082380731342167764e-06
1.455547020154380880e+05 4.958197561567107367e-06
1.476848035771502182e+05 4.837109186151461243e-06
1.498460784830650082e+05 4.718977004409229634e-06
1.520389829449461540e+05 4.603728872576653448e-06
1.542639798510655819e+05 4.491294408027802725e-06
1.565215388639192970e+05 4.381604942152231343e-06
1.588121365193565725e+05 4.274593481996519947e-06
1.611362563271768449e+05 4.170194667044773881e-06
1.634943888731882034e+05 4.068344732352284105e-06
1.658870319227606233e+05 3.968981469779752316e-06
1.683146905259006890e+05 3.872044189876961629e-06
1.707778771238576446e+05 3.777473684886999435e-06
1.732771116572897008e+05 3.685212188809615318e-06
1.758129216760199051e+05 3.595203345019782101e-06
1.783858424503915303e+05 3.507392170906573275e-06
1.809964170842532767e+05 3.421725026034784822e-06
1.836451966296042083e+05 3.338149579612784105e-06
1.863327402029104996e+05 3.256614778595172687e-06
1.890596151031230111e+05 3.177070816397330081e-06
1.918263969314338756e+05 3.099469099357895521e-06
1.946336697127661027e+05 3.023762218946723767e-06
1.974820260190608969e+05 2.949903923167705173e-06
2.003720670943573059e+05 2.877849089053822467e-06
2.033044029817028786e+05 2.807553695471698117e-06
2.062796526519297331e+05 2.738974796188574099e-06
2.092984441343067738e+05 2.672070492646952657e-06
2.123614146491045540e+05 2.606799908578672005e-06
2.154692107421080291e+05 2.543123163613795341e-06
2.186224884210895398e+05 2.481001350140215791e-06
2.218219132942793076e+05 2.420396510688634809e-06
2.250681607108705794e+05 2.361271614745672219e-06
2.283619159035723133e+05 2.303590536049646965e-06
2.317038741332481150e+05 2.247318029621682935e-06
2.350947408356847300e+05 2.192419710191734055e-06
2.385352317704859015e+05 2.138862030795149302e-06
2.420260731721684569e+05 2.086612262652171609e-06
2.455680019034552679e+05 2.035638476357200848e-06
2.491617656108129595e+05 1.985909522271460017e-06
2.528081228822740086e+05 1.937395011482121921e-06
2.565078434075605765e+05 1.890065296373076528e-06
2.602617081405502686e+05 1.843891452312462145e-06
2.640705094641305041e+05 1.798845260178729777e-06
2.679350513574545621e+05 1.754899189174617795e-06
2.718561495656461339e+05 1.712026380935581622e-06
2.758346317719971994e+05 1.670200633078620520e-06
2.798713377726755571e+05 1.629396383134054955e-06
2.839671196539885714e+05 1.589588692284492587e-06
2.881228419722577091e+05 1.550753229606948764e-06
2.923393819362978102e+05 1.512866257908412179e-06
2.966176295925935265e+05 1.475904619079940059e-06
3.009584880131710088e+05 1.439845720671746048e-06
3.053628734862185665e+05 1.404667522059308825e-06
3.098317157095078728e+05 1.370348520899898884e-06
3.143659579866354470e+05 1.336867739578954044e-06
3.189665574261355796e+05 1.304204711542544913e-06
3.236344851435187738e+05 1.272339469865886633e-06
3.283707264662558446e+05 1.241252534826029344e-06
3.331762811417606426e+05 1.210924902556636424e-06
3.380521635484296712e+05 1.181338033353549885e-06
3.429994029097574530e+05 1.152473840264319545e-06
3.480190435115849832e+05 1.124314677649947610e-06
3.531121449225461110e+05 1.096843330466979510e-06
3.582797822177084745e+05 1.070043003007771269e-06
3.635230462055189419e+05 1.043897309871244699e-06
3.688430436580518144e+05 1.018390265921716700e-06
3.742408975446266704e+05 9.935062764901559417e-07
3.797177472688585403e+05 9.692301277820346977e-07
3.852747489091645111e+05 9.455469770638080895e-07
3.909130754627886345e+05 9.224423439920208697e-07
3.966339170934130671e+05 8.999021009430695949e-07
4.024384813823791337e+05 8.779124654591379141e-07
4.083279935835820506e+05 8.564651852342590278e-07
4.143036968821209739e+05 8.355483814903960157e-07
4.203668526566953515e+05 8.151422436765596943e-07
4.265187407458718517e+05 7.952343086540249143e-07
4.327606597182489350e+05 7.758124174275801038e-07
4.390939271465424099e+05 7.568647071512421704e-07
4.455198798857237562e+05 7.383796045924690711e-07
4.520398743552026572e+05 7.203458190937644187e-07
4.586552868251405307e+05 7.027523356450345047e-07
4.653675137069705524e+05 6.855884081717945164e-07
4.721779718481544405e+05 6.688435523801192366e-07
4.790880988312494592e+05 6.525075398026752387e-07
4.860993532773728948e+05 6.365703912520855060e-07
4.932132151540876366e+05 6.210223711407671446e-07
5.004311860877932049e+05 6.058539815930490896e-07
5.077547896807180950e+05 5.910559566409373851e-07
5.151855718325013295e+05 5.766192565577621816e-07
5.227251010665214853e+05 5.625350618264895765e-07
5.303749688609987497e+05 5.487947680755369330e-07
5.381367899849063251e+05 5.353899807547288673e-07
5.460122028388445033e+05 5.223125102202847046e-07
5.540028698008739157e+05 5.095543668066911127e-07
5.621104775774113368e+05 4.971077559487069092e-07
5.703367375592812896e+05 4.849650734041776017e-07
5.786833861829558155e+05 4.731189001876041104e-07
5.871521852970841574e+05 4.615619982204649481e-07
5.957449225344053702e+05 4.502873060239223931e-07
6.044634116890823934e+05 4.392879344863870521e-07
6.133094930995565373e+05 4.285571627420474976e-07
6.222850340370415943e+05 4.180884340460415254e-07
6.313919290996439522e+05 4.078753516440185196e-07
6.406321006122975377e+05 3.979116748538489471e-07
6.500074990325527033e+05 3.881913150872696883e-07
6.595201033622532850e+05 3.787083322363291989e-07
6.691719215653039282e+05 3.694569312738025121e-07
6.789649909915069584e+05 3.604314587021652203e-07
6.889013788066104753e+05 3.516263990924929204e-07
6.989831824286686024e+05 3.430363715888554499e-07
7.092125299707676750e+05 3.346561265892326824e-07
7.195915806902294280e+05 3.264805425042297170e-07
7.301225254444124876e+05 3.185046226421692253e-07
7.408075871531624580e+05 3.107234923597785484e-07
7.516490212680207333e+05 3.031323960719001780e-07
7.626491162483525695e+05 2.957266943411840639e-07
7.738101940443619387e+05 2.885018609327690331e-07
7.851346105872410117e+05 2.814534799836973619e-07
7.966247562864879146e+05 2.745772433614827640e-07
8.082830565344435163e+05 2.678689480082613485e-07
8.201119722182931146e+05 2.613244935317374855e-07
8.321140002395034535e+05 2.549398796969464544e-07
8.442916740408745827e+05 2.487112039659569335e-07
8.566475641413284466e+05 2.426346590428164127e-07
8.691842786784960190e+05 2.367065304258447478e-07
8.819044639592450112e+05 2.309231942758196280e-07
8.948108050182940206e+05 2.252811151490933209e-07
9.079060261849733070e+05 2.197768439674639423e-07
9.211928916582722450e+05 2.144070158999991850e-07
9.346742060903605307e+05 2.091683483012188945e-07
9.483528151785581140e+05 2.040576386570521363e-07
9.622316062660414027e+05 1.990717624679543443e-07
9.763135089513381245e+05 1.942076715185931546e-07
9.906014957066717325e+05 1.894623919678656862e-07
1.005098582505445927e+06 1.848330226240941917e-07
1.019807829458856955e+06 1.803167331620881422e-07
1.034732341461819480e+06 1.759107623865478824e-07
1.049875268848390086e+06 1.716124164852600556e-07
1.065239808056741022e+06 1.674190673741056041e-07
1.080829202303864760e+06 1.633281510006489433e-07
1.096646742270193761e+06 1.593371659450448855e-07
1.112695766794200288e+06 1.554436718942766829e-07
1.128979663577153347e+06 1.516452881504742564e-07
1.145501869898261968e+06 1.479411965463580991e-07
1.162265873340167105e+06 1.443281145239607742e-07
1.179275212525167270e+06 1.408032437596154429e-07
1.196533477862147382e+06 1.373644312801302467e-07
1.214044312304447871e+06 1.340095766799785062e-07
1.231811412118858891e+06 1.307366308371538655e-07
1.249838527665836504e+06 1.275435946579322628e-07
1.268129464191127336e+06 1.244285178558051416e-07
1.286688082629028009e+06 1.213894976734153919e-07
1.305518300417355262e+06 1.184246777852806286e-07
1.324624092324338155e+06 1.155322470865758078e-07
1.344009491287663812e+06 1.127104386825819725e-07
1.363678589265752584e+06 1.099575288219817686e-07
1.383635538101483602e+06 1.072718358408983439e-07
1.403884550398647320e+06 1.046517191367431621e-07
1.424429900411081500e+06 1.020955780846043450e-07
1.445275924944963306e+06 9.960185111270298418e-08
1.466427024274219526e+06 9.716901471199052345e-08
1.487887663069337374e+06 9.479558256011129937e-08
1.509662371339824516e+06 9.248010462764963879e-08
1.531755745390406344e+06 9.022116629442721416e-08
1.554172448791214731e+06 8.801738748178528709e-08
1.576917213362233713e+06 8.586742174157908149e-08
1.599994840172096156e+06 8.376995546531969089e-08
1.623410200551495655e+06 8.172370708267723858e-08
1.647168237121484708e+06 7.972742630251536200e-08
1.671273964836771367e+06 7.777989336740158110e-08
1.695732472044267226e+06 7.587991830662212404e-08
1.720548921557238558e+06 7.402634020799577580e-08
1.745728551744994009e+06 7.221802645038116272e-08
1.771276677638704656e+06 7.045387202691692267e-08
1.797198692053295905e+06 6.873279889355179082e-08
1.823500066725766053e+06 6.705375532074040492e-08
1.850186353470226750e+06 6.541571526546934383e-08
1.877263185349786887e+06 6.381767774217105160e-08
1.904736277865579817e+06 6.225866619446822434e-08
1.932611430163263576e+06 6.073772789245025830e-08
1.960894526257108897e+06 5.925393333178429193e-08
1.989591536272000987e+06 5.780637567039830674e-08
2.018708517703684745e+06 5.639417021707239235e-08
2.048251616697388934e+06 5.501645388807303350e-08
2.078227069345145253e+06 5.367238467950102280e-08
2.108641203002227936e+06 5.236114113524384165e-08
2.139500437622636091e+06 5.108192183668878739e-08
2.170811287114347331e+06 4.983394491188561799e-08
2.202580360714263748e+06 4.861644755336295532e-08
2.234814364383297972e+06 4.742868558665181930e-08
2.267520102221945766e+06 4.626993301449033678e-08
2.300704477906502318e+06 4.513948157125009975e-08
2.334374496146298479e+06 4.403664027766595341e-08
2.368537264162333217e+06 4.296240022939516308e-08
2.403199993187479209e+06 4.192042932898471343e-08
2.438369999988627154e+06 4.091087990559088196e-08
2.474054708411206957e+06 3.993399587510855625e-08
2.510261650946209673e+06 3.899010483197064389e-08
2.546998470320145600e+06 3.807960693316814554e-08
2.584272921108416282e+06 3.720296059282348327e-08
2.622092871372042224e+06 3.636066514925497376e-08
2.660466304318603128e+06 3.555324063839815555e-08
2.699401319987324532e+06 3.478120546412785348e-08
2.738906136958844494e+06 3.404505253453095575e-08
2.778989094090087805e+06 3.334522448864241206e-08
2.819658652274446562e+06 3.268208891259858076e-08
2.860923396227697842e+06 3.205591441446785064e-08
2.902792036300182808e+06 3.146684846017266251e-08
2.945273410315390211e+06 3.091489743639720387e-08
2.988376485435431357e+06 3.039991015076846854e-08
3.032110360054013319e+06 2.992156504622553120e-08
3.076484265716798604e+06 2.947936156212998569e-08
3.121507569070123602e+06 2.907261594721301759e-08
3.167189773838226683e+06 2.870046163974697851e-08
