2.640909038471656700e+00 7.807821889175049507e-04
2.679017466303705852e+00 8.518803405183174911e-04
2.717693215550532226e+00 9.314639832302602264e-04
2.756944731944642957e+00 1.020826378190001736e-03
2.796780586950443848e+00 1.121567313683014856e-03
2.837209479635997678e+00 1.235603679977866597e-03
2.878240238572695286e+00 1.365114147158908494e-03
2.919881823763159634e+00 1.512844360056961627e-03
2.962143328597850012e+00 1.681950706516345843e-03
3.005033981840842472e+00 1.875815025302669109e-03
3.048563149645123094e+00 2.098477955972568969e-03
3.092740337597910560e+00 2.354840126135862577e-03
3.137575192796391743e+00 2.651151246991029654e-03
3.183077505954425401e+00 2.993743774519529340e-03
3.229257213540550175e+00 3.389911257527888563e-03
3.276124399947814236e+00 3.848087416450865147e-03
3.323689299695983923e+00 4.377658348387108642e-03
3.371962299666441343e+00 4.989547821899541907e-03
3.420953941370419749e+00 5.696478631125895947e-03
3.470674923250960386e+00 6.514810023396037930e-03
3.521136103019194774e+00 7.462543958450213594e-03
3.572348500025356088e+00 8.556308336567692435e-03
3.624323297665085875e+00 9.814338048100813838e-03
3.677071845821622720e+00 1.125845322855979075e-02
3.730605663344285450e+00 1.291185770155223178e-02
3.784936440563880122e+00 1.479984364042297162e-02
3.840076041845536636e+00 1.694632298959601602e-02
3.896036508179597568e+00 1.937976758097501029e-02
3.952830059811024199e+00 2.213324395447752169e-02
4.010469098907939234e+00 2.523578296710081437e-02
4.068966212269973681e+00 2.871052815905070221e-02
4.128334174076853991e+00 3.258005426671675697e-02
4.188585948677940429e+00 3.687322926988972904e-02
4.249734693423268261e+00 4.162506741091212548e-02
4.311793761536789837e+00 4.687179694336121583e-02
4.374776705032354052e+00 5.265068558910995788e-02
4.438697277673047559e+00 5.900006852239203514e-02
4.503569437974713985e+00 6.594400894044141759e-02
4.569407352254057919e+00 7.348609200034311728e-02
4.636225397722230746e+00 8.163525617246808475e-02
4.704038165624359280e+00 9.042543949484260768e-02
4.772860464425946248e+00 9.991769452355714343e-02
4.842707323046607115e+00 1.101873147502266392e-01
4.913593994141943533e+00 1.212897714417486839e-01
4.985535957434374055e+00 1.332401802528617729e-01
5.058548923093441729e+00 1.460252602080671647e-01
5.132648835166514267e+00 1.596473587740234734e-01
5.207851875060466540e+00 1.741334604093276450e-01
5.284174465075362370e+00 1.895468440371681496e-01
5.361633271990571714e+00 2.059874889036630297e-01
5.440245210704331313e+00 2.235672735167467673e-01
5.520027447927541076e+00 2.423432421150766292e-01
5.600997405932493400e+00 2.623039405342456609e-01
5.683172766357420080e+00 2.834466916207976084e-01
5.766571474067660574e+00 3.057906161670238543e-01
5.851211741074370920e+00 3.293649512649698963e-01
5.937112050511523798e+00 3.542312075089412149e-01
6.024291160672077261e+00 3.805065192904509841e-01
6.112768109104345093e+00 4.083213270148846608e-01
6.202562216769242909e+00 4.377240874538259607e-01
6.293693092259463384e+00 4.685535500601276659e-01
6.386180636081435047e+00 5.006637999315639576e-01
6.480045045001112669e+00 5.341329268162762212e-01
6.575306816454369319e+00 5.690402381063197623e-01
6.671986753023032790e+00 6.053499486113831374e-01
6.770105966977704171e+00 6.430784609620701087e-01
6.869685884888020233e+00 6.823895265374236851e-01
6.970748252301678605e+00 7.233552859450443906e-01
7.073315138493021514e+00 7.658038771876354289e-01
7.177408941282449995e+00 8.094734428817198513e-01
7.283052391927430591e+00 8.542856617540894870e-01
7.390268560086378891e+00 9.003761175209952228e-01
7.499080858856519427e+00 9.478133549837388649e-01
7.609513049886602154e+00 9.965292260078140174e-01
7.721589248565821961e+00 1.046448213071554445e+00
7.835333929289938659e+00 1.097498176294721794e+00
7.950771930805884402e+00 1.149632557900432950e+00
8.067928461635828441e+00 1.202792415344098753e+00
8.186829105581995947e+00 1.257205438861094038e+00
8.307499827313538532e+00 1.313230202467656538e+00
8.429966978036514291e+00 1.370909452122267780e+00
8.554257301248226142e+00 1.429885523047837115e+00
8.680397938577268491e+00 1.489792639483758396e+00
8.808416435710602954e+00 1.550303202043309625e+00
8.938340748408728942e+00 1.611458099541852818e+00
9.070199248610427034e+00 1.673782757468400995e+00
9.204020730628487357e+00 1.737810178013599938e+00
9.339834417437595349e+00 1.803632177215077181e+00
9.477669967055827982e+00 1.870941619780664311e+00
9.617557479021069611e+00 1.939394006763170530e+00
9.759527500964090052e+00 2.008731392247305791e+00
9.903611035279240582e+00 2.079089823994242359e+00
1.004983954589448203e+01 2.150927696005940692e+00
1.019824496514233125e+01 2.224635971163424486e+00
1.034885970073300321e+01 2.300192912052216876e+00
1.050171664283135264e+01 2.377302421002894572e+00
1.065684917123915199e+01 2.455532263165776108e+00
1.081429116268441426e+01 2.534468656892187699e+00
1.097407699821914839e+01 2.613806227046538755e+00
1.113624157072712961e+01 2.693377861477841861e+00
1.130082029254369047e+01 2.773309859553904744e+00
1.146784910318875461e+01 2.854219410443606719e+00
1.163736447721508860e+01 2.936684514937951462e+00
1.180940343217323729e+01 3.020641854781710656e+00
1.198400353669529750e+01 3.105549094139158139e+00
1.216120291869885683e+01 3.190880724799293411e+00
1.234104027371294876e+01 3.276374271312294972e+00
1.252355487332832240e+01 3.361713798793794616e+00
1.270878657377313736e+01 3.446906039610091455e+00
1.289677582461654382e+01 3.532419114037400831e+00
1.308756367760178563e+01 3.618799856476505816e+00
1.328119179561065977e+01 3.706384429170307637e+00
1.347770246176176023e+01 3.795097730001732117e+00
1.367713858864376242e+01 3.884790477027602940e+00
1.387954372768650657e+01 3.975223448038549545e+00
1.408496207867140804e+01 4.065785658779084599e+00
1.429343849938343425e+01 4.156100200203600714e+00
1.450501851540695064e+01 4.246190537325197134e+00
1.471974833006705374e+01 4.336616021551784605e+00
1.493767483451940414e+01 4.427909350263146138e+00
1.515884561798969266e+01 4.520477367937275837e+00
1.538330897816608278e+01 4.614452873772726171e+00
1.561111393174595641e+01 4.709634520340634900e+00
1.584231022513990617e+01 4.805255301830063885e+00
1.607694834533498351e+01 4.900395962664924276e+00
1.631507953091955088e+01 4.994321121237465633e+00
1.655675578327269548e+01 5.086807389885688480e+00
1.680202987791956204e+01 5.178081968170177518e+00
1.705095537605642164e+01 5.268523158728197764e+00
1.730358663624674165e+01 5.358290950783388240e+00
1.755997882629173290e+01 5.446867391097288902e+00
1.782018793527750589e+01 5.533339886607089753e+00
1.808427078580143998e+01 5.616767251132846361e+00
1.835228504638087799e+01 5.696805628402829669e+00
1.862428924404619934e+01 5.773677601133871740e+00
1.890034277712166855e+01 5.847988019678806992e+00
1.918050592819627909e+01 5.920140085896617776e+00
1.946483987728799647e+01 5.989860667246697190e+00
1.975340671520368829e+01 6.056462727884833974e+00
2.004626945709799912e+01 6.119265045125849234e+00
2.034349205623441748e+01 6.177929358559472561e+00
2.064513941795059893e+01 6.232605564666912734e+00
2.095127741383217312e+01 6.283711406528600385e+00
2.126197289609724805e+01 6.331864169577791301e+00
2.157729371219505410e+01 6.377825404273252730e+00
2.189730871962207104e+01 6.422157878945001563e+00
2.222208780095845881e+01 6.465075880198116742e+00
2.255170187912882085e+01 6.506543021198733179e+00
2.288622293288949550e+01 6.546310155962208555e+00
2.322572401254701546e+01 6.584371280480807442e+00
2.357027925591024342e+01 6.621091041455903436e+00
2.391996390447999943e+01 6.656931692740912787e+00
2.427485431987981812e+01 6.692262697692632933e+00
2.463502800053112196e+01 6.727260002308692144e+00
2.500056359857707733e+01 6.761833588474814860e+00
2.537154093705761682e+01 6.795758972161866751e+00
2.574804102734112377e+01 6.828769674279411284e+00
2.613014608681479700e+01 6.860702217410991288e+00
2.651793955683872639e+01 6.891337939662784073e+00
2.691150612096738470e+01 6.920271182858699355e+00
2.731093172344193221e+01 6.947018932871570129e+00
2.771630358795841431e+01 6.971004132836636558e+00
2.812771023671474779e+01 6.991698800949506243e+00
2.854524150974187791e+01 7.008820267336820287e+00
2.896898858452214043e+01 7.022168614751842064e+00
2.939904399590004047e+01 7.031422812967169200e+00
2.983636075302527502e+01 7.036114305389377321e+00
3.026189973131718247e+01 7.035693261971795565e+00
3.069375630319251513e+01 7.030011875808133581e+00
3.113202426026775171e+01 7.018588039448736104e+00
3.157679878659901007e+01 7.001161117995423844e+00
3.202817647935434309e+01 6.977685591842146096e+00
3.248625536979271544e+01 6.948228450592698557e+00
3.295113494455512182e+01 6.912818535454092306e+00
3.342291616727072778e+01 6.871389815066796913e+00
3.390170150048476216e+01 6.823817554567256138e+00
3.438759492791163552e+01 6.770028039698694045e+00
3.488070197701806308e+01 6.710064824310468801e+00
3.538112974194195459e+01 6.644126703385395238e+00
3.588898690675136294e+01 6.572588833919879470e+00
3.640438376904866402e+01 6.495917306281890902e+00
3.692743226392547484e+01 6.414543380006163531e+00
3.745824598827262975e+01 6.328926076046645477e+00
3.799694022545154581e+01 6.239458666409067433e+00
3.854363197033205068e+01 6.146495026486307189e+00
3.909843995470109945e+01 6.050413173524602506e+00
3.966148467304947900e+01 5.951661331335478700e+00
4.023288840874111827e+01 5.850754855997776893e+00
4.081277526057068172e+01 5.748270520028608388e+00
4.140127116971602561e+01 5.644816108244545383e+00
4.199850394708990109e+01 5.540950117281924214e+00
4.260460330109842886e+01 5.437143424294234251e+00
4.321970086581178805e+01 5.333707422800166853e+00
4.384393022955222818e+01 5.230881502618331069e+00
4.447742696390755412e+01 5.128834017907243137e+00
4.512032865317453201e+01 5.027706742473814217e+00
4.577277492424025951e+01 4.927642189984749344e+00
4.643490747690610476e+01 4.828785026737957509e+00
4.710687011466259833e+01 4.731306862491287291e+00
4.778880877592138177e+01 4.635383774936180146e+00
4.848087156570977641e+01 4.541133267267028373e+00
4.918320878783710270e+01 4.448590207885315451e+00
4.989597297753780225e+01 4.357715570254603321e+00
5.061931893459930620e+01 4.268382220897183998e+00
5.135340375698226012e+01 4.180440981857653782e+00
5.209838687493883214e+01 4.093726174115419170e+00
5.285443008563836287e+01 4.008052458130009654e+00
5.362169758830722088e+01 3.923254507371375155e+00
5.440035601988940073e+01 3.839213307662395991e+00
5.519057449123742032e+01 3.755865984719647610e+00
5.599252462384023943e+01 3.673199882180822939e+00
5.680638058709614313e+01 3.591239697702595990e+00
5.763231913613986990e+01 3.510002212572429503e+00
5.847051965022994580e+01 3.429559793036386139e+00
5.932116417170701084e+01 3.349929764214484074e+00
6.018443744553056973e+01 3.271164869696394639e+00
6.106052695940169173e+01 3.193340769818900249e+00
6.194962298448237448e+01 3.116537355281510102e+00
6.285191861671905400e+01 3.040833402140828312e+00
6.376760981877948353e+01 2.966317766907369258e+00
6.469689546261288626e+01 2.893099726589686504e+00
6.563997737264057264e+01 2.821298910692084938e+00
6.659706036958917252e+01 2.751031707445333208e+00
6.756835231497436212e+01 2.682402386477229506e+00
6.855406415624389638e+01 2.615517172404246526e+00
6.955440997259233882e+01 2.550459222398060888e+00
7.056960702145499909e+01 2.487305561027290501e+00
7.159987578569237598e+01 2.426107355578610125e+00
7.264544002147563617e+01 2.366883859069581764e+00
7.370652680688164082e+01 2.309634718353158256e+00
7.478336659121075058e+01 2.254337281501087809e+00
7.587619324503684481e+01 2.200929521031660840e+00
7.698524411099884901e+01 2.149333793785701108e+00
7.811076005534809497e+01 2.099468413210188622e+00
7.925298552025978438e+01 2.051229475876785280e+00
8.041216857692226938e+01 2.004500118914585460e+00
8.158856097941269070e+01 1.959155495679446357e+00
8.278241821937395173e+01 1.915065383838083335e+00
8.399399958150367240e+01 1.872106209599654125e+00
8.522356819986498522e+01 1.830158350232974795e+00
8.647139111503551590e+01 1.789104542980184176e+00
8.773773933210360099e+01 1.748834905134255102e+00
8.902288787952556959e+01 1.709257489368628313e+00
9.032711586885787369e+01 1.670290470995907661e+00
9.165070655537407163e+01 1.631864370782271312e+00
9.299394739958343337e+01 1.593921575909326593e+00
9.435713012966279223e+01 1.556419160914370714e+00
9.574055080481369373e+01 1.519322785780184759e+00
9.714450987956190886e+01 1.482603377212120321e+00
9.856931226901066623e+01 1.446246339301636930e+00
1.000152674150627377e+02 1.410255481009806910e+00
1.014826893536263697e+02 1.374633213572559853e+00
1.029718967828172822e+02 1.339403115266893707e+00
1.044832131321747681e+02 1.304594806560010145e+00
1.060169666329056071e+02 1.270260754050875907e+00
1.075734903891686542e+02 1.236435926459821255e+00
1.091531224504202271e+02 1.203165143840489337e+00
1.107562058848321840e+02 1.170493091351470394e+00
1.123830888537999186e+02 1.138460128272133609e+00
1.140341246875580197e+02 1.107101807075133948e+00
1.157096719619156318e+02 1.076443581690490703e+00
1.174100945761339148e+02 1.046502073349616646e+00
1.191357618319589022e+02 1.017286122863370057e+00
1.208870485138259454e+02 9.887968388226198169e-01
1.226643349702573715e+02 9.610333442688803185e-01
1.244680071964670844e+02 9.339931735367557053e-01
1.262984569181917465e+02 9.076710403380210401e-01
1.281560816767675988e+02 8.820575052068910793e-01
1.300412849154676849e+02 8.571421246793151649e-01
1.319544760671247161e+02 8.329123068824659804e-01
1.338960706430506491e+02 8.093568218692243077e-01
1.358664903232798054e+02 7.864674611317084008e-01
1.378661630481495308e+02 7.642367535736916961e-01
1.398955231112417437e+02 7.426572753027480545e-01
1.419550112537034181e+02 7.217209086953674246e-01
1.440450747599686281e+02 7.014203386147939145e-01
1.461661675548994026e+02 6.817505422314518171e-01
1.483187503023717682e+02 6.627071733340698101e-01
1.505032905053224397e+02 6.442854637689405806e-01
1.527202626072829617e+02 6.264791383366901112e-01
1.549701480954201713e+02 6.092805766223878816e-01
1.572534356051070858e+02 5.926816080178530788e-01
1.595706210260449325e+02 5.766717401006079546e-01
1.619222076099634648e+02 5.612390615394255988e-01
1.643087060799158223e+02 5.463707099294518033e-01
1.667306347412012144e+02 5.320518448803612799e-01
1.691885195939294704e+02 5.182664765390017081e-01
1.716828944472600256e+02 5.049968192221987451e-01
1.742143010353357511e+02 4.922229584598698526e-01
1.767832891349376325e+02 4.799243688480289149e-01
1.793904166848878958e+02 4.680794674417939616e-01
1.820362499072220146e+02 4.566664087892046142e-01
1.847213634301651837e+02 4.456619631582192653e-01
1.874463404129285777e+02 4.350429458758184320e-01
1.902117726723628266e+02 4.247859141470630706e-01
1.930182608114899949e+02 4.148667962013579680e-01
1.958664143499434545e+02 4.052621301855653946e-01
1.987568518563449231e+02 3.959491092889417807e-01
2.016902010826478886e+02 3.869054217244077276e-01
2.046670991004717166e+02 3.781100308966558465e-01
2.076881924394651833e+02 3.695431282632040682e-01
2.107541372277188145e+02 3.611861541205652060e-01
2.138655993342658803e+02 3.530225190272222591e-01
2.170232545136966849e+02 3.450373022017330094e-01
2.202277885529208561e+02 3.372172684058187264e-01
2.234798974201075623e+02 3.295502710246245859e-01
2.267802874158393251e+02 3.220248787028430204e-01
2.301296753265048949e+02 3.146312588599501914e-01
2.335287885799760943e+02 3.073617450273578022e-01
2.369783654035892368e+02 3.002105172146442569e-01
2.404791549844768497e+02 2.931735457612998919e-01
2.440319176322774126e+02 2.862479227632671597e-01
2.476374249442611699e+02 2.794318779777824613e-01
2.512964599729068880e+02 2.727244589036454947e-01
2.550098173959691792e+02 2.661253946102006829e-01
2.587783036890648987e+02 2.596352088464630725e-01
2.626027373008290056e+02 2.532545437682184319e-01
2.664839488306644171e+02 2.469843419080637592e-01
2.704227812091348255e+02 2.408261900323319937e-01
2.744200898810343006e+02 2.347816674075991206e-01
2.784767429911743193e+02 2.288523074111492861e-01
2.825936215729292940e+02 2.230398403948061492e-01
2.867716197395832296e+02 2.173455272691028062e-01
2.910116448785135503e+02 2.117704210406748111e-01
2.953146178482594451e+02 2.063155626212745397e-01
2.996814731785168533e+02 2.009814191857201560e-01
3.041131592731016440e+02 1.957685069211868301e-01
3.086106386159264048e+02 1.906770521376650318e-01
3.131748879800337590e+02 1.857069735804123822e-01
3.178068986397373692e+02 1.808579263686560801e-01
3.225076765859038801e+02 1.761292258972233793e-01
3.272782427444428208e+02 1.715198299459370357e-01
3.321196331980274863e+02 1.670282205078826299e-01
3.370328994111177963e+02 1.626526809750728497e-01
3.420191084583186125e+02 1.583912535145553802e-01
3.470793432561291070e+02 1.542422006838957138e-01
3.522147027981331462e+02 1.502036332097314852e-01
3.574263023936834998e+02 1.462736261988962783e-01
3.627152739101224483e+02 1.424506363042486734e-01
3.680827660186093340e+02 1.387317815331092496e-01
3.735299444435869418e+02 1.351143047188911872e-01
3.790579922159578814e+02 1.315956781931698627e-01
3.846681099300185451e+02 1.281734410578045102e-01
3.903615160042064645e+02 1.248453930385317739e-01
3.961394469457180207e+02 1.216091456907563984e-01
4.020031576190606302e+02 1.184623185660209355e-01
4.079539215185795342e+02 1.154025125369657345e-01
4.139930310450460524e+02 1.124274420190582852e-01
4.201217977863385613e+02 1.095348092822686220e-01
4.263415528022984518e+02 1.067222728219587857e-01
4.326536469138131338e+02 1.039875874329976163e-01
4.390594509961897529e+02 1.013285090365956820e-01
4.455603562768841925e+02 9.874282043928234165e-02
4.521577746376553932e+02 9.622834104606470262e-02
4.588531389211936471e+02 9.378306295186826513e-02
4.656479032423171702e+02 9.140499399529124214e-02
4.725435433037728217e+02 8.909219642067917055e-02
4.795415567167371478e+02 8.684276770707599624e-02
4.866434633260691953e+02 8.465494020746525128e-02
4.938508055403939920e+02 8.252698580803026485e-02
5.011651486670893973e+02 8.045717879011596296e-02
5.085880812522372594e+02 7.844383004156237071e-02
5.161212154256350004e+02 7.648527003331437313e-02
5.237661872509141858e+02 7.457986413191880493e-02
5.315246570808698152e+02 7.272606767478381751e-02
5.393983099180579757e+02 7.092219042079904445e-02
5.473888557807482584e+02 6.916669441304174049e-02
5.554980300743088719e+02 6.745811530232775910e-02
5.637275939681109094e+02 6.579501302209975200e-02
5.720793347780144131e+02 6.417604177541472166e-02
5.805550663545512862e+02 6.259994237275204321e-02
5.891566294768540502e+02 6.106544878927192693e-02
5.978858922524439095e+02 5.957127157900343750e-02
6.067447505229512217e+02 5.811619480594511222e-02
6.157351282758572779e+02 5.669904924960520592e-02
6.248589780623499337e+02 5.531871004323099528e-02
6.341182814213882466e+02 5.397407709611502791e-02
6.435150493100484255e+02 5.266405955520610249e-02
6.530513225402785338e+02 5.138759446277472998e-02
6.627291722221190184e+02 5.014368316524059344e-02
6.725507002135136645e+02 4.893138309432990690e-02
6.825180395767973778e+02 4.774974993124344452e-02
6.926333550419582252e+02 4.659786130389106246e-02
7.028988434767776425e+02 4.547485737647542076e-02
7.133167343639563569e+02 4.437988194930228558e-02
7.238892902853101532e+02 4.331212729353869917e-02
7.346188074131715666e+02 4.227081901789937757e-02
7.455076160090702615e+02 4.125519249305406588e-02
7.565580809298298846e+02 4.026449944088410920e-02
7.677726021411707507e+02 3.929804579894080607e-02
7.791536152389405743e+02 3.835517089964865511e-02
7.907035919780819313e+02 3.743522489616231408e-02
8.024250408094591194e+02 3.653758116670792477e-02
8.143205074246385493e+02 3.566163203094655648e-02
8.263925753087809198e+02 3.480679404150002765e-02
8.386438663017171393e+02 3.397248317957148045e-02
8.510770411673726130e+02 3.315812926349565731e-02
8.636948001716347108e+02 3.236317765728532331e-02
8.764998836688040456e+02 3.158710563450009556e-02
8.894950726967556420e+02 3.082939348715199243e-02
9.026831895809186790e+02 3.008953029924937156e-02
9.160670985472522716e+02 2.936706065815821581e-02
9.296497063442905073e+02 2.866155201408002867e-02
9.434339628744430684e+02 2.797257959998115939e-02
9.574228618346631947e+02 2.729974119664305143e-02
9.716194413666222545e+02 2.664264260846230942e-02
9.860267847165417834e+02 2.600092296534950095e-02
1.000648020904824875e+03 2.537421596916137473e-02
1.015486325405612206e+03 2.476214027787507557e-02
1.030544920836455049e+03 2.416433053819393509e-02
1.045827077658195094e+03 2.358042457541563788e-02
1.061336114885260486e+03 2.301006492182545646e-02
1.077075400806493917e+03 2.245293016214792992e-02
1.093048353716686961e+03 2.190872961263283514e-02
1.109258442658971489e+03 2.137717512035350320e-02
1.125709188178235763e+03 2.085798903167073587e-02
1.142404163085718892e+03 2.035089913344927809e-02
1.159346993234982165e+03 1.985563449544192755e-02
1.176541358309352518e+03 1.937192891013694851e-02
1.193990992621100759e+03 1.889952710869576696e-02
1.211699685922467779e+03 1.843817140195603416e-02
1.229671284228727700e+03 1.798760771739826847e-02
1.247909690653471898e+03 1.754759834038478739e-02
1.266418866256315596e+03 1.711791535948834972e-02
1.285202830903140011e+03 1.669833166551746781e-02
1.304265664139156115e+03 1.628858408764027529e-02
1.323611506074905492e+03 1.588846981137972264e-02
1.343244558285417952e+03 1.549777088898111888e-02
1.363169084722719845e+03 1.511627822514483542e-02
1.383389412641889976e+03 1.474379303958374583e-02
1.403909933540861402e+03 1.438011779068525467e-02
1.424735104114172827e+03 1.402505558819869269e-02
1.445869447220906295e+03 1.367840814341773382e-02
1.467317552866937604e+03 1.333998097668994548e-02
1.489084079201828217e+03 1.300958849118942322e-02
1.511173753530486465e+03 1.268705052769706666e-02
1.533591373339854272e+03 1.237219050162980533e-02
1.556341807340831792e+03 1.206483788227451746e-02
1.579429996525699835e+03 1.176482508294327337e-02
1.602860955241177408e+03 1.147198546030387366e-02
1.626639772277475686e+03 1.118615724980178902e-02
1.650771611973485960e+03 1.090718457819453424e-02
1.675261715338384420e+03 1.063491463333718356e-02
1.700115401189885006e+03 1.036920043162849712e-02
1.725338067309391818e+03 1.010990348780210768e-02
1.750935191614306859e+03 9.856887997565903087e-03
1.776912333347730282e+03 9.610020885253317199e-03
1.803275134285826425e+03 9.369170296446948168e-03
1.830029319963147145e+03 9.134204025675139033e-03
1.857180700916070009e+03 8.904994914835085568e-03
1.884735173944778126e+03 8.681418936839827710e-03
1.912698723393928503e+03 8.463353998523121674e-03
1.941077422452349538e+03 8.250678343728296699e-03
1.969877434472021150e+03 8.043273583890737932e-03
1.999105014306676594e+03 7.841024807565731558e-03
2.028766509670201231e+03 7.643818018797941642e-03
2.058868362515273020e+03 7.451538632665124888e-03
2.089417110432433674e+03 7.264073777513469637e-03
2.120419388069940396e+03 7.081312132852665697e-03
2.151881928574687208e+03 6.903143637548656703e-03
2.183811565054534185e+03 6.729459674293645360e-03
2.216215232062332689e+03 6.560153836374928507e-03
2.249099967101986294e+03 6.395122048835742354e-03
2.282472912156869370e+03 6.234259368633157661e-03
2.316341315240970289e+03 6.077462505356416925e-03
2.350712531972978923e+03 5.924631024895951267e-03
2.385594027173835002e+03 5.775678206235220977e-03
2.420993376487944261e+03 5.630498063647400991e-03
2.456918268028466173e+03 5.488994447812844610e-03
2.493376504047075741e+03 5.351072523664332503e-03
2.530376002628412607e+03 5.216639207577760881e-03
2.567924799409793195e+03 5.085602955081633403e-03
2.606031049326396442e+03 4.957876161899553609e-03
2.644703028382371031e+03 4.833375143797100093e-03
2.683949135448240213e+03 4.711975809374714143e-03
2.723777894084983927e+03 4.593525689518027089e-03
2.764197954395209763e+03 4.477952580906703270e-03
2.805218094901798850e+03 4.365169683429002967e-03
2.846847224454438219e+03 4.255094160283478394e-03
2.889094384164509393e+03 4.147645963699433773e-03
2.931968749368586487e+03 4.042747284876033534e-03
2.975479631621208227e+03 3.940322224078680532e-03
3.019636480717167160e+03 3.840295268011694515e-03
3.064448886743843559e+03 3.742590206500811308e-03
3.109926582163979674e+03 3.647134048195280458e-03
3.156079443929467743e+03 3.553863801520353981e-03
3.202917495626350046e+03 3.462722078012626416e-03
3.250450909651836355e+03 3.373657398312862252e-03
3.298690009423542506e+03 3.286622732039196949e-03
3.347645271621558550e+03 3.201569199958169843e-03
3.397327328463803497e+03 3.118450750159345707e-03
3.447746970015147781e+03 3.037237939001391756e-03
3.498915146530825950e+03 2.957902111706959755e-03
3.550842970834645257e+03 2.880414961847160490e-03
3.603541720732468548e+03 2.804749746594126410e-03
3.657022841461627650e+03 2.730884080231950253e-03
3.711297948176521004e+03 2.658800118012122002e-03
3.766378828471291854e+03 2.588481313361827053e-03
3.822277444939873021e+03 2.519913794971740274e-03
3.879005937774039921e+03 2.453082655613840219e-03
3.936576627400034340e+03 2.387971427826381110e-03
3.995002017154405166e+03 2.324562365840592698e-03
4.054294795999426242e+03 2.262836338496436017e-03
4.114467841278965352e+03 2.202772464262483902e-03
4.175534221515209538e+03 2.144347856767247866e-03
4.237507199246905657e+03 2.087537193770470575e-03
4.300400233909768758e+03 2.032312691912038609e-03
4.364226984759613515e+03 1.978644202967720644e-03
4.429001313838910391e+03 1.926499312181214826e-03
4.494737288987370448e+03 1.875843531915825056e-03
4.561449186897282743e+03 1.826640561837098798e-03
4.629151496214064537e+03 1.778852472083497982e-03
4.697858920683005636e+03 1.732440057672526715e-03
4.767586382342653451e+03 1.687363200558365372e-03
4.838349024765608192e+03 1.643581206432306657e-03
4.910162216347407593e+03 1.601060227637666599e-03
4.983041553644384294e+03 1.559780524799652714e-03
5.057002864760805096e+03 1.519686869845874276e-03
5.132062212786555392e+03 1.480734437549747779e-03
5.208235899285743471e+03 1.442879686018518461e-03
5.285540467837097822e+03 1.406081225570076070e-03
5.363992707626938682e+03 1.370299776139111917e-03
5.443609657095515104e+03 1.335498186741511644e-03
5.524408607637428759e+03 1.301641745010312205e-03
5.606407107357029417e+03 1.268698181222592883e-03
5.689622964879535175e+03 1.236637066074714126e-03
5.774074253218819649e+03 1.205426935164488926e-03
5.859779313702459149e+03 1.175037999828301401e-03
5.946756759955182133e+03 1.145442219770961834e-03
6.035025481941441285e+03 1.116613655837383123e-03
6.124604650067957664e+03 1.088529911579668059e-03
6.215513719347160077e+03 1.061170240824859789e-03
6.307772433622603785e+03 1.034510363028943048e-03
6.401400829856802375e+03 1.008528970189119869e-03
6.496419242483016205e+03 9.832072041850955287e-04
6.592848307821509479e+03 9.585274891867954887e-04
6.690708968561377333e+03 9.344724160524627661e-04
6.790022478308947939e+03 9.110244039755236844e-04
6.890810406203688217e+03 8.881670230549924133e-04
6.993094641602620868e+03 8.658839617950062854e-04
7.096897398834335945e+03 8.441601202900362276e-04
7.202241222023479168e+03 8.229812807022472265e-04
7.309148989987096684e+03 8.023337715213478029e-04
7.417643921203323771e+03 7.822042645494488560e-04
7.527749578854124593e+03 7.625797667137905380e-04
7.639489875942790604e+03 7.434476101766905858e-04
7.752889080487379033e+03 7.247954419956540275e-04
7.867971820791430218e+03 7.066112206652825972e-04
7.984763090792605908e+03 6.888832070358916291e-04
8.103288255491074779e+03 6.715999566983744300e-04
8.223573056458277279e+03 6.547503126614125524e-04
8.345643617427565914e+03 6.383233986190198390e-04
8.469526449967821463e+03 6.223086099019217374e-04
8.595248459241260207e+03 6.066956060962853340e-04
8.722836949846830976e+03 5.914743073407717922e-04
8.852319631750195185e+03 5.766348868846972149e-04
8.983724626301902390e+03 5.621677647130202560e-04
9.117080472344920054e+03 5.480636014217756631e-04
9.252416132412603474e+03 5.343132927293359072e-04
9.389760999018946677e+03 5.209079611629908102e-04
9.529144901042116544e+03 5.078389510417001844e-04
9.670598110202734460e+03 4.950978246544130140e-04
9.814151347638340667e+03 4.826763561729612126e-04
9.959835790575602005e+03 4.705665263153179954e-04
1.010768307910125986e+04 4.587605172163839850e-04
1.025772532303395201e+04 4.472507079940526552e-04
1.040999510889783051e+04 4.360296670937324629e-04
1.056452550699979656e+04 4.250901491390249526e-04
1.072135007861179292e+04 4.144250910909620883e-04
1.088050288325968359e+04 4.040276072786618184e-04
1.104201848612045251e+04 3.938909849319155790e-04
1.120593196552906193e+04 3.840086798799302137e-04
1.137227892059688384e+04 3.743743130053682781e-04
1.154109547894330353e+04 3.649816631887640040e-04
1.171241830454178307e+04 3.558246656162571261e-04
1.188628460568280207e+04 3.468974079966044739e-04
1.206273214305477632e+04 3.381941265126371123e-04
1.224179923794494425e+04 3.297092020816448990e-04
1.242352478056234941e+04 3.214371567437441699e-04
1.260794823848371743e+04 3.133726508101690694e-04
1.279510966522537819e+04 3.055104765387435723e-04
1.298504970894209146e+04 2.978455573168855989e-04
1.317780962125514998e+04 2.903729441430612083e-04
1.337343126621145893e+04 2.830878123016405110e-04
1.357195712937570352e+04 2.759854582325457881e-04
1.377343032705741643e+04 2.690612964946754548e-04
1.397789461567513899e+04 2.623108575141079807e-04
1.418539440125950568e+04 2.557297818125925338e-04
1.439597474909740049e+04 2.493138200224651090e-04
1.460968139351953869e+04 2.430588295036067428e-04
1.482656074783288568e+04 2.369607716532984775e-04
1.504665991440096514e+04 2.310159878326040965e-04
1.527002669487355161e+04 2.252205339456298319e-04
1.549670960056864715e+04 2.195704726072330660e-04
1.572675786300783511e+04 2.140621555261305734e-04
1.596022144460881464e+04 2.086920265824596631e-04
1.619715104953621812e+04 2.034566189679872417e-04
1.643759813471372763e+04 1.983525529324067576e-04
1.668161492099956376e+04 1.933765335909429011e-04
1.692925440452798648e+04 1.885253487886628162e-04
1.718057036821904330e+04 1.837958674953901360e-04
1.743561739345933893e+04 1.791850358276388696e-04
1.769445087195610176e+04 1.746898770415614805e-04
1.795712701776732138e+04 1.703074891655959901e-04
1.822370287951029968e+04 1.660350431029595478e-04
1.849423635275203924e+04 1.618697807964451633e-04
1.876878619258254184e+04 1.578090134406876562e-04
1.904741202637577226e+04 1.538501201070388699e-04
1.933017436673945849e+04 1.499905444827620647e-04
1.961713462465770135e+04 1.462277948136573484e-04
1.990835512282791024e+04 1.425594419453843158e-04
2.020389910919645627e+04 1.389831177254205246e-04
2.050383077069494902e+04 1.354965134668822447e-04
2.080821524718052024e+04 1.320973784474866386e-04
2.111711864558303932e+04 1.287835187500835962e-04
2.143060805426231673e+04 1.255527945647880086e-04
2.174875155757863831e+04 1.224031201143404711e-04
2.207161825067937025e+04 1.193324620306164318e-04
2.239927825450520322e+04 1.163388380084513107e-04
2.273180273101921921e+04 1.134203155197967809e-04
2.306926389866218960e+04 1.105750105410909130e-04
2.341173504803677133e+04 1.078010866160473763e-04
2.375929055782517753e+04 1.050967525773118411e-04
2.411200591094278934e+04 1.024602624828153816e-04
2.446995771093203075e+04 9.988991426810944025e-05
2.483322369859883838e+04 9.738404861207539890e-05
2.520188276889686313e+04 9.494104786062515598e-05
2.557601498806198288e+04 9.255933495843675298e-05
2.595570161100136829e+04 9.023737264850916092e-05
2.634102509894049945e+04 8.797366161686045235e-05
2.673206913733234614e+04 8.576674039041605512e-05
2.712891865403234624e+04 8.361518423087176046e-05
2.753165983774323468e+04 8.151760417901093804e-05
2.794038015673376140e+04 7.947264615379320525e-05
2.835516837783514347e+04 7.747899007961794675e-05
2.877611458571964613e+04 7.553534910562052502e-05
2.920331020246578191e+04 7.364046824102054840e-05
2.963684800741292202e+04 7.179312413882475740e-05
3.007682215731172982e+04 6.999212420245768892e-05
3.052332820677314885e+04 6.823630578473832546e-05
3.097646312902169302e+04 6.652453543377955057e-05
3.143632533695547318e+04 6.485570817937922163e-05
3.190301470452040303e+04 6.322874679247793945e-05
3.237663258840072376e+04 6.164260078902280995e-05
3.285728185003208637e+04 6.009624615089169760e-05
3.334506687794108439e+04 5.858868459982121118e-05
3.384009361041668308e+04 5.711894292703596245e-05
3.434246955851812527e+04 5.568607236205002221e-05
3.485230382942442520e+04 5.428914798863006632e-05
3.536970715013052541e+04 5.292726805671400889e-05
3.589479189149506419e+04 5.159955326137312853e-05
3.642767209264599660e+04 5.030514643669634664e-05
3.696846348574694275e+04 4.904321196164114174e-05
3.751728352113276924e+04 4.781293519984585003e-05
3.807425139281742304e+04 4.661352196421427119e-05
3.863948806438139582e+04 4.544419806496146621e-05
3.921311629524194723e+04 4.430420864328942800e-05
3.979526066731487663e+04 4.319281767737082902e-05
4.038604761207138654e+04 4.210930766796947678e-05
4.098560543799674633e+04 4.105297914869499812e-05
4.159406435845664964e+04 4.002315021858618617e-05
4.221155651997720997e+04 3.901915609167424072e-05
4.283821603094492457e+04 3.804034873150322364e-05
4.347417899073257286e+04 3.708609625166645800e-05
4.411958351925764873e+04 3.615578256367109984e-05
4.477456978697952582e+04 3.524880707849030757e-05
4.543928004534184583e+04 3.436458429981558804e-05
4.611385865766775532e+04 3.350254343462781537e-05
4.679845213051194878e+04 3.266212801425228155e-05
4.749320914548004657e+04 3.184279559868602363e-05
4.819828059151925117e+04 3.104401724256405541e-05
4.891381959768950037e+04 3.026527724627707251e-05
4.963998156641925743e+04 2.950607288208519877e-05
5.037692420725696866e+04 2.876591405369697280e-05
5.112480757112251013e+04 2.804432297230441946e-05
5.188379408506753680e+04 2.734083383778174604e-05
5.265404858755166788e+04 2.665499259937303554e-05
5.343573836424257024e+04 2.598635648390148502e-05
5.422903318434733956e+04 2.533449382126535827e-05
5.503410533748353919e+04 2.469898379958567370e-05
5.585112967109729652e+04 2.407941617811854929e-05
5.668028362843713694e+04 2.347539101816150205e-05
5.752174728709134797e+04 2.288651841485430245e-05
5.837570339809845609e+04 2.231241830337752770e-05
5.924233742563630949e+04 2.175272004514908615e-05
6.012183758730233967e+04 2.120706230626147066e-05
6.101439489499076444e+04 2.067509284326257940e-05
6.192020319637794455e+04 2.015646825924641904e-05
6.283945921702116902e+04 1.965085378042353322e-05
6.377236260308502824e+04 1.915792303148858999e-05
6.471911596470064251e+04 1.867735787185562129e-05
6.567992491996915487e+04 1.820884805406818539e-05
6.665499813961832842e+04 1.775209111804350532e-05
6.764454739232201246e+04 1.730679221441981745e-05
6.864878759069267835e+04 1.687266389859138946e-05
6.966793683795665856e+04 1.644942594121972498e-05
7.070221647532217321e+04 1.603680514882766550e-05
7.175185113005063613e+04 1.563453521372196739e-05
7.281706876424270740e+04 1.524235644064508030e-05
7.389810072434596077e+04 1.486001565043824282e-05
7.499518179140049324e+04 1.448726603577965901e-05
7.610855023202841403e+04 1.412386698754206995e-05
7.723844785018262337e+04 1.376958393537087011e-05
7.838512003966030898e+04 1.342418819840300548e-05
7.954881583739949565e+04 1.308745685884576965e-05
8.072978797756507993e+04 1.275917253649282671e-05
8.192829294643829053e+04 1.243912330345702635e-05
8.314459103812093963e+04 1.212710256650540306e-05
8.437894641106673225e+04 1.182290892062958866e-05
8.563162714545175550e+04 1.152634601491869736e-05
8.690290530139680777e+04 1.123722242835045162e-05
8.819305697805403906e+04 1.095535156334482110e-05
8.950236237357080972e+04 1.068055145971102324e-05
9.083110584594342799e+04 1.041264471942280852e-05
9.217957597477607487e+04 1.015145841077491215e-05
9.354806562395310903e+04 9.896823944875684137e-06
9.493687200524522632e+04 9.648576962803555920e-06
9.634629674285814690e+04 9.406557232269046188e-06
9.777664593894117570e+04 9.170608558029075085e-06
9.922823024006535707e+04 8.940578628328686454e-06
1.007013649046914652e+05 8.716318948730286822e-06
1.021963698716386280e+05 8.497684764158143776e-06
1.037135698295691691e+05 8.284534954703992376e-06
1.052532942875051376e+05 8.076731940691733193e-06
1.068158776463921095e+05 7.874141596710572801e-06
1.084016592717249878e+05 7.676633176252615267e-06
1.100109835672522750e+05 7.484079184936124650e-06
1.116442000497743138e+05 7.296355322449885099e-06
1.133016634250520292e+05 7.113340419243197896e-06
1.149837336648442433e+05 6.934916347553376352e-06
1.166907760850845953e+05 6.760967945516211756e-06
1.184231614252236177e+05 6.591382941272577704e-06
1.201812659287456045e+05 6.426051888629303280e-06
1.219654714248842647e+05 6.264868066549294018e-06
1.237761654115462006e+05 6.107727427810313701e-06
1.256137411394705268e+05 5.954528545393399383e-06
1.274785976976356760e+05 5.805172538083503085e-06
1.293711400999343168e+05 5.659563007325713972e-06
1.312917793731352722e+05 5.517605975199339553e-06
1.332409326461511664e+05 5.379209825580593286e-06
1.352190232406316500e+05 5.244285225671631060e-06
1.372264807629012503e+05 5.112745081495125204e-06
1.392637411972622795e+05 4.984504491753360180e-06
1.413312470006829535e+05 4.859480685842367429e-06
1.434294471988907317e+05 4.737592971316522856e-06
1.455587974838946539e+05 4.618762683157439694e-06
1.477197603129510244e+05 4.502913130723900295e-06
1.499128050090021279e+05 4.389969536038163843e-06
1.521384078626046248e+05 4.279858996015232413e-06
1.543970522353734705e+05 4.172510442415484742e-06
1.566892286649557645e+05 4.067854590267904101e-06
1.590154349715696590e+05 3.965823894163497545e-06
1.613761763661211298e+05 3.866352506728535824e-06
1.637719655599271064e+05 3.769376231346233327e-06
1.662033228760671918e+05 3.674832473183985624e-06
1.686707763623886858e+05 3.582660207780150151e-06
1.711748619061892387e+05 3.492799946025619204e-06
1.737161233506021090e+05 3.405193691304438156e-06
1.762951126127092284e+05 3.319784903135241453e-06
1.789123898034079466e+05 3.236518463149403069e-06
1.815685233490564278e+05 3.155340633369312297e-06
1.842640901149286947e+05 3.076199016931010025e-06
1.869996755304952967e+05 2.999042532489184522e-06
1.897758737165701168e+05 2.923821383398817019e-06
1.925932876143458998e+05 2.850487022147407662e-06
1.954525291163370130e+05 2.778992120111261370e-06
1.983542191992752778e+05 2.709290539656155058e-06
2.012989880589741806e+05 2.641337297630344663e-06
2.042874752471964166e+05 2.575088533480331987e-06
2.073203298105531430e+05 2.510501488852370352e-06
2.103982104314652097e+05 2.447534479880014394e-06
2.135217855712179444e+05 2.386146869271557056e-06
2.166917336151384225e+05 2.326299039124281413e-06
2.199087430199292139e+05 2.267952369166066785e-06
2.231735124631888466e+05 2.211069204816995025e-06
2.264867509951515822e+05 2.155612830962656239e-06
2.298491781926837575e+05 2.101547456105132781e-06
2.332615243155582866e+05 2.048838187634267068e-06
2.367245304650571488e+05 1.997451008999873359e-06
2.402389487449242733e+05 1.947352757070350559e-06
2.438055424247126793e+05 1.898511104031130743e-06
2.474250861055474088e+05 1.850894529964149536e-06
2.510983658883590251e+05 1.804472300974087403e-06
2.548261795446100587e+05 1.759214457253166987e-06
2.586093366895566869e+05 1.715091790952556916e-06
2.624486589580827276e+05 1.672075827550461226e-06
2.663449801831448567e+05 1.630138806996229140e-06
2.702991465768654016e+05 1.589253668424366932e-06
2.743120169143155799e+05 1.549394027283759190e-06
2.783844627200258547e+05 1.510534156657937079e-06
2.825173684572654893e+05 1.472648978017727652e-06
2.867116317201318452e+05 1.435714042062180458e-06
2.909681634284955217e+05 1.399705513339661172e-06
2.952878880258302670e+05 1.364600154545514582e-06
2.996717436799895368e+05 1.330375313510221437e-06
3.041206824869580450e+05 1.297008904408227039e-06
3.086356706776349456e+05 1.264479391680733293e-06
3.132176888276748359e+05 1.232765782642992708e-06
3.178677320704562590e+05 1.201847611241263460e-06
3.225868103132058168e+05 1.171704925260783777e-06
3.273759484563324368e+05 1.142318273250205866e-06
3.322361866160171921e+05 1.113668693452179290e-06
3.371685803501089104e+05 1.085737698361014753e-06
3.421742008873714949e+05 1.058507260897581736e-06
3.472541353601372684e+05 1.031959808370361268e-06
3.524094870404118556e+05 1.006078209267186202e-06
3.576413755794841563e+05 9.808457618072445013e-07
3.629509372511013062e+05 9.562461835689270173e-07
3.683393251982375514e+05 9.322636019545522898e-07
3.738077096835428383e+05 9.088825414973044542e-07
3.793572783435002202e+05 8.860879119825824201e-07
3.849892364463656559e+05 8.638650035872520693e-07
3.907048071539213997e+05 8.421994758105407154e-07
3.965052317871318664e+05 8.210773478962369347e-07
4.023917700957347988e+05 8.004849901279729945e-07
4.083657005318361917e+05 7.804091157733494492e-07
4.144283205275683431e+05 7.608367706484771598e-07
4.205809467768685427e+05 7.417553229198236406e-07
4.268249155214421335e+05 7.231524592076664721e-07
4.331615828409703681e+05 7.050161752843718743e-07
4.395923249476266210e+05 6.873347680982705248e-07
4.461185384849664988e+05 6.700968284421251320e-07
4.527416408312509884e+05 6.532912341568879967e-07
4.594630704072841327e+05 6.369071415502050298e-07
4.662842869888009736e+05 6.209339766475228720e-07
4.732067720235131565e+05 6.053614320778315502e-07
4.802320289528489229e+05 5.901794592554538121e-07
4.873615835384817328e+05 5.753782617380080008e-07
4.945969841936872690e+05 5.609482890951797598e-07
5.019398023196397116e+05 5.468802310771294189e-07
5.093916326466889004e+05 5.331650104938666428e-07
5.169540935807090718e+05 5.197937760693733322e-07
5.246288275545876240e+05 5.067578996192491860e-07
5.324175013849319657e+05 4.940489695837166875e-07
5.403218066340732621e+05 4.816587854968700294e-07
5.483434599774435628e+05 4.695793528760263345e-07
5.564842035764072789e+05 4.578028781991854562e-07
5.647458054566265782e+05 4.463217629041768883e-07
5.731300598920523189e+05 4.351285977976464254e-07
5.816387877945972141e+05 4.242161603086163118e-07
5.902738371096135816e+05 4.135774091992582006e-07
5.990370832172298105e+05 4.032054799597266907e-07
6.079304293396602152e+05 3.930936805425500037e-07
6.169558069545357721e+05 3.832354870704588177e-07
6.261151762143970700e+05 3.736245387172106729e-07
6.354105263724029064e+05 3.642546333501813872e-07
6.448438762143593049e+05 3.551197251153623682e-07
6.544172744971666252e+05 3.462139198102077694e-07
6.641328003937706817e+05 3.375314712265761464e-07
6.739925639447242720e+05 3.290667775486311572e-07
6.839987065164499218e+05 3.208143777114580922e-07
6.941534012663071044e+05 3.127689469837403086e-07
7.044588536145632388e+05 3.049252936782511404e-07
7.149173017233695136e+05 2.972783568509784709e-07
7.255310169828616781e+05 2.898232025209937188e-07
7.363023045044479659e+05 2.825550205900266846e-07
7.472335036214509746e+05 2.754691218470871098e-07
7.583269883971631061e+05 2.685609349006571910e-07
7.695851681404630654e+05 2.618260023271995221e-07
7.810104879290575627e+05 2.552599782600357237e-07
7.926054291405209806e+05 2.488586262090450961e-07
8.043725099912035512e+05 2.426178159781698996e-07
8.163142860831421567e+05 2.365335210706892158e-07
8.284333509590958711e+05 2.306018161952157199e-07
8.407323366658126470e+05 2.248188746986408374e-07
8.532139143256661482e+05 2.191809651774080741e-07
8.658807947167770471e+05 2.136844497815187443e-07
8.787357288617437007e+05 2.083257821595992305e-07
8.917815086251173634e+05 2.031015049502439799e-07
9.050209673197421944e+05 1.980082475964524422e-07
9.184569803221138427e+05 1.930427242664578989e-07
9.320924656968408963e+05 1.882017317202280754e-07
9.459303848304051207e+05 1.834821463050397535e-07
9.599737430743359728e+05 1.788809228353068949e-07
9.742255903978955466e+05 1.743950926658975294e-07
9.886890220504951430e+05 1.700217616548160967e-07
1.003367179233921575e+06 1.657581083223071164e-07
1.018263249784555170e+06 1.616013821153082908e-07
1.033380468865707167e+06 1.575489016464624688e-07
1.048722119670243002e+06 1.535980519948855886e-07
1.064291534133631736e+06 1.497462841160371553e-07
1.080092093657586258e+06 1.459911129409364850e-07
1.096127229844441172e+06 1.423301157912796752e-07
1.112400425242437050e+06 1.387609308130713648e-07
1.128915214102064958e+06 1.352812555215258394e-07
1.145675183143659960e+06 1.318888453559049448e-07
1.162683972336347215e+06 1.285815112978173459e-07
1.179945275688595837e+06 1.253571195706489920e-07
1.197462842050483683e+06 1.222135899226107091e-07
1.215240475927902618e+06 1.191488943324985910e-07
1.233282038308796240e+06 1.161610556942329066e-07
1.251591447501721792e+06 1.132481465908794468e-07
1.270172679986831965e+06 1.104082881085393884e-07
1.289029771279493580e+06 1.076396478006946000e-07
1.308166816806733375e+06 1.049404394769686628e-07
1.327587972796691116e+06 1.023089217587083727e-07
1.347297457181278151e+06 9.974339698872583863e-08
1.367299550512239104e+06 9.724221013021372541e-08
1.387598596890810644e+06 9.480374773415594888e-08
1.408199004911185475e+06 9.242643696551745441e-08
1.429105248617972480e+06 9.010874386420526694e-08
1.450321868477906100e+06 8.784917320253322770e-08
1.471853472365919035e+06 8.564626726985068174e-08
1.493704736565916101e+06 8.349860495410576499e-08
1.515880406786364503e+06 8.140480082020026280e-08
1.538385299191009253e+06 7.936350424056764966e-08
1.561224301444814540e+06 7.737339859540481853e-08
1.584402373775508720e+06 7.543319978772521415e-08
1.607924550050847931e+06 7.354165615319658300e-08
1.631795938871885650e+06 7.169754743731253174e-08
1.656021724682469387e+06 6.989968402172375053e-08
1.680607168895210605e+06 6.814690615279396834e-08
1.705557611034171190e+06 6.643808320982846984e-08
1.730878469894511858e+06 6.477211304801732389e-08
1.756575244719361421e+06 6.314792073104744700e-08
1.782653516394146020e+06 6.156445848040410798e-08
1.809118948658687761e+06 6.002070481444706388e-08
1.835977289337228052e+06 5.851566389670507797e-08
1.863234371586775873e+06 5.704836489016273261e-08
1.890896115163962590e+06 5.561786134154852704e-08
1.918968527710726019e+06 5.422323063149851423e-08
1.947457706059029792e+06 5.286357292863173253e-08
1.976369837555010570e+06 5.153801112109719840e-08
2.005711201402755221e+06 5.024569011927230992e-08
2.035488170028034598e+06 4.898577630090453113e-08
2.065707210462277988e+06 4.775745697116466799e-08
2.096374885747101624e+06 4.655993984873176953e-08
2.127497856359682977e+06 4.539245258802419400e-08
2.159082881659300998e+06 4.425424193172137372e-08
2.191136821355347522e+06 4.314457364215411989e-08
2.223666636997134890e+06 4.206273191630751150e-08
2.256679393485813867e+06 4.100801892138709230e-08
2.290182260608782060e+06 3.997975434360717263e-08
2.324182514596776571e+06 3.897727496646725324e-08
2.358687539704184514e+06 3.800012444889293482e-08
2.393704829812750686e+06 3.705278389281243237e-08
2.429241990059154574e+06 3.613535066665462560e-08
2.465306738486653659e+06 3.524800913744237704e-08
2.501906907721349970e+06 3.439102369706195636e-08
2.539050446673278697e+06 3.356472873894998389e-08
2.576745422262780368e+06 3.276951558718802388e-08
2.615000021172486246e+06 3.200581654290095974e-08
2.653822551625326276e+06 3.127408588996654922e-08
2.693221445188926067e+06 3.057477919605085107e-08
2.733205258606794290e+06 2.990833089178146444e-08
2.773782675656695850e+06 2.927513097306938931e-08
2.814962509036606178e+06 2.867550165198554675e-08
2.856753702278715558e+06 2.810967482174367372e-08
2.899165331691738684e+06 2.757777114783123784e-08
2.942206608332178090e+06 2.707978120181027950e-08
2.985886880004771985e+06 2.661555004820125728e-08
3.030215633292729501e+06 2.618476525754912952e-08
3.075202495617968030e+06 2.578694888972513613e-08
3.120857237332072109e+06 2.542145371173488097e-08
3.167189773838226683e+06 2.508746379035543523e-08
