2.610304114238940265e+00 7.857163617990771311e-04
2.649163797184056701e+00 8.602073900642322017e-04
2.688601985503453751e+00 9.443174329421961640e-04
2.728627291425609780e+00 1.039661386627425054e-03
2.769248455389534236e+00 1.148134981986813786e-03
2.810474347953422658e+00 1.272042901684725721e-03
2.852313971731778697e+00 1.414094826113221522e-03
2.894776463361323771e+00 1.577741390197395788e-03
2.937871095496171758e+00 1.766892184774736469e-03
2.981607278832759444e+00 1.985696898825630146e-03
3.025994564164864897e+00 2.239102104733504614e-03
3.071042644469252902e+00 2.533097261541599789e-03
3.116761357022331147e+00 2.874630946567441597e-03
3.163160685548382922e+00 3.271924850781532737e-03
3.210250762399724511e+00 3.734267840510046427e-03
3.258041870769309067e+00 4.272229351365151168e-03
3.306544446936349413e+00 4.897306129321115156e-03
3.355769082545273285e+00 5.622853190562228896e-03
3.405726526918673613e+00 6.464575234429106518e-03
3.456427689404646397e+00 7.443028430677550017e-03
3.507883641759127702e+00 8.580557763979715369e-03
3.560105620563647655e+00 9.896944090070181749e-03
3.613105029679074320e+00 1.141370147163892589e-02
3.666893442735945641e+00 1.315667056150494202e-02
3.721482605661812659e+00 1.515289727862099110e-02
3.776884439246236624e+00 1.742901403409849448e-02
3.833111041743946235e+00 2.001367734051061331e-02
3.890174691516809613e+00 2.294210283205042403e-02
3.948087849715066877e+00 2.625370867565613234e-02
4.006863162998486771e+00 2.998037079367311952e-02
4.066513466298101065e+00 3.414432298000680960e-02
4.127051785618976787e+00 3.876457416519986376e-02
4.188491340884747949e+00 4.386687950591713209e-02
4.250845548824464970e+00 4.948512104577595244e-02
4.314128025902479457e+00 5.565652719301483753e-02
4.378352591291909235e+00 6.242205355449670368e-02
4.443533269892317783e+00 6.982447347572114105e-02
4.509684295392441200e+00 7.788441713988508708e-02
4.576820113378389010e+00 8.659071888369308800e-02
4.644955384488206107e+00 9.593648633634453693e-02
4.714104987613299436e+00 1.059468881699747733e-01
4.784284023147653997e+00 1.166758373093836482e-01
4.855507816285311584e+00 1.282057441607065140e-01
4.927791920366952461e+00 1.406156269081026144e-01
5.001152120276377566e+00 1.539210947173688671e-01
5.075604435887465016e+00 1.680910709908159939e-01
5.151165125562489955e+00 1.831122337746222128e-01
5.227850689702458808e+00 1.989961750148573350e-01
5.305677874350434031e+00 2.158062094940083053e-01
5.384663674848364501e+00 2.336644785535761659e-01
5.464825339548384342e+00 2.527190664512897200e-01
5.546180373579430167e+00 2.730512593667828725e-01
5.628746542669871289e+00 2.946473621005857857e-01
5.712541877027058845e+00 3.175015681551279223e-01
5.797584675274611854e+00 3.416329710125561858e-01
5.883893508448375442e+00 3.670632928592235111e-01
5.971487224051826637e+00 3.938494343077933446e-01
6.060384950171805230e+00 4.221230103079752771e-01
6.150606099655642645e+00 4.520414616052971235e-01
6.242170374350360262e+00 4.836775549555434317e-01
6.335097769405020784e+00 5.168303998553909206e-01
6.429408577637099498e+00 5.513082261669453032e-01
6.525123393963943919e+00 5.872220828653902380e-01
6.622263119900118511e+00 6.246628896651944540e-01
6.720848968121666545e+00 6.635876930836771548e-01
6.820902467098497013e+00 7.040018727053675152e-01
6.922445465795526331e+00 7.461349594206769797e-01
7.025500138443943499e+00 7.900870160478505877e-01
7.130088989383405185e+00 8.356228412578674547e-01
7.236234857976460155e+00 8.823544349055407743e-01
7.343960923595979295e+00 9.301480025609865088e-01
7.453290710686883536e+00 9.791947284091269132e-01
7.564248093903328751e+00 1.029616879593274970e+00
7.676857303322209169e+00 1.081312618455810837e+00
7.791142929734370171e+00 1.134159737246556166e+00
7.907129930014539454e+00 1.188016632148174212e+00
8.024843632571297292e+00 1.242733136708811026e+00
8.144309742878073521e+00 1.298121691093499397e+00
8.265554349086478680e+00 1.354427691240767562e+00
8.388603927723320197e+00 1.412131338169773764e+00
8.513485349472349029e+00 1.471303203908585600e+00
8.640225885042049470e+00 1.531449471411274299e+00
8.768853211120799074e+00 1.592049510820387370e+00
8.899395416420800231e+00 1.652647345615280816e+00
9.031881007811829676e+00 1.713280196253512910e+00
9.166338916546319382e+00 1.774546137818218572e+00
9.302798504577237892e+00 1.837004341085710202e+00
9.441289570969926714e+00 1.900735385916524800e+00
9.581842358409394578e+00 1.965441375421759229e+00
9.724487559804421366e+00 2.030880579828426846e+00
9.869256324990196561e+00 2.096969276996511145e+00
1.001618026753053137e+01 2.164062561035217769e+00
1.016529147162134983e+01 2.232704338116767495e+00
1.031662249909707540e+01 2.303208181476251504e+00
1.047020639654124530e+01 2.375446803012962071e+00
1.062607670250297254e+01 2.449061534136302232e+00
1.078426745482079596e+01 2.523687608898907087e+00
1.094481319805571573e+01 2.599088599614864492e+00
1.110774899103477864e+01 2.675170684310123281e+00
1.127311041450685458e+01 2.751821508990980547e+00
1.144093357891264162e+01 2.829150394371150234e+00
1.161125513227014849e+01 2.907809479668901353e+00
1.178411226817766178e+01 2.988499006504357958e+00
1.195954273393569700e+01 3.071218467764146087e+00
1.213758483879013461e+01 3.155407691228099498e+00
1.231827746229788723e+01 3.240544837773027265e+00
1.250166006281699538e+01 3.326334749534036739e+00
1.268777268612346987e+01 3.412269533199752569e+00
1.287665597415606555e+01 3.498133382879732967e+00
1.306835117389141665e+01 3.584231184506998069e+00
1.326290014635127790e+01 3.670964146797974337e+00
1.346034537574372258e+01 3.758514963537411990e+00
1.366072997874073458e+01 3.846590263748781435e+00
1.386409771389350531e+01 3.934908812056946203e+00
1.407049299118826369e+01 4.023124742552416144e+00
1.427996088174418787e+01 4.110453623839481097e+00
1.449254712765562125e+01 4.196524668888645060e+00
1.470829815198105273e+01 4.281474253675616737e+00
1.492726106888043880e+01 4.366021715941544201e+00
1.514948369390392102e+01 4.450659637968898075e+00
1.537501455443315734e+01 4.535656320016662413e+00
1.560390290027864779e+01 4.621078651076304666e+00
1.583619871443438321e+01 4.706873091941421450e+00
1.607195272399284391e+01 4.792507083492227871e+00
1.631121641122243204e+01 4.877346444831926142e+00
1.655404202480963960e+01 4.960826410065508618e+00
1.680048259126903076e+01 5.042774422731175044e+00
1.705059192652247901e+01 5.123446718452456139e+00
1.730442464765138411e+01 5.203224565127064771e+00
1.756203618482334861e+01 5.282254346244486420e+00
1.782348279339671748e+01 5.359933127496994132e+00
1.808882156620524739e+01 5.435304182275149998e+00
1.835811044602548137e+01 5.507481515517454795e+00
1.863140823823006542e+01 5.576453883919273657e+00
1.890877462362909256e+01 5.642993949352028693e+00
1.919027017150289183e+01 5.708265628702697825e+00
1.947595635282859661e+01 5.772918468139873305e+00
1.976589555370386009e+01 5.836477730206188319e+00
2.006015108897020482e+01 5.897711700885262864e+00
2.035878721603917185e+01 5.955374631737899271e+00
2.066186914892466220e+01 6.008845648164138353e+00
2.096946307248357400e+01 6.058385715542417671e+00
2.128163615686902688e+01 6.104678888078439947e+00
2.159845657219844739e+01 6.148522690580733752e+00
2.191999350343996511e+01 6.190620049461853291e+00
2.224631716552067928e+01 6.231274900950457329e+00
2.257749881865946762e+01 6.270374917392372183e+00
2.291361078392860762e+01 6.307763965016738084e+00
2.325472645904637048e+01 6.343288196366727583e+00
2.360092033440537307e+01 6.377211138045457695e+00
2.395226800933916067e+01 6.410180966462974084e+00
2.430884620863099599e+01 6.442712163555771809e+00
2.467073279926855278e+01 6.475040777834977668e+00
2.503800680744777551e+01 6.507205664432189174e+00
2.541074843583038856e+01 6.539022402359445429e+00
2.578903908105750986e+01 6.570297436711896921e+00
2.617296135152494330e+01 6.600905456117617476e+00
2.656259908542233106e+01 6.630750476900503010e+00
2.695803736904113279e+01 6.659650454292185273e+00
2.735936255535533235e+01 6.687172236102232326e+00
2.776666228287831828e+01 6.712797222435594513e+00
2.818002549480104690e+01 6.735929545623288384e+00
2.859954245841450771e+01 6.756010337341056271e+00
2.902530478482199428e+01 6.772797272019229986e+00
2.945740544894420054e+01 6.786073278076512061e+00
2.989593880982250340e+01 6.795421242144906948e+00
3.034100063122456348e+01 6.800157332306501878e+00
3.079268810255612365e+01 6.799594943624520660e+00
3.125109986008509111e+01 6.793042643469504149e+00
3.171633600848045731e+01 6.779961195394362150e+00
3.218849814267288423e+01 6.760158329011973777e+00
3.266768937004005124e+01 6.733694267864471783e+00
3.315401433292257138e+01 6.700663121423180435e+00
3.364757923147501373e+01 6.661132438993931260e+00
3.414849184685701289e+01 6.615100084996145213e+00
3.465686156477006818e+01 6.562625895037740520e+00
3.517279939934396538e+01 6.503756930287733162e+00
3.569641801737966347e+01 6.438660008764211184e+00
3.622783176295243379e+01 6.367681507387832340e+00
3.676715668238151835e+01 6.291331854156455350e+00
3.731451054957165070e+01 6.210097584891425271e+00
3.787001289173123553e+01 6.124587168535962078e+00
3.843378501547454107e+01 6.035339806004510699e+00
3.900595003331099520e+01 5.942802687679688667e+00
3.958663289053028933e+01 5.847475845293450547e+00
4.017596039248660134e+01 5.749872091103664040e+00
4.077406123228961832e+01 5.650525910001174879e+00
4.138106601890763869e+01 5.550047467675498503e+00
4.199710730568871497e+01 5.449151659914035939e+00
4.262231961930726243e+01 5.348459042893867199e+00
4.325683948914036137e+01 5.248479513373280447e+00
4.390080547708268455e+01 5.149462463052450367e+00
4.455435820780427036e+01 5.051583337704783183e+00
4.521764039945925617e+01 4.954900469947266295e+00
4.589079689485168956e+01 4.859429951448399621e+00
4.657397469306491189e+01 4.765182997802289044e+00
4.726732298156282752e+01 4.672192403243720982e+00
4.797099316876761321e+01 4.580606007497191712e+00
4.868513891712389352e+01 4.490491502062669227e+00
4.940991617665406466e+01 4.401836260325064920e+00
5.014548321901354910e+01 4.314555366000038639e+00
5.089200067205327827e+01 4.228502149133746002e+00
5.164963155489594016e+01 4.143469061685330246e+00
5.241854131353560575e+01 4.059263730395641367e+00
5.319889785696594942e+01 3.975631606411321961e+00
5.399087159384758650e+01 3.892369246236971669e+00
5.479463546972040433e+01 3.809331159281709844e+00
5.561036500477014499e+01 3.726467181803398532e+00
5.643823833215747499e+01 3.643764068161519099e+00
5.727843623691694575e+01 3.561281282703501194e+00
5.813114219543624017e+01 3.479082721365990949e+00
5.899654241552161693e+01 3.397288898459657425e+00
5.987482587706139014e+01 3.316012883286992619e+00
6.076618437329355515e+01 3.235398858895369933e+00
6.167081255268833928e+01 3.155596444325968974e+00
6.258890796145421831e+01 3.076777401537629686e+00
6.352067108667625916e+01 2.999121839231227771e+00
6.446630540009773824e+01 2.922804132432109014e+00
6.542601740255200582e+01 2.848019284104762239e+00
6.640001666905745026e+01 2.774959789853114867e+00
6.738851589458248270e+01 2.703792714985310042e+00
6.839173094049253621e+01 2.634676751623346025e+00
6.940988088168836612e+01 2.567743259420328439e+00
7.044318805444557086e+01 2.503099045395897004e+00
7.149187810496771078e+01 2.440827803696866916e+00
7.255618003866020160e+01 2.380969043886024927e+00
7.363632627013987531e+01 2.323506536015524038e+00
7.473255267398748458e+01 2.268391208933728809e+00
7.584509863625638104e+01 2.215534066770195043e+00
7.697420710674803956e+01 2.164784448833962038e+00
7.812012465206518641e+01 2.116016258927451155e+00
7.928310150945628720e+01 2.069066349955317019e+00
8.046339164145925338e+01 2.023752897560113784e+00
8.166125279136113591e+01 1.979885546464736912e+00
8.287694653948156542e+01 1.937269190699493437e+00
8.411073836029497386e+01 1.895716714996260821e+00
8.536289768040320780e+01 1.855057026312016966e+00
8.663369793737021496e+01 1.815126363119836661e+00
8.792341663943462038e+01 1.775770770880849225e+00
8.923233542610864788e+01 1.736866994870753800e+00
9.056074012968161924e+01 1.698311343116201799e+00
9.190892083763738185e+01 1.660022481479406231e+00
9.327717195600168054e+01 1.621941505958053975e+00
9.466579227363266114e+01 1.584033071711004048e+00
9.607508502746726720e+01 1.546277675027216469e+00
9.750535796874159189e+01 1.508665066173296765e+00
9.895692343019362625e+01 1.471200056256670718e+00
1.004300983942696774e+02 1.433915762946009309e+00
1.019252045623438931e+02 1.396841240307452825e+00
1.034425684249693802e+02 1.360034252366017604e+00
1.049825213331750291e+02 1.323560614620492570e+00
1.065453995708226387e+02 1.287498443225250977e+00
1.081315444280438669e+02 1.251925878724620134e+00
1.097413022757667846e+02 1.216929397575404526e+00
1.113750246413555516e+02 1.182589159276386415e+00
1.130330682853734601e+02 1.148978668616048804e+00
1.147157952794899529e+02 1.116158342649614221e+00
1.164235730855477158e+02 1.084170802434403669e+00
1.181567746358050215e+02 1.053044363041509390e+00
1.199157784143759784e+02 1.022791553791468466e+00
1.217009685398790850e+02 9.934151980598809883e-01
1.235127348493200827e+02 9.649097272283650994e-01
1.253514729832206740e+02 9.372697020064191253e-01
1.272175844720161422e+02 9.104783362400634683e-01
1.291114768237385988e+02 8.845115811875181588e-01
1.310335636130049295e+02 8.593393272729672461e-01
1.329842645713319769e+02 8.349308554445543651e-01
1.349640056787922049e+02 8.112604869123832829e-01
1.369732192570384086e+02 7.883061558913833089e-01
1.390123440637095769e+02 7.660467309878323805e-01
1.410818253882441411e+02 7.444616314406695690e-01
1.431821151491192268e+02 7.235308168041474364e-01
1.453136719925363991e+02 7.032389149809499251e-01
1.474769613925792555e+02 6.835771082594299664e-01
1.496724557528583262e+02 6.645375784502831618e-01
1.519006345096729831e+02 6.461129269545916598e-01
1.541619842367061892e+02 6.282949484438782317e-01
1.564569987512793716e+02 6.110765903405086519e-01
1.587861792221888493e+02 5.944519709020440468e-01
1.611500342791463822e+02 5.784116862364271361e-01
1.635490801238520646e+02 5.629475715460251495e-01
1.659838406427165012e+02 5.480486546668679182e-01
1.684548475212653216e+02 5.337020763118999200e-01
1.709626403602437392e+02 5.198935893969905964e-01
1.735077667934509122e+02 5.066065776837263002e-01
1.760907826073288618e+02 4.938221270760518311e-01
1.787122518623291398e+02 4.815203314616275376e-01
1.813727470160915800e+02 4.696817006953917795e-01
1.840728490484499957e+02 4.582832188556519304e-01
1.868131475883052417e+02 4.473022552889161507e-01
1.895942410423824356e+02 4.367149459541291856e-01
1.924167367259074410e+02 4.264967112104018909e-01
1.952812509952280777e+02 4.166226603522030780e-01
1.981884093824081674e+02 4.070678990259433694e-01
2.011388467318293465e+02 3.978066772425037367e-01
2.041332073388209949e+02 3.888142200533458714e-01
2.071721450903591801e+02 3.800675481955470558e-01
2.102563236078567286e+02 3.715453160585864278e-01
2.133864163920797807e+02 3.632273643952178555e-01
2.165631069702232594e+02 3.550953423378256923e-01
2.197870890451723369e+02 3.471327444333918155e-01
2.230590666469916812e+02 3.393245334093955567e-01
2.263797542866627168e+02 3.316562829359985254e-01
2.297498771121167636e+02 3.241150838456980376e-01
2.331701710665854534e+02 3.166907794604386095e-01
2.366413830493117700e+02 3.093762126661643297e-01
2.401642710786525754e+02 3.021663281304311499e-01
2.437396044576073280e+02 2.950580113183060571e-01
2.473681639418165901e+02 2.880499401335334109e-01
2.510507419100535174e+02 2.811416405378101002e-01
2.547881425372617628e+02 2.743332050675542644e-01
2.585811819701632430e+02 2.676260279406082465e-01
2.624306885054826921e+02 2.610217762119379503e-01
2.663375027708260632e+02 2.545225379276732092e-01
2.703024779082482496e+02 2.481312993577587944e-01
2.743264797605603462e+02 2.418510263072483624e-01
2.784103870604013764e+02 2.356846631949690574e-01
2.825550916221334319e+02 2.296351495733057468e-01
2.867614985365882490e+02 2.237049580418958294e-01
2.910305263687139927e+02 2.178961935337734579e-01
2.953631073581660189e+02 2.122108036830319122e-01
2.997601876228804372e+02 2.066501165025740605e-01
3.042227273656841930e+02 2.012153667531629830e-01
3.087517010839728187e+02 1.959074866862252629e-01
3.133480977825187779e+02 1.907269355701050051e-01
3.180129211894397940e+02 1.856736447672347745e-01
3.227471899753873572e+02 1.807471977750685632e-01
3.275519379759969638e+02 1.759467283656895864e-01
3.324282144176470410e+02 1.712706451087308845e-01
3.373770841465864123e+02 1.667171184016546792e-01
3.423996278614617381e+02 1.622840260379900812e-01
3.474969423493186014e+02 1.579694443062086284e-01
3.526701407251059095e+02 1.537713055276651863e-01
3.579203526747518822e+02 1.496875041198481859e-01
3.632487247018564744e+02 1.457157711212087314e-01
3.686564203780546904e+02 1.418536105880578158e-01
3.741446205971128620e+02 1.380982788100628411e-01
3.797145238327991592e+02 1.344469773736962637e-01
3.853673464006020595e+02 1.308970698845645375e-01
3.911043227233377024e+02 1.274465151955596065e-01
3.969267056007153656e+02 1.240929104759560808e-01
4.028357664829155169e+02 1.208338356708892197e-01
4.088327957482367196e+02 1.176668053226203881e-01
4.149191029848846597e+02 1.145894165541936210e-01
4.210960172769442806e+02 1.115993203879535600e-01
4.273648874946217120e+02 1.086940993576561987e-01
4.337270825887969750e+02 1.058714500580198170e-01
4.401839918899668191e+02 1.031291066526099365e-01
4.467370254116372621e+02 1.004647069742958532e-01
4.533876141582293826e+02 9.787594098573446089e-02
4.601372104375773802e+02 9.536072045545188058e-02
4.669872881780662510e+02 9.291698234140569057e-02
4.739393432505038390e+02 9.054265336401888520e-02
4.809948937947747822e+02 8.823568737980294618e-02
4.881554805513622455e+02 8.599421253618005911e-02
4.954226671978039462e+02 8.381641311133267158e-02
5.027980406901543233e+02 8.170041690005011570e-02
5.102832116095376023e+02 7.964437618755114412e-02
5.178798145138486007e+02 7.764644679956206330e-02
5.255895082947020001e+02 7.570476677310705726e-02
5.334139765396852226e+02 7.381759741519966500e-02
5.413549279000096703e+02 7.198297302212811055e-02
5.494140964636338822e+02 7.019916104558066028e-02
5.575932421339381335e+02 6.846445193727727918e-02
5.658941510140457467e+02 6.677718256846600087e-02
5.743186357968514812e+02 6.513583507585790633e-02
5.828685361608726225e+02 6.353903158858315026e-02
5.915457191719793855e+02 6.198530356414581888e-02
6.003520796911122943e+02 6.047316746731223880e-02
6.092895407880707808e+02 5.900128581578924225e-02
6.183600541614533768e+02 5.756832969158860031e-02
6.275656005648646669e+02 5.617302889996949461e-02
6.369081902394485724e+02 5.481417297907784786e-02
6.463898633528779101e+02 5.349052353199890836e-02
6.560126904448673031e+02 5.220094609887591941e-02
6.657787728793244924e+02 5.094435180395479046e-02
6.756902433032317958e+02 4.971968775850722777e-02
6.857492661123529842e+02 4.852594412125493112e-02
6.959580379238880141e+02 4.736212555603160068e-02
7.063187880561431484e+02 4.622733155065164579e-02
7.168337790153645983e+02 4.512062610502751148e-02
7.275053069898007152e+02 4.404119632754435049e-02
7.383357023511304078e+02 4.298823342127180980e-02
7.493273301633533947e+02 4.196094257156709334e-02
7.604825906992502951e+02 4.095854691747554538e-02
7.718039199645469353e+02 3.998037328248536804e-02
7.832937902298607469e+02 3.902574182546416498e-02
7.949547105705872809e+02 3.809399064027404330e-02
8.067892274148081242e+02 3.718448554880562917e-02
8.187999250993634632e+02 3.629661845404520693e-02
8.309894264342024144e+02 3.542979943562694217e-02
8.433603932751262846e+02 3.458343010574686793e-02
8.559155271050784677e+02 3.375693191627465728e-02
8.686575696240602156e+02 3.294975445864999075e-02
8.815893033478561165e+02 3.216138134651111424e-02
8.947135522156520437e+02 3.139126996015120102e-02
9.080331822067101939e+02 3.063891441204586244e-02
9.215511019662206991e+02 2.990389569591793417e-02
9.352702634404657829e+02 2.918579160139372908e-02
9.491936625214552805e+02 2.848419961085924337e-02
9.633243397011340221e+02 2.779874600109159474e-02
9.776653807353561660e+02 2.712904686329029383e-02
9.922199173177228886e+02 2.647479443620252837e-02
1.006991127763459644e+03 2.583561439002636517e-02
1.021982237703476130e+03 2.521113878597038699e-02
1.037196520788758789e+03 2.460101077046908391e-02
1.052637299405230578e+03 2.400486433808094247e-02
1.068307945399295932e+03 2.342234372842656384e-02
1.084211880814142887e+03 2.285315835525865424e-02
1.100352578637028500e+03 2.229703844292309570e-02
1.116733563557685329e+03 2.175370440817189777e-02
1.133358412738017023e+03 2.122290023569729442e-02
1.150230756593259230e+03 2.070435864504683449e-02
1.167354279584743153e+03 2.019781327729003664e-02
1.184732721024511420e+03 1.970301239360237530e-02
1.202369875891862876e+03 1.921970364676371668e-02
1.220269595662078473e+03 1.874762625073587291e-02
1.238435789147476044e+03 1.828653799671497993e-02
1.256872423350991767e+03 1.783620827818708718e-02
1.275583524332470233e+03 1.739641523696167438e-02
1.294573178087824772e+03 1.696692652889007086e-02
1.313845531441338608e+03 1.654752457460850409e-02
1.333404792951200989e+03 1.613799663580558000e-02
1.353255233828542941e+03 1.573813424886481155e-02
1.373401188870156147e+03 1.534773351061945353e-02
1.393847057405095711e+03 1.496659772201802859e-02
1.414597304255376230e+03 1.459452584013690157e-02
1.435656460710947840e+03 1.423132927816886557e-02
1.457029125519240324e+03 1.387681102130723827e-02
1.478719965889381001e+03 1.353077828524349054e-02
1.500733718511392453e+03 1.319304614701757687e-02
1.523075190590557213e+03 1.286343203043276325e-02
1.545749260897180193e+03 1.254175578393352739e-02
1.568760880831987379e+03 1.222784420687040088e-02
1.592115075507348820e+03 1.192152509177536734e-02
1.615816944844666523e+03 1.162262893644081842e-02
1.639871664688035708e+03 1.133099390108100075e-02
1.664284487934508888e+03 1.104645677763227765e-02
1.689060745681192202e+03 1.076885693098227244e-02
1.714205848389406583e+03 1.049804185435251370e-02
1.739725287066197552e+03 1.023386029675153221e-02
1.765624634463389611e+03 9.976160892159607885e-03
1.791909546294568372e+03 9.724798438487787522e-03
1.818585762470106147e+03 9.479632503272607605e-03
1.845659108350609813e+03 9.240520756364108829e-03
1.873135496019018774e+03 9.007324344239201960e-03
1.901020925571645648e+03 8.779911048718289437e-03
1.929321486428442768e+03 8.558145425573314077e-03
1.958043358662731634e+03 8.341895913937172682e-03
1.987192814350813251e+03 8.131036790149454019e-03
2.016776218941585284e+03 7.925445676833854300e-03
2.046800032646590807e+03 7.724998825618698689e-03
2.077270811850757127e+03 7.529574411797472673e-03
2.108195210544125530e+03 7.339054509795009396e-03
2.139579981774916178e+03 7.153322973518012017e-03
2.171431979124172358e+03 6.972265213147724357e-03
2.203758158202449522e+03 6.795768983627538569e-03
2.236565578168697357e+03 6.623726834669440254e-03
2.269861403271795098e+03 6.456029307379144988e-03
2.303652904415031117e+03 6.292569564953070897e-03
2.337947460743869669e+03 6.133243575633421166e-03
2.372752561257363141e+03 5.977952368665879861e-03
2.408075806443511738e+03 5.826595114839905332e-03
2.443924909939057216e+03 5.679073294897962580e-03
2.480307700213896169e+03 5.535290254941161066e-03
2.517232122280611293e+03 5.395154449352689702e-03
2.554706239429450761e+03 5.258573356861485568e-03
2.592738234989127250e+03 5.125456751806290422e-03
2.631336414113846331e+03 4.995716723451382006e-03
2.670509205596886659e+03 4.869269242004702590e-03
2.710265163711279001e+03 4.745860305504349431e-03
2.750612970077788304e+03 4.625432822792666099e-03
2.791561435560750851e+03 4.507891440991873208e-03
2.833119502192129403e+03 4.393146956876048566e-03
2.875296245124211964e+03 4.281112394324264325e-03
2.918100874611385734e+03 4.171701942245467296e-03
2.961542738021360947e+03 4.064832414848752566e-03
3.005631321876454876e+03 3.960421156383483847e-03
3.050376253925143374e+03 3.858385783327413117e-03
3.095787305244503841e+03 3.758640924774948617e-03
3.141874392373963929e+03 3.661119535552238846e-03
3.188647579480795230e+03 3.565761800626312400e-03
3.236117080557875397e+03 3.472515037912511041e-03
3.284293261654086564e+03 3.381333278047768225e-03
3.333186643138054478e+03 3.292167133782504529e-03
3.382807901995477096e+03 3.204962046065054984e-03
3.433167874160675183e+03 3.119695819948957709e-03
3.484277556882891986e+03 3.036347251710959372e-03
3.536148111127768061e+03 2.954894910096754479e-03
3.588790864014626095e+03 2.875317934563047240e-03
3.642217311289947247e+03 2.797600209408085403e-03
3.696439119837803446e+03 2.721734181910478393e-03
3.751468130227538950e+03 2.647712203578946218e-03
3.807316359299441501e+03 2.575531981550216367e-03
3.863996002788900569e+03 2.505189630464368759e-03
3.921519437989614744e+03 2.436678434084462233e-03
3.979899226456468568e+03 2.369989407658169237e-03
4.039148116748589018e+03 2.305111327303800261e-03
4.099279047213362901e+03 2.242030098986076605e-03
4.160305148811764411e+03 2.180728551698404676e-03
4.222239747985810936e+03 2.121185639450204417e-03
4.285096369568708724e+03 2.063376353728109316e-03
4.348888739738289587e+03 2.007271879465599880e-03
4.413630789014468974e+03 1.952839718025521903e-03
4.479336655301203791e+03 1.900043927773199977e-03
4.546020686973964075e+03 1.848845568957767837e-03
4.613697446012922228e+03 1.799202904297534170e-03
4.682381711182933941e+03 1.751071914419809064e-03
4.752088481260804656e+03 1.704406843240966526e-03
4.822832978310635553e+03 1.659160695667914135e-03
4.894630651007903907e+03 1.615285727237551804e-03
4.967497178012966287e+03 1.572780017716702205e-03
5.041448471394970511e+03 1.531570599251240970e-03
5.116500680106548316e+03 1.491602976570776144e-03
5.192670193510308309e+03 1.452823914078363136e-03
5.269973644957842225e+03 1.415183049157425071e-03
5.348427915421993021e+03 1.378632848690203045e-03
5.428050137183213337e+03 1.343128502761427832e-03
5.508857697570726486e+03 1.308628514841696016e-03
5.590868242759550412e+03 1.275094613663378413e-03
5.674099681623868491e+03 1.242492174360105986e-03
5.758570189647864936e+03 1.210783945678142346e-03
5.844298212894748758e+03 1.179934866325289388e-03
5.931302472034882157e+03 1.149912193931163775e-03
6.019601966433881898e+03 1.120685531796370999e-03
6.109215978301443101e+03 1.092229574244573884e-03
6.200164076902329725e+03 1.064523202615549067e-03
6.292466122829410779e+03 1.037538034527259482e-03
6.386142272340952331e+03 1.011249903121596910e-03
6.481212981762076197e+03 9.856382872590122024e-04
6.577699011951885041e+03 9.606846258421994139e-04
6.675621432837106113e+03 9.363705989137115476e-04
6.775001628013036679e+03 9.126770592871037398e-04
6.875861299413460983e+03 8.895866854707603841e-04
6.978222472049355019e+03 8.670818787445334257e-04
7.082107498818882959e+03 8.451467094866961342e-04
7.187539065388506970e+03 8.237664480424671410e-04
7.294540195146933911e+03 8.029270567242119622e-04
7.403134254232854801e+03 7.826148533334820537e-04
7.513344956637325595e+03 7.628165031178124221e-04
7.625196369382544617e+03 7.435190084907062876e-04
7.738712917777084840e+03 7.247096954906965312e-04
7.853919390749971171e+03 7.063762137242337192e-04
7.970840946263834667e+03 6.885065256102665442e-04
8.089503116808695268e+03 6.710888984282292963e-04
8.209931814977622707e+03 6.541118965746832827e-04
8.332153339125197817e+03 6.375643751972186407e-04
8.456194379110682348e+03 6.214354700240740667e-04
8.582082022125921867e+03 6.057145885098463595e-04
8.709843758610799341e+03 5.903914081802944750e-04
8.839507488256267607e+03 5.754558680084159022e-04
8.971101526096859743e+03 5.608981617685980785e-04
9.104654608694023409e+03 5.467087315651076706e-04
9.240195900411177718e+03 5.328782628092357211e-04
9.377754999782835512e+03 5.193976743995508535e-04
9.517361945977605501e+03 5.062581133804934606e-04
9.659047225358333890e+03 4.934509522152849071e-04
9.802841778139314556e+03 4.809677818835397974e-04
9.948777005142812413e+03 4.688004063270346925e-04
1.009688477465622964e+04 4.569408370411475210e-04
1.024719742939102071e+04 4.453812891257811612e-04
1.039974779354595012e+04 4.341141719752188806e-04
1.055456917997440360e+04 4.231320865348508998e-04
1.071169539745948350e+04 4.124278218987254430e-04
1.087116075809670474e+04 4.019943497958811986e-04
1.103300008478689051e+04 3.918248199484318864e-04
1.119724871884053937e+04 3.819125555513613011e-04
1.136394252769526429e+04 3.722510501800478178e-04
1.153311791274867937e+04 3.628339590870245483e-04
1.170481181730688877e+04 3.536550983477755898e-04
1.187906173465240499e+04 3.447084410781472530e-04
1.205590571623141295e+04 3.359881130394659263e-04
1.223538237996320095e+04 3.274883887590852730e-04
1.241753091867336479e+04 3.192036877526234061e-04
1.260239110865218026e+04 3.111285721132726976e-04
1.279000331834120698e+04 3.032577384670990758e-04
1.298040851714795099e+04 2.955860184616156713e-04
1.317364828439305165e+04 2.881083748195547613e-04
1.336976481838979453e+04 2.808198978440327055e-04
1.356880094565916079e+04 2.737158021763219542e-04
1.377080013028197573e+04 2.667914236385906797e-04
1.397580648339007712e+04 2.600422173513617231e-04
1.418386477279952305e+04 2.534637504157421280e-04
1.439502043278594283e+04 2.470517032552126124e-04
1.460931957400674401e+04 2.408018657071768574e-04
1.482680899357014459e+04 2.347101342401454287e-04
1.504753618525444290e+04 2.287725092440597333e-04
1.527154934987945126e+04 2.229850923916144130e-04
1.549889740583187086e+04 2.173440850375120913e-04
1.572962999974853483e+04 2.118457821320286869e-04
1.596379751735689752e+04 2.064865733686273720e-04
1.620145109447865070e+04 2.012629398883846897e-04
1.644264262819609576e+04 1.961714519542776891e-04
1.668742478818508607e+04 1.912087666866024997e-04
1.693585102821674809e+04 1.863716258576899275e-04
1.718797559782993631e+04 1.816568545311680319e-04
1.744385355417870596e+04 1.770613559997754531e-04
1.770354077405426142e+04 1.725821127663813652e-04
1.796709396608769748e+04 1.682161837653592699e-04
1.823457068313330819e+04 1.639607024188741732e-04
1.850602933483662127e+04 1.598128747442391004e-04
1.878152920038949742e+04 1.557699775108175352e-04
1.906113044147484834e+04 1.518293570835828083e-04
1.934489411540498986e+04 1.479884252128957031e-04
1.963288218845396841e+04 1.442446598726641839e-04
1.992515754939006729e+04 1.405956029177335930e-04
2.022178402320861642e+04 1.370388584594157478e-04
2.052282638506983858e+04 1.335720912836851611e-04
2.082835037444384943e+04 1.301930253107902934e-04
2.113842270946618009e+04 1.268994426127209758e-04
2.145311110150797322e+04 1.236891799116685313e-04
2.177248426996118724e+04 1.205601292958232725e-04
2.209661195724597565e+04 1.175102362445416750e-04
2.242556494404008481e+04 1.145374982707143661e-04
2.275941506473555637e+04 1.116399635987975353e-04
2.309823522312541536e+04 1.088157298774454094e-04
2.344209940832355278e+04 1.060629433449876034e-04
2.379108271092284485e+04 1.033797959173810482e-04
2.414526133939160354e+04 1.007645257992574860e-04
2.450471263671651104e+04 9.821541581925920033e-05
2.486951509729172903e+04 9.573079229542678231e-05
2.523974838406004710e+04 9.330902393038211428e-05
2.561549334590918443e+04 9.094852073915612512e-05
2.599683203532650441e+04 8.864773332479484319e-05
2.638384772631815576e+04 8.640515048159247511e-05
2.677662493259241091e+04 8.421929969880052717e-05
2.717524942601630391e+04 8.208874576221218808e-05
2.757980825534541873e+04 8.001208980591616800e-05
2.799038976523293240e+04 7.798796838894682816e-05
2.840708361552196584e+04 7.601505264164856431e-05
2.882998080082411980e+04 7.409204747208252050e-05
2.925917367039165038e+04 7.221768985643265619e-05
2.969475594828229805e+04 7.039074906839245984e-05
3.013682275382738953e+04 6.861002555393232432e-05
3.058547062240280502e+04 6.687435013880882646e-05
3.104079752650962473e+04 6.518258325687414077e-05
3.150290289716900588e+04 6.353361427212127677e-05
3.197188764563436416e+04 6.192636065813267494e-05
3.244785418542921980e+04 6.035976681463660484e-05
3.293090645470964955e+04 5.883280409906153436e-05
3.342114993896297528e+04 5.734446992248045017e-05
3.391869169404233253e+04 5.589378708729182183e-05
3.442364036954481708e+04 5.447980314227916798e-05
3.493610623253780068e+04 5.310158984566121790e-05
3.545620119163753407e+04 5.175824234781901289e-05
3.598403882144849194e+04 5.044887840732831594e-05
3.651973438736301614e+04 4.917263828345292293e-05
3.706340487073372060e+04 4.792868401097197381e-05
3.761516899441825808e+04 4.671619884665071136e-05
3.817514724870539067e+04 4.553438673023195969e-05
3.874346191762694070e+04 4.438247186046616273e-05
3.932023710566043155e+04 4.325969790215283736e-05
3.990559876483197149e+04 4.216532750238655212e-05
4.049967472221845674e+04 4.109864208879323200e-05
4.110259470786336169e+04 4.005894128887423978e-05
4.171449038310536707e+04 3.904554246739649269e-05
4.233549536932980845e+04 3.805778027591740338e-05
4.296574527714819851e+04 3.709500631917059276e-05
4.360537773601093068e+04 3.615658840046310916e-05
4.425453242426377255e+04 3.524191026069561228e-05
4.491335109964738513e+04 3.435037131618605877e-05
4.558197763025524182e+04 3.348138619462354230e-05
4.626055802594968554e+04 3.263438434844588494e-05
4.694924047024667379e+04 3.180880967835435626e-05
4.764817535267522180e+04 3.100412027181608291e-05
4.835751530161737173e+04 3.021978769559243756e-05
4.907741521764033678e+04 2.945529689742899671e-05
4.980803230731969961e+04 2.871014590873832969e-05
5.054952611757133855e+04 2.798384547452653013e-05
5.130205857049107726e+04 2.727591873027588286e-05
5.206579399871427449e+04 2.658590088729749767e-05
5.284089918130189471e+04 2.591333902866305088e-05
5.362754338015929534e+04 2.525779145372517460e-05
5.442589837700097996e+04 2.461882769610397771e-05
5.523613851085988426e+04 2.399602820982990386e-05
5.605844071616071597e+04 2.338898407489621047e-05
5.689298456135660672e+04 2.279729672721557827e-05
5.773995228814209258e+04 2.222057769565303741e-05
5.859952885125001194e+04 2.165844844358008934e-05
5.947190195883946581e+04 2.111053976738080874e-05
6.035726211348872312e+04 2.057649189520289169e-05
6.125580265379252523e+04 2.005595417000314451e-05
6.216771979658452619e+04 1.954858481586882709e-05
6.309321267978465039e+04 1.905405071233063017e-05
6.403248340588548308e+04 1.857202717458802374e-05
6.498573708608639572e+04 1.810219782070244973e-05
6.595318188508276944e+04 1.764425406410633060e-05
6.693502906652656384e+04 1.719789520869258718e-05
6.793149303915673227e+04 1.676282817487758010e-05
6.894279140362323960e+04 1.633876730589361938e-05
6.996914500000377302e+04 1.592543417917265710e-05
7.101077795602958940e+04 1.552255742267038779e-05
7.206791773602900503e+04 1.512987260196379708e-05
7.314079519059814629e+04 1.474712179816120678e-05
7.422964460701560893e+04 1.437405368919783575e-05
7.533470376040022529e+04 1.401042331886536171e-05
7.645621396563811868e+04 1.365599193492157858e-05
7.759442013007767673e+04 1.331052683145327730e-05
7.874957080701101222e+04 1.297380119536680294e-05
7.992191824995160277e+04 1.264559401043101078e-05
8.111171846771791752e+04 1.232568970622327887e-05
8.231923128034239926e+04 1.201387822759437676e-05
8.354472037580456526e+04 1.170995483993805583e-05
8.478845336761679209e+04 1.141371999388998057e-05
8.605070185326231876e+04 1.112497919358061357e-05
8.733174147350498242e+04 1.084354286833722382e-05
8.863185197258208063e+04 1.056922629115203070e-05
8.995131725929112872e+04 1.030184928671685716e-05
9.129042546899172885e+04 1.004123629075253946e-05
9.264946902652145945e+04 9.787216185846848955e-06
9.402874471005758096e+04 9.539622188377878891e-06
9.542855371592334996e+04 9.298291738407726801e-06
9.684920172436162829e+04 9.063066392457915063e-06
9.829099896628747229e+04 8.833791754255140269e-06
9.975426029103210021e+04 8.610317231917533932e-06
1.012393052351019287e+05 8.392496088606402646e-06
1.027464580919509172e+05 8.180185304145230676e-06
1.042760479828020325e+05 7.973245480518512885e-06
1.058284089285161608e+05 7.771540749851616617e-06
1.074038799225337862e+05 7.574938684798928494e-06
1.090028050049021986e+05 7.383310239733052465e-06
1.106255333374025213e+05 7.196529548812396582e-06
1.122724192798018048e+05 7.014473969204834003e-06
1.139438224672293873e+05 6.837023964446459247e-06
1.156401078887164185e+05 6.664063025462818260e-06
1.173616459668973257e+05 6.495477593663548919e-06
1.191088126389003446e+05 6.331156989042309493e-06
1.208819894384426298e+05 6.170993347632315583e-06
1.226815635791442619e+05 6.014881473573148048e-06
1.245079280390907225e+05 5.862718861833807714e-06
1.263614816466416087e+05 5.714405603671624255e-06
1.282426291675293032e+05 5.569844320626039787e-06
1.301517813932466524e+05 5.428940100244957699e-06
1.320893552307526406e+05 5.291600438948474013e-06
1.340557737935146142e+05 5.157735176656091701e-06
1.360514664939016220e+05 5.027256393585447810e-06
1.380768691369626322e+05 4.900078415904741351e-06
1.401324240155868465e+05 4.776117739747858914e-06
1.422185800070943951e+05 4.655292976050119853e-06
1.443357926712562039e+05 4.537524796831688015e-06
1.464845243497764750e+05 4.422735889915267466e-06
1.486652442672562029e+05 4.310850893339152993e-06
1.508784286336558289e+05 4.201796326188160493e-06
1.531245607482935011e+05 4.095500582167470907e-06
1.554041311053757381e+05 3.991893868629555592e-06
1.577176375011149503e+05 3.890908160470947189e-06
1.600655851424314897e+05 3.792477155238661207e-06
1.624484867572776275e+05 3.696536237349792996e-06
1.648668627066041226e+05 3.603022414122228814e-06
1.673212410979896958e+05 3.511874272245675182e-06
1.698121579009725538e+05 3.423031963090073583e-06
1.723401570640822465e+05 3.336437153863431008e-06
1.749057906336307060e+05 3.252032989081264845e-06
1.775096188742606319e+05 3.169764053046747392e-06
1.801522103912928724e+05 3.089576341672979188e-06
1.828341422548951814e+05 3.011417201367653923e-06
1.855560001260945864e+05 2.935235304589994900e-06
1.883183783846786537e+05 2.860980629780734135e-06
1.911218802589805855e+05 2.788604422311000451e-06
1.939671179576170980e+05 2.718059162280715777e-06
1.968547128031734901e+05 2.649298533161347347e-06
1.997852953678850026e+05 2.582277399688871250e-06
2.027595056113370811e+05 2.516951750389298769e-06
2.057779930202113173e+05 2.453278687128357424e-06
2.088414167501246557e+05 2.391216401824665945e-06
2.119504457695594174e+05 2.330724145291433335e-06
2.151057590059570502e+05 2.271762200324123187e-06
2.183080454939730989e+05 2.214291855493632501e-06
2.215580045259448816e+05 2.158275387876228395e-06
2.248563458045983280e+05 2.103676009671457817e-06
2.282037895980236644e+05 2.050457867809199212e-06
2.316010668969721301e+05 1.998586019043070371e-06
2.350489195744717435e+05 1.948026405145904168e-06
2.385481005478424486e+05 1.898745830417873480e-06
2.420993739431080176e+05 1.850711939784203563e-06
2.457035152618613502e+05 1.803893205369703433e-06
2.493613115506140748e+05 1.758258877414293104e-06
2.530735615726609540e+05 1.713778990917077093e-06
2.568410759825193090e+05 1.670424340269269569e-06
2.606646775029396231e+05 1.628166459557040120e-06
2.645452011045769323e+05 1.586977603764077267e-06
2.684834941883210558e+05 1.546830730466773218e-06
2.724804167703462881e+05 1.507699488815834848e-06
2.765368416699173977e+05 1.469558177221530128e-06
2.806536546999834827e+05 1.432381751232356190e-06
2.848317548606279888e+05 1.396145800764729697e-06
2.890720545353699708e+05 1.360826533969171459e-06
2.933754796904167160e+05 1.326400761520525913e-06
2.977429700768635375e+05 1.292845881319684660e-06
3.021754794359109947e+05 1.260139869126073344e-06
3.066739757071376080e+05 1.228261243363390552e-06
3.112394412398650311e+05 1.197189071856239355e-06
3.158728730076903594e+05 1.166902952631008961e-06
3.205752828261802206e+05 1.137383000432135736e-06
3.253476975738382898e+05 1.108609833592628350e-06
3.301911594163406407e+05 1.080564561248387922e-06
3.351067260341177462e+05 1.053228775376247395e-06
3.400954708533252706e+05 1.026584521522617118e-06
3.451584832802430610e+05 1.000614304560460320e-06
3.502968689391884254e+05 9.753010725023556294e-07
3.555117499139336869e+05 9.506282052313834442e-07
3.608042649927550228e+05 9.265795035280260719e-07
3.661755699171056622e+05 9.031391783843409966e-07
3.716268376339995302e+05 8.802918442384592783e-07
3.771592585521529545e+05 8.580224946299855692e-07
3.827740408019296592e+05 8.363165071174407960e-07
3.884724104991804343e+05 8.151596296320424650e-07
3.942556120129721239e+05 7.945379710595880975e-07
4.001249082373409183e+05 7.744379920697191893e-07
4.060815808670663973e+05 7.548464961852380134e-07
4.121269306775602745e+05 7.357506240350078131e-07
4.182622778089224012e+05 7.171378331075154823e-07
4.244889620542143239e+05 6.989959019494802647e-07
4.308083431520533632e+05 6.813129186625224910e-07
4.372218010835176683e+05 6.640772730321397741e-07
4.437307363735162071e+05 6.472776488634040306e-07
4.503365703966164729e+05 6.309030165172078467e-07
4.570407456874352647e+05 6.149426280295545446e-07
4.638447262556522037e+05 5.993860002738586339e-07
4.707499979056987213e+05 5.842229185441789342e-07
4.777580685612393427e+05 5.694434268589467660e-07
4.848704685944339726e+05 5.550378213828424372e-07
4.920887511601507431e+05 5.409966440214030297e-07
4.994144925351235433e+05 5.273106763657742297e-07
5.068492924621694256e+05 5.139709347793682389e-07
5.143947744995314279e+05 5.009686576150027411e-07
5.220525863754088641e+05 4.882953074088109969e-07
5.298244003477998776e+05 4.759425629375582583e-07
5.377119135696472367e+05 4.639023137210156645e-07
5.457168484594734618e+05 4.521666546686519284e-07
5.538409530775004532e+05 4.407278812650044147e-07
5.620860015073795803e+05 4.295784843722035013e-07
5.704537942436061567e+05 4.187111412485500972e-07
5.789461585846869275e+05 4.081187162711718065e-07
5.875649490321975900e+05 3.977942545501166020e-07
5.963120476957232459e+05 3.877309773337412404e-07
6.051893647038852796e+05 3.779222775346873640e-07
6.141988386214508209e+05 3.683617159117254311e-07
6.233424368726634420e+05 3.590430158138445511e-07
6.326221561708789086e+05 3.499600570966604221e-07
6.420400229545801412e+05 3.411068757977353203e-07
6.515980938299240079e+05 3.324776590103662554e-07
6.612984560198122635e+05 3.240667410436712713e-07
6.711432278197132982e+05 3.158685996834222690e-07
6.811345590602265438e+05 3.078778531729496441e-07
6.912746315765506588e+05 3.000892550580376188e-07
7.015656596849390771e+05 2.924976902918015171e-07
7.120098906662319787e+05 2.850981741870368115e-07
7.226096052566337166e+05 2.778858483082275956e-07
7.333671181457231287e+05 2.708559772623542109e-07
7.442847784819502849e+05 2.640039455738894901e-07
7.553649703856118722e+05 2.573252553053063901e-07
7.666101134694821667e+05 2.508155211113238696e-07
7.780226633671929594e+05 2.444704679776754094e-07
7.896051122694623191e+05 2.382859296966092935e-07
8.013599894683549646e+05 2.322578455809506043e-07
8.132898619095673785e+05 2.263822577820404808e-07
8.253973347530132160e+05 2.206553086780077262e-07
8.376850519417047035e+05 2.150732390052573777e-07
8.501556967791202478e+05 2.096323831922456620e-07
8.628119925151680363e+05 2.043291683006725328e-07
8.756567029408534290e+05 1.991601122089277180e-07
8.886926329918538686e+05 1.941218209890057062e-07
9.019226293609907152e+05 1.892109866649976672e-07
9.153495811199096497e+05 1.844243850303368072e-07
9.289764203499568393e+05 1.797588741866173805e-07
9.428061227824697271e+05 1.752113901984118348e-07
9.568417084485995583e+05 1.707789469030431724e-07
9.710862423387845047e+05 1.664586339389396093e-07
9.855428350721037714e+05 1.622476146563424191e-07
1.000214643575496855e+06 1.581431242439657797e-07
1.015104871773194405e+06 1.541424679047724087e-07
1.030216771286347765e+06 1.502430197187349779e-07
1.045553642143098987e+06 1.464422186390369714e-07
1.061118833499222063e+06 1.427375689137923373e-07
1.076915744369464694e+06 1.391266380591811691e-07
1.092947824369849637e+06 1.356070551993733898e-07
1.109218574470916297e+06 1.321765095009006876e-07
1.125731547762283590e+06 1.288327486480574819e-07
1.142490350228528725e+06 1.255735779287791548e-07
1.159498641536639305e+06 1.223968567064188750e-07
1.176760135835190304e+06 1.193004990725250519e-07
1.194278602565388661e+06 1.162824719541236767e-07
1.212057867284270702e+06 1.133407937699423338e-07
1.230101812500030734e+06 1.104735331219430590e-07
1.248414378519910621e+06 1.076788075211424427e-07
1.266999564310629619e+06 1.049547826103957174e-07
1.285861428371655522e+06 1.022996692298735980e-07
1.305004089621477062e+06 9.971172397528195515e-08
1.324431728297034977e+06 9.718924760196759513e-08
1.344148586866633268e+06 9.473058390186644479e-08
1.364158970956302015e+06 9.233411860995880417e-08
1.384467250290089287e+06 8.999827833936360363e-08
1.405077859644262353e+06 8.772152992070440052e-08
1.425995299815749284e+06 8.550237796143326806e-08
1.447224138604994398e+06 8.333936532293050701e-08
1.468769011813414283e+06 8.123107177497643749e-08
1.490634624255793635e+06 7.917611305715186068e-08
1.512825750787608093e+06 7.717313996490345838e-08
1.535347237347788177e+06 7.522083745952698091e-08
1.558204002016908256e+06 7.331792410677559432e-08
1.581401036091170972e+06 7.146315004696552607e-08
1.604943405172374798e+06 6.965529740254387440e-08
1.628836250274073565e+06 6.789317914372824172e-08
1.653084788944301894e+06 6.617563830407489547e-08
1.677694316404860001e+06 6.450154721665120403e-08
1.702670206707712729e+06 6.286980677020366173e-08
1.728017913908506976e+06 6.127934593223410855e-08
1.753742973257595673e+06 5.972912006080688416e-08
1.779851002408790635e+06 5.821811125256801082e-08
1.806347702646073187e+06 5.674532738649955019e-08
1.833238860128675820e+06 5.530980146834243960e-08
1.860530347154523013e+06 5.391059099223904486e-08
1.888228123442659620e+06 5.254677731908009620e-08
1.916338237434655894e+06 5.121746527145909818e-08
1.944866827615431044e+06 4.992178172969771646e-08
1.973820123853738187e+06 4.865887592889162312e-08
2.003204448762557702e+06 4.742791865286806113e-08
2.033026219079874922e+06 4.622810168629841134e-08
2.063291947069805348e+06 4.505863728119668106e-08
2.094008241944788489e+06 4.391875764702356335e-08
2.125181811308816075e+06 4.280771456610434236e-08
2.156819462622202933e+06 4.172477829050973553e-08
2.188928104688154534e+06 4.066923774987997999e-08
2.221514749161421787e+06 3.964039988418529569e-08
2.254586512079554610e+06 3.863758918583291705e-08
2.288150615416721907e+06 3.766014725379158998e-08
2.322214388660895173e+06 3.670743238793935389e-08
2.356785270414364990e+06 3.577881917677181638e-08
2.391870810018138029e+06 3.487871534513658027e-08
2.427478669200519100e+06 3.400719966797156719e-08
2.463616623750171624e+06 3.316443396065069839e-08
2.500292565214252565e+06 3.235065644095361217e-08
2.537514502621566877e+06 3.156617218394209318e-08
2.575290564231637400e+06 3.081134068662466634e-08
2.613628999309639912e+06 3.008656069395225153e-08
2.652538179927831981e+06 2.939225200814016232e-08
2.692026602793799713e+06 2.872883587973514139e-08
2.732102891105843708e+06 2.809671364460496156e-08
2.772775796436184552e+06 2.749624456007098803e-08
2.814054200641902164e+06 2.692772360435266001e-08
2.855947117804621812e+06 2.639136008394772164e-08
2.898463696198884863e+06 2.588725777426127758e-08
2.941613220289896242e+06 2.541539699362008540e-08
2.985405112761011347e+06 2.497562006505483299e-08
3.029848936571331695e+06 2.456761998938117145e-08
3.074954397044132464e+06 2.419093291352489418e-08
3.120731343986065593e+06 2.384493462952253773e-08
3.167189773838226683e+06 2.352884125260577276e-08
