"t (day)" "dm/dt (M_sun/yr)"
37.85173545328179 2.2266262154719834e-05
38.285346913903886 2.9686771224884282e-05
38.72392562098185 3.953569102314417e-05
39.16752847692638 5.238855484875147e-05
39.616213035994974 6.890557943969689e-05
40.07003751175917 9.001505417214908e-05
40.529060784657624 0.00011655719710708071
40.993342409635346 0.0001494878448900265
41.462942623870156 0.0001897235248413761
41.937922354588515 0.0002378592958175353
42.418343226970265 0.0002949215653436848
42.90426757214365 0.0003614951645408187
43.395758435272946 0.00043767384013634387
43.892879583737745 0.0005236492944012716
44.395695515406224 0.0006194682330360774
44.90427146700369 0.0007246634484369814
45.41867342257601 0.0008382969863039999
45.93896812205114 0.000959423601634908
46.46522306989784 0.001081105501144401
46.99750654388369 0.0011987228965670946
47.53588760393409 0.0013146172031357466
48.08043610109216 0.001431027037900543
48.631222686580934 0.0015488735092602074
49.188318820970565 0.0016676352385291678
49.75179678344948 0.0017856984470733038
50.32172968120174 0.0019023369728728588
50.898191458892825 0.0020162310625028495
51.48125690826312 0.0021262288459600073
52.07100167783124 0.0022313459249577953
52.66750228270963 0.0023306115519611454
53.27083611453103 0.0024242842328662012
53.881081451490196 0.002511273922717448
54.498317468499614 0.002590570811211392
55.12262424746155 0.0026615384393147384
55.75408278765877 0.002724524739774166
56.392775016263165 0.0027797441050678513
57.03878379896509 0.0028274766795925574
57.69219295072511 0.0028679813149385313
58.35308724664794 0.0029013441977536773
59.021552432981416 0.0029270149476551964
59.69767523824169 0.002945378150375732
60.381543384465665 0.0029571631660668903
61.07324559859176 0.0029627000034053753
61.77287162397219 0.00296214829213219
62.48051223201647 0.0029555717814175103
63.19625923396765 0.002943235880879858
63.92020549281525 0.002925708563761427
64.65244493534247 0.0029035592629497427
65.39307256431336 0.0028775486033290193
66.14218447079847 0.0028482166893071727
66.89987784664146 0.0028158373152598545
67.66625099706991 0.002780582722860979
68.44140335344929 0.002742931152100826
69.22543548618302 0.002703490058240314
70.01844911776159 0.002662241414363307
70.82054713595994 0.002619160289014614
71.63183360718594 0.002574774826931208
72.45241378998327 0.0025293730830026856
73.28239414868676 0.0024830592589331108
74.12188236723645 0.0024362413534977723
74.97098736314831 0.0023895421598164033
75.82981930164509 0.002342901260675332
76.69848960995027 0.0022961126178216366
77.57711099174468 0.0022491342301569676
78.46579744178827 0.0022022136591051834
79.36466426071121 0.0021556090507191157
80.27382806997282 0.002109212686502887
81.19340682699182 0.0020631041249903497
82.12351984045144 0.002017430246900854
83.06428778577843 0.0019720972861661996
84.01583272079924 0.0019270696785205598
84.9782781015772 0.0018826787910004245
85.95174879842948 0.0018390120303944258
86.9363711121277 0.0017961902142529995
87.93227279028562 0.0017541423289367912
88.93958304393219 0.0017125247567994215
89.95843256427693 0.0016711998693112265
90.98895353966559 0.0016302837887654318
92.03127967273015 0.0015901742554259588
93.08554619773686 0.0015511013545857237
94.15188989813136 0.001513021863202237
95.23044912428465 0.0014757582373941607
96.32136381144439 0.001439078829032787
97.42477549788983 0.0014028750361340541
98.54082734329467 0.0013672745356831265
99.66966414730254 0.0013324962036938336
100.81143236831208 0.001298674495756149
101.96628014248013 0.0012657873901532487
103.13435730294066 0.0012337290637075078
104.31581539924495 0.0012024101681582745
105.51080771702311 0.0011717877178105485
106.71948929787327 0.0011418436182410203
107.94201695947545 0.0011125371754882804
109.17854931593905 0.0010838214104018338
110.42924679838117 0.0010556911671565615
111.69427167574074 0.0010282301191290163
112.97378807583303 0.0010015506117001952
114.2679620066435 0.000975688936178312
115.5769613778653 0.0009505294552507057
116.90095602268588 0.0009259267462408063
118.2401177198207 0.0009018066138068692
119.59462021579975 0.000878144040802441
120.96463924751154 0.0008549217591782409
122.35035256500173 0.0008322110745551746
123.75193995453654 0.0008101084471943262
125.16958326192817 0.000788656487129935
126.60346641612702 0.0007678184685616806
128.05377545308684 0.000747535043473009
129.5206985399006 0.0007277856171883191
131.00442599921314 0.0007085566796164176
132.50515033391576 0.0006898015447667481
134.0230662521212 0.0006714883436454083
135.55837069242486 0.0006535857181094738
137.11126284945792 0.0006361130520354919
138.68194419972946 0.0006191042255606353
140.27061852776825 0.0006026278079662232
141.87749195256134 0.0005867126651895896
143.50277295429717 0.0005713352788543232
145.14667240141287 0.0005564523407515026
146.8094035779554 0.0005419769724116684
148.4911822112509 0.0005278431157824466
150.19222649989595 0.0005140651857962047
151.91275714206645 0.0005006711107329601
153.65299736415056 0.0004876730152626512
155.4131729497126 0.0004750662384862532
157.19351226878587 0.00046280934997669276
158.9942463075012 0.0004508564999581702
160.81560869805736 0.00043917702421297593
162.6578357490326 0.0004277610946800365
164.52116647604257 0.00041662778443683275
166.4058426327534 0.0004058068306259435
168.31210874224476 0.0003953061084425127
170.2402121287374 0.0003851120285904706
172.19040294968045 0.00037518378095455657
174.1629342282068 0.0003654935347194181
176.15806188596284 0.0003560106277721283
178.17604477631153 0.00034673021934842615
180.21714471791566 0.00033766423228791167
182.28162652870904 0.0003288190247517855
184.36975806025364 0.00032021436049334804
186.48181023249032 0.0003118590455528024
188.61805706889132 0.0003037552729668767
190.77877573200973 0.0002958918577123978
192.9642465594421 0.00028824079322735434
195.1747531001986 0.00028077749864851583
197.41058215149235 0.00027348224998328366
199.67202379594747 0.0002663604859638651
201.95937143923817 0.000259424514684202
204.27292184815286 0.0002526867626919469
206.61297518910007 0.00024614463825539277
208.97983506705194 0.00023980855526821478
211.3738085649332 0.00023367313975967117
213.79520628346583 0.000227725898968808
216.2443423814657 0.0002219562297528034
218.72153461660116 0.00021635304452791425
221.2271043866226 0.00021090946278071052
223.7613767710599 0.00020560404513220068
226.3246805733979 0.0002004293931659567
228.91734836373956 0.00019539044170734614
231.53971652195074 0.00019047445610778464
234.19212528130618 0.00018568731926735273
236.87491877263105 0.00018103677449710862
239.5884450689482 0.0001765190655894106
242.3330562306405 0.0001721368597387124
245.10910835112716 0.00016788566282696668
247.9169616030624 0.00016375463328271975
250.75698028506852 0.00015973886590190197
253.62953286899943 0.00015582785239391103
256.53499204774545 0.00015201407705429896
259.47373478359145 0.0001482977110065334
262.44614235712066 0.00014467324505792575
265.4526004166867 0.00014114065997643054
268.4934990284467 0.00013769804545183875
271.5692327269703 0.00013433927256138967
274.6802005664258 0.00013107033991725814
277.8268061723585 0.000127882931930466
281.00945779405316 0.00012477799160409
284.22856835750576 0.00012175912798583208
287.48455551899644 0.00011882068284321393
290.77784171927425 0.00011596535309906869
294.10885423837067 0.0001131903259556077
297.4780252510338 0.0001104944809078668
300.8857918827977 0.00010787730817265922
304.3325962667007 0.0001053373011530147
307.8188856006465 0.00010287451760904683
311.34511220542333 0.00010048679318669708
314.9117335833933 9.817468794114559e-05
318.5192124778456 9.593210044654796e-05
322.16801693303773 9.375876624886658e-05
325.8586203549191 9.165180556090937e-05
329.5915015725528 8.96119554095885e-05
333.36714490023763 8.763319017195306e-05
337.1860402003492 8.571572456025247e-05
341.04868294689066 8.385676551335472e-05
344.9555742897812 8.205408355914215e-05
348.90722111987543 8.030688992384542e-05
352.90413613472543 7.86131988596674e-05
356.94683790510584 7.697168787414486e-05
361.035850942288 7.538001433593736e-05
365.171705766097 7.383177690438247e-05
369.3549389737394 7.23249145822311e-05
373.5860933094252 7.085453592569832e-05
377.86571773478096 6.94161329191287e-05
382.19436750007947 6.800711646318525e-05
386.5726042162733 6.66229893636361e-05
391.0009959278649 6.526266273119506e-05
395.4801171866034 6.392560197305857e-05
400.01054912603 6.261064075698073e-05
404.5928795368729 6.131753321890791e-05
409.22770294331366 6.004693165479738e-05
413.91562068011734 5.879679482377685e-05
418.6572409706558 5.7568414379188117e-05
423.45317900581813 5.635954974381725e-05
428.3040570238252 5.517007283085829e-05
433.210504390966 5.400020376364484e-05
438.1731576832466 5.2846960785674864e-05
443.1926607689872 5.171179630384889e-05
448.26966489235645 5.0595112782238815e-05
453.40482875786677 4.9495465448410994e-05
458.5988186158331 4.8415353298567834e-05
463.85230834882066 4.7354823703321454e-05
469.16597955906843 4.631452492185557e-05
474.5405216569294 4.5295567070048314e-05
479.9766319503134 4.429769045931746e-05
485.4750157351541 4.3321140829866006e-05
491.03638638692416 4.236655068663428e-05
496.66146545318213 4.14333245408564e-05
502.35098274719417 4.052143667683192e-05
508.10567644261977 3.963163696597318e-05
513.9262931692843 3.876247131919781e-05
519.8135881100469 3.7912835991975304e-05
525.7683250987855 3.708199689629137e-05
531.7912767194911 3.626971417160288e-05
537.8832244065129 3.5475698842909046e-05
544.0449585459382 3.4699653781096895e-05
550.2772785781426 3.39415187923534e-05
556.5809931015062 3.320084235103849e-05
562.9569199773323 3.2477078948860715e-05
569.4058864359486 3.1769899710992035e-05
575.9287291840438 3.107895554152569e-05
582.5262945132199 3.0403914297166954e-05
589.1994384097886 2.9744232244515308e-05
595.9490266658387 2.9099447005696127e-05
602.7759349915553 2.8469059200792012e-05
609.681049128847 2.7852894072950444e-05
616.6652649662585 2.725068812995515e-05
623.7294886552079 2.6662199635587788e-05
630.8746367275496 2.608693602743328e-05
638.1016362144951 2.5524563954403764e-05
645.4114247668788 2.4974927016277087e-05
652.8049507768212 2.443758446728213e-05
660.2831735007709 2.3912169370041166e-05
667.847063183958 2.3398364197532953e-05
675.4976011862836 2.2895781474091547e-05
683.2357801096416 2.240410196404839e-05
691.0626039266951 2.1923028274941585e-05
698.9790881111454 2.1452484554362032e-05
706.9862597694749 2.0992276600317356e-05
715.0851577742129 2.0542004617226405e-05
723.2768328987073 2.010147460870154e-05
731.5623479534754 1.967047435354611e-05
739.9427779240822 1.9248715382150663e-05
748.4192101106162 1.883599937529824e-05
756.9927442687575 1.8432132486669187e-05
765.6644927524666 1.8036925109590344e-05
774.4355806582927 1.7650191404850037e-05
783.3071459713642 1.7271749736469218e-05
792.2803397130225 1.690142242932464e-05
801.3563260901616 1.653903533896955e-05
810.536282646279 1.6184418292045572e-05
819.8214004142387 1.5837404747409258e-05
829.2128840708215 1.5497831546177633e-05
838.711952093008 1.5165539279252059e-05
848.3198369160714 1.4840371786899847e-05
858.0377850934751 1.4522176234005512e-05
867.8670574586116 1.4210803271701469e-05
877.8089292883673 1.3906106516527615e-05
887.8646904686059 1.3607942784639007e-05
898.0356456615046 1.3316172125964907e-05
908.323114474831 1.3030657369424858e-05
918.7284316331495 1.2751264350924963e-05
929.252947150998 1.2477861927799188e-05
939.8980265080269 1.2210321561715243e-05
950.6650508261828 1.1948517540315379e-05
961.5554170488837 1.1692326974283499e-05
972.570538122267 1.1441629414995263e-05
983.7118431785111 1.1196307069693719e-05
994.9807777212422 1.0956244783303297e-05
1006.3788038130981 1.0721329688092422e-05
1017.9074002654062 1.0491451412307692e-05
1029.5680628300545 1.02665020486533e-05
1041.3623043935538 1.0046375833437766e-05
1053.2916551733113 9.83096934862573e-06
1065.3576629161892 9.620181478721064e-06
1077.5618930992964 9.413913117065829e-06
1089.9059291331023 9.212067361305152e-06
1102.3913725668729 9.014549460255146e-06
1115.0198432964594 8.821266545207439e-06
1127.7929797744737 8.632127818839658e-06
1140.712439222848 8.447044493505936e-06
1153.7798978478718 8.265929545571976e-06
1166.9970510576527 8.088697897834078e-06
1180.3656136820864 7.915266350534135e-06
1193.887320195347 7.745553356904589e-06
1207.5639249409062 7.579479199177478e-06
1221.397202359172 7.416965913496375e-06
1235.388947217694 7.257937084984869e-06
1249.5409748440234 7.102318017438784e-06
1263.855121361244 6.950035653182052e-06
1278.3332439261778 6.801018386094428e-06
1292.9772209703647 6.655196225086273e-06
1307.7889524437583 6.512500709831111e-06
1322.7703600612335 6.3728647403014506e-06
1337.9233875519167 6.236222734132421e-06
1353.2500009113692 6.102510539062574e-06
1368.7521886566674 5.971665277634605e-06
1384.4319620843748 5.843625506324491e-06
1400.2913555315288 5.71833109275983e-06
1416.3324266395582 5.595723126099742e-06
1432.5572566212502 5.475744049410118e-06
1448.9679505307834 5.358337478694796e-06
1465.5666375368148 5.243448230656425e-06
1482.3554711987633 5.131022380652959e-06
1499.3366297461923 5.021007074747385e-06
1516.5123163614264 4.913350614289424e-06
1533.884759465405 4.808002468213237e-06
1551.4562130067766 4.704913108849413e-06
1569.2289567543721 4.604034094262695e-06
1587.2052965929624 4.505318073432771e-06
1605.3875648224364 4.408718635673423e-06
1623.7781204604003 4.31419039067451e-06
1642.379349548249 4.221688967411647e-06
1661.193665460712 4.13117087610926e-06
1680.2235092190115 4.042593585947106e-06
1699.4713498075394 3.955915518464613e-06
1718.9396844941969 3.871095921081433e-06
1738.631039154397 3.7880949424412604e-06
1758.5479685987884 3.706873621003197e-06
1778.6930569046897 3.627393769207149e-06
1799.068917751403 3.5496180464400017e-06
1819.678194759287 3.4735099434418107e-06
1840.523561832758 3.399033676273845e-06
1861.6077235072164 3.326154256905851e-06
1882.9334152999072 3.254837474007636e-06
1904.5034040648845 3.185049795944902e-06
1926.3204883519554 3.1167584389993428e-06
1948.3874987697823 3.049931345064649e-06
1970.7072983531402 2.9845370929572318e-06
1993.2827829343432 2.9205449642916706e-06
2016.1168815190078 2.8579249185513682e-06
2039.212556666033 2.796647512056679e-06
2062.5728048719843 2.736683961525285e-06
2086.2006569598666 2.678006116940614e-06
2110.099178472347 2.620586387568585e-06
2134.271470069499 2.5643978032365714e-06
2158.7206679310602 2.5094139853775025e-06
2183.4499441633693 2.455609079530455e-06
2208.462507210901 2.4029578143740453e-06
2233.7616022725424 2.3514354712830704e-06
2259.35051172264 2.301017822788769e-06
2285.2325555368343 2.2516811894053762e-06
2311.4110917228513 2.203402407999098e-06
2337.8895167561473 2.1561587757235036e-06
2364.671266020582 2.1099281075157684e-06
2391.7598142541488 2.064688691610634e-06
2419.158675999756 2.0204192574091064e-06
2446.871406061269 1.9770990231572297e-06
2474.901599964689 1.9347076305016407e-06
2503.2528944246487 1.8932251547260854e-06
2531.9289678162486 1.8526321255321502e-06
2560.9335406523082 1.8129094592156346e-06
2590.2703760660793 1.774038489212233e-06
2619.943280299445 1.7360009705250394e-06
2649.9561031968155 1.698779020448495e-06
2680.312738704574 1.6623551483037004e-06
2711.0171253763006 1.6267122572967835e-06
2742.0732468837805 1.5918335901557654e-06
2773.485132533814 1.5577027580363828e-06
2805.256857791054 1.5243037401170754e-06
2837.392544806726 1.4916208337645246e-06
2869.896362953457 1.4596386825959085e-06
2902.772529366233 1.4283422740868084e-06
2936.025309489497 1.3977168939093927e-06
2969.6590176306263 1.3677481531412033e-06
3003.678017519639 1.3384219841359787e-06
3038.086722875366 1.309724598704897e-06
3072.8895979781128 1.2816425144666612e-06
3108.0911582488047 1.2541625492077244e-06
3143.695970834967 1.22727178260268e-06
3179.708655203104 1.2009575817050647e-06
3216.133883738181 1.1752075940031046e-06
3252.976382349767 1.1500097123994117e-06
3290.2409310852004 1.1253520998468195e-06
3327.9323647497827 1.1012231812869924e-06
3366.055573534 1.0776116116320758e-06
3404.6155036480723 1.054506299553687e-06
3443.6171579636384 1.0318963984741732e-06
3483.0655966628515 1.0097712773127774e-06
3522.965937894917 9.881205434385727e-07
3563.3233584400755 9.669340328669975e-07
3604.143094381344 9.462017835508335e-07
3645.430441783797 9.259140575091454e-07
3687.190757381711 9.060613303656204e-07
3729.4294592735723 8.866342669803482e-07
3772.15202762497 8.676237427678034e-07
3815.3640053797567 8.490208326984936e-07
3859.0709989790143 8.308167890823841e-07
3903.278679088599 8.130030620898425e-07
3947.9927813348036 7.955712883248703e-07
3993.2191070485246 7.785132705851786e-07
4038.963524017959 7.618209986366602e-07
4085.2319672498425 7.454866330954362e-07
4132.030439739571 7.2950249390848e-07
4179.365013249984 7.138610775264144e-07
4227.241829099143 6.98555033236625e-07
4275.667098957142 6.835771669362456e-07
4324.647105651961 6.689204485828639e-07
4374.188203984717 6.54577987719748e-07
4424.296821554084 6.405430445070717e-07
4474.9794595902495 6.268090313158621e-07
4526.2426937984155 6.133694913279264e-07
4578.093175211876 6.002181092743217e-07
4630.537631055053 5.873487121020005e-07
4683.582865616229 5.747552493474364e-07
4737.235761130376 5.62431803575484e-07
4791.503278672071 5.503725902290598e-07
4846.392459058647 5.385719396377681e-07
4901.910423763709 5.270243071520587e-07
4958.064375841014 5.157242722756881e-07
5014.861600859133 5.046665221808032e-07
5072.309467846621 4.938458615338415e-07
5130.415430248119 4.832572110009979e-07
5189.187026891397 4.728955921508071e-07
5248.631882965389 4.6275613696985363e-07
5308.757711009624 4.5283408582307013e-07
5369.572311914789 4.431247736340437e-07
5431.083575934863 4.336236390903655e-07
5493.299483710842 4.2432622213315823e-07
5556.228107306078 4.1522815131407734e-07
5619.877611253701 4.063251526918854e-07
5684.256253615826 3.976130469188012e-07
5749.3723870549975 3.89087737681323e-07
5815.234459917885 3.8074522029094257e-07
5881.851017331391 3.725815784286272e-07
5949.230702311354 3.645929735837233e-07
6017.38225688381 3.567756533427145e-07
6086.314523219359 3.491259478469394e-07
6156.03644478027 3.4164026015024313e-07
6226.557067480861 3.343150742101496e-07
6297.8855408611635 3.2714695110808296e-07
6370.031119273904 3.2013252025212267e-07
6443.003163085344 3.132684870752893e-07
6516.811139889625 3.06551629062137e-07
6591.464625737137 2.9997878772831716e-07
6666.973306376968 2.9354687603099937e-07
6743.346978513457 2.8725287424093326e-07
6820.595551077405 2.8109382263562303e-07
6898.729046511579 2.7506682900551945e-07
6977.757602071085 2.6916906281433055e-07
7057.691471138616 2.633977510694141e-07
7138.541024554627 2.5775018450699186e-07
7220.316751963179 2.5222370903343427e-07
7303.029263172515 2.4681572711533555e-07
7386.689289531886 2.415237004507552e-07
7471.307685323755 2.363451411372635e-07
7556.895429172069 2.312776156557563e-07
7643.463625466702 2.2631874544428064e-07
7731.023505804036 2.2146619917209514e-07
7819.5864304443685 2.167176966177158e-07
7909.163889785696 2.120710089080445e-07
7999.767505854545 2.0752395143278403e-07
8091.409033813881 2.0307438761426674e-07
8184.100363488116 1.9872022885169579e-07
8277.853520905936 1.9445942802585557e-07
8372.680669860447 1.902899831588721e-07
8468.594113487376 1.8620993709958914e-07
8565.606295861358 1.8221737157215495e-07
8663.729803610278 1.7831041072443538e-07
8762.977367548681 1.7448722058709531e-07
8863.361864329027 1.7074600362311486e-07
8964.896318112704 1.6708500216416216e-07
9067.593902259656 1.6350249767291638e-07
9171.467941037583 1.5999680575387818e-07
9276.531911350676 1.5656627947765533e-07
9382.799444488015 1.5320930847336906e-07
9490.284327892352 1.4992431436430433e-07
9599.00050694878 1.46709753980661e-07
9708.962086794087 1.4356411830647053e-07
9820.183334146828 1.4048592830653043e-07
9932.678679158176 1.374737380286969e-07
10046.462717284372 1.3452613342742953e-07
10161.550211180203 1.3164172855106733e-07
10277.95609261441 1.2881916853506117e-07
10395.69546440701 1.26057128322048e-07
10514.783602388601 1.2335430918081767e-07
10635.23595738255 1.2070944159207437e-07
10757.068157209487 1.1812128388281179e-07
10880.296008714871 1.1558861905039192e-07
11004.935499819883 1.1311025754252743e-07
11131.002801595716 1.1068503582179873e-07
11258.514270361698 1.0831181347018058e-07
11387.486449807224 1.0598947586506098e-07
11517.93607313846 1.0371693268801633e-07
11649.880065249168 1.0149311528696943e-07
11783.335544916637 9.931697938831261e-08
11918.319827022768 9.718750298115346e-08
12054.850424800352 9.510368483696472e-08
12192.945052105593 9.306454673732442e-08
12332.621625716141 9.106913037881938e-08
12473.898267655732 8.911649788498078e-08
12616.793307545417 8.720573276393432e-08
12761.325284981509 8.533593672130927e-08
12907.51295194127 8.350623109894963e-08
13055.375275215634 8.171575708149277e-08
13204.931438870046 7.996367290712013e-08
13356.20084673355 7.824915526805761e-08
13509.203124915988 7.657139939634846e-08
13663.958124354947 7.492961650579022e-08
13820.485923390532 7.33230351533467e-08
13978.806830370975 7.17509012184822e-08
14138.94138628721 7.02124755582151e-08
14300.910367437988 6.870703532877124e-08
14464.734788125514 6.723387387148359e-08
14630.43590338165 6.579229856420294e-08
14798.035211725963 6.438163210273271e-08
14967.554457954768 6.300121230505238e-08
15139.015635962407 6.16503901435785e-08
15312.44099159487 6.032853098613253e-08
15487.853025535784 5.903501432914949e-08
15665.274496226095 5.7769231996482835e-08
15844.728422816514 5.653058933988637e-08
16026.238088154216 5.5318504910900424e-08
16209.827041803643 5.41324088130373e-08
16395.519103101586 5.2971743861979486e-08
16583.33836424825 5.18359652049625e-08
16773.30919343218 5.0724538814224626e-08
16965.45623799254 4.9636942607312344e-08
17159.80442761661 4.857266602194157e-08
17356.37897757431 4.75312086395433e-08
17555.20539198975 4.6512081266180014e-08
17756.309467149928 4.551480547007038e-08
17959.717294852046 4.453891232488518e-08
18165.455265788434 4.3583943451849196e-08
18373.550072970633 4.264945052634592e-08
18584.02871519269 4.1734994131366136e-08
18796.918500533757 4.084014476140726e-08
19012.24704990157 3.996448230387411e-08
19230.042300615733 3.910759499377841e-08
19450.33251003255 3.8269080380089964e-08
19673.14625921113 3.744854478702978e-08
19898.512456621364 3.664560236178097e-08
20126.460341895297 3.585987605442733e-08
20357.019489619746 3.509099685141263e-08
20590.219813174248 3.433860324490238e-08
20826.091568611675 3.360234203515011e-08
21064.665358583843 3.288186721121531e-08
21305.972136312066 3.2176840139427936e-08
21550.043209602765 3.148692990669131e-08
21796.91024490994 3.081181217039185e-08
22046.605271443335 3.015116967797343e-08
22299.160685324063 2.950469234130712e-08
22554.609253787872 2.8872076229703063e-08
22812.98411943609 2.8253024075683187e-08
23074.318804536182 2.764724530574408e-08
23338.647215370653 2.7054455116836993e-08
23606.00364663624 2.647437496801903e-08
23876.422785893505 2.590673257279925e-08
24149.939718066875 2.5351261052559387e-08
24426.58992999729 2.4807699413844518e-08
24706.40931504593 2.427579250698472e-08
24989.43417775122 2.3755290250407493e-08
25275.701238539124 2.3245948093400935e-08
25565.247638487297 2.2747526945256136e-08
25858.110944144013 2.2259792464872485e-08
26154.32915240173 2.1782515508904096e-08
26453.94069542752 2.1315472035272226e-08
26756.984445648955 2.085844245289787e-08
27063.499720797645 2.0411212055225415e-08
27373.52628901053 1.9973570901603617e-08
27687.104373989023 1.954531322239359e-08
28004.274660218485 1.9126237837943134e-08
28325.07829824624 1.871614802101987e-08
28649.556910020703 1.8314850952920428e-08
28977.75259429164 1.7922158128036436e-08
29309.707932071648 1.7537885200221834e-08
29645.46599216155 1.716185148587023e-08
29985.07033673769 1.679388035425607e-08
30328.565027003973 1.6433799060428097e-08
30675.99462890861 1.6081438291521342e-08
31027.404218925603 1.5736632543078962e-08
31382.839389904424 1.5399219940790136e-08
31742.34625698369 1.5069041826570084e-08
32105.97146357555 1.4745943121084561e-08
32473.762187416785 1.4429772136395066e-08
32845.76614668985 1.412038019859252e-08
33222.03160621412 1.381762199676213e-08
33602.607383707356 1.352135538837385e-08
33987.54285612026 1.3231441055496859e-08
34376.887966042224 1.2947742858868204e-08
34770.6932281812 1.2670127560177234e-08
35169.009735917694 1.239846463186635e-08
35571.88916793323 1.213262654611737e-08
35979.38379491617 1.1872488370086365e-08
36391.5464863428 1.1617927835258784e-08
36808.43071733698 1.1368825460512581e-08
37230.0905756083 1.1125064137097607e-08
37656.58076846875 1.0886529316274306e-08
38087.95662993237 1.0653109036086725e-08
38524.27412789218 1.0424693557815341e-08
38965.589871383396 1.0201175548629734e-08
39411.961117927225 9.982450092622092e-09
39863.44578095977 9.768414357394549e-09
40320.102437346075 9.55896777161107e-09
40781.99033497933 9.3540120221642e-09
41249.16940046891 9.153450748540976e-09
41721.70024691471 8.957189715187562e-09
42199.644181771466 8.765136796503292e-09
42683.06321480307 8.577201696801027e-09
43172.02006612724 8.393296117424195e-09
43666.57817435403 8.213333731101188e-09
44166.80170481582 8.037229925478314e-09
44672.755557892524 7.864901964957463e-09
45184.50537743204 7.69626895580011e-09
45702.11755926643 7.53125161136828e-09
46225.65925982733 7.369772408680445e-09
46755.19840485829 7.211755545528623e-09
47290.80369822785 7.057126725711352e-09
47832.54463084338 6.905813310334872e-09
48380.491489666965 6.757744268092189e-09
48934.715366834906 6.612849978909102e-09
49495.28816888051 6.471062380041661e-09
50062.28262606476 6.332314910557626e-09
50635.77230181165 6.196542331939529e-09
51215.83160225274 6.063680869044449e-09
51802.53578588104 5.9336681497238e-09
52395.96097331434 5.8064430410352405e-09
52996.184157172676 5.681945785139343e-09
53603.28321206666 5.560117934894221e-09
54217.33690470135 5.440902204424775e-09
54838.424904095926 5.324242600036565e-09
55466.627791919236 5.210084352529651e-09
56102.027072946024 5.0983737809650815e-09
56744.70518563071 4.989058418681239e-09
57394.74551280342 4.882086942991116e-09
58052.23239248827 4.777409051071907e-09
58717.251128845644 4.67497558789634e-09
59389.88800324 4.574738445618206e-09
60070.230285433296 4.476650495401843e-09
60758.366244909055 4.38066569150532e-09
61454.38516232378 4.286738924905464e-09
62158.377341090636 4.1948260488120285e-09
62870.43411909597 4.104883922779059e-09
63590.64788054868 4.01687026294139e-09
64319.11206796795 3.930743709778075e-09
65055.92119430575 3.84646383775066e-09
65801.1708552094 3.763991024053744e-09
66554.95774142473 3.6832865145776208e-09
67317.37965133991 3.604312427865118e-09
68088.53550367568 3.5270316347418815e-09
68868.52535031829 3.4514078224363314e-09
69657.4503893008 3.3774054935315647e-09
70455.41297793295 3.3049898556245326e-09
71262.51664608004 3.234126883572172e-09
72078.86610959821 3.1647833140499983e-09
72904.56728391652 3.0969265444513954e-09
73739.72729778198 3.0305246932386247e-09
74584.45450715719 2.9655465906608407e-09
75438.8585092791 2.901961686164305e-09
76303.05015687876 2.839740106836145e-09
77177.14157256231 2.7788526447839734e-09
78061.2461633601 2.719270672383248e-09
78955.47863543911 2.660966198813434e-09
79859.95500898552 2.603911854555125e-09
80774.79263325788 2.5480808138550527e-09
81700.110201811 2.4934468493645645e-09
82636.0277678975 2.4399843141688303e-09
83582.66676004263 2.3876680708996836e-09
84540.14999779896 2.3364735444946264e-09
85508.60170768177 2.286376702133893e-09
86488.14753928472 2.237353988475344e-09
87478.91458158591 2.1893823765578756e-09
88481.0313794317 2.1424393459842533e-09
89494.62795021854 2.0965028237912604e-09
90519.83580075984 2.0515512335244866e-09
91556.78794434851 2.00756347196882e-09
92605.61891801475 1.9645188552020787e-09
93666.46479997983 1.9223971658701166e-09
94739.46322731345 1.8811786287337877e-09
95824.75341378964 1.8408438614870315e-09
96922.47616794924 1.8013739202632943e-09
98032.77391136902 1.7627502742385943e-09
99155.79069713835 1.7249547608263477e-09
100291.67222855141 1.687969631901199e-09
101440.56587800957 1.6517775173474644e-09
102602.62070614225 1.6163614006271241e-09
103777.98748114688 1.5817046562667284e-09
104966.81869834832 1.5477909969241872e-09
106169.2685999866 1.5146044827714933e-09
107385.49319522688 1.4821295373054976e-09
108615.65028040115 1.4503508933044762e-09
109859.89945948099 1.419253617300092e-09
111118.40216478518 1.3888231130471919e-09
112391.32167792457 1.3590450741394886e-09
113678.82315098523 1.3299055078310976e-09
114981.07362795815 1.30139073645552e-09
116298.24206641038 1.273487353969371e-09
117630.49935940633 1.246182249108223e-09
118978.01835768053 1.219462604999142e-09
120340.9738920618 1.1933158593251026e-09
121719.5427961591 1.1677297268040856e-09
123113.90392930259 1.1426921972157744e-09
124524.2381997497 1.1181914989020804e-09
125950.72858815739 1.0942161205615895e-09
127393.56017132015 1.0707548078902245e-09
128852.9201461858 1.0477965301543458e-09
130328.9978541408 1.0253305012963975e-09
131821.98480557624 1.003346175370643e-09
133332.07470473574 9.818332159457709e-10
134859.46347484426 9.607815165215045e-10
136404.3492835339 9.401811949240522e-10
137966.93256854676 9.200225653145388e-10
139547.4160637467 9.002961579201674e-10
141146.00482541948 8.809927125391089e-10
142762.90625887818 8.62103152948961e-10
144398.33014537292 8.436186059591365e-10
146052.48866930624 8.255303941607491e-10
147725.5964457658 8.078300125453391e-10
149417.87054836715 7.90509146887113e-10
151129.53053741765 7.735596658597863e-10
152860.7984884038 7.569735996898284e-10
154611.89902080104 7.407431578782992e-10
156383.05932722072 7.248607207936369e-10
158174.50920288384 7.09318820196289e-10
159986.481075436 6.941101563105893e-10
161819.21003510393 6.792275889905535e-10
163672.93386519354 6.646641199646056e-10
165547.89307294754 6.504129092687063e-10
167444.3309207407 6.364672660716022e-10
169362.49345764815 6.228206324997482e-10
171302.6295513656 6.094666003387332e-10
173264.99092049847 5.963988978274616e-10
175249.83216722152 5.836113809022637e-10
177257.41081030862 5.710980466982647e-10
179287.9873185482 5.588530144072891e-10
181341.82514453446 5.468705287271763e-10
183419.1907588491 5.35144965528541e-10
185520.35368463467 5.236708123526905e-10
187645.58653256032 5.124426772494672e-10
189795.1650361954 5.014552900262747e-10
191969.3680877811 4.907034851412404e-10
194168.47777441525 4.801822103059992e-10
196392.77941465212 4.698865269945658e-10
198642.5615955161 4.598115947545826e-10
200918.116209953 4.499526795696929e-10
203219.73849468943 4.4030515371634786e-10
205547.7270685466 4.3086448138227846e-10
207902.38397118004 4.2162622678438084e-10
210284.01470226783 4.1258605345316137e-10
212692.92826114764 4.037397110556395e-10
215129.43718690396 3.950830432659467e-10
217593.85759892274 3.8661198654949274e-10
220086.50923790238 3.7832255809518774e-10
222607.71550733832 3.702108634372249e-10
225157.8035154836 3.6227309480440225e-10
227737.1041177847 3.545055200738478e-10
230345.95195981348 3.4690449014397177e-10
232984.68552068117 3.394664369083194e-10
235653.64715695466 3.32187863150093e-10
238353.18314707553 3.2506534966754335e-10
241083.64373628332 3.1809555292641704e-10
243845.38318206355 3.1127519582098925e-10
246638.75980010553 3.0460107455428127e-10
249464.1360107926 2.98070056018073e-10
252321.87838622465 2.916790693519028e-10
255212.35769777262 2.8542511258124776e-10
258135.94896419538 2.793052497691246e-10
261093.03150028043 2.733166033095939e-10
264083.9889660694 2.6745636032744063e-10
267109.20941663074 2.617217696406828e-10
270169.0853524024 2.5611013472970533e-10
273264.0137701284 2.5061881990219657e-10
276394.3962143507 2.4524524710161346e-10
279560.6388295186 2.3998688949731305e-10
282763.1524126779 2.348412774187989e-10
286002.3524667698 2.298059950413515e-10
289278.65925454063 2.248786745466342e-10
292592.49785306165 2.200570021572152e-10
295944.2982088932 2.1533871335235004e-10
299334.4951938504 2.1072158973026048e-10
302763.52866143745 2.0620346387075337e-10
306231.8435039112 2.0178221241296667e-10
309739.8897099971 1.9745575732300106e-10
313288.1224232862 1.932220679248377e-10
316877.0020012689 1.8907915386284689e-10
320506.994075077 1.8502506829346753e-10
324178.56960989075 1.8105790833485897e-10
327892.20496603823 1.771758088908963e-10
331648.3819608137 1.7337694575795933e-10
335447.5879309718 1.6965953580740371e-10
339290.3157959704 1.6602183132155299e-10
343177.0641219163 1.624621230136319e-10
347108.33718625276 1.589787399748823e-10
351084.64504318655 1.5557004448251088e-10
355106.5035898567 1.5223443493130162e-10
359174.4346332846 1.4897034557415148e-10
363288.9659580543 1.4577624176485502e-10
367450.63139480434 1.4265062280039475e-10
371659.97088948323 1.395920214809137e-10
375917.53057339706 1.365989997529943e-10
380223.86283408274 1.3367015146208708e-10
384579.5263869551 1.3080410175553536e-10
388985.08634781314 1.279995030946462e-10
393441.11430615315 1.2525503791725134e-10
397948.1883993223 1.2256941790521845e-10
402506.89338754537 1.1994138033618993e-10
407117.82072977023 1.173696906567192e-10
411781.56866042357 1.1485314163380224e-10
416498.7422670194 1.1239055001944613e-10
421269.9535686659 1.0998075903526516e-10
426095.8215954726 1.0762263742569206e-10
430976.97246885643 1.0531507641064477e-10
435914.0394827953 1.0305699208270188e-10
440907.6631859691 1.0084732437790208e-10
445958.4914648857 9.868503429357592e-11
451067.1796279322 9.656910619940118e-11
456234.39049038914 9.449854673995776e-11
461460.79446044663 9.247238229649847e-11
466747.0696261588 9.048966121321009e-11
472093.9018434407 8.854945264420276e-11
477501.9848250468 8.665084423946966e-11
482972.02023056656 8.479294428784242e-11
488504.7177574817 8.297488051966057e-11
494100.79523321585 8.119579799869735e-11
499760.9787082907 7.945486130253149e-11
505486.0025505145 7.775125278933537e-11
511276.60954026366 7.608417147351849e-11
517133.5509668549 7.44528347770349e-11
523057.5867260116 7.285647602611618e-11
529049.4854184671 7.129434491699528e-11
535110.0244496763 6.976570824372993e-11
541239.9901306814 6.826984735865985e-11
547440.1777801316 6.680605932505081e-11
553711.3918274586 6.53736570789571e-11
560054.4459172708 6.397196719953992e-11
566470.1630148864 6.260033103103617e-11
572959.3755131307 6.12581047481867e-11
579522.9253403255 5.994465731140171e-11
586161.6640695131 5.865937155735612e-11
592876.4530289678 5.7401644179466646e-11
599668.1634139139 5.6170883853446955e-11
606537.6763995829 5.4966512296003734e-11
613485.88325553 5.378796417075207e-11
620513.685461261 5.263468537075605e-11
627621.9948232183 5.1506134044963983e-11
634811.733593048 5.040178043895358e-11
642083.8345872813 4.932110532206454e-11
649439.2413083495 4.8263600981374614e-11
656878.9080669988 4.722877100579845e-11
664403.8001061068 4.62161288463708e-11
672014.8937259037 4.522519877775872e-11
679713.1764106697 4.4255515633456386e-11
687499.6469568148 4.330662348869731e-11
695375.3156024967 4.237807658967058e-11
703341.2041586805 4.1469439046860085e-11
711398.3461416998 4.058028363089631e-11
719547.7869073794 3.9710192669797e-11
727790.5837866223 3.885875770682642e-11
736127.8062226229 3.8025578400357585e-11
744560.5359096075 3.721026338954319e-11
753089.8669331647 3.641242992243189e-11
761716.9059122276 3.5631702851570425e-11
770442.7721426077 3.48677154685634e-11
779268.597742249 3.412010910757389e-11
788195.5277980963 3.338853222898732e-11
797224.7205146651 3.267264122335339e-11
806357.3473643142 3.1972099994835095e-11
815594.5932392187 3.1286579125814474e-11
824937.6566051374 3.061575665074419e-11
834387.7496568584 2.99593176236141e-11
843946.098475511 2.93169533569117e-11
853613.9431876248 2.8688362209427194e-11
863392.5381260155 2.8073248958359942e-11
873283.1519925625 2.747132439644243e-11
883287.0680227655 2.6882305962682853e-11
893405.5841522727 2.6305916837122256e-11
903640.0131852664 2.5741886111888795e-11
913991.682964773 2.518994905201218e-11
924461.9365449824 2.464984617900992e-11
935052.1323654482 2.4121323687150565e-11
945763.6444273753 2.3604133501722923e-11
956597.8624718689 2.3098032474064593e-11
967556.1921602464 2.2602782786746885e-11
978640.0552564167 2.2118151977034348e-11
989850.8898113219 2.164391219865023e-11
1001190.1503495602 2.1179840615627884e-11
1012659.3080580425 2.072571939510855e-11
1024259.8509769129 2.0281335030622286e-11
1035993.2841925946 1.9846478724418198e-11
1047861.130033048 1.9420946353347414e-11
1059864.9282653278 1.9004537848824208e-11
1072006.236295296 1.8597057567501046e-11
1084286.6293697332 1.8198314233631246e-11
1096707.7007806962 1.7808120371231232e-11
1109271.0620722193 1.742629266303243e-11
1121978.343249451 1.705265187239905e-11
1134831.1929900688 1.668702232356172e-11
1147831.278858237 1.6329232248843868e-11
1160980.2875209348 1.5979113692930977e-11
1174279.9249667958 1.5636502037375953e-11
1187731.9167274537 1.5301236336161982e-11
1201338.008101394 1.4973159204865598e-11
1215099.9643804266 1.4652116385938886e-11
1229019.5710786993 1.4337957072721869e-11
1243098.6341643592 1.4030533785803044e-11
1257338.9802938704 1.3729701975852714e-11
1271742.4570489828 1.343532033623278e-11
1286310.9331765 1.3147250668626122e-11
1301046.2988306622 1.2865357520433605e-11
1315950.4658184377 1.2589508486148721e-11
1331025.367847546 1.2319574064104858e-11
1346272.9607773195 1.2055427325665062e-11
1361695.2228725217 1.1796944205539177e-11
1377294.155059938 1.1544003351296369e-11
1393071.7811880396 1.1296485821777534e-11
1409030.148289543 1.1054275366545379e-11
1425171.3268469737 1.0817258269631006e-11
1441497.4110613598 1.0585323074790744e-11
1458010.5191238588 1.0358360870153387e-11
1474712.7934906401 1.0136265060753552e-11
1491606.4011608267 9.918931224184147e-12
1508693.533957651 9.706257337759246e-12
1525976.4088128349 9.498143451157357e-12
1543457.2680541894 9.294491749229124e-12
1561138.3796966108 9.095206645454475e-12
1579022.0377362482 8.900194451247764e-12
1597110.5624482052 8.70936352628631e-12
1615406.3006875522 8.522624299485778e-12
1633911.6261937872 8.339888978386497e-12
1652628.939898884 8.16107169547991e-12
1671560.6702387047 7.986088516619637e-12
1690709.2734681414 7.814857174501753e-12
1710077.2339797749 7.647297210897621e-12
1729667.0646261757 7.483329973997535e-12
1749481.3070460057 7.323769695171093e-12
1769522.5319936813 7.168671402013054e-12
1789793.339672984 7.01810595562784e-12
1810296.360074387 6.8721589763317675e-12
1831034.2533162802 6.7309290568398035e-12
1852009.7099901133 6.594526039710985e-12
1873225.4515094373 6.463068147429169e-12
1894684.2304630764 6.336678560809336e-12
1916388.8309721495 6.2154820600992735e-12
1938342.0690513684 6.099600704995915e-12
1960546.7929743743 5.989149378087969e-12
1983005.8836432376 5.8842316589093055e-12
2005722.2549623328 5.7849351473666824e-12
2028698.8542162739 5.691327223207095e-12
2051938.662452402 5.60345152362758e-12
2075444.694867514 5.5213243169645925e-12
2099220.001199032 5.44493183707827e-12
2123267.66612078 5.374228628206024e-12
2147590.809643075 5.309136065304185e-12
2172192.587517622 5.249542138465312e-12
