"t (day)" "dm/dt (M_sun/yr)"
19.15138709752424 0.0001935964639822212
19.385971755113193 0.0003987977863445309
19.623429831807307 0.000787360903192962
19.863796524014703 0.0014878974816123225
20.10710745926311 0.002690198881481154
20.353398701480472 0.004648711804328019
20.602706756340666 0.007689838856888202
20.855068576674125 0.012191601093194357
21.110521567945234 0.018496150186152277
21.369103593796556 0.02695181099140904
21.630852981661107 0.037818761930325004
21.895808528443148 0.05123127758949903
22.16400950626905 0.06708368640266217
22.435495668307865 0.08427511216464938
22.710307254663867 0.10088604612765499
22.98848499834094 0.11692744198255181
23.27007013128 0.13282871265083215
23.555104390470717 0.14909148495076366
23.843630024137482 0.16608310126985262
24.13568979800176 0.18376571080769358
24.43132700162079 0.20170557300086692
24.730585454804064 0.2196431183594341
25.03350951410829 0.23764313503611417
25.340144079412244 0.25581254005828674
25.65053460057153 0.27413957948530926
25.964727084155484 0.29254530769431464
26.282768100266264 0.31093867540882947
26.604704789441485 0.32932657654586694
26.93058486964169 0.3476546725681717
27.26045664332288 0.3657895892364709
27.594369004596135 0.3836378992794031
27.932371446474797 0.4011718424032726
28.27451406821033 0.41833189593396486
28.620847582718092 0.43510503342912066
28.971423324094324 0.45151077249496924
29.32629325522459 0.4675027498213752
29.685509975486045 0.48305740273606235
30.04912672854377 0.49818002685869717
30.417197410242455 0.5128224686198264
30.789776576595372 0.5268593162403487
31.16691945187019 0.5401626684635106
31.54868193677473 0.5526855879698074
31.935120616742623 0.5644405571199432
32.32629277032042 0.575422883450591
32.72225637765751 0.5855897010629467
33.12307012910026 0.594817475186531
33.52879343389079 0.6029656871202181
33.93948642897295 0.6100213396232375
34.35520998790592 0.6159916889363
34.77602572988684 0.6208343914062915
35.2019960288844 0.6245682473280679
35.63318402288361 0.6272117194608338
36.06965362324447 0.628748900700675
36.51146952417494 0.629137502491903
36.95869721232009 0.6282576850193228
37.411402976468395 0.6261017856121982
37.86965391737763 0.6228582501623228
38.33351795772011 0.618657069766612
38.80306385215062 0.6134441986130742
39.27836119749727 0.6071632503818728
39.75948044307714 0.5999085067029866
40.24649290113873 0.5918568891056467
40.73947075743148 0.5831340462296812
41.23848708190558 0.5737697340187631
41.74361583954248 0.5637875967785505
42.254931901317974 0.5532950462939878
42.77251105529974 0.5424078932863245
43.29643001788102 0.5312096450681626
43.826766445151186 0.5198045993451882
44.36359894440636 0.5082943097656631
44.90700708580061 0.49674254687726793
45.45707141413992 0.48519685164890763
46.01387346082099 0.47370257673097105
46.577495755915415 0.4623107174251365
47.14802184040279 0.4510910411343563
47.7255362785532 0.44008667450092764
48.31012467046144 0.4293101411887439
48.90187366473482 0.41879033066440485
49.50087097133626 0.4085702619480042
50.10720537458516 0.39866069902950707
50.72096674631663 0.3890449944829502
51.34224605920273 0.37971790583178894
51.971135400236484 0.3706865191548978
52.60772798438147 0.3619528690641139
53.25211816838777 0.35351506380271847
53.90440146477797 0.34536961957531026
54.564674556004206 0.337503343072896
55.233035308778504 0.329895590805809
55.90958278857875 0.322533019990605
56.59441727433219 0.3154076303366157
57.28764027327947 0.30850634979304226
57.989354536019405 0.30181128848775296
58.69966407173946 0.2953072419800189
59.41867416363164 0.2889828375118755
60.146491384498496 0.2828274306127373
60.883223612548655 0.2768296483854866
61.62898004738715 0.2709796834387376
62.38387122620115 0.2652684479412941
63.14800904014382 0.2596922780509182
63.92150675091911 0.25424687210279023
64.70447900756942 0.2489267433851362
65.49704186346956 0.24372535064815962
66.29931279352756 0.2386392814520566
67.11141071159761 0.2336655634239884
67.93345598810542 0.22880198982349748
68.76557046788959 0.22404336588660712
69.60787748826228 0.2193852333736925
70.4605018972895 0.21482380125744405
71.32357007229697 0.21035622063843
72.19720993860174 0.20598142554665852
73.08155098847351 0.20169672478357817
73.976724300328 0.19749949122006194
74.88286255815628 0.19338722809179607
75.80010007119036 0.18935769534165328
76.72857279381147 0.1854103827378041
77.66841834570117 0.18154340168539618
78.61977603223943 0.17775468316943124
79.58278686515334 0.1740415392623271
80.55759358341714 0.17040219967131742
81.5443406744098 0.1668351193134801
82.54317439533108 0.16333882000709551
83.55424279487995 0.15991212812598715
84.5776957351984 0.15655348078511083
85.61368491408508 0.15326182828186297
86.66236388747893 0.15003526342678944
87.7238880922203 0.14687216132429062
88.79841486908995 0.1437713233512644
89.88610348613 0.14073190552359865
90.98711516225164 0.13775287463974778
92.1016130911303 0.13483314320226233
93.22976246539503 0.1319714734187595
94.37173050111355 0.12916662804691792
95.52768646257721 0.12641698501339194
96.69780168738941 0.12372147756716301
97.88224961186239 0.12107893875310631
99.081205796723 0.11848853920088921
100.29484795313527 0.11594932582538099
101.52335596904105 0.11346001908625346
102.76691193582293 0.11102012420747423
104.02570017529494 0.108628737724145
105.2999072670219 0.10628523462967562
106.58972207597517 0.10398845076824373
107.89533578052651 0.10173740467268907
109.21694190078462 0.09953070167666406
110.55473632727903 0.09736765278888809
111.90891734999592 0.0952474172492934
113.27968568776788 0.09316969528379063
114.66724451802541 0.0911335318213135
116.0717995069122 0.08913805271521096
117.49355883976907 0.08718249917314522
118.93273325199209 0.0852658837074423
120.38953606026723 0.08338766876837449
121.86418319418908 0.08154702574626395
123.35689322826606 0.07974339944186001
124.86788741431809 0.07797621698432526
126.39738971427059 0.07624452175359528
127.94562683335053 0.07454772825448518
129.51282825368975 0.07288531531898863
131.09922626833787 0.07125678581111573
132.70505601569397 0.06966124243187695
134.3305555143587 0.06809822087182801
135.975965698415 0.06656707290263834
137.64153045313785 0.06506708755390243
139.32749665114466 0.06359776083954731
141.03411418898668 0.062158317324830056
142.761636024189 0.06074836584169871
144.5103182127446 0.059367348486758474
146.28041994706675 0.05801475112464676
148.07220359440834 0.05668994953442046
149.88593473574832 0.05539240842525875
151.7218822051581 0.054121784961848746
153.5803181296476 0.05287737765754242
155.4615179695017 0.05165910185976818
157.36576055910768 0.05046627409005675
159.29332814828544 0.04929875925217585
161.2445064441229 0.04815590046899917
163.21958465332403 0.04703738280342105
165.2188555250752 0.045942512834235186
167.24261539443705 0.0448708762427966
169.29116422626853 0.04382188411149139
171.36480565968668 0.04279496887565025
173.46384705307344 0.0417898582058404
175.5885995296323 0.040805966932529074
177.73937802350488 0.039843235787879024
179.91650132644875 0.03890115310156581
182.1202921350907 0.037979636095724946
184.35107709875712 0.037078131951614024
186.60918686789014 0.03619632269282919
188.89495614305753 0.03533391361541517
191.20872372456193 0.034490377545406584
193.55083256266002 0.03366543398975214
195.9216298083926 0.032858623791964484
198.32146686504186 0.03206953260132776
200.75069944021558 0.03129787255301023
203.20968759857283 0.030543184312960263
205.69879581519035 0.02980514624846049
208.21839302958773 0.029083400463216048
210.76885270041146 0.028377817490304633
213.3505528607897 0.02768791065835624
215.9638761743649 0.02701338415746065
218.60920999201247 0.026354195913572007
221.286946409256 0.025709860925860823
223.9974823243821 0.02508016296470516
226.74121949727055 0.02446487548990185
229.51856460894334 0.02386369536691602
232.32992932184493 0.023276328896175525
235.17573034085717 0.022702454312588743
238.05638947506557 0.02214173387958759
240.97233370027996 0.021593908053169592
243.923995222322 0.021058792564670956
246.9118115410865 0.02053607313425411
249.93622551538883 0.020025367236938645
252.99768542860755 0.019526529605083307
256.09664505512677 0.019039305278213715
259.2335637275975 0.01856354857095576
262.4089064050199 0.01809887889059959
265.62314374165965 0.017645216588943354
268.8767521568118 0.017202266294687674
272.17021390541225 0.016769836486025747
275.50401714952136 0.01634769278079538
278.8786560306789 0.015935679391735645
282.2946307431467 0.01553358157764937
285.75244760804856 0.01514111932616498
289.2526191484168 0.014758072625146312
292.79566416516195 0.01438417885727574
296.38210781396674 0.014019317145081586
300.0124816831275 0.013663200580732312
303.687323872346 0.013315692732774718
307.40717907249035 0.012976565307627997
311.1725986463253 0.012645610300092954
314.98414071023944 0.012322756028553433
318.8423702169688 0.012007770542507262
322.74785903933554 0.011700525143902369
326.7011860550116 0.011400841978562273
330.7029372323201 0.011108511108014472
334.75370571709146 0.010823412703825397
338.8540919205759 0.01054538724806708
343.0047036084407 0.010274303452345304
347.20615599085204 0.010009929820024074
351.45907181366584 0.009752161541300708
355.76408145072764 0.009500817664807976
360.12182299731035 0.009255696482448401
364.5329423646932 0.009016693834267179
368.9980933758998 0.008783656980918349
373.5179378626082 0.008556434697916658
378.0931457632488 0.00833489362274805
382.724395222306 0.008118917850618934
387.41237269082967 0.007908366783056186
392.1577730281845 0.007703130921093468
396.9612996050423 0.007503063890852853
401.82366440763957 0.0073080111338059755
406.7455881433043 0.007117869798540282
411.7278003472837 0.006932527584561884
416.7710394908759 0.00675185106674294
421.87605309088826 0.006575678785169211
427.0435978204343 0.006403910446341508
432.27443962108896 0.006236428437629247
437.5693538164206 0.006073088425638474
442.92912522690597 0.005913715444505273
448.35454828626035 0.005758366832887231
453.8464271591888 0.005606960942516311
459.4055758605836 0.005459396014641184
465.03281837617385 0.005315593485334803
470.7289887846611 0.005175483906189707
476.49493138134767 0.0050390078711340935
482.33150080327835 0.004906077386362952
488.23956215591704 0.00477661930261483
494.2199911413725 0.004650568181242265
500.27367418820023 0.004527860744998687
506.40150858278463 0.00440843940640432
512.6044026023401 0.004292239395755364
518.8832756495351 0.0041791849660186035
525.2390583887719 0.004069216876302563
531.6726928841241 0.003962271242482243
538.1851327389764 0.0038582913731991155
544.7773432373672 0.0037572196486315096
551.4503014870639 0.0036589761750090845
558.204996564393 0.0035634844527979515
565.0424296608402 0.0034706744047089465
571.9636142314531 0.0033804771926157027
578.9695761450513 0.0032928177712462305
586.0613538362854 0.003207622309960593
593.2399984595544 0.0031248106714019323
600.5065740448132 0.0030443053230938535
607.8621576552782 0.0029660229060822054
615.3078395470762 0.002889880366356916
622.8447233308422 0.0028158007956544224
630.4739261352983 0.002743708594404205
638.1965787728367 0.002673531887798441
646.0138259071292 0.00260520047462576
653.9268262227956 0.002538647212469192
661.9367525971385 0.0024738109582838294
670.0447922739942 0.0024106323988353846
678.2521470397046 0.0023490572081639777
686.5600334012547 0.0022890342399891086
694.969682766575 0.0022305163135013305
703.4823416270699 0.002173457362722073
712.099271742372 0.00211782016204938
720.8217503273631 0.002063567562614063
729.6510702414846 0.0020106802931515247
738.5885401803666 0.0019590717943671694
747.635484869806 0.0019087124937687474
756.7932452621147 0.001859580416090435
766.0631787348917 0.001811654522481472
775.4466592921964 0.0017649116899321846
784.9450777682179 0.0017193290501824436
794.5598420334237 0.001674884299284838
804.292377203236 0.0016315539320447504
814.1441258492661 0.0015893151010089287
824.1165482131327 0.0015481451192337341
834.2111224229017 0.0015080208666246502
844.4293447121778 0.0014689186106948621
854.7727296418774 0.0014308151913665307
865.2428103247197 0.0013936888387110391
875.8411386524625 0.001357516219774358
886.5692855259427 0.001322274356902052
897.4288410878934 0.0012879406521881301
908.4214149586539 0.0012544936991291012
919.5486364747446 0.0012219117012448244
930.8121549303718 0.0011901731051957207
942.2136398218869 0.0011592560713054088
953.7547810952436 0.0011291409361952184
965.437289396482 0.0010998076009504677
977.2628963252861 0.0010712355814830347
989.2333546916369 0.0010434048172137116
1001.3504387756361 0.0010162968875295033
1013.6159445904661 0.000989894101986811
1026.0316901486142 0.0009641767598575393
1038.5995157313391 0.000939127347298463
1051.3212841614386 0.0009147287250991748
1064.1988810793598 0.0008909639750950811
1077.2342152226934 0.0008678166379226605
1090.429218709088 0.0008452706735481491
1103.7858473226333 0.000823310449512984
1117.3060808037471 0.0008019207572234265
1130.9919231426184 0.0007810867731200476
1144.8454028762399 0.000760794055664757
1158.8685733890763 0.0007410285454128136
1173.0635132174416 0.0007217765467115291
1187.4323263575507 0.000703024719556113
1201.9771425773981 0.0006847600616892733
1216.7001177324314 0.0006669699234332212
1231.603434085094 0.0006496419765052365
1246.689300628285 0.0006327642067461578
1261.9599534127776 0.0006163249257336046
1277.417655878652 0.0006003127401536504
1293.0646991907797 0.0005847165544848745
1308.9034025784451 0.0005695255560120364
1324.9361136790722 0.0005547292225538631
1341.1652088862195 0.0005403173010713257
1357.593093701804 0.0005262797988336772
1374.2222030926505 0.0005126069940637806
1391.055001851405 0.0004992894113180436
1408.0939849618715 0.00048631781827772574
1425.3416779688214 0.0004736832296537122
1442.800637352333 0.0004613768898966443
1460.4734509067198 0.00044939027187288
1478.3627381240935 0.00043771506415868453
1496.471150582633 0.0004263431807142868
1514.8013723396027 0.0004152667411172003
1533.3561203291822 0.00040447806556636305
1552.138144765201 0.00039396968248431357
1571.1502295487405 0.0003837343090936022
1590.3951926807922 0.0003737648521464914
1609.875886679943 0.00036405440131204555
1629.5951990051767 0.00035459622981779575
1649.556052483861 0.0003453837837602775
1669.76140574497 0.0003364106754872287
1690.2142536576127 0.0003276706905511536
1710.9176277749636 0.0003191577721004769
1731.874596783563 0.0003108660180088218
1753.0882669581904 0.00030278968583767835
1774.5617826222735 0.0002949231782108075
1796.2983266139472 0.0002872610444493188
1818.3011207578152 0.0002797979716424671
1840.5734263424968 0.0002725287909551259
1863.1185446040195 0.00026544846509942165
1885.9398172151339 0.0002585520849190795
1909.0406267806197 0.0002518348743631704
1932.4243973386613 0.000245292178169008
1956.0945948683661 0.0002389194616983058
1980.0547278034956 0.00023271230860619427
2004.3083475524836 0.00022666641850406348
2028.8590490248635 0.00022077760203419142
2053.7104711640604 0.00021504177601878768
2078.8662974868007 0.00020945496799990956
2104.3302566290718 0.00020401330634420322
2130.1061228987915 0.00019871301817127898
2156.197716835241 0.00019355043289156365
2182.60890577535 0.00018852197249324707
2209.3436044269133 0.0001836241528150763
2236.405775448869 0.0001788535776846113
2263.7994300385913 0.00017420694302913814
2291.528628526482 0.00016968102893562753
2319.5974809777836 0.00016527269732537642
2348.0101478017823 0.00016097889520638427
2376.7708403684683 0.00015679664686319198
2405.8838216327517 0.00015272305334928902
2435.353406766327 0.0001487552922090453
2465.1839637972716 0.0001448906142277226
2495.3799142574835 0.00014112634150231725
2525.945733838047 0.00013745986394396282
2556.8859530526265 0.00013388864224067755
2588.205157908991 0.0001304102015846583
2619.907990588736 0.00012702213023892285
2651.999150135414 0.00012372208185500126
2684.483393150957 0.00012050776931280418
2717.3655345007605 0.00011737696533415469
2750.650448027326 0.0001143274992495047
2784.343067272687 0.00011135725887504264
2818.4483862096536 0.00010846418599223066
2852.971459982029 0.0001056462746480675
2887.9174056538827 0.000102901573280779
2923.291402968058 0.00010022817976779023
2959.0986951138384 9.762424084375939e-05
2995.3445895041696 9.508795269746143e-05
3032.034458562303 9.261755777190555e-05
3069.1737405181098 9.021134431045778e-05
3106.7679402141507 8.78676438674748e-05
3144.822629921596 8.558483324093865e-05
3183.34345016618 8.336133049636312e-05
3222.336110564228 8.119559398077044e-05
3261.8063906689486 7.908612384010483e-05
3301.7601408271044 7.703145811261605e-05
3342.2032830461303 7.503017292311484e-05
3383.1418118719293 7.30808810117436e-05
3424.581795277372 7.118223207104265e-05
3466.5293755617463 6.933291045551474e-05
3508.9907702611067 6.75316339001998e-05
3551.9722730699004 6.577715490933299e-05
3595.4802547738122 6.406825761675167e-05
3639.52116419405 6.240375724933384e-05
3684.1015291432063 6.078250100369263e-05
3729.2279573928213 5.920336528335482e-05
3774.907137652788 5.7665255906752106e-05
3821.1458405627504 5.61671063538735e-05
3867.950919695724 5.470787902644901e-05
3915.329312573859 5.3286562727798174e-05
3963.2880416967705 5.190217198793111e-05
4011.834215582423 5.0553748056449645e-05
4060.975029820766 4.9240356425198874e-05
4110.71776814028 4.796108682591657e-05
4161.069803487562 4.671505267043354e-05
4212.03859912018 4.550139071462674e-05
4263.631709712877 4.4319259977265315e-05
4315.856782477332 4.316784079629609e-05
4368.721558295647 4.204633573559209e-05
4422.233872867721 4.095396759457507e-05
4476.401657872656 3.988997900062688e-05
4531.23294214439 3.8853633115022867e-05
4586.735852861816 3.784421167942658e-05
4642.918616753299 3.686101527545427e-05
4699.789561316123 3.590336215141939e-05
4757.357116050788 3.497058904373441e-05
4815.62981371045 3.4062049579699795e-05
4874.616291565651 3.317711381758831e-05
4934.325292684548 3.2315168895992825e-05
4994.765667228809 3.1475617462938804e-05
5055.94637376549 3.06578775935083e-05
5117.876480594735 2.9861382675298246e-05
5180.56516709401 2.9085580841096222e-05
5244.021725078632 2.8329934522541687e-05
5308.255560179052 2.7593919767236662e-05
5373.276193234934 2.6877026830549633e-05
5439.093261706379 2.6178758913874796e-05
5505.716521102391 2.5498631882185074e-05
5573.155846426856 2.483617472656533e-05
5641.421233642228 2.419092832525869e-05
5710.522801151152 2.3562445581830336e-05
5780.470791296215 2.2950290730963093e-05
5851.275571878117 2.235403978067938e-05
5922.947637692326 2.1773279559475412e-05
5995.497612084785 2.1207607389890495e-05
6068.936248526325 2.0656631512958514e-05
6143.274432206702 2.0119970092171593e-05
6218.5231816479645 1.9597251109132042e-05
6294.6936503376455 1.9088112445838998e-05
6371.797128381946 1.859220129672353e-05
6449.845044179178 1.8109174039778627e-05
6528.848966113674 1.7638695749129495e-05
6608.8206042705715 1.7180440581116388e-05
6689.771812171334 1.6734090974501586e-05
6771.714588530823 1.6299337455916154e-05
6854.661079035734 1.587587894273092e-05
6938.623578144836 1.5463421957330012e-05
7023.614530911293 1.5061680675697981e-05
7109.646534827273 1.4670376603225927e-05
7196.732341691188 1.4289238684182136e-05
7284.884859497758 1.3918002812895083e-05
7374.117154351284 1.355641158596198e-05
7464.442452402305 1.3204214579562358e-05
7555.874141808012 1.2861167717956947e-05
7648.425774716651 1.2527033173749354e-05
7742.111069276216 1.220157951988208e-05
7836.9439116679105 1.188458120978118e-05
7932.938358164173 1.157581859497181e-05
8030.1086372122545 1.127507758096079e-05
8128.469151543155 1.0982149879005173e-05
8228.034480306396 1.0696832499172169e-05
8328.819381231007 1.0418927617019734e-05
8430.838792812894 1.0148242771801563e-05
8534.107836529045 9.8845903681979e-06
8638.641819078963 9.627787681974489e-06
8744.456234653295 9.377656729164006e-06
8851.566767230486 9.134024225330446e-06
8959.989292901486 8.896721349981827e-06
9069.739882222912 8.665583563165317e-06
9180.834802599062 8.440450786565145e-06
9293.290520693074 8.221167003150793e-06
9407.123704867674 8.007580177017746e-06
9522.351227655758 7.799542394242178e-06
9638.990168261273 7.59690946999026e-06
9757.057815090739 7.399541001439157e-06
9876.571668315744 7.207300132945933e-06
9997.549442466849 7.020053720168862e-06
10120.009069059237 6.837672008775178e-06
10243.968699250681 6.6600285434979246e-06
10369.446706531759 6.487000297776892e-06
10496.461689449266 6.318467357800815e-06
10625.032474362984 6.154312909889846e-06
10755.178118236068 5.99442320571373e-06
10886.917911459757 5.838687465486635e-06
11020.271380712604 5.686997776509049e-06
11155.25829185472 5.5392489599423755e-06
11291.89865285753 5.395338689018095e-06
11430.212716769496 5.2551672352423115e-06
11570.220984717826 5.118637412758437e-06
11711.94420894734 4.985654670650018e-06
11855.403395896368 4.856126843757587e-06
12000.61980931035 4.729964183425563e-06
12147.614973393605 4.607079209083065e-06
12296.410675999625 4.487386810146423e-06
12447.028971860585 4.370804045621562e-06
12599.492185856252 4.257250081542116e-06
12753.822916323077 4.146646275720274e-06
12910.044038403716 4.038915977407704e-06
13068.178707437626 3.933984508853229e-06
13228.25036239321 3.831779174286532e-06
13390.282729341876 3.7322291528067886e-06
13554.299824975016 3.635265464933284e-06
13720.325960163464 3.5408208772250984e-06
13888.38574356109 3.448829979407011e-06
14058.504085252263 3.3592290234916153e-06
14230.706200444127 3.2719558854033585e-06
14405.017613203981 3.186950125428573e-06
14581.46416024251 3.1041528301853093e-06
14760.0719947433 3.023506624302159e-06
14940.8675902395 2.9449555995463487e-06
15123.877744537482 2.8684453451915226e-06
15309.129583689033 2.7939228440640763e-06
15496.650566011978 2.721336424696845e-06
15686.468486160109 2.650635816706849e-06
15878.611479242923 2.581772023774927e-06
16073.10802499588 2.514697305224519e-06
16269.986952001726 2.449365201717021e-06
16469.277441963444 2.385730437872733e-06
16671.009034029685 2.3237489209616034e-06
16875.211629173096 2.263377673400871e-06
17081.915494622222 2.2045748830540814e-06
17291.15126834785 2.1472998012581746e-06
17502.94996360409 2.091512716494489e-06
17717.342973525523 2.0371749939536456e-06
17934.362075779904 1.9842489753190166e-06
18154.039437278545 1.9326979811333674e-06
18376.407618944137 1.8824862808358013e-06
18601.499580536958 1.8335790899488554e-06
18829.348685540193 1.7859425190616194e-06
19059.988706105156 1.7395435382247301e-06
19293.45382805696 1.6943500131188212e-06
19529.778655961898 1.6503306245265585e-06
19768.99821825612 1.6074548525747444e-06
20011.147972437942 1.5656930048379751e-06
20256.263810323282 1.5250161373203938e-06
20504.38206336568 1.4853960652428471e-06
20755.539508041296 1.4468053160411254e-06
21009.773371300093 1.4092171621576061e-06
21267.12133608355 1.3726055564110012e-06
21527.621546910214 1.3369451140175516e-06
21791.312615529427 1.3022111384726914e-06
22058.233626644535 1.2683795580017544e-06
22328.42414370596 1.235426923813721e-06
22601.92421477546 1.203330400752568e-06
22878.774378461952 1.1720677512932997e-06
23159.015669930617 1.141617312794331e-06
23442.68962698464 1.1119579715282735e-06
23729.838296222362 1.0830691862929085e-06
24020.504239269394 1.0549309373611634e-06
24314.730539087206 1.027523715525487e-06
24612.560806358913 1.000828540517101e-06
24914.039185953337 9.748269108895142e-07
25219.210363468217 9.495008104804062e-07
25528.119571853495 9.248326779999258e-07
25840.812598116194 9.008054284005041e-07
26157.335790106463 8.774024119173085e-07
26477.736063387703 8.546074018415068e-07
26802.060908190382 8.324046114421609e-07
27130.35839645112 8.10778653670905e-07
27462.677188937963 7.89714537962583e-07
27799.066542462955 7.691976705261222e-07
28139.576317183106 7.492138350344102e-07
28484.256983990686 7.297491843879685e-07
28833.159631994145 7.107902220633442e-07
29186.335976090573 6.923238175197578e-07
29543.83836463102 6.743371738386158e-07
29905.719787179474 6.568178201561288e-07
30272.03388236759 6.397536237280142e-07
30642.834945844323 6.231327581455606e-07
31018.177938324236 6.069437060664976e-07
31398.11849373371 5.911752438251402e-07
31782.712927457116 5.758164492132344e-07
32172.018244683964 5.60856679442204e-07
32566.092148858283 5.462855619190017e-07
32964.993050231526 5.320930053044309e-07
33368.780074520124 5.182691739643863e-07
33777.513071669695 5.048044845932771e-07
34191.252624725275 4.916896104053539e-07
34610.06005881164 4.789154629874519e-07
35033.9974502228 4.6647319106357607e-07
35463.127635623074 4.5435416726086515e-07
35897.514221360856 4.425499981583056e-07
36337.22159289643 4.31052503774629e-07
36782.31492434529 4.1985371237009973e-07
37232.860188138344 4.0894586834406204e-07
37688.92416480044 3.983214120785392e-07
38150.57445284871 3.879729806603728e-07
38617.87947881211 3.77893401123121e-07
39090.9085073737 3.6807569095926543e-07
39569.73165163702 3.585130471312498e-07
40054.41988351899 3.491988391673395e-07
40545.04504426854 3.401266163848615e-07
41041.67985511565 3.312900916926125e-07
41544.39792805004 3.226831385816794e-07
42053.2737767321 3.142997963650536e-07
42568.38282753734 3.06134254868149e-07
43089.8014307363 2.9818085621486136e-07
43617.606871811055 2.904340855300389e-07
44151.877382911334 2.828885774911488e-07
44692.692154449156 2.7553910332749657e-07
45240.13134683725 2.6838056726677315e-07
45794.27610237035 2.614080117019683e-07
46355.20855725231 2.546166044095907e-07
46923.01185377037 2.480016383570307e-07
47497.77015261874 2.4155852935084566e-07
48079.5686453729 2.352828135124159e-07
48668.49356711696 2.2917014223362425e-07
49264.63220922547 2.232162771192776e-07
49868.07293230193 2.17417094703003e-07
50478.9051792757 2.1176857617877707e-07
51097.21948865944 2.0626680524444528e-07
51723.10750796851 2.0090797177720513e-07
52356.66200730617 1.9568836175404912e-07
52997.97689311268 1.9060435856994616e-07
53647.14722208512 1.8565243695073005e-07
54304.269215266715 1.8082916722310706e-07
54969.440272308784 1.7613120707523883e-07
55642.758985907516 1.715552991379046e-07
56324.32515641752 1.6709827436312336e-07
57014.23980664413 1.6275704391936784e-07
57712.60519681817 1.5852859865025552e-07
58419.52483975163 1.5441000882928794e-07
59135.103516181516 1.5039842072346734e-07
59859.447290300326 1.4649105463444377e-07
60592.66352547711 1.426852012537642e-07
61334.860900170905 1.3897822474041422e-07
62086.14942403939 1.3536755621155003e-07
62846.64045424461 1.3185069225074354e-07
63616.446711958524 1.2842519731579377e-07
64395.682299070664 1.2508869734616516e-07
65184.46271510057 1.2183888038876348e-07
65982.90487431728 1.1867349327509235e-07
66791.12712306851 1.1559034352140191e-07
67609.24925732196 1.1258729466993761e-07
68437.39254042262 1.0966226451367513e-07
69275.67972106511 1.0681322730448723e-07
70124.23505148863 1.0403820861431772e-07
70983.18430589371 1.0133528472187889e-07
71852.65479908448 9.870258325994494e-08
72732.77540533968 9.613827985366272e-08
73623.67657751442 9.364059767730751e-08
74525.49036637618 9.120780486121135e-08
75438.3504401773 8.883821649925066e-08
76362.39210446867 8.653019052280797e-08
77297.75232215319 8.428212667476579e-08
78244.5697337877 8.209246808588863e-08
79202.98467813233 7.995969722081194e-08
80173.13921295166 7.788233607259828e-08
81155.17713607074 7.585894465689627e-08
82149.24400668908 7.388812133093769e-08
83155.48716695565 7.196850043747963e-08
84174.05576380811 7.009875096769156e-08
85205.10077107965 6.827757800367058e-08
86248.77501187655 6.650371946042761e-08
87305.23318122995 6.477594552304064e-08
88374.63186902476 6.30930595743994e-08
89457.12958320958 6.145389530168232e-08
90552.88677329222 5.985731693008576e-08
91662.06585411979 5.830221739702364e-08
92784.83122995333 5.678751966110464e-08
93921.34931883587 5.5312174086948615e-08
95071.78857725911 5.387515774303741e-08
96236.3195251323 5.247547543317914e-08
97415.11477105698 5.111215712569918e-08
98608.34903791091 4.9784257946470185e-08
99816.19918874731 4.849085761145814e-08
101038.84425300748 4.723106005815946e-08
102276.4654530583 4.600399233705526e-08
103529.24623105305 4.480880362756317e-08
104797.37227612131 4.364466617993681e-08
106081.03155189224 4.2510773249818345e-08
107380.41432435477 4.1406338673929306e-08
108695.71319005918 4.033059760347042e-08
110027.12310466396 3.928280447690439e-08
111374.84141183257 3.826223328878511e-08
112739.06787248391 3.726817637139192e-08
114120.00469440129 3.6299945247923844e-08
115517.856562204 3.535686897506492e-08
116932.83066768582 3.443829366456434e-08
118365.13674052499 3.354358315779355e-08
119814.98707937256 3.2672117395597875e-08
121282.5965833167 3.1823292329894835e-08
122768.18278373743 3.09965198134857e-08
124271.96587654875 3.019122699854876e-08
125794.16875483665 2.9406855882093404e-08
127335.01704189603 2.864286259426159e-08
128894.73912467503 2.789871801306455e-08
130473.56618762387 2.7173906455056456e-08
132071.7322469633 2.6467925381366326e-08
133689.47418537046 2.5780285878218382e-08
135327.03178708992 2.5110511371230373e-08
136984.64777347498 2.4458137766605138e-08
138662.56783896408 2.382271273723228e-08
140361.04068749808 2.3203796172021147e-08
142080.31806938356 2.2600959193548327e-08
143820.65481860764 2.2013783817027144e-08
145582.3088906098 2.1441863391229732e-08
147365.54140051655 2.0884801564877942e-08
149170.61666184422 2.0342212176478728e-08
150997.80222567613 1.9813719345303974e-08
152847.3689203191 1.9298956853010984e-08
154719.59089144567 1.8797568015472293e-08
156614.7456427308 1.8309205174994828e-08
158533.1140769802 1.7833530101357248e-08
160474.98053776872 1.737021316185526e-08
162440.6328515854 1.6918933118851067e-08
164430.36237049574 1.6479377444414907e-08
166444.4640153257 1.605124150495401e-08
168483.2363193778 1.5634228610223787e-08
170546.9814726764 1.5228049681090062e-08
172636.00536676135 1.4832423356960737e-08
174750.61764002708 1.4447075492692703e-08
176891.13172361764 1.4071738899980295e-08
179057.864887884 1.3706153635425308e-08
181251.13828941033 1.335006634521608e-08
183471.27701861638 1.3003230160415794e-08
185718.61014794282 1.2665404858294349e-08
187993.47078062696 1.2336356317557037e-08
190296.1961000757 1.2015856540209255e-08
192627.1274198436 1.170368329319311e-08
194986.61023422264 1.1399620369905317e-08
197374.99426945212 1.1103457064140743e-08
199792.63353555565 1.0814988031384661e-08
202239.88637881278 1.0534013494716881e-08
204717.11553487333 1.0260338727744456e-08
207224.68818252534 9.993774059566425e-09
209762.97599811447 9.734134741717648e-09
212332.35521063744 9.481240901921608e-09
214933.20665750644 9.234917302299319e-09
217565.91584099687 8.99499314809701e-09
220230.8729853901 8.761302275805427e-09
222928.47309480852 8.533682737707877e-09
225659.11601176654 8.311976718427425e-09
228423.20647643536 8.09603068126306e-09
231221.154186634 7.885694960473556e-09
234053.37385855574 7.680823816089046e-09
236920.28528823738 7.481275190051348e-09
239822.31341378266 7.286910876687476e-09
242759.8883783468 7.097596189302935e-09
245733.44559389338 6.913199865576542e-09
248743.42580573147 6.73359420223498e-09
251790.2751578437 6.558654727175372e-09
254874.4452590145 6.388260185787053e-09
257996.39324976818 6.222292506595708e-09
261156.5818701271 6.060636698245457e-09
264355.4795281994 5.903180745942543e-09
267593.56036960665 5.7498154725933185e-09
270871.3043477663 5.60043466159457e-09
274189.19729502493 5.4549347934662085e-09
277547.7309946732 5.3132149879415935e-09
280947.40325383795 5.175177099860242e-09
284388.71797726635 5.0407254605823925e-09
287872.1852420205 4.909766909458378e-09
291398.32137307466 4.782210641111301e-09
294967.64901985053 4.657968309266244e-09
298580.697233684 4.536953820086905e-09
302238.0015462417 4.419083266795514e-09
305940.1040488986 4.3042750177129785e-09
309687.55347308784 4.19244950836214e-09
313480.905271634 4.083529221953312e-09
317320.72170108365 3.977438699826629e-09
321207.5719050437 3.87410442865007e-09
325142.03199854086 3.773454806822439e-09
329124.68515341426 3.6754200451016057e-09
333156.121684754 3.5799322467181224e-09
337236.93913839874 3.486925240430027e-09
341367.74237950484 3.396334540587581e-09
345549.1436822003 3.3080974099327664e-09
349781.7628203357 3.2221526956067674e-09
354066.22715935356 3.138440840987183e-09
358403.1717492695 3.0569038129809764e-09
362793.23941880494 2.9774851323022482e-09
367237.08087066776 2.9001297664309853e-09
371735.3547780001 2.8247840796669343e-09
376288.7278820063 2.75139589065543e-09
380897.8750907846 2.679914340575992e-09
385563.4795793537 2.6102898737834453e-09
390286.23289092054 2.5424742651943565e-09
395066.8350393799 2.476420518171479e-09
399905.99461307196 2.412082863883342e-09
404804.42887981015 2.3494166910020283e-09
409762.8638931957 2.288378597950169e-09
414782.03460023477 2.228926287082547e-09
419862.6849502726 2.171018537291972e-09
425005.56800526415 2.1146152451112327e-09
430211.44605139294 2.059677320715658e-09
435481.090712059 2.0061666901971323e-09
440815.28306224983 1.954046265011233e-09
446214.8137443123 1.9032799382616884e-09
451680.4830851437 1.853832532296691e-09
457213.1012148145 1.8056697615705804e-09
462813.48818665574 1.7587582702146817e-09
468482.4740987966 1.7130655484721198e-09
474220.8992172102 1.6685599162913243e-09
480029.6141002579 1.6252105525235996e-09
485909.4797247602 1.582987412923104e-09
491861.3676136098 1.5418612413197766e-09
497886.1599649582 1.5018035208103734e-09
503984.74978296465 1.4627865078194612e-09
510158.0410101665 1.4247831650322127e-09
516406.9486614611 1.3877671426909576e-09
522732.39895973075 1.3517128054819196e-09
529135.3294731281 1.3165951665884774e-09
535616.6892540456 1.2823898857618902e-09
542177.438979784 1.2490732599681564e-09
548818.5510949463 1.21662220626727e-09
555541.0099555748 1.1850142385538715e-09
562345.8119750536 1.1542274404860286e-09
569233.965771799 1.124240490011284e-09
576206.4923187584 1.0950326063912913e-09
583264.4250947402 1.0665835387981118e-09
590408.8102375981 1.0388735854499326e-09
597640.7066992908 1.0118835416035734e-09
604961.1864028395 9.855947062464837e-10
612371.3344012194 9.59988850515876e-10
619872.2490381742 9.350482398954615e-10
627465.0421110225 9.107555917115593e-10
635150.8390354491 8.870940624153431e-10
642930.7790123129 8.640472651614461e-10
650806.0151965109 8.415992279926082e-10
658777.7148678859 8.197343904441475e-10
666847.0596042522 7.984376040701703e-10
675015.2454565287 7.776941120744012e-10
683283.4831260195 7.574895409864461e-10
691652.9981438654 7.378098812277121e-10
700125.0310526947 7.186415031149756e-10
708700.8375904984 6.999711232794872e-10
717381.6888767567 6.817857967917199e-10
726168.8716008477 6.640729296951028e-10
735063.6882127613 6.468202460228711e-10
744067.4571161511 6.300157905754649e-10
753181.5128637499 6.136479131180673e-10
762407.2063551794 5.977052762074324e-10
771745.9050371828 5.821768324898459e-10
781198.9931063092 5.670518150699339e-10
790767.8717140794 5.523197489979681e-10
800453.9591746778 5.379704247573854e-10
810258.6911751602 5.239938947122141e-10
820183.5209882641 5.103804776010812e-10
830229.9196878138 4.97120739492379e-10
840399.3763667638 4.842054926461176e-10
850693.398357912 4.716257817298692e-10
861113.5114573323 4.59372894256645e-10
871661.2601505095 4.474383392992569e-10
882338.2078412805 4.358138420815863e-10
893145.9370835585 4.2449135218298006e-10
904086.049815905 4.134630226213788e-10
915160.1675989681 4.02721210566281e-10
926369.9318558356 3.922584704339569e-10
937717.0041153276 3.8206755425943706e-10
949203.0662582716 3.7214140040070976e-10
960829.8207667936 3.624731263360657e-10
972598.9909766618 3.53056036167432e-10
984512.3213327236 3.438836038118668e-10
996571.5776474688 3.34949469847515e-10
1008778.5473627613 3.2624744704406057e-10
1021135.0398147769 3.17771504338506e-10
1033642.8865021806 3.0951576878132934e-10
1046303.9413576132 3.0147451585551615e-10
1059120.0810224568 2.9364217628188335e-10
1072093.2051250113 2.8601332252805977e-10
1085225.2365620562 2.7858266511170786e-10
1098518.1217838642 2.713450579680908e-10
1111973.8310827047 2.6429548518608607e-10
1125594.3588848992 2.57429060784813e-10
1139381.7240464136 2.50741026342963e-10
1153337.9701521122 2.442267482764264e-10
1167465.1658186573 2.37881712673094e-10
1181765.4050011244 2.3170152001995406e-10
1196240.8073033683 2.2568189010179167e-10
1210893.518292197 2.1981865134542972e-10
1225725.709815389 2.1410773857493232e-10
1240739.580323609 2.0854519683007113e-10
1255937.3551962662 2.0312717090644153e-10
1271321.287071362 1.9784990672063513e-10
1286893.6561793806 1.9270974498909864e-10
1302656.770681268 1.8770312566339665e-10
1318612.9670105516 1.828265793801266e-10
1334764.6102196493 1.780767249448515e-10
1351114.0943304223 1.7345027284188024e-10
1367663.8426890145 1.689440168237269e-10
1384416.3083250665 1.6455483333426354e-10
1401373.9743152752 1.602796812991656e-10
1418539.3541514608 1.561155984936502e-10
1435914.9921131157 1.5205969955446974e-10
1453503.463644514 1.4810917218186063e-10
1471307.3757364738 1.442612803363391e-10
1489329.3673127324 1.40513357483935e-10
1507572.1096211164 1.3686280504368777e-10
1526038.3066294703 1.333070948890672e-10
1544730.6954264462 1.2984376271421863e-10
1563652.0466271963 1.264704086720255e-10
1582805.1647840391 1.2318469395957087e-10
1602192.888802155 1.1998434274036317e-10
1621818.0923603717 1.1686713734331888e-10
1641683.6843371077 1.138309164086793e-10
1661792.609241528 1.1087357718185695e-10
1682147.8476499869 1.0799307018076317e-10
1702752.4166478112 1.051873985496245e-10
1723609.3702764981 1.024697637177462e-10
1744721.7999863913 9.984026945219492e-11
1766092.8350948985 9.729926837373413e-11
1787725.6432503178 9.484734328746413e-11
1809623.43090138 9.248527533713522e-11
1831789.4437724703 9.02140050502729e-11
1854226.9673447444 8.803458851476267e-11
1876939.327343097 8.594814535553106e-11
1899929.8902291036 8.395579426622771e-11
1923202.0637000292 8.205859267257086e-11
1946759.2971938772 8.02574730840543e-11
1970605.0824007038 7.855317348539055e-11
1994742.9537801505 7.694617558147404e-11
2019176.4890853295 7.543664834954787e-11
2043909.3098931229 7.402439615545098e-11
2068945.0821409805 7.270881384630527e-11
2094287.5166702864 7.148885642386381e-11
2119940.3697763905 7.036302026659715e-11
2145907.44376537 6.932932866686437e-11
2172192.587517617 6.838533761853115e-11
