"t (day)" "dm/dt (M_sun/yr)"
12.869471741427432 0.004324939666271951
12.92868945368588 0.00477421418850806
12.98817965090064 0.005267714086925437
13.047943586886621 0.0058092745741722025
13.107982521228072 0.006402977691221176
13.168297719305103 0.007053154750103229
13.228890452320336 0.007764386370297457
13.289761997325737 0.008541499691203573
13.350913637249512 0.00938956231434594
13.412346660923127 0.0103138725035037
13.474062363108509 0.011319945150070303
13.53606204452531 0.012413492996004876
13.598347011878314 0.013600402599274334
13.660918577885003 0.01488670452832929
13.723778061303213 0.01627853728462921
13.786926786958903 0.017782104477328156
13.850366085774121 0.019403624813744497
13.914097294795026 0.021149274524925606
13.97812175722008 0.023025121919172577
14.04244082242833 0.025037053849289104
14.107055846007894 0.027190693992846283
14.171968189784499 0.029491312979809253
14.237179221850177 0.03194373055897476
14.302690316592125 0.03455221017376869
14.368502854721665 0.0373203465183845
14.434618223303316 0.04025094686563626
14.501037815784064 0.043346022819944804
14.567763032022725 0.04660782616488184
14.634795278319409 0.05003861433427553
14.702135967445216 0.053640030275244666
14.769786518671982 0.057413040027196736
14.837748357802173 0.06135787909725448
14.906022917198978 0.06547400078650681
14.974611635816476 0.06976002707951953
15.043515959229945 0.07421370272267051
15.11273733966636 0.07883185312312058
15.182277236034997 0.08361034669906442
15.252137113958145 0.0885440623029098
15.322318445802042 0.09362686247342222
15.39282271070789 0.09885233094495434
15.463651394623 0.10421581167256505
15.53480599033216 0.10971289905684876
15.606287997489074 0.11533902078162227
15.67809892264794 0.12108948736453916
15.750240279295255 0.12695954325579614
15.822713587881687 0.13294441907732862
15.895520375854096 0.13903938460693085
15.968662177687776 0.14523980212974316
16.04214053491877 0.15154117980305373
16.115956996176337 0.15793922470885824
16.19011311721563 0.1644298953014886
16.26461046095048 0.17100945299423892
16.339450597486305 0.17767451266872972
16.414635104153223 0.1844220919330562
16.490165565539307 0.19124965899905705
16.566043573523967 0.19815517909466207
16.642270727311484 0.20513715937380927
16.71884863346475 0.2121946923333312
16.795778905939116 0.21932749779309862
16.873063166116378 0.22653596354230024
16.950703042839002 0.23382118480072103
17.028700172444417 0.24118500268907705
17.107056198799494 0.2486300419468325
17.18577277333523 0.2561597481794078
17.26485155508153 0.26377778380494676
17.344294210702163 0.2714832936267287
17.424102414529905 0.27927300507320413
17.504277848601845 0.2871435875247522
17.58482220269477 0.2950916777511148
17.66573717436086 0.3031138894390867
17.747024468963417 0.3112068227789953
17.828685799712822 0.3193670740811901
17.91072288770262 0.3275912453944243
17.993137461945828 0.3358759540988566
18.075931259411377 0.34421784244730763
18.159106025060662 0.35261358702949147
18.24266351188439 0.36105990813509936
18.326605480939506 0.36955357899285557
18.410933701386263 0.3780914348640284
18.49564995052557 0.3866703819703136
18.58075601383644 0.39528740623747066
18.666253685013558 0.4039395818376761
18.75214476600518 0.4126240795151601
18.838431067051054 0.42133817468131224
18.92511440672056 0.43007925526714463
19.012196611951083 0.4388448293226987
19.099679518086496 0.44763253235467065
19.187564968915826 0.4564401343952737
19.275854816712133 0.4652655467970729
19.36455092227157 0.4741068287502117
19.453655154952525 0.4829621935201628
19.543169392715114 0.4918300144058116
19.633095522160712 0.5007088304192879
19.723435438571684 0.5095973516906028
19.814191045951407 0.5184944646017102
19.90536425706435 0.5273992366561189
19.996956993476363 0.536310921091685
20.08897118559525 0.5452289612456511
20.181408772711393 0.5541529946823502
20.274271703038632 0.5630828570953542
20.367561933755358 0.5720185859971164
20.461281431045744 0.5809604242103608
20.555432170141145 0.5899088231766594
20.65001613536181 0.5988644460987591
20.745035320158642 0.607828170934252
20.840491727155207 0.6168010932592276
20.936387368189994 0.6257845290215044
21.03272426435878 0.6347800172039374
21.129504446057204 0.6437893224191971
21.226729953023618 0.6528144374582555
21.324402834382045 0.6618575858155965
21.422525148685338 0.6709212242149616
21.52109896395862 0.6800080451601966
21.620126357742848 0.6891209795364676
21.71960941713859 0.6982631992878552
21.819550238849995 0.7074381201980313
21.919950929229046 0.7166494048014365
22.0208136043199 0.7259009654530657
22.12214038990348 0.7351969675857135
22.22393342154232 0.7445418331842697
22.326194844625565 0.7539402445073978
22.428926814414126 0.7633971480877602
22.5321314960862 0.772917759042792
22.63581106478285 0.7825075657289049
22.739967705653818 0.7921723347729752
22.84460361390365 0.8019181165160105
22.94972099483792 0.8117512509049567
23.055322063909728 0.8216781028539731
23.161409046766337 0.8317001590167565
23.267984179296175 0.8418142915806263
23.3750497076759 0.85201702789126
23.48260788841771 0.862304703346259
23.590660988416985 0.8726734573241023
23.69921128500001 0.8831192292797712
23.808261065971955 0.8936377550237199
23.91781262966515 0.9042245632013706
24.02786828498749 0.9148749719907562
24.138430351471072 0.9255840860364104
24.249501159321145 0.9363467936380233
24.361083049465183 0.9471577642127232
24.47317837360219 0.9580114460502196
24.58578949425235 0.9689020643803334
24.698918784806747 0.9798236197726604
24.812568629577395 0.9907698868883348
24.92674142384753 1.0017344136040085
25.041439573922073 1.0127105205282025
25.156665497178295 1.0236913009302395
25.272421622116855 1.034669621101917
25.388710388412935 1.0456381211719217
25.505534246967628 1.0565892163928226
25.622895659959656 1.0675150989202058
25.740797100897247 1.0784077401031102
25.859241054670207 1.0892588933045215
25.978230017602378 1.1000600972701304
26.09776649750421 1.1108026800629065
26.217853013725577 1.1214777635803344
26.33849209720896 1.1320762686703338
26.459686290542734 1.1425889208609226
26.581438148014733 1.1530062567176704
26.70375023566615 1.1633186308418568
26.826625131345583 1.1735162235209582
26.950065424763334 1.1835890490417584
27.074073717546064 1.1935269646749136
27.19865262329158 1.203319680338179
27.323804767623876 1.212956768943854
27.449532788248575 1.2224276774341936
27.575839335008453 1.2317217385065973
27.702727069939257 1.2408281830284047
27.8301986673259 1.249736153138998
27.958256813758766 1.258434716034671
28.086904208190305 1.2669128784294361
28.216143561992 1.2751596016825262
28.34597759901145 1.2831638175808302
28.47640905562977 1.2909144447619545
28.607440680819316 1.2984004057609415
28.739075236201593 1.3056106446609523
28.871315496105417 1.3125341453254489
29.00416424762547 1.319159950186606
29.137624290680986 1.3254771795617841
29.27169843807479 1.3314750514670317
29.40638951555251 1.3371429018936598
29.541700361862254 1.342470205511022
29.67763382881435 1.3474465967557143
29.81419278134144 1.3520618912645215
29.95138009755894 1.3563061076055896
30.089198668825638 1.3601694892594764
30.22765139980466 1.3636425267989982
30.36674120852464 1.3667159802141156
30.506471026441293 1.3693809013255334
30.646843798499173 1.3716286562282123
30.78786248319367 1.3734509819606113
30.92953005263349 1.3748423062362634
31.07184949260321 1.375801227975621
31.214823802626185 1.3763270996972519
31.35845599602786 1.3764196833580205
31.502749099999214 1.3760791503208267
31.647706155660533 1.375306080677793
31.793330218125583 1.3741014619312957
31.939624356565968 1.372466687036637
32.08659165427575 1.3704035518115498
32.23423520873656 1.3679142517191099
32.38255813168278 1.3650013780319874
32.53156354916713 1.3616679133873055
32.68125460162663 1.3579172267426725
32.831634443948715 1.3537530677452336
32.98270624553773 1.3491795605268277
33.13447319038177 1.3442011969395182
33.28693847711978 1.3388228292469464
33.44010531910891 1.3330496622880532
33.59397694449231 1.3268872451307725
33.748556596267164 1.3203414622343366
33.90384753235294 1.3134185241397722
34.059853025660196 1.3061249577090717
34.216576364159486 1.29846759593439
34.37402085095062 1.2904535673393893
34.53218980433236 1.2820902849955698
34.69108655787234 1.2733854351771237
34.850714460477235 1.2643469656784134
35.01107687646347 1.254983073818719
35.17217718562807 1.2453021941593807
35.33401878331984 1.2353129859588543
35.496605080511024 1.225024320391511
35.65993950386915 1.2144452675563213
35.82402549582918 1.2035850833017263
35.98886651466622 1.1924531958931277
36.15446603456827 1.1810591925495277
36.32082754570948 1.1694128058758093
36.48795455432374 1.1575239002170812
36.655850582778584 1.1454026219133266
36.82451916964934 1.1330663448916343
36.99396386979382 1.1205418730398806
37.164188254427195 1.1078560045957644
37.33519591119722 1.0950347719758022
37.50699044425991 1.082103409187343
37.67957547435552 1.0690863246670341
37.85295463888472 1.0560070793310823
38.02713159198543 1.0428883696083548
38.20211000460976 1.0297520152159378
38.377893564601294 1.0166189514279709
38.55448597677297 1.0035092255823428
38.73189096298507 0.9904419975660292
38.91011226222369 0.9774355440181542
39.089153630679476 0.964507265990293
39.26901884182692 0.9516736998057362
39.44971168650379 0.9389505308634286
39.63123597299102 0.9263526101377
39.813595527093035 0.9138939731317056
39.99679419221837 0.9015878610505166
40.180835829460634 0.8894467439687639
40.36572431767989 0.8774823457776729
40.55146355358446 0.8657056707069285
40.738057451813035 0.854127031228104
40.92550994501708 0.8427560771580959
41.113824983943886 0.831601824192435
41.30300653751973 0.8206697636318495
41.493058592933494 0.8099561064132426
41.68398515572081 0.7994554546023326
41.87579024984843 0.7891625616552748
42.068477917798944 0.7790723276403033
42.26205222065613 0.7691797946247316
42.456517238190486 0.7594801422211449
42.65187706894514 0.7499686832868363
42.84813583032234 0.74064085977078
43.04529765867022 0.7314922387026848
43.243366709369866 0.7225185083188685
43.44234715692303 0.7137154743198921
43.64224319504007 0.7050790562551315
43.84305903672826 0.6966052840296193
44.044798914380706 0.6882902945286783
44.24746707986548 0.680130328356067
44.4510678046152 0.6721217266815008
44.65560537971714 0.6642609281935761
44.86108411600363 0.6565444661543
45.06750834414284 0.6489689655515549
45.27488241473019 0.6415311403459681
45.48321069837996 0.6342277908088185
45.69249758581738 0.6270558009477141
45.90274748797122 0.6200121360169076
46.11396483606679 0.6130938401092529
46.326154081719196 0.6062980338269013
46.53931969702731 0.5996219120279465
46.75346617466798 0.5930627416463558
46.968598027990616 0.5866178595826017
47.18471979111248 0.580284670662513
47.401836019014155 0.574060645661968
47.61995128763549 0.5679433193951337
47.83907019397218 0.5619302888640322
48.05919735617258 0.556019211467323
48.28033741363497 0.5502078032662472
48.502495027105454 0.5444938373057567
48.725674878776175 0.5388751419889471
48.94988167238385 0.5333495995029566
49.175120133309115 0.5279151442945703
49.40139500867601 0.5225697615938464
49.62871106745193 0.5173114859841247
49.85707310054844 0.512138400016842
50.08648592092187 0.5070486328696564
50.31695436367495 0.5020403590464018
50.54848328615887 0.49711179711747583
50.7810775680753 0.49226120849931604
51.01474211157942 0.48748689627164044
51.24948184138342 0.4827872040312025
51.48530170485991 0.47816051478085836
51.72220667214641 0.47360524985275737
51.96020173625025 0.4691198678645374
52.19929191315344 0.46470286370744807
52.43948224191861 0.4603527675653355
52.680777784795325 0.45606814396348533
52.92318362732648 0.4518475908463587
53.16670487845564 0.4476897386832633
53.41134667063485 0.44359324960105967
53.65711415993252 0.4395568165430384
53.90401252614232 0.4355791624531007
54.15204697289228 0.4316590394844471
54.40122272775439 0.42779522823198085
54.65154504235489 0.4239865369876606
54.90301919248494 0.42023180101808005
55.155650478211676 0.416529881863563
55.409444223990086 0.412879666658084
55.664405778775176 0.40928006746936735
55.9205405161346 0.40573002065851904
56.17785383436207 0.4022284862585774
56.43635115659107 0.398774447371391
56.69603793090906 0.3953669095822518
56.95691963047245 0.39200490039172
57.21900175362191 0.38868746866411713
57.48228982399812 0.3854136840921624
57.7467893906584 0.3821826366772524
58.01250602819354 0.37899343622490383
58.27944533684523 0.375845211854893
58.54761294262424 0.3727371115256332
58.81701449742894 0.36966830157236363
59.0876556791643 0.3666379662587215
59.35954219186175 0.3636453073412882
59.63267976579929 0.36068954364672046
59.90707415762222 0.35776991066108105
60.182731150464576 0.35488566013099815
60.45965655407099 0.3520360596763005
60.73785620491901 0.34922039241378144
61.0173359663423 0.346437956591754
61.298101728654125 0.3436880652350782
61.580159409271396 0.34097004580034573
61.86351495283959 0.3382832398409162
62.14817433135791 0.33562700268151574
62.43414354430511 0.3330007031021125
62.721428618766076 0.33040372303078996
63.0100356095588 0.3278354572453578
63.29997059936185 0.32529531308343945
63.59123969884281 0.3227827101607828
63.88384904678694 0.32029708009755875
64.17780481022648 0.31783786625240845
64.47311318457078 0.3154045234640102
64.76978039373684 0.31299651779995136
65.06781269028032 0.31061332631268673
65.3672163555276 0.30825443680237563
65.66799769970797 0.30591934758640255
65.97016306208656 0.303607567275381
66.27371881109826 0.3013186145554499
66.57867134448158 0.29905201797668995
66.88502708941363 0.2968073157474686
67.19279250264577 0.29458405553454703
67.50197407063936 0.2923817942687873
67.8125783097026 0.2902000979562858
68.1246117661281 0.28803854149478153
68.43808101633044 0.285896708495189
68.752992666985 0.283774191108098
69.06935335516734 0.28167058985510185
69.38716974849275 0.27958551346481564
69.70644854525696 0.2775185787134402
70.02719647457748 0.27546941026974336
70.34942029653503 0.27343764054433467
70.67312680231635 0.27142290954309634
70.99832281435721 0.269424864724659
71.32501518648613 0.26744316086179987
71.65321080406898 0.26547745990664495
71.98291658415403 0.26352743085956853
72.3141394756176 0.26159274964167734
72.64688645931076 0.25967309897077195
72.98116454820635 0.25776816824068594
73.31698078754663 0.25587765340389834
73.65434225499203 0.2540012643993555
73.99325606077021 0.25213881590461873
74.33372934782577 0.25029019480811265
74.67576929197104 0.24845529047773968
75.0193831020372 0.24663399326863153
75.36457802002612 0.24482619451341772
75.71136132126317 0.24303178651259646
76.05974031455052 0.24125066252500854
76.40972234232098 0.23948271675841487
76.76131478079301 0.23772784436017078
77.11452504012613 0.23598594140800264
77.46936056457685 0.23425690490088122
77.82582883265592 0.2325406327499915
78.18393735728574 0.23083702376979987
78.5436936859587 0.2291459776692151
78.90510540089635 0.22746739504284244
79.26818011920915 0.22580117736233116
79.63292549305692 0.2241472269678148
79.99934920981029 0.22250544705943875
80.36745899221265 0.22087574168897986
80.73726259854277 0.21925801575155493
81.10876782277857 0.21765217497741418
81.48198249476124 0.21605812592382292
81.85691448036017 0.21447577596702957
82.23357168163895 0.2129050332943153
82.61196203702181 0.21134580689613078
82.99209352146077 0.20979800655831263
83.37397414660406 0.20826154285438322
83.75761196096472 0.2067363271379304
84.1430150500902 0.20522227153506864
84.53019153673299 0.2037192889369767
84.91914958102168 0.202227292992515
85.30989738063288 0.20074619810092087
85.7024431709641 0.1992759194045779
86.09679522530739 0.1978163727818625
86.49296185502335 0.19636747484006523
86.89095140971693 0.19492914290838412
87.29077227741273 0.1935012950309933
87.69243288473209 0.19208384996018285
88.09594169707094 0.19067672714956807
88.50130721877775 0.189279846747373
88.90853799333293 0.18789312958978144
89.31764260352925 0.1865164971943559
89.72862967165212 0.1851498717535278
90.14150785966162 0.18379317612815343
90.55628586937537 0.1824463338411349
90.97297244265133 0.18110926907111122
91.39157636157229 0.1797819066462111
91.81210644863131 0.17846417203787068
92.2345715669171 0.17715599135471757
92.65898062030102 0.17585729133651531
93.08534255362511 0.17456799934817016
93.51366635288994 0.17328804337380263
93.94396104544458 0.1720173520108763
94.37623570017657 0.1707558544643892
94.81049942770301 0.16950348054112488
95.24676138056284 0.168260160643961
95.68503075340955 0.16702582576623767
96.12531678320488 0.16580040748618363
96.56762874941373 0.16458383796139797
97.01197597419964 0.16337604992339003
97.45836782262111 0.16217697667217465
97.90681370282924 0.16098655207092163
98.35732306626588 0.15980471054066134
98.8099054078627 0.15863138705504365
99.26457026624159 0.15746651713515017
99.72132722391557 0.15631003684435932
100.18018590749045 0.15516188278326432
100.64115598786847 0.1540219920846416
101.10424718045124 0.15289030240847246
101.56946924534496 0.15176675193701322
102.0368319875664 0.15065127936991554
102.5063452572489 0.14954382391939863
102.97801894985028 0.1484443253054675
103.45186300636176 0.14735272375118036
103.92788741351683 0.14626895997796574
104.40610220400198 0.14519297520098498
104.88651745666857 0.14412471112454145
105.36914329674455 0.14306410993753813
105.85398989604818 0.14201111430897922
106.34106747320273 0.140965667383517
106.83038629385128 0.13992771277704544
107.32195667087328 0.1388971945723365
107.81578896460232 0.13787405731471986
108.31189358304378 0.1368582460078084
108.81028098209458 0.13584970610926494
109.31096166576377 0.1348483835266104
109.81394618639338 0.13385422461307744
110.31924514488107 0.13286717616350238
110.82686919090386 0.1318871854102592
111.33682902314204 0.13091420001923576
111.84913538950487 0.12994816808584797
112.36379908735748 0.12898903813109505
112.88083096374777 0.12803675909765458
113.40024191563533 0.12709128034601555
113.92204289012152 0.12615255165064984
114.4462448846794 0.12522052319622354
114.97285894738594 0.12429514557384437
115.50189617715517 0.12337636977734603
116.03336772397145 0.1224641471996119
116.56728478912474 0.12155842962893317
117.10365862544711 0.12065916924540286
117.64250053754915 0.11976631861734809
118.18382188205862 0.11887983069779538
118.72763406786012 0.11799965882097102
119.27394855633483 0.11712575669883822
119.82277686160246 0.11625807841766633
120.37413055076425 0.11539657843463455
120.92802124414607 0.11454121157447017
121.48446061554363 0.11369193302611905
122.04346039246896 0.11284869833944822
122.6050323563968 0.11201146342198369
123.1691883430133 0.11118018453567746
123.73594024246579 0.11035481829370726
124.30529999961266 0.10953532165730942
124.87727961427552 0.1087216519326406
125.45189114149245 0.10791376676767131
126.02914669177132 0.10711162414911035
126.60905843134536 0.106315182399359
127.19163858243009 0.10552440017349438
127.77689942347999 0.10473923645628418
128.36485328944778 0.103959650559229
128.95551257204474 0.10318560211763356
129.54888972000106 0.10241705108770817
130.14499723932872 0.10165395774369747
130.7438476935853 0.10089628267503593
131.3454537041381 0.10014398678539725
131.94982795043046 0.09939703182263991
132.55698317024948 0.09865538108790625
133.16693215999365 0.09791899831532655
133.77968777494286 0.09718784748249933
134.39526292952988 0.09646189280884204
135.01367059761165 0.09574109875395678
135.63492381274312 0.09502543001600305
136.2590356684524 0.09431485153008407
136.88601931851588 0.09360932846664548
137.51588797723585 0.0929088262298826
138.14865491971943 0.09221331045616075
138.78433348215754 0.09152274701244617
139.4229370621064 0.09083710199474783
140.06447911877024 0.09015634172656944
140.70897317328422 0.08948043275737386
141.35643280899978 0.08880934186105681
142.00687167177134 0.08814303603443127
142.6603034702431 0.08748148249572404
143.31674197613827 0.08682464868308085
143.9762010245499 0.08617250225308229
144.63869451423153 0.08552501107927162
145.30423640789053 0.084882143250691
145.9728407324827 0.08424386707042845
146.64452157950777 0.08361015105417527
147.31929310530538 0.08298096392879402
147.99716953135513 0.08235627463089443
148.67816514457547 0.08173605230542144
149.362294297624 0.0811202663042523
150.04957140920158 0.08050888618480244
150.74001096435543 0.07990188170864229
151.4336275147836 0.07929922284012428
152.13043567914326 0.07870087974501633
152.83045014335806 0.07810682278914825
153.5336856609267 0.07751702253706659
154.24015705323563 0.07693144975069671
154.94987920987066 0.07635007538801712
155.6628670889297 0.07577287060174162
156.3791357173399 0.07519980673800988
157.09870019117355 0.07463085533508813
157.82157567596516 0.07406598812207958
158.54777740703298 0.07350517701764081
159.2773206897993 0.07294839412871047
160.0102209001119 0.07239561174924522
160.7464934845701 0.07184680235896347
161.48615396084938 0.0713019386220994
162.22921791802742 0.07076099338616582
162.9757010169146 0.07022393968072296
163.72561899038314 0.06969075071615867
164.4789876436976 0.06916139988247655
165.23582285485008 0.0686358607480901
165.99614057489384 0.0681141070586278
166.75995682827843 0.06759611273574641
167.52728771318948 0.0670818518759499
168.2981494018868 0.06657129874941893
169.07255814104502 0.06606442779884814
169.85053025209646 0.06556121363829027
170.6320821315755 0.06506163105200896
171.4172302514631 0.06456565499333979
172.2059911595347 0.06407326058355874
172.99838147970928 0.06358442311075775
173.79441791239876 0.06309911802872975
174.59411723486048 0.06261732095585971
175.39749630155137 0.06213900767402373
176.20457204448212 0.06166415412749661
177.01536147357447 0.06119273642186564
177.82988167702035 0.06072473082295244
178.64814982164094 0.06026011375574228
179.47018315324897 0.059798861803320884
180.29599899701276 0.05934095170581737
181.12561475782033 0.05888636035935655
181.95904792064667 0.05843506481501638
182.79631605092285 0.05798704227779321
183.6374367949052 0.057542270105574944
184.48242788004762 0.05710072580812034
185.3313071153759 0.05666238704604485
186.18409239186187 0.05622723162981495
187.04080168280106 0.0557952375187481
187.9014530441921 0.05536638282001951
188.76606461511602 0.054940645787676864
189.63465461811924 0.054518004821660346
190.50724135959817 0.05409843846683008
191.38384323018383 0.05368192541200047
192.26447870513013 0.05326844448898058
193.1491663447037 0.05285797467162098
194.03792479457402 0.052450495074867966
194.93077278620697 0.052045984953823406
195.82772913726006 0.05164442370281083
196.7288127519781 0.051245790854448976
197.63404262159196 0.0508500660787306
198.54343782471958 0.050457229182107835
199.45701752776685 0.050067260106584015
200.37480098533217 0.049680138928811714
201.29680754061278 0.04929584585919617
202.2230566258113 0.048914361241006024
203.15356776254595 0.04853566554948913
204.0883605622624 0.04815973939099456
205.02745472664614 0.04778656350210108
205.97087004803808 0.04741611874875095
206.91862640985246 0.047048386125389675
207.87074378699467 0.04668334675411223
208.8272422462827 0.0463209818838144
209.788141946871 0.04596127288934957
210.75346314067377 0.045604201270692646
211.7232261727926 0.04524974865210818
212.69745148194593 0.04489789678132473
213.67615960089842 0.04454862752871489
214.6593711568944 0.04420192288648097
215.64710687209322 0.04385776496784542
216.63938756400478 0.04351613600624799
217.63623414592882 0.04317701835454728
218.6376676273965 0.04284039448422772
219.64370911461162 0.042506246984613
220.65437981089642 0.042174558562083644
221.6697010171389 0.04184531203929995
222.6896941322405 0.041518490354431246
223.71438065356782 0.041194076560389294
224.74378217740627 0.04087205382406671
225.777920399414 0.04055240542558195
226.81681711507974 0.04023511475752786
227.86049422018286 0.0399201653242259
228.9089737112535 0.03960754074098557
229.9622776860369 0.03929722473336887
231.02042834395976 0.03898920113645875
232.08344798659664 0.03868345389413411
233.15135901814088 0.03837996705834837
234.2241839458774 0.038078724788413225
235.3019453806556 0.0377797113502878
236.38466603736669 0.037482911115871716
237.47236873542315 0.037188308562303374
238.5650763992381 0.036895888271263194
239.66281205870942 0.036605634928281124
240.7655988497056 0.036317533322048574
241.87346001455208 0.036031568343735984
242.98641890252168 0.035747724986313956
244.10449897032763 0.03546598834387921
245.2277237826163 0.0351863436109855
246.35611701246467 0.03490877608197857
247.48970244187998 0.034633271150335564
248.62850396229953 0.03435981430800916
249.77254557509485 0.03408839114477616
250.9218513920784 0.03381898734758951
252.07644563601016 0.03355158869993638
253.23635264110905 0.03328618108119883
254.40159685356616 0.03302275046601973
255.57220283205976 0.0327612829236725
256.7481952482711 0.03250176461743598
257.92959888740756 0.032244181803971664
259.11643864872343 0.03198852083270681
260.30873954604294 0.031734768145221394
261.50652670829095 0.03148291027463802
262.7098253800207 0.031232933845017172
263.9186609219443 0.03098482557075634
265.13305881147073 0.03073857225599233
266.35304464324065 0.030494160794008192
267.5786441296648 0.030251578166644748
268.8098831014687 0.030010811443714206
270.0467875082357 0.029771847782419578
271.28938341895224 0.02953467442677732
272.5376970225603 0.029299278707043085
273.7917546285081 0.029065648039142317
275.0515826673027 0.02883376992410449
276.31720769107034 0.0286036319475004
277.58865637411463 0.028375221778883828
278.8659555134767 0.028148527171237305
280.1491320295037 0.027923535960420253
281.4382129664142 0.02770023606462202
282.7332254928667 0.027478615483818407
284.0341969025355 0.027258662299231046
285.3411546146843 0.027040364672790876
286.65412617474226 0.0268237108466059
287.97313925488817 0.02660868914243083
289.2982216546315 0.026395287961141718
290.62940130139816 0.02618349578221352
291.9667062511195 0.02597330116320116
293.31016468882456 0.025764692739223823
294.65980492923245 0.025557659222453188
296.0156554173499 0.02535218940160468
297.37774472907154 0.025148272141432056
298.74610157178074 0.0249458963822256
300.120754784955 0.02474505113931366
301.5017333407752 0.024545725502566913
302.8890663447342 0.024347908635906898
304.282783036251 0.024151589776817015
305.682912789288 0.023956758235856787
307.0894851129687 0.02376340339618003
308.5025296521998 0.02357151471305551
309.9220761882974 0.023381081713390952
311.34815463961274 0.02319209399526044
312.7807950621637 0.023004541227434682
314.2200276502689 0.022818413148914484
315.6658827371828 0.022633699568467364
317.11839079573537 0.022450390364167093
318.57758243897547 0.022268475482936353
320.0434884208144 0.022087944940092502
321.5161396366746 0.021908788818896234
322.9955671241421 0.021730997270103226
324.48180206361855 0.021554560511518772
325.9748757789793 0.021379468827555433
327.474819738235 0.021205712568793385
328.9816655541921 0.021033282151543972
330.4954449851208 0.020862168057415954
332.016189935425 0.020692360832884494
333.543932456313 0.020523851088863405
335.07870474647353 0.020356629500279787
336.62053915275595 0.02019068680565162
338.16946817084965 0.02002601380666823
339.72552444597 0.01986260136777352
341.2887407735473 0.019700440415751662
342.8591500999162 0.01953952193931598
344.43678552301077 0.01937983698870016
346.0216802930634 0.01922137667525218
347.6138678133034 0.019064132171031364
349.21338164066185 0.018908094708407423
350.8202554864803 0.018753255579662512
352.43452321721867 0.018599606136595972
354.0562188551706 0.018447137790131525
355.68537657918114 0.01829584200992692
357.3220307253652 0.01814571032398651
358.96621578783225 0.017996734318276073
360.6179664194143 0.017848905636340145
362.2773174323942 0.01770221597892224
363.9443037992404 0.017556657103587135
365.618960653345 0.017412220824345733
367.3013232897623 0.01726889901128272
368.9914271659534 0.017126683590186174
370.6893079025349 0.016985566542179906
372.39500128402744 0.016845539903358225
374.10854325961077 0.01670659576442298
375.82996994388276 0.016568726270322923
377.55931761761815 0.016431923619895716
379.2966227285344 0.016296180065512055
381.04192189206094 0.016161487912722
382.79525189210875 0.01602783951990414
384.5566496818467 0.01589522729791643
386.32615238448125 0.01576364370974975
388.103797294037 0.015633081270183563
389.88962187614356 0.015503532545443864
391.6836637688264 0.015374990152863257
393.4859607832979 0.015247446760543616
395.2965509047552 0.015120895087020409
397.11547229318205 0.014995327900929648
398.9427632841509 0.014870738020676915
400.7784623896316 0.014747118314108467
402.62260829880495 0.014624461698184477
404.475239878875 0.014502761138654615
406.3363961758898 0.014382009649735539
408.2061164155655 0.014262200293790488
410.0844400041106 0.014143326181011199
411.97140652905784 0.014025380469101735
413.86705576009945 0.01390835636296419
415.77142764992317 0.013792247114386915
417.6845623350555 0.013677046021734442
419.60650013670863 0.01356274642963931
421.537281561628 0.013449341728696435
423.47694730294717 0.013336825355158913
425.4255382410468 0.01322519079063603
427.3830954444136 0.013114431561793392
429.3496601705072 0.0130045412400548
431.325273866631 0.012895513441306045
433.3099781708032 0.012787341825600857
435.30381491263546 0.012680020096868666
437.3068261142161 0.012573542002624002
439.31905399099276 0.012467901333678389
441.3405409526638 0.012363091923853469
443.3713296040728 0.01225910764969647
445.4114627461062 0.012155942430197136
447.4609833765921 0.01205359022650704
449.5199346912119 0.01195204504166002
451.5883600844081 0.011851300920295047
453.6663031502961 0.011751351948380694
455.7538076835882 0.011652192252941156
457.8509176805145 0.011553816001784376
459.95767733974674 0.011456217403231998
462.07413106333564 0.01135939070585056
464.20032345764406 0.011263330198185031
466.33629933428415 0.011168030208493872
468.48210371106745 0.011073485104485541
470.637781812951 0.01097968929305716
472.80337907298735 0.010886637220034655
474.9789411332882 0.010794323369914505
477.16451384598315 0.010702742265607324
479.3601432741835 0.010611888468183154
481.56587569295857 0.010521756576618127
483.7817575903083 0.010432341227543088
486.00783566814 0.010343637094993767
488.2441568432585 0.010255638890162407
490.49076824835225 0.010168341361151138
492.74771723298335 0.010081739292727163
495.0150513645916 0.009995827506079052
497.29281842949433 0.009910600858574942
499.58106643388993 0.009826054243522455
501.8798436048763 0.009742182589929692
504.1891983914633 0.009658980862268188
506.50917946559366 0.00957644406023731
508.8398357231695 0.00949456721853013
511.1812162850846 0.009413345406600684
513.5333704982567 0.009332773728433162
515.8963479366686 0.009252847322312135
518.2701984024153 0.009173561360594438
520.6549719267498 0.009094911049482722
523.0507187711394 0.00901689162880022
525.4574894283265 0.008939498371766991
527.8753346233901 0.00886272658477781
530.3043053148157 0.008786571607181406
532.7444526955712 0.008711028811060869
535.1958281941833 0.008636093601016024
537.6584834758215 0.008561761413946682
540.1324704433905 0.008488027718837596
542.6178412386192 0.008414888016544749
545.1146482431624 0.008342337839583004
547.6229440797056 0.00827037275191511
550.1427816130714 0.008198988348742126
552.6742139513352 0.008128180256295229
555.217294446946 0.00805794413162867
557.7720766978474 0.007988275662414411
560.3386145486095 0.007919170566737813
562.9169620915648 0.007850624592894703
565.5071736679448 0.0077826335191898514
568.1093038690278 0.007715193153736708
570.7234075372904 0.007648299334258323
573.3495397675601 0.007581947927889777
575.9877559081785 0.007516134830981709
578.638111562169 0.007450855968905116
581.300662588406 0.007386107295857601
583.9754651027929 0.007321884794670674
586.6625754794476 0.007258184476618361
589.3620503518865 0.0071950023812271235
592.0739466142201 0.007132334576086918
594.7983214223533 0.007070177156663483
597.5352321951877 0.007008526246111943
600.2847366158323 0.0069473779950914825
603.0468926328218 0.006886728581581297
605.8217584613336 0.006826574210697748
608.6093925844175 0.006766911114512654
611.4098537542292 0.006707735551872728
614.2232009932657 0.006649043808220308
617.0494935956101 0.006590832195415164
619.8887911281845 0.006533097051557369
622.7411534320003 0.006475834740811535
625.6066406234222 0.0064190416532319975
628.4853130954367 0.006362714204589176
631.3772315189215 0.0063068488361971205
634.2824568439256 0.006251442014742129
637.2010503009561 0.006196490232112413
640.133073402265 0.006141990005229011
643.0785879431472 0.006087937875877639
646.0376560032452 0.006034330410541736
649.0103399478531 0.005981164200236562
651.9967024292336 0.005928435860344316
654.99680638794 0.005876142030450402
658.0107150541387 0.005824279374180685
661.0384919489443 0.0057728445790398855
664.0802008857598 0.005721834356250883
667.1359059716182 0.005671245440595199
670.2056716085347 0.005621074590254448
673.289562494867 0.005571318586652777
676.3876436266742 0.005521974234300379
679.4999802990889 0.005473038360638072
682.6266381076956 0.005424507815882684
685.7676829499087 0.005376379472873693
688.9231810263636 0.005328650226920665
692.0931988423143 0.005281316995651729
695.2778032090304 0.005234376718863149
698.4770612452073 0.005187826358369659
701.6910403783836 0.005141662897855925
704.9198083463573 0.00509588334272893
708.1634331986156 0.005050484719971311
711.4219832977717 0.005005464077995557
714.6955273210009 0.004960818486499335
717.9841342614903 0.004916545036321599
721.2878734298951 0.004872640839299642
724.6068144557951 0.004829103028127171
727.9410272891643 0.0047859287562132015
731.2905822018473 0.004743115197541885
734.6555497890363 0.004700659546533284
738.0360009707605 0.004658559017905043
741.4320069933837 0.004616810846534838
744.8436394311012 0.004575412287323923
748.2709701874504 0.004534360615061395
751.7140714968288 0.004493653124289347
755.1730159260111 0.0044532871291690255
758.6478763756822 0.004413259963347695
762.138726081974 0.00437356897982644
765.6456386180089 0.004334211550828815
769.1686878954444 0.004295185067670403
772.7079481660406 0.004256486940629064
776.2634940232207 0.004218114598816166
779.8354004036375 0.004180065490048631
783.4237425887635 0.004142337080721729
787.0285962064713 0.004104926855682731
790.6500372326242 0.0040678323181055015
794.288141992686 0.004031050989365661
797.9429871633254 0.003994580408916766
801.6146497740269 0.003958418134167231
805.3032072087243 0.003922561740357996
809.0087372074263 0.003887008820440988
812.7313178678506 0.0038517569849585314
816.4710276470793 0.00381680386192328
820.2279453632075 0.003782147096699088
824.002150197 0.0037477843518827296
827.7937216935695 0.003713713307186136
831.6027397640485 0.0036799316593195764
835.4292846872683 0.00364643712187567
839.2734371114609 0.003613227425213874
843.135278055954 0.003580300316345969
847.0148889128734 0.0035476535588222463
850.9123514488683 0.0035152849326182773
854.82774780683 0.0034831922340225856
858.7611605076174 0.003451373275525049
862.7126724518074 0.0034198258857058403
866.6823669214359 0.0033885479091252998
870.6703275817487 0.003357537206214444
874.6766384829746 0.003326791653166113
878.7013840620913 0.0032963091418269303
882.7446491446037 0.003266087579589923
886.806518946334 0.0032361248892878256
890.8870790752194 0.0032064190090870786
894.986415533112 0.0031769678923825283
899.1046147175934 0.003147769507692836
903.241763423799 0.0031188218385564794
907.397948846241 0.0030901228834285263
911.5732585806495 0.0030616706555780296
915.7677806258212 0.0030334631829860795
919.9816033854684 0.0030054985082445594
924.2148156700853 0.002977774688455524
928.4675066988221 0.0029502897951312213
932.7397661013606 0.00292304191409483
937.0316839198048 0.002896029145381766
941.3433506105827 0.0028692496031416455
945.6748570463459 0.0028427014155409515
950.0262945178891 0.0028163827246662433
954.3977547360757 0.002790291686428037
958.7893298337656 0.0027644264704653233
963.2011123677597 0.002738785260050698
967.6331953207537 0.002713366251996077
972.0856721032916 0.0026881676565590706
976.5586365557378 0.0026631876973499556
981.0521829502577 0.0026384246112392176
985.5664059927984 0.0026138766482657573
990.1014008250878 0.0025895420715456433
994.6572630266431 0.0025654191571814504
999.2340886167789 0.002541506194172275
1003.8319740566338 0.0025178014843242353
1008.4510162512072 0.0024943033421615693
1013.0913125513945 0.002471010094838414
1017.7529607560426 0.0024479200820510146
1022.4360591140144 0.0024250316559506044
1027.1407063262523 0.002402343181056834
1031.8670015478629 0.0023798530341717257
1036.6150443902086 0.0023575596042942457
1041.384934923002 0.002335461292535383
1046.1767736764166 0.0023135565120338394
1050.9906616432102 0.0022918436878721954
1055.8267002808466 0.0022703212569936903
1060.684991513636 0.0022489876681195263
1065.565637734889 0.0022278413816666687
1070.4687418090646 0.0022068808696662696
1075.3944070739446 0.0021861046156825465
1080.3427373428135 0.0021655111147322183
1085.3138369066392 0.0021450988732044838
1090.3078105362758 0.0021248664087815065
1095.3247634846741 0.00210481225035941
1100.3648014890937 0.002084934937969823
1105.4280307733338 0.002065233022701905
1110.5145580499775 0.0020457050666248876
1115.624490522632 0.002026349642711148
1120.7579358881924 0.0020071653347597668
1125.9150023391146 0.001988150737320553
1131.0957985656892 0.0019693044556186546
1136.300433758335 0.0019506251054795846
1141.5290176099045 0.0019321113132547355
1146.7816603179886 0.0019137617157474719
1152.0584725872413 0.0018955749601395925
1157.3595656317193 0.0018775497039183549
1162.685051177216 0.0018596846148039396
1168.0350414636214 0.001841978370677423
1173.4096492472904 0.0018244296595091693
1178.8089878034132 0.0018070371792877676
1184.2331709284047 0.0017897996379493575
1189.6823129423083 0.0017727157533074733
1195.1565286911962 0.0017557842529833368
1200.6559335495951 0.0017390038743365943
1206.1806434229204 0.0017223733643965085
1211.7307747499126 0.0017058914797936345
1217.306444505094 0.0016895569866919164
1222.9077702012387 0.0016733686607212088
1228.5348698918415 0.0016573252869103256
1234.1878621736091 0.0016414256596204292
1239.8668661889649 0.001625668582478913
1245.572001628551 0.001610052868313719
1251.3033887337556 0.0015945773390880985
1257.0611482992501 0.0015792408258357253
1262.845401675527 0.00156404216859637
1265.7584427945562 0.0015564718477640291
1268.6782035077244 0.0015489381690112086
1271.6046993153116 0.001541440954981873
1274.5379457533488 0.0015339800291784497
1277.4779583937056 0.001526555215957652
1280.424752844172 0.0015191663405263367
1283.3783447485393 0.0015118132289374123
1286.3387497866888 0.001504495708085721
1289.3059836746672 0.0014972136057039736
1292.2800621647739 0.001489966750358704
1295.2610010456478 0.0014827549714462093
1298.2488161423453 0.001475578099188561
1301.243523316427 0.0014684359646295816
1304.2451384660421 0.0014613283996308898
1307.2536775260119 0.0014542552368679346
1310.269156467918 0.0014472163098260362
1313.2915913001807 0.0014402114527965026
1316.320998068147 0.0014332405008727084
1319.3573928541807 0.0014263032899461971
1322.4007917777387 0.0014193996567028518
1325.4512109954626 0.0014125294386190272
1328.5086667012633 0.0014056924739577327
1331.5731751264047 0.0013988886017648158
1334.6447525395965 0.0013921176618651786
1337.7234152470712 0.001385379494859016
1340.809179592676 0.0013786739421180457
1343.9020619579626 0.0013720008457817825
1347.0020787622661 0.0013653600487538275
1350.1092464627989 0.0013587513946981642
1353.2235815547344 0.00135217472803547
1356.345100571296 0.0013456298939394727
1359.4738200838474 0.0013391167383332858
1362.6097567019747 0.0013326351078857903
1365.7529270735777 0.0013261848500080338
1368.9033478849622 0.00131976581284962
1372.061035860921 0.0013133778452951435
1375.2260077648277 0.0013070207969606376
1378.3982803987242 0.001300694518190025
1381.577870603409 0.0012943988600516041
1384.7647952585323 0.0012881336743345204
1387.959071282676 0.0012818988135453093
1391.1607156334492 0.0012756941309044084
1394.3697453075815 0.0012695194803426864
1397.5861773410056 0.0012633747164980352
1400.8100288089522 0.0012572596947119277
1404.0413168260404 0.0012511742710260192
1407.2800585463665 0.0012451183021787511
1410.5262711636008 0.0012390916456019839
1413.7799719110706 0.0012330941594176476
1417.041178061856 0.0012271257024343868
1420.309906928885 0.001221186134144245
1423.5861758650185 0.0012152753147193628
1426.8700022631465 0.0012093931050086708
1430.1614035562793 0.0012035393665346288
1433.4603972176403 0.0011977139614899603
1436.7670007607617 0.0011919167527344023
1440.0812317395714 0.0011861476037914815
1443.403107748489 0.0011804063788453097
1446.732646422524 0.0011746929427373714
1450.069865437361 0.0011690071609633485
1453.4147825094583 0.0011633488996699599
1456.7674153961423 0.0011577180256518022
1460.1277818956985 0.0011521144063482214
1463.495899847473 0.0011465379098401732
1466.8717871319577 0.0011409884048471455
1470.2554616708903 0.0011354657607240536
1473.646941427353 0.0011299698474581516
1477.04624440586 0.0011245005356659982
1480.4533886524584 0.0011190576965903953
1483.8683922548225 0.0011136412020973522
1487.2912733423484 0.0011082509246730847
1490.7220500862566 0.0011028867374209962
1494.1607406996786 0.0010975485140587067
1497.6073634377592 0.0010922361289150656
1501.0619365977573 0.0010869494569271986
1504.5244785191337 0.0010816883736375718
1507.9950075836553 0.0010764527551910448
1511.4735422154904 0.0010712424783319708
1514.9601008813054 0.0010660574204012891
1518.4547020903692 0.0010608974593336313
1521.9573643946417 0.0010557624736544549
1525.4681063888768 0.0010506523424771864
1528.9869467107267 0.0010455669455003663
1532.5139040408303 0.0010405061630048202
1536.04899710292 0.001035469875850847
1539.592244663918 0.0010304579654754063
1543.1436655340358 0.0010254703138893341
1546.703278566879 0.0010205068036745486
1550.2711026595389 0.0010155673179813103
1553.8471567526972 0.0010106517405254597
1557.4314598307317 0.0010057599555856665
1561.0240309218068 0.00100089184800073
1564.6248890979816 0.0009960473031668548
1568.234053475309 0.0009912262070349467
1571.851543213936 0.0009864284461079443
1575.4773775182116 0.0009816539074381295
1579.1115756367792 0.0009769024786244846
1582.7541568626837 0.0009721740478100328
1586.4051405334783 0.0009674685036792104
1590.0645460313183 0.0009627857354552525
1593.7323927830698 0.0009581256328975711
1597.4087002604113 0.0009534880862991737
1601.0934879799354 0.0009488729864840765
1604.7867755032596 0.0009442802248047209
1608.4885824371192 0.0009397096931394385
1612.1989284334777 0.0009351612838898928
1615.9178331896344 0.0009306348899785442
1619.6453164483203 0.0009261304048461321
1623.3813979978095 0.0009216477224491717
1627.1260976720216 0.000917186737257452
1630.8794353506269 0.0009127473442515491
1634.6414309591569 0.000908329438920357
1638.4121044691012 0.0009039329172586308
1642.191475898018 0.0008995576757645366
1645.9795653096462 0.0008952036114372022
1649.7763928140005 0.0008908706217743137
1653.5819785674857 0.0008865586047696902
1657.3963427730027 0.0008822674589108786
1661.2195056800526 0.0008779970831767765
1665.0514875848519 0.0008737473770352407
1668.8923088304296 0.0008695182404407273
1672.741989806741 0.0008653095738319406
1676.6005509507802 0.0008611212781294771
1680.468012746679 0.0008569532547335074
1684.3443957258226 0.0008528054055214409
1688.2297204669553 0.0008486776328456276
1692.1240075962908 0.0008445698395310565
1696.0272777876257 0.0008404819288730551
1699.9395517624412 0.0008364138046350342
1703.860850290017 0.0008323653710462115
1707.7911941875468 0.0008283365327993468
1711.730604320239 0.0008243271950485191
1715.6791016014342 0.0008203372634068798
1719.6367069927142 0.0008163666439444358
1723.6034415040117 0.0008124152431858332
1727.5793261937288 0.0008084829681081604
1731.5643821688388 0.0008045697261387625
1735.5586305850024 0.0008006754251530528
1739.5620926466868 0.0007967999734723482
1743.5747896072655 0.0007929432798617152
1747.596742769141 0.0007891052535278176
1751.6279734838538 0.0007852858041167749
1755.6685031521947 0.0007814848417120469
1759.7183532243266 0.0007777022768323045
1763.7775451998857 0.0007739380204293291
1767.8461006281022 0.0007701919838859203
1771.9240411079209 0.0007664640790137991
1776.0113882881024 0.0007627542180515439
1780.1081638673486 0.0007590623136625123
1784.2143895944132 0.0007553882789327958
1788.330087268217 0.0007517320273691706
1792.4552787379707 0.0007480934728970506
1796.5899859032793 0.0007444725298584795
1800.7342307142642 0.000740869113010105
1804.888035171686 0.000737283137521163
1809.0514213270483 0.0007337145189714988
1813.2244112827248 0.0007301631733495674
1817.407027192072 0.0007266290170504603
1821.5992912595475 0.0007231119668739329
1825.8012257408332 0.0007196119400224489
1830.012852942944 0.000716128854099235
1834.2341952243503 0.0007126626271063332
1838.4652749951035 0.0007092131774426738
1842.7061147169431 0.0007057804239021582
1846.956736903424 0.0007023642856717437
1851.2171641200327 0.0006989646823295367
1855.4874189843076 0.0006955815338429097
1859.7675241659642 0.0006922147605666073
1864.057502387006 0.0006888642832408751
1868.3573764218495 0.0006855300229895982
1872.667169097451 0.0006822119013184361
1876.9869032934178 0.0006789098401129785
1881.3166019421349 0.0006756237616369098
1885.6562880288866 0.0006723535885301741
1890.0059845919766 0.000669099243807159
1894.3657147228564 0.0006658606508548714
1898.735501566238 0.000662637733431151
1903.1153683202224 0.0006594304156628669
1907.5053382364274 0.0006562386220441234
1911.9054346201003 0.0006530622774344984
1916.3156808302497 0.0006499013070572642
1920.736100279766 0.0006467556364976306
1925.1667164355465 0.0006436251917009895
1929.6075528186243 0.0006405098989711739
1934.0586330042845 0.0006374096849687269
1938.5199806221935 0.0006343244767091677
1942.9916193565311 0.0006312542015612766
1947.4735729461036 0.0006281987872453898
1951.9658651844788 0.0006251581618316882
1956.4685199201097 0.0006221322537385136
1960.981561056459 0.0006191209917306787
1965.505012552134 0.000616124304917789
1970.0388984210028 0.000613142122752575
1974.583242732326 0.0006101743750292364
1979.1380696108922 0.0006072209918817808
1983.703403237133 0.0006042819037823834
1988.2792678472595 0.0006013570415397523
1992.8656877333894 0.0005984463362974961
1997.4626872436738 0.0005955497195325064
2002.0702907824343 0.0005926671230533348
2006.6885228102803 0.0005897984789986028
2011.3174078442457 0.0005869437198353961
2015.9569704579244 0.0005841027783576678
2020.6072352815884 0.0005812755876846711
2025.2682270023276 0.0005784620812593759
2029.9399703641784 0.0005756621928468997
2034.6224901682522 0.0005728758565329569
2039.3158112728768 0.000570103006722297
2044.0199585937146 0.0005673435781371705
2048.734957103902 0.0005645975058157834
2053.4608318341884 0.0005618647251107716
2058.1976078730545 0.0005591451716876827
2062.945310366857 0.0005564387815234528
2067.7039645199575 0.0005537454909049078
2072.473595594856 0.0005510652364272611
2077.2542289123307 0.0005483979549926128
2082.045889851564 0.0005457435838084781
2086.8486038502797 0.0005431020603863012
2091.6623964048863 0.0005404733225399822
2096.4872930705988 0.0005378573083844172
2101.323319461584 0.0005352539563340415
2106.170501251093 0.0005326632051013793
2111.028864171596 0.0005300849936955976
2115.8984340149277 0.0005275192614210731
2120.7792366324115 0.0005249659478759653
2125.671297935002 0.0005224249929507933
2130.5746438934298 0.0005198963368270136
2135.489300538327 0.0005173799199756244
2140.415293960373 0.0005148756831557567
2145.3526503104326 0.000512383567413278
2150.301395799689 0.0005099035140794108
2155.2615566997956 0.0005074354647693454
2160.233159343001 0.0005049793613808674
2165.216230122294 0.000502535146092994
2170.2107954915523 0.0005001027613646043
2175.2168819656686 0.0004976821499330943
2180.234516120701 0.0004952732548130197
2185.2637245940105 0.0004928760192947619
2190.3045340844014 0.0004904903869431906
2195.3569713522716 0.0004881163015963286
2200.4210632197414 0.0004857537073640414
2205.4968365708023 0.00048340254862671433
2210.5843183514667 0.00048106277003394273
2215.683535569897 0.0004787343165032302
2220.794515296558 0.00047641713321869424
2225.9172846643605 0.0004741111656297738
2231.0518708687996 0.000471816359449943
2236.19830116811 0.0004695326606554351
2241.356602883398 0.0004672600154839726
2246.5268033987904 0.00046499837043350076
2251.7089301615906 0.0004627476722609212
2256.903010682408 0.00046050786798084993
2262.1090725353124 0.00045827890486436346
2267.327143357981 0.00045606073043775547
2272.557250851841 0.000453853292481308
2277.7994227822264 0.00045165653902805574
2283.0536869785105 0.00044947041836256523
2288.320071334262 0.0004472948790197205
2293.5986038073997 0.00044512986978350455
2298.889312420326 0.0004429753396858014
2304.192225260086 0.00044083123800518867
2309.5073704785145 0.00043869751426575
2314.8347762923822 0.00043657411823588474
2320.174470983555 0.00043446099992711947
2325.5264828991303 0.00043235810959294164
2330.890840451595 0.00043026539772762307
2336.267572118983 0.00042818281506504946
2341.656706445012 0.000426110312577571
2347.0582720392445 0.0004240478414748409
2352.472297577237 0.00042199535320267
2357.898811800692 0.00041995279944188055
2363.3378435176164 0.00041792013210717064
2368.7894216024642 0.0004158973033459848
2374.253574996293 0.0004138842655373823
2379.730332706928 0.0004118809712909186
2385.2197238091 0.00040988737344553144
2390.72177744461 0.0004079034250684288
2396.23652282248 0.0004059290794539816
2401.7639892191087 0.00040396429012263006
2407.3042059784334 0.00040200901081978343
2412.8572025120734 0.0004000631955147339
2418.423008299492 0.0003981267983995751
2424.001652888161 0.00039619977388811897
2429.5931658937034 0.0003942820766148251
2435.197577000059 0.00039237366143373407
2440.814915959642 0.0003904744834174026
2446.445212593492 0.00038858449785584794
2452.0884967914485 0.0003867036602554891
2457.7447985122885 0.000384831926338109
2463.414147783897 0.00038296925203980714
2469.0965747034325 0.00038111559350995766
2474.7921094374724 0.00037927090711018646
2480.500782222182 0.00037743514941333757
2486.2226233634733 0.0003756082772024531
2491.957663237163 0.00037379024746975344
2497.705932289146 0.00037198101741562674
2503.4674610355373 0.000370180544447623
2509.2422800628456 0.0003683887861794474
2515.030420028143 0.0003666057004299642
2520.8319116592093 0.00036483124522220634
2526.6467857547095 0.00036306537878238196
2532.4750731843515 0.00036130805953889597
2538.316804889049 0.00035955924612136934
2544.172011881096 0.0003578188973596636
2550.040725244315 0.00035608697228291323
2555.9229761342312 0.00035436343011856317
2561.8187957782447 0.00035264823029140465
2567.728215475781 0.0003509413324226221
2573.6512665984665 0.00034924269632884424
2579.5879805902946 0.0003475522820211956
2585.5383889677887 0.00034587004970435746
2591.5025233201795 0.00034419595977562523
2597.480415309558 0.00034252997282398483
2603.472096671051 0.00034087204962918025
2609.477599212998 0.00033922215116078644
2615.4969548171025 0.0003375802385772986
2621.530195438614 0.00033594627322521307
2627.5773531064942 0.0003343202166381158
2633.638459923584 0.0003327020305357817
2639.713548066785 0.000331091676823268
2645.802649787213 0.00032948911759002287
2651.90579741038 0.00032789431510898823
2658.023023336371 0.0003263072318357135
2664.1543600400023 0.0003247278304074737
2670.299840071003 0.00032315607364238555
2676.4594960541845 0.0003215919245385363
2682.6333606896137 0.00032003534627311113
2688.8214667527945 0.0003184863022015245
2695.023847094828 0.00031694475585655914
2701.2405346425926 0.00031541067094750943
2707.471562398929 0.00031388401135932305
2713.716963442799 0.0003123647411517527
2719.9767709294697 0.00031085282455851145
2726.2510180906893 0.00030934822598642936
2732.53973823486 0.0003078509100146142
2738.8429647472253 0.00030636084139361904
2745.160731090031 0.0003048779850446135
2751.4930708027114 0.0003034023060585573
2757.840017502076 0.00030193376969537433
2764.2016048824707 0.00030047234138314195
2770.577866715966 0.0002990179867172729
2776.9688368525385 0.0002975706714597042
2783.3745492202424 0.0002961303615380953
2789.7950378254036 0.00029469702304502104
2796.230336752784 0.00029327062223717855
2802.6804801657677 0.00029185112553458824
2809.1455023065546 0.0002904384995198054
2815.6254374963237 0.0002890327109371351
2822.120320135425 0.00028763372669184524
2828.6301847035625 0.0002862415138493915
2835.1550657599705 0.00028485603963464084
2841.6949979436135 0.00028347727143109583
2848.250015973347 0.00028210517678013393
2854.820154648116 0.000280739723380239
2861.4054488471443 0.00027938087908624057
2868.005933530105 0.00027802861190855805
2874.6216437373146 0.00027668289001244893
2881.252614589921 0.000275343681717258
2887.898881290082 0.0002740109554956707
2894.5604791211663 0.0002726846799729717
2901.2374434479234 0.00027136482392630756
2907.9298097166798 0.0002700513562839513
2914.6376134555353 0.00026874424612456665
2921.360890274535 0.00026744346267648715
2928.0996758658694 0.00026614897531698756
2934.854006004061 0.00026486075357156204
2941.623916546151 0.0002635787671132104
2948.4094434319045 0.0002623029857617206
2955.2106226839774 0.0002610333794829594
2962.027490408122 0.00025976991838816757
2968.860082793386 0.000258512572733252
2975.7084361122857 0.0002572613129180898
2982.5725867210112 0.00025601610948582755
2989.452571059617 0.000254776933122191
2996.348425652211 0.0002535437546547945
3003.2601871071624 0.0002523165450524501
3010.187892117276 0.00025109527542449046
3017.131577459998 0.0002498799170200859
3024.0912799976177 0.000248670441227564
3031.067036677448 0.0002474668195737426
3038.0588845320312 0.00024626902372325505
3045.0668606793347 0.00024507702547788506
3052.091002322943 0.00024389079677590087
3059.1313467522687 0.00024271030969139616
3066.187931342732 0.00024153553643363365
3073.260793555967 0.0002403664493463882
3080.3499709400326 0.00023920302090729709
3087.4555011295897 0.00023804522372721307
3094.5774218461165 0.00023689303054955863
3101.715770898104 0.00023574641424968284
3108.870586181254 0.00023460534783422622
3116.0419056786927 0.00023346980444048185
3123.229767461154 0.0002323397573357644
3130.4342096871897 0.00023121517991678235
3137.655270603384 0.00023009604570900868
3144.8929885445345 0.00022898232836605917
3152.147401933871 0.000227874001669073
3159.4185492832553 0.00022677103952609422
3166.7064691933806 0.00022567341597145874
3174.011200353994 0.0002245811051651795
3181.332781544077 0.0002234940813923436
3188.6712516320654 0.00022241231906250418
3196.026649576063 0.00022133579270907527
3203.3990144240292 0.0002202644769887377
3210.788385314 0.0002191983466808388
3218.1948014742934 0.00021813737668680014
3225.6183022237105 0.00021708154202952515
3233.058926971763 0.0002160308178528122
3240.516715218858 0.0002149851794207706
3247.991706556519 0.00021394460211723567
3255.483940667608 0.00021290906144519068
3262.993457326513 0.00021187853302619087
3270.520296399375 0.00021085299259978872
3278.064497844295 0.00020983241602296143
3285.6261017115435 0.0002088167792695458
3293.2051481437848 0.00020780605842966938
3300.8016773762733 0.0002068002297091889
3308.415729737074 0.00020579926942913162
3316.047345647288 0.00020480315402513492
3323.6965656212465 0.0002038118600468933
3331.3634302667406 0.00020282536415760675
3339.047980285232 0.00020184364313343038
3346.7502564720658 0.00020086667386292882
3354.470299716702 0.00019989443334652882
3362.20815100291 0.00019892689869598274
3369.9638514089993 0.0001979640471338274
3377.737442108044 0.00019700585599284514
3385.5289643680853 0.00019605230271553536
3393.3384595523603 0.00019510336485358004
3401.1659691195205 0.00019415902006731655
3409.0115346238476 0.00019321924612521053
3416.8751977154884 0.00019228402090333332
3424.7570001406552 0.00019135332238484227
3432.656983741856 0.00019042712865946019
3440.5751904581302 0.00018950541792296048
3448.5116623252475 0.00018858816847665527
3456.4664414759472 0.00018767535872688164
3464.439570140157 0.0001867669671844962
3472.431090645213 0.00018586297246436778
3480.441045416101 0.00018496335328487345
3488.469476975659 0.00018406808846739816
3496.516427944812 0.00018317715693583732
3504.5819410428135 0.00018229053771609836
3512.6660590874453 0.00018140820993560813
3520.7688249952625 0.0001805301528228222
3528.8902817818175 0.0001796563457067348
3537.030472561884 0.00017878676801639327
3545.189440549701 0.0001779213992804109
3553.367229059179 0.00017706021912648927
3561.5638815041434 0.0001762032072809366
3569.779441398574 0.00017535034356818823
3578.013952356813 0.00017450160791033592
3586.2674580938155 0.00017365698032665284
3594.5400024253727 0.00017281644093312224
3602.831629268344 0.0001719799699419721
3611.142382640905 0.00017114754766120617
3619.4723066627566 0.0001703191544941435
3627.821445555374 0.0001694947709389544
3636.1898436422475 0.00016867437758820252
3644.5775453491015 0.000167857955128389
3652.9845952041405 0.00016704548433949524
3661.4110378382834 0.00016623694609453306
3669.8569179853976 0.00016543232135909355
3678.32228048255 0.00016463159119089666
3686.8071702702237 0.00016383473673934926
3695.3116323925665 0.00016304173924509914
3703.8357119976426 0.00016225258003959293
3712.37945433765 0.0001614672405446373
3720.9429047691724 0.0001606857022719623
3729.5261087534222 0.00015990794682278544
3738.1291118564723 0.00015913395588737782
3746.7519597495166 0.00015836371124463384
3755.3946982090874 0.0001575971947616429
3764.057373117313 0.000156834388393262
3772.7400304621697 0.00015607527418168903
3781.442716337703 0.0001553198342560435
3790.1654769442907 0.00015456805083194374
3798.9083585888807 0.00015381990621108772
3807.6714076852354 0.00015307538278083835
3816.4546707541926 0.00015233446301380688
3825.258194423889 0.00015159712946744103
3834.082025430021 0.0001508633647836155
3842.926210616102 0.0001501331516882209
3851.7907969336884 0.0001494064729907598
3860.6758314426465 0.00014868331158393944
3869.5813613113964 0.0001479636504432712
3878.507433817159 0.0001472474726266691
3887.454096346222 0.00014653476127404898
3896.4213963941693 0.00014582549960693515
3905.4093815661445 0.00014511967092806317
3914.4180995771144 0.0001444172586209867
3923.4475982521 0.00014371824614968666
3932.4979255264448 0.0001430226170581828
3941.5691294460667 0.00014233035497014543
3950.6612581677086 0.00014164144358850953
3959.77435995921 0.00014095586669509163
3968.9084831997384 0.00014027360815020872
3978.06367638006 0.00013959465189229678
3987.2399881028064 0.00013891898193753335
3996.437467082712 0.0001382465823794619
4005.6561621468863 0.00013757743738861684
4014.8961222350686 0.00013691153121214987
4024.1573963998867 0.00013624884817346126
4033.44003380713 0.0001355893726718287
4042.744083735989 0.000134933089182041
4052.069595579327 0.0001342799822540333
4061.416618843956 0.0001336300365125215
4070.785203150874 0.00013298323665664254
4080.1753982355463 0.00013233956745959183
4089.5872539481634 0.00013169901376826684
4099.0208202539025 0.00013106156050290984
4108.476147233209 0.0001304271926567509
4117.953285082041 0.00012979589529565783
4127.452284112139 0.0001291676535577832
4136.973194751317 0.00012854245265321256
4146.516067543698 0.0001279202778636197
4156.080953149999 0.00012730111454191794
4165.667902347801 0.00012668494811191603
4175.276966031806 0.00012607176406797432
4184.908195214135 0.00012546154797466385
4194.561641024562 0.00012485428546642706
4204.237354710805 0.00012424996224723832
4213.935387638812 0.00012364856409026792
4223.655791293003 0.00012305007683754786
4233.398617276562 0.00012245448639963783
4243.16391731171 0.00012186177875529299
4252.951743239971 0.00012127193995113541
4262.762147022467 0.000120684956101324
4272.595180740167 0.00012010081338722832
4282.450896594177 0.00011951949805710395
4292.329346906029 0.00011894099642576736
4302.230584117934 0.00011836529487427438
4312.154660793078 0.00011779237984960019
4322.101629615895 0.00011722223786431938
4332.071543392342 0.0001166548554962893
4342.064455050203 0.00011609021938833205
4352.080417639332 0.00011552831624792299
4362.119484331961 0.00011496913284687628
4372.181708422984 0.00011441265602103216
4382.267143330223 0.00011385887266994978
4392.375842594721 0.00011330776975659694
4402.507859881027 0.00011275933430704389
4412.6632489774765 0.0001122135534101572
4422.842063796493 0.00011167041421729627
4433.044358374845 0.00011112990394201152
4443.270186873952 0.00011059200985974205
4453.519603580185 0.00011005671930751673
4463.792662905117 0.00010952401968365675
4474.0894193858485 0.00010899389844747744
4484.409927685275 0.00010846634311899454
4494.754242592382 0.00010794134127862976
4505.122419022554 0.00010741888056691799
4515.514512017834 0.00010689894868421673
4525.930576747232 0.00010638153339041723
4536.370668507034 0.00010586662250465495
4546.834842721064 0.0001053542039050236
4557.323154940998 0.00010484426552829003
4567.8356608466565 0.00010433679536960973
4578.372416246291 0.00010383178148224478
4588.933477076904 0.0001033292119772809
4599.518899404514 0.00010282907502335019
4610.128739424467 0.00010233135884635124
4620.763053461755 0.00010183605172917069
4631.421897971278 0.00010134314201140999
4642.105329538168 0.00010085261808910933
4652.813404878086 0.0001003644684144741
4663.546180837511 9.987868149560448e-05
4674.303714394071 9.939524589622326e-05
4685.086062656807 9.891415023540819e-05
4695.893282866499 9.843538318732272e-05
4706.725432395978 9.79589334809499e-05
4717.582568750403 9.74847898998277e-05
4728.464749567589 9.701294128178351e-05
4739.372032618306 9.65433765186728e-05
4750.304475806578 9.607608455611713e-05
4761.262137170014 9.561105439324267e-05
4772.245074880087 9.514827508242344e-05
4783.253347242452 9.468773572902231e-05
4794.287012697277 9.422942549113429e-05
4805.346129819519 9.377333357933168e-05
4816.430757319259 9.331944925641041e-05
4827.540954042003 9.286776183713701e-05
4838.676778968996 9.241826068799652e-05
4849.8382912175475 9.197093522694267e-05
4861.025550041323 9.152577492314905e-05
4872.23861483067 9.108276929676107e-05
4883.477545112945 9.064190791864786e-05
4894.742400552808 9.020318041015909e-05
4906.03324095255 8.976657644287925e-05
4917.350126252411 8.933208573838418e-05
4928.693116530892 8.889969806800034e-05
4940.062272005095 8.846940325256263e-05
4951.45765303101 8.804119116217609e-05
4962.87932010385 8.761505171597625e-05
4974.327333858392 8.719097488189235e-05
4985.801755069267 8.676895067641164e-05
4997.302644651297 8.634896916434315e-05
5008.830063659822 8.593102045858502e-05
5020.384073291013 8.551509471989142e-05
5031.96473488222 8.510118215663965e-05
5043.572109912267 8.468927302460172e-05
5055.20626000179 8.42793576267138e-05
5066.8672469135845 8.387142631284768e-05
5078.555132552902 8.346546947958397e-05
5090.269978967796 8.306147756998639e-05
5102.011848349448 8.265944107337637e-05
5113.780803032492 8.22593505251089e-05
5125.576905495368 8.186119650634998e-05
5137.40021836062 8.146496964385527e-05
5149.250804395247 8.107066060974922e-05
5161.128726511046 8.067826012130433e-05
5173.034047764924 8.028775894072464e-05
5184.966831359246 7.9899147874927e-05
5196.927140642165 7.951241777532447e-05
5208.91503910796 7.912755953761195e-05
5220.930590397389 7.874456410155078e-05
5232.973858297994 7.836342245075594e-05
5245.044906744459 7.798412561248423e-05
5257.143799818963 7.760666465742194e-05
5269.270601751491 7.723103069947594e-05
5281.425376920192 7.685721489556312e-05
5293.6081898517195 7.648520844540345e-05
5305.819105221568 7.611500259131238e-05
5318.0581878544335 7.574658861799361e-05
5330.325502724532 7.537995785233583e-05
5342.621114955957 7.501510166320753e-05
5354.94508982304 7.465201146125294e-05
5367.297492750668 7.429067869869166e-05
5379.67838931465 7.393109486911616e-05
5392.087845242062 7.357325150729205e-05
5404.525926411587 7.321714018895829e-05
5416.992698853889 7.286275253062916e-05
5429.488228751932 7.25100801893974e-05
5442.012582441344 7.215911486273686e-05
5454.565826410791 7.180984828830755e-05
5467.148027302289 7.146227224376134e-05
5479.759251911589 7.111637854654815e-05
5492.399567188519 7.077215905372289e-05
5505.069040237336 7.042960566175473e-05
5517.7677383171085 7.00887103063354e-05
5530.495728842033 6.974946496218964e-05
5543.253079381814 6.941186164288685e-05
5556.039857662038 6.907589240065211e-05
5568.856131564497 6.87415493261796e-05
5581.701969127576 6.840882454844653e-05
5594.577438546607 6.807771023452761e-05
5607.4826081742185 6.774819858941091e-05
5620.417546520734 6.742028185581335e-05
5633.38232225449 6.709395231399965e-05
5646.377004202224 6.676920228159985e-05
5659.401661349456 6.644602411342757e-05
5672.456362840819 6.612441020130171e-05
5685.541177980447 6.580435297386621e-05
5698.6561762323445 6.548584489641225e-05
5711.801427220741 6.516887847070044e-05
5724.97700073049 6.485344623478458e-05
5738.1829667074 6.453954076283642e-05
5751.419395258627 6.422715466496997e-05
5764.686356653065 6.3916280587068e-05
5777.983921321675 6.360691121060927e-05
5791.312159857895 6.329903925249534e-05
5804.671143018 6.299265746488e-05
5818.060941721477 6.268775863499829e-05
5831.48162705142 6.23843355849964e-05
5844.933270254876 6.208238117176298e-05
5858.41594274324 6.178188828676136e-05
5871.92971609265 6.14828498558614e-05
5885.474662044334 6.118525883917339e-05
5899.050852505013 6.088910823088254e-05
5912.6583595472775 6.0594391059083664e-05
5926.297255409965 6.0301100385617446e-05
5939.9676124985635 6.0009229305906085e-05
5953.669503385566 5.971877094879228e-05
5967.4030008108675 5.9429718476376676e-05
5981.168177682175 5.9142065083856175e-05
5994.965107075353 5.885580399936523e-05
6008.793862234841 5.857092848381552e-05
6022.654516574032 5.828743183073711e-05
6036.547143675657 5.800530736612137e-05
6050.471817292201 5.772454844826294e-05
6064.4286113462595 5.744514846760427e-05
6078.4175999309455 5.7167100846579246e-05
6092.438857310302 5.689039903945868e-05
6106.492457919663 5.661503653219654e-05
6120.57847636607 5.6341006842275805e-05
6134.696987428663 5.6068303518556655e-05
6148.8480660590685 5.579692014112427e-05
6163.0317873818285 5.552685032113744e-05
6177.2482266947545 5.525808770067842e-05
6191.497459469351 5.499062595260355e-05
6205.779561351236 5.4724458780393687e-05
6220.094608160499 5.445957991800625e-05
6234.442675892134 5.419598312972796e-05
6248.823840716434 5.393366221002771e-05
6263.238178979389 5.36726109834108e-05
6277.68576720312 5.3412823304272653e-05
6292.166682086244 5.315429305675551e-05
6306.681000504299 5.289701415460362e-05
6321.228799510174 5.2640980541020006e-05
6335.810156334481 5.2386186188523634e-05
6350.425148385984 5.2132625098808404e-05
6365.073853252013 5.188029130260117e-05
6379.75634869886 5.1629178859521625e-05
6394.4727126722255 5.1379281857941647e-05
6409.223023297588 5.1130594414847354e-05
6424.007358880641 5.08831106757e-05
6438.825797907728 5.0636824814297524e-05
6453.678419046219 5.0391731032638624e-05
6468.565301144953 5.014782356078545e-05
6483.4865232346565 4.990509665672796e-05
6498.442164528348 4.966354460624895e-05
6513.432304421789 4.942316172278873e-05
6528.457022493866 4.918394234731246e-05
6543.516398507034 4.894588084817631e-05
6558.610512407756 4.870897162099432e-05
6573.73944432689 4.84732090885076e-05
6588.903274580143 4.823858770045227e-05
6604.102083668487 4.800510193342902e-05
6619.3359522785795 4.777274629077322e-05
6634.604961283223 4.7541515302424786e-05
6649.90919174175 4.731140352480054e-05
6665.248724900475 4.708240554066549e-05
6680.623642193147 4.6854515959004724e-05
6696.034025241339 4.6627729414897656e-05
6711.47995585491 4.640204056939093e-05
6726.961516032432 4.6177444109372956e-05
6742.478787961618 4.595393474744899e-05
6758.031854019787 4.573150722181595e-05
6773.620796774259 4.551015629613959e-05
6789.245698982817 4.5289876759430776e-05
6804.90664359416 4.507066342592215e-05
6820.603713748309 4.485251113494723e-05
6836.336992777073 4.4635414750818144e-05
6852.106564204484 4.44193691627051e-05
6867.912511747237 4.420436928451534e-05
6883.754919315155 4.3990410054774516e-05
6899.6338710116015 4.3777486436506944e-05
6915.549451133941 4.356559341711654e-05
6931.501744174011 4.3354726008269845e-05
6947.490834818528 4.314487924577807e-05
6963.516807949565 4.293604818947972e-05
6979.579748644994 4.272822792312533e-05
6995.679742178931 4.252141355426101e-05
7011.816874022218 4.231560021411365e-05
7027.991229842835 4.211078305747561e-05
7044.202895506373 4.1906957262591645e-05
7060.451957076514 4.170411803104493e-05
7076.738500815443 4.150226058764355e-05
7093.062613184338 4.130138018030911e-05
7109.424380843816 4.110147207996421e-05
7125.823890654391 4.090253158042141e-05
7142.261229676964 4.07045539982718e-05
7158.736485173236 4.0507534672775737e-05
7175.249744606202 4.031146896575261e-05
7191.801095640628 4.0116352261471186e-05
7208.390626143479 3.99221799665419e-05
7225.018424184411 3.972894750980808e-05
7241.6845780362355 3.953665034223849e-05
7258.389176175375 3.934528393682042e-05
7275.132307282368 3.9154843788452444e-05
7291.914060242289 3.896532541383932e-05
7308.73452414525 3.877672435138599e-05
7325.593788286891 3.858903616109207e-05
7342.491942168809 3.840225642444825e-05
7359.429075499064 3.8216380744331647e-05
7376.405278192652 3.803140474490247e-05
7393.420640371965 3.784732407150115e-05
7410.475252367311 3.766413439054519e-05
7427.569204717341 3.748183138942809e-05
7444.702588169551 3.730041077641733e-05
7461.875493680794 3.7119868280552914e-05
7479.088012417711 3.694019965154772e-05
7496.340235757246 3.6761400659686834e-05
7513.632255287128 3.658346709572828e-05
7530.964162806343 3.640639477080332e-05
7548.336050325657 3.6230179516318725e-05
7565.748010068058 3.60548171838581e-05
7583.2001344692635 3.588030364508445e-05
7600.692516178243 3.5706634791642435e-05
7618.225248057654 3.553380653506253e-05
7635.798423184376 3.5361814806664356e-05
7653.412134849987 3.519065555746041e-05
7671.066476561256 3.502032475806166e-05
7688.761542040674 3.485081839858224e-05
7706.497425226897 3.46821324885446e-05
7724.274220275272 3.451426305678647e-05
7742.092021558363 3.434720615136674e-05
7759.9509236664 3.418095783947274e-05
7777.851021407815 3.40155142073271e-05
7795.792409809739 3.3850871360096446e-05
7813.775184118496 3.368702542179927e-05
7831.799439800139 3.352397253521431e-05
7849.865272540916 3.336170886179053e-05
7867.972778247791 3.32002305815562e-05
7886.122053048989 3.303953389302931e-05
7904.313193294451 3.2879615013127436e-05
7922.546295556376 3.272047017707957e-05
7940.821456629733 3.25620956383369e-05
7959.138773532761 3.2404487668484916e-05
7977.498343507517 3.224764255715508e-05
7995.900264020347 3.209155661193827e-05
8014.344632762422 3.193622615829748e-05
8032.8315476502885 3.1781647539480904e-05
8051.361106826332 3.162781711643664e-05
8069.933408659334 3.1474731267726505e-05
8088.548551744991 3.132238638944088e-05
8107.206634906417 3.117077889511404e-05
8125.9077571947155 3.101990521563918e-05
8144.652017889445 3.0869761799185175e-05
8163.439516499178 3.072034511111256e-05
8182.270352762049 3.057165163388998e-05
8201.144626646235 3.0423677867012064e-05
8220.062438350526 3.0276420326916606e-05
8239.023888304837 3.0129875546902614e-05
8258.029077170744 2.9984040077048843e-05
8277.078105842045 2.9838910484132093e-05
8296.171075445247 2.9694483351547105e-05
8315.30808734013 2.955075527922578e-05
8334.489243120308 2.9407722883556747e-05
8353.714644613716 2.926538279730646e-05
8372.984393883191 2.912373166953942e-05
8392.298593226998 2.8982766165539555e-05
8411.65734517937 2.8842482966731206e-05
8431.060752511085 2.870287877060174e-05
8450.508918229954 2.8563950290623445e-05
8470.001945581407 2.8425694256175782e-05
8489.53993804905 2.8288107412469135e-05
8509.122999355182 2.8151186520467676e-05
8528.751233461362 2.8014928356813376e-05
8548.424744568962 2.787932971374965e-05
8568.143637119709 2.7744387399046518e-05
8587.908015796278 2.7610098235925137e-05
8607.71798552279 2.7476459062982644e-05
8627.573651465395 2.7343466734118438e-05
8647.475119032862 2.721111811845975e-05
8667.422493877086 2.7079410100287625e-05
8687.415881893674 2.6948339578964225e-05
8707.45538922251 2.68179034688594e-05
8727.541122248305 2.668809869927826e-05
8747.673187601195 2.6558922214388448e-05
8767.851692157257 2.6430370973148874e-05
8788.076743039102 2.6302441949237758e-05
8808.348447616474 2.6175132130981103e-05
8828.666913506757 2.6048438521282416e-05
8849.032248575591 2.5922358137551723e-05
8869.444560937432 2.5796888011635476e-05
8889.903958956122 2.5672025189746764e-05
8910.410551245486 2.554776673239537e-05
8930.964446669876 2.5424109714319185e-05
8951.565754344758 2.5301051224415044e-05
8972.214583637324 2.517858836566987e-05
8992.911044167024 2.5056718255093106e-05
9013.655245806172 2.4935438023648414e-05
9034.44729868054 2.4814744816186252e-05
9055.287313169905 2.469463579137676e-05
9076.175399908701 2.4575108121642445e-05
9097.111669786531 2.445615899309225e-05
9118.096233948792 2.433778560545498e-05
9139.129203797294 2.4219985172013107e-05
9160.210690990785 2.410275491953774e-05
9181.340807445597 2.3986092088222946e-05
9202.519665336218 2.386999393162089e-05
9223.747377095884 2.375445771657727e-05
9245.024055417212 2.3639480723166567e-05
9266.349813252742 2.352506024462863e-05
9287.724763815566 2.341119358730464e-05
9309.149020579953 2.329787807057341e-05
9330.622697281899 2.3185111026788853e-05
9352.14590791977 2.307288980121691e-05
9373.718766754895 2.2961211751972743e-05
9395.341388312158 2.2850074249959137e-05
9417.013887380657 2.2739474678804198e-05
9438.736379014243 2.262941043479997e-05
9460.508978532167 2.2519878926840758e-05
9482.33180151972 2.2410877576362688e-05
9504.204963828786 2.2302403817282717e-05
9526.128581578498 2.2194455095937966e-05
9548.102771155844 2.2087028871026128e-05
9570.127649216276 2.1980122613545385e-05
9592.20333268437 2.1873733806734596e-05
9614.329938754381 2.176785994601458e-05
9636.507584890902 2.1662498538928815e-05
9658.736388829515 2.1557647105084903e-05
9681.016468577356 2.145330317609587e-05
9703.34794241378 2.1349464295522546e-05
9725.730928890982 2.1246128018815407e-05
9748.165546834613 2.1143291913257185e-05
9770.651915344453 2.1040953557905273e-05
9793.190153794985 2.0939110543535223e-05
9815.780381836053 2.0837760472583787e-05
9838.422719393533 2.073690095909222e-05
9861.117286669907 2.0636529628650605e-05
9883.864204144942 2.053664411834164e-05
9906.663592576317 2.0437242076685067e-05
9929.515573000257 2.0338321163582424e-05
9952.420266732215 2.0239879050261602e-05
9975.37779536746 2.0141913419222535e-05
9998.388280781737 2.0044421964182383e-05
10021.45184513198 1.9947402390020912e-05
10044.568610856822 1.985085241272736e-05
10067.738700677399 1.9754769759345624e-05
10090.962237597925 1.9659152167921214e-05
10114.239344906295 1.9563997387448506e-05
10137.57014617485 1.946930317781677e-05
10160.954765260989 1.937506730975793e-05
10184.393326307747 1.9281287564794548e-05
10207.885953744606 1.918796173518657e-05
10231.432772287995 1.9095087623880224e-05
10255.033906942086 1.9002663044455974e-05
10278.689482999409 1.8910685821076823e-05
10302.39962604144 1.881915378843756e-05
10326.164461939425 1.8728064791713455e-05
10349.984116854876 1.8637416686509635e-05
10373.858717240388 1.854720733881065e-05
10397.788389840249 1.8457434624929958e-05
10421.773261691045 1.8368096431460355e-05
10445.81346012247 1.827919065522403e-05
10469.909112757929 1.8190715203222784e-05
10494.060347515155 1.810266799258925e-05
10518.267292607019 1.80150469505376e-05
10542.530076542143 1.7927850014314553e-05
10566.84882812552 1.784107513115124e-05
10591.223676459345 1.7754720258214585e-05
10615.654750943533 1.7668783362559364e-05
10640.142181276553 1.7583262421080055e-05
10664.686097456051 1.749815542046365e-05
10689.286629779483 1.7413460357142022e-05
10713.943908844947 1.73291752372445e-05
10738.65806555171 1.7245298076551694e-05
10763.429231101054 1.7161826900447858e-05
10788.257536996909 1.707875974387484e-05
10813.143115046478 1.699609465128624e-05
10838.086097361076 1.6913829676600465e-05
10863.086616356764 1.6831962883155667e-05
10888.144804754984 1.6750492343663892e-05
10913.260795583392 1.6669416140165488e-05
10938.434722176513 1.6588732363984376e-05
10963.66671817636 1.6508439115682897e-05
10988.95691753332 1.642853450501684e-05
11014.305454506673 1.6349016650891673e-05
11039.71246366547 1.6269883681317394e-05
11065.178079889167 1.619113373336485e-05
11090.702438368295 1.6112764953122307e-05
11116.285674605315 1.60347754956509e-05
11141.927924415168 1.595716352494197e-05
11167.629323926149 1.587992721387355e-05
11193.390009580564 1.5803064744167104e-05
11219.21011813539 1.572657430634543e-05
11245.08978666313 1.5650454099689218e-05
11271.029152552477 1.557470233219506e-05
11297.028353508971 1.549931722053363e-05
11323.087527555877 1.5424296990006938e-05
11349.206813034834 1.5349639874506945e-05
11375.386348606535 1.527534411647435e-05
11401.626273251613 1.5201407966856404e-05
11427.926726271204 1.5127829685066418e-05
11454.287847287836 1.5054607538942543e-05
11480.709776246116 1.4981739804706803e-05
11507.19265341339 1.4909224766924883e-05
11533.736619380663 1.4837060718465502e-05
11560.34181506314 1.4765245960460346e-05
11587.00838170116 1.4693778802263823e-05
11613.73646086086 1.462265756141364e-05
11640.526194434862 1.4551880563591e-05
11667.37772464317 1.4481446142581014e-05
11694.291194033842 1.4411352640233832e-05
11721.266745483694 1.4341598406425366e-05
11748.304522199187 1.4272181799018564e-05
11775.404667717119 1.4203101183824519e-05
11802.56732590532 1.4134354934564343e-05
11829.792640963578 1.4065941432830654e-05
11857.080757424215 1.3997859068049585e-05
11884.431820153022 1.3930106237442641e-05
11911.845974349955 1.3862681345989317e-05
11939.323365549835 1.3795582806389365e-05
11966.864139623292 1.3728809039025213e-05
11994.468442777337 1.3662358471925384e-05
12022.13642155632 1.3596229540726772e-05
12049.868222842624 1.3530420688638143e-05
12077.663993857379 1.346493036640382e-05
12105.523882161386 1.3399757032266545e-05
12133.448035655832 1.333489915193152e-05
12161.436602582995 1.3270355198530607e-05
12189.489731527181 1.3206123652585682e-05
12217.607571415441 1.3142203001973455e-05
12245.790271518288 1.3078591741889659e-05
12274.037981450658 1.3015288374813408e-05
12302.350851172509 1.2952291410472534e-05
12330.729030989789 1.2889599365807802e-05
12359.172671555167 1.282721076493833e-05
12387.681923868742 1.2765124139127145e-05
12416.25693927904 1.2703338026745932e-05
12444.897869483597 1.26418509732412e-05
12473.604866529959 1.2580661531099829e-05
12502.378082816394 1.2519768259814831e-05
12531.217671092645 1.2459169725851765e-05
12560.123784460877 1.2398864502614817e-05
12589.096576376422 1.2338851170413069e-05
12618.136200648516 1.2279128316427386e-05
12647.242811441267 1.2219694534677e-05
12676.416563274397 1.2160548425986206e-05
12705.657611023988 1.2101688597951984e-05
12734.96610992348 1.2043113664910508e-05
12764.342215564293 1.1984822247905084e-05
12793.78608389683 1.1926812974653477e-05
12823.297871231229 1.1869084479515473e-05
12852.877734238116 1.1811635403461003e-05
12882.52582994962 1.1754464394037976e-05
12912.242315759991 1.169757010534052e-05
12942.027349426628 1.1640951197977107e-05
12971.881089070801 1.1584606339039371e-05
13001.80369317856 1.1528534202070327e-05
13031.795320601472 1.1472733467033443e-05
13061.856130557546 1.1417202820281606e-05
13091.986282632104 1.1361940954525816e-05
13122.185936778573 1.1306946568804704e-05
13152.455253319364 1.125221836845394e-05
13182.794392946638 1.1197755065075617e-05
13213.203516723332 1.114355537650797e-05
13243.682786083802 1.1089618026795232e-05
13274.232362834875 1.103594174615742e-05
13304.852409156616 1.098252527096071e-05
13335.543087603122 1.0929367343687556e-05
13366.30456110356 1.0876466712906902e-05
13397.136992962824 1.0823822133245213e-05
13428.04054686259 1.0771432365356585e-05
13459.015386862076 1.0719296175893876e-05
13490.061677398966 1.0667412337479707e-05
13521.179583290204 1.0615779628677447e-05
13552.36926973292 1.0564396833962494e-05
13583.630902305365 1.0513262743693709e-05
13614.964646967708 1.0462376154084801e-05
13646.370670062968 1.041173586717604e-05
13677.84913831779 1.036134069080635e-05
13709.400218843522 1.0311189438584646e-05
13741.024079136885 1.0261280929862585e-05
13772.72088708105 1.0211613989706177e-05
13804.490810946447 1.0162187448868382e-05
13836.33401939158 1.0113000143761835e-05
13868.250681464111 1.0064050916430904e-05
13900.240966601541 1.0015338614524895e-05
13932.305044632298 9.966862091270753e-06
13964.443085776533 9.918620205445983e-06
13996.655260647072 9.87061182135183e-06
14028.941740250248 9.82283580878678e-06
14061.302695986851 9.77529104301963e-06
14093.738299653114 9.727976404763054e-06
14126.248723441518 9.680890780147495e-06
14158.83413994178 9.634033060694612e-06
14191.494722141648 9.587402143291477e-06
14224.230643428016 9.54099693016444e-06
14257.042077587626 9.494816328853323e-06
14289.929198808182 9.448859252185747e-06
14322.892181679192 9.403124618251373e-06
14355.931201192807 9.35761135037668e-06
14389.046432744954 9.312318377099444e-06
14422.238052136032 9.267244632143606e-06
14455.506235572057 9.222389054394015e-06
14488.851159665472 9.177750587871703e-06
14522.273001436142 9.133328181708738e-06
14555.771938312217 9.0891207901237e-06
14589.348148131123 9.0451273723971e-06
14623.001809140564 9.001346892846585e-06
14656.73309999939 8.957778320802777e-06
14690.54219977859 8.91442063058505e-06
14724.429287962143 8.8712728014773e-06
14758.394544448156 8.828333817703783e-06
14792.4381495496 8.785602668405586e-06
14826.560283995464 8.74307834761634e-06
14860.76112893164 8.700759854238923e-06
14895.040865921766 8.658646192021749e-06
14929.399676948438 8.616736369535178e-06
14963.837744413904 8.575029400148562e-06
14998.355251141254 8.533524302006558e-06
15032.952380375282 8.492220098006263e-06
15067.629315783495 8.451115815774247e-06
15102.386241457018 8.410210487643551e-06
15137.223341911624 8.369503150630945e-06
15172.14080208877 8.328992846414294e-06
15207.1388073565 8.28867862130989e-06
15242.217543510473 8.248559526250039e-06
15277.377196774842 8.208634616760955e-06
15312.617953803452 8.168902952940083e-06
15347.940001680581 8.129363599434345e-06
15383.343527922156 8.090015625417986e-06
15418.828720476646 8.050858104570528e-06
15454.39576772598 8.011890115055326e-06
15490.044858486755 7.9731107394974e-06
15525.77618201099 7.934519064962215e-06
15561.58992798735 7.896114182934038e-06
15597.486286542035 7.857895189294499e-06
15633.465448239838 7.819861184301333e-06
15669.527604085077 7.782011272567394e-06
15705.67294552266 7.74434456303932e-06
15741.901664439172 7.706860168976584e-06
15778.213953163797 7.669557207930814e-06
15814.6100044694 7.632434801724763e-06
15851.090011573428 7.5954920764318555e-06
15887.65416813915 7.558728162355488e-06
15924.302668276443 7.522142194008621e-06
15961.035706543034 7.485733310093274e-06
15997.853477945446 7.449500653480439e-06
16034.756177939924 7.413443371189776e-06
16071.744002433717 7.377560614369566e-06
16108.817147785843 7.341851538276756e-06
16145.975810808366 7.3063153022569505e-06
16183.220188767309 7.270951069724833e-06
16220.550479383766 7.2357580081442315e-06
16257.966880834858 7.2007352890087015e-06
16295.46959175484 7.1658820878220415e-06
16333.058811236235 7.131197584078658e-06
16370.73473883078 7.096680961244417e-06
16408.497574550565 7.062331406737457e-06
16446.34751886894 7.028148111908996e-06
16484.28477272184 6.994130272024184e-06
16522.30953750856 6.960277086243469e-06
16560.42201509308 6.926587757603375e-06
16598.622407805015 6.8930614929979105e-06
16636.9109184406 6.859697503160069e-06
16675.287750264008 6.8264950026428515e-06
16713.753107008146 6.793453209801221e-06
16752.30719287598 6.760571346773321e-06
16790.95021254148 6.727848639462344e-06
16829.682371150786 6.6952843175183484e-06
16868.503874323178 6.662877614320032e-06
16907.414928152244 6.630627766956715e-06
16946.41573920705 6.5985340162104065e-06
16985.506514533114 6.56659560653785e-06
17024.687461653597 6.534811786052763e-06
17063.958788570253 6.503181806508327e-06
17103.32070376478 6.471704923279218e-06
17142.773416199638 6.4403803953443785e-06
17182.317135319423 6.409207485269461e-06
17221.95207105186 6.378185459189388e-06
17261.678433808804 6.347313586791237e-06
17301.496434487628 6.31659114129694e-06
17341.406284472043 6.286017399446198e-06
17381.408195633467 6.255591641479486e-06
17421.502380332015 6.225313151121027e-06
17461.689051417696 6.195181215561955e-06
17501.968422231428 6.165195125443692e-06
17542.340706606254 6.135354174841037e-06
17582.80611886855 6.105657661245581e-06
17623.364873839033 6.076104885549315e-06
17664.017186834004 6.0466951520279735e-06
17704.76327366632 6.017427768324827e-06
17745.603350646816 5.988302045434288e-06
17786.53763458514 5.959317297685737e-06
17827.566342791182 5.930472842727284e-06
17868.689693076096 5.9017680015098506e-06
17909.907903753363 5.873202098271109e-06
17951.221193640205 5.844774460519482e-06
17992.629782058437 5.816484419018571e-06
18034.133888835913 5.788331307771066e-06
18075.73373430752 5.760314464003357e-06
18117.42953931645 5.732433228149714e-06
18159.221525215235 5.704686943836903e-06
18201.109913867007 5.677074957868755e-06
18243.094927646758 5.649596620210604e-06
18285.176789442397 5.622251283974123e-06
18327.355722656008 5.595038305402119e-06
18369.631951204898 5.567957043853329e-06
18412.005699523037 5.54100686178725e-06
18454.47719256195 5.514187124749379e-06
18497.046655792186 5.4874972013559816e-06
18539.714315204383 5.460936463279365e-06
18582.480397310366 5.43450428523322e-06
18625.34512914462 5.408200044957609e-06
18668.308738265183 5.382023123204565e-06
18711.371452755116 5.35597290372342e-06
18754.53350122357 5.3300487732462575e-06
18797.79511280707 5.304250121473496e-06
18841.156517170635 5.278576341059651e-06
18884.61794450904 5.2530268275988425e-06
18928.179625548142 5.2276009796106955e-06
18971.841791545987 5.2022981985260945e-06
19015.604674294096 5.177117888673114e-06
19059.468506118566 5.1520594572631435e-06
19103.433519881553 5.127122314376658e-06
19147.499948982215 5.102305872949558e-06
19191.668027358213 5.077609548759273e-06
19235.937989486833 5.053032760410937e-06
19280.310070386127 5.028574929323832e-06
19324.784505616422 5.004235479717682e-06
19369.36153128126 4.980013838599135e-06
19414.041384028937 4.955909435748203e-06
19458.82430105358 4.93192170370497e-06
19503.710520096505 4.9080500777560545e-06
19548.700279447356 4.884293995921539e-06
19593.79381794544 4.860652898941555e-06
19638.991374981084 4.837126230263141e-06
19684.293190496785 4.813713436027258e-06
19729.69950498856 4.7904139650555896e-06
19775.210559507064 4.767227268837711e-06
19820.826595659153 4.74415280151809e-06
19866.547855608846 4.721190019883282e-06
19912.37458207888 4.698338383349059e-06
19958.307018351898 4.675597353947803e-06
20004.3454082716 4.652966396315782e-06
20050.48999624434 4.6304449776804704e-06
20096.741027240078 4.6080325678482136e-06
20143.098746793978 4.585728639191505e-06
20189.56340100755 4.563532666636694e-06
20236.135236550028 4.541444127651641e-06
20282.81450065957 4.519462502233347e-06
20329.60144114464 4.497587272895818e-06
20376.496306385416 4.475817924657719e-06
20423.49934533497 4.454153945030362e-06
20470.610807520698 4.432594824005653e-06
20517.830943045446 4.411140054044059e-06
20565.160002589164 4.389789130062579e-06
20612.598237409868 4.3685415494230544e-06
20660.145899345298 4.3473968119201036e-06
20707.803240814104 4.326354419769454e-06
20755.57051481708 4.305413877596325e-06
20803.447974938787 4.284574692423545e-06
20851.43587534857 4.26383637366013e-06
20899.534470802195 4.243198433089671e-06
20947.74401664305 4.2226603848588005e-06
20996.064768803564 4.202221745465777e-06
21044.49698380645 4.181882033749203e-06
21093.040918766146 4.161640770876544e-06
21141.696831390273 4.141497480332956e-06
21190.46497998087 4.121451687910006e-06
21239.34562343585 4.101502921694515e-06
21288.3390212502 4.081650712057578e-06
21337.445433517678 4.061894591643281e-06
21386.665120931815 4.042234095357886e-06
21435.99834478764 4.0226687603588165e-06
21485.4453669829 4.003198126043707e-06
21535.006450019362 3.983821734039664e-06
21584.681857004463 3.964539128192407e-06
21634.471851652394 3.945349854555562e-06
21684.3766982858 3.926253461379911e-06
21734.39666183699 3.9072494991028685e-06
21784.53200784945 3.888337520337771e-06
21834.783002479126 3.869517079863441e-06
21885.149912495886 3.85078773461372e-06
21935.633005285083 3.8321490436668956e-06
21986.232548848784 3.813600568235496e-06
22036.948811807328 3.7951418716558198e-06
22087.782063400544 3.7767725193777614e-06
22138.73257348951 3.7584920789545235e-06
22189.800612557614 3.7403001200324642e-06
22240.98645171231 3.7221962143409064e-06
22292.29036268643 3.7041799356821455e-06
22343.712617839483 3.6862508599213714e-06
22395.25349015941 3.668408564976623e-06
22446.913253263694 3.650652630809017e-06
22498.6921814011 3.6329826394126647e-06
22550.590549452972 3.6153981748049363e-06
22602.608632934785 3.5978988230166814e-06
22654.746707997445 3.5804841720824413e-06
22707.005051428874 3.5631538120307636e-06
22759.383940655556 3.5459073348745653e-06
22811.88365374388 3.528744334601485e-06
22864.5044694017 3.51166440716434e-06
22917.246666979645 3.4946671504717146e-06
22970.110526472898 3.477752164378291e-06
23023.096328522344 3.460919050675662e-06
23076.204354416364 3.4441674130827537e-06
23129.434886092196 3.427496857236583e-06
23182.788206137287 3.4109069906830584e-06
23236.26459779113 3.3943974228675576e-06
23289.86434494638 3.3779677651258873e-06
23343.587732150703 3.3616176306750776e-06
23397.435044608086 3.3453466346042487e-06
23451.406568180457 3.3291543938655638e-06
23505.50258938905 3.3130405272652937e-06
23559.723395416026 3.2970046554547317e-06
23614.069274106096 3.2810464009212794e-06
23668.540513967902 3.265165387979639e-06
23723.137404175643 3.2493612427628484e-06
23777.86023457042 3.23363359321364e-06
23832.709295662113 3.217982069075495e-06
23887.684878630538 3.202406301884075e-06
23942.78727532732 3.1869059249584904e-06
23998.016778277317 3.1714805733926343e-06
24053.373680680015 3.1561298840466653e-06
24108.858276411418 3.1408534955384104e-06
24164.470860025234 3.1256510482348804e-06
24220.211726754773 3.1105221842437546e-06
24276.081172514318 3.095466547405042e-06
24332.07949390079 3.0804837832825987e-06
24388.20698819519 3.065573539155856e-06
24444.46395336426 3.0507354640115317e-06
24500.850688062164 3.0359692085352655e-06
24557.36749163194 3.02127442510347e-06
24614.014664107173 3.0066507677751603e-06
24670.792506213395 2.9920978922837858e-06
24727.701319370033 2.977615456029074e-06
24784.7414056916 2.963203118069102e-06
24841.913067989663 2.9488605391120993e-06
24899.21660977429 2.9345873815085913e-06
24956.65233525551 2.920383309243406e-06
25014.220549345286 2.9062479879277123e-06
25071.921557658734 2.892181084791281e-06
25129.75566651608 2.878182268674495e-06
25187.72318294411 2.8642512100206393e-06
25245.82441467788 2.850387580868149e-06
25304.05967016221 2.8365910548428584e-06
25362.429258553406 2.822861307150327e-06
25420.93348972104 2.809198014568203e-06
25479.57267424939 2.795600855438585e-06
25538.347123439242 2.7820695096604547e-06
25597.2571493093 2.7686036586822257e-06
25656.30306459822 2.7552029854940824e-06
25715.485182765857 2.7418671746207003e-06
25774.803817995285 2.7285959121136587e-06
25834.259285194315 2.7153888855441197e-06
25893.851899997007 2.7022457839955393e-06
25953.581978765716 2.6891662980562023e-06
26013.44983859234 2.676150119812061e-06
26073.45579730039 2.663196942839442e-06
26133.600173446448 2.6503064621978108e-06
26193.88328632198 2.6374783744226032e-06
26254.305455954862 2.624712377518147e-06
26314.867003111183 2.612008170950466e-06
26375.568249297066 2.599365455640216e-06
26436.409516760203 2.5867839339557056e-06
26497.391128491676 2.5742633097058087e-06
26558.51340822746 2.561803288133062e-06
26619.776680450523 2.5494035759066853e-06
26681.181270392102 2.537063881115697e-06
26742.72750403382 2.5247839132620004e-06
26804.415708109253 2.512563383253606e-06
26866.24621010549 2.5004020033977857e-06
26928.21933826528 2.48829948739431e-06
26990.3354215883 2.4762555503287168e-06
27052.594789833318 2.4642699086655663e-06
27114.997773519706 2.452342280241834e-06
27177.544703929307 2.4404723842601894e-06
27240.235913108037 2.428659941282445e-06
27303.071733867746 2.4169046732229865e-06
27366.052499788104 2.4052063033421496e-06
27429.1785452182 2.3935645562397624e-06
27492.45020527844 2.3819791578486714e-06
27555.867815862086 2.3704498354282724e-06
27619.43171363744 2.3589763175580466e-06
27683.142236049178 2.347558334131283e-06
27746.99972132055 2.3361956163485883e-06
27811.00450845498 2.3248878967116213e-06
27875.15693723772 2.31363490901685e-06
27939.457348238044 2.302436388349153e-06
28003.906082810587 2.2912920710757338e-06
28068.503483097582 2.2802016948397826e-06
28133.249892030424 2.2691649985543645e-06
28198.14565333162 2.2581817223962854e-06
28263.191111516433 2.2472516077999447e-06
28328.386611894828 2.2363743974512577e-06
28393.732500573427 2.2255498352816085e-06
28459.229124457168 2.2147776664617927e-06
28524.876831251255 2.204057637396029e-06
28590.675969462784 2.1933894957160517e-06
28656.626888402996 2.182772990275052e-06
28722.729938188666 2.172207871141864e-06
28788.985469744362 2.161693889595047e-06
28855.39383480415 2.151230798116992e-06
28921.955385913257 2.140818350388195e-06
28988.670476430394 2.1304563012813314e-06
29055.539460529122 2.1201444068555844e-06
29122.562693200172 2.109882424350867e-06
29189.74053025307 2.0996701121820884e-06
29257.073328318173 2.0895072299334764e-06
29324.561444848354 2.079393538352969e-06
29392.20523812104 2.069328799346512e-06
29460.005067240232 2.0593127759724656e-06
29527.961292138214 2.049345232436074e-06
29596.0742735776 2.0394259340838484e-06
29664.344373153013 2.029554647398102e-06
29732.771953293402 2.0197311399914185e-06
29801.357377263517 2.009955180601197e-06
29870.101009166232 2.0002265390841774e-06
29939.003213944306 1.9905449864110682e-06
30008.064357382147 1.9809102946611327e-06
30077.284806108164 1.9713222370167905e-06
30146.66492759624 1.961780587758366e-06
30216.205090168107 1.952285122258662e-06
30285.90566299504 1.9428356169777685e-06
30355.767016099962 1.933431849457728e-06
30425.789520359223 1.924073598317345e-06
30495.97354750467 1.9147606432469854e-06
30566.319470125763 1.9054927650033218e-06
30636.827661671367 1.8962697454042242e-06
30707.498496451844 1.8870913673236293e-06
30778.33234964082 1.8779574146864128e-06
30849.32959727757 1.868867672463273e-06
30920.490616268562 1.859821926665753e-06
30991.815784389855 1.8508199643411018e-06
31063.305480288946 1.8418615735673098e-06
31134.96008348657 1.8329465434481626e-06
31206.779974379184 1.8240746641081719e-06
31278.76553424044 1.8152457266877544e-06
31350.917145223688 1.8064595233382099e-06
31423.23519036374 1.7977158472168808e-06
31495.720053579018 1.7890144924822904e-06
31568.37211967343 1.7803552542892739e-06
31641.1917743385 1.7717379287841635e-06
31714.17940415558 1.7631623130999976e-06
31787.335396597697 1.7546282053517222e-06
31860.660140031727 1.7461354046314457e-06
31934.15402372022 1.7376837110037598e-06
32007.8174378239 1.7292729255009387e-06
32081.650773403228 1.720902850118335e-06
32155.654422420936 1.7125732878096882e-06
32229.828777743896 1.704284042482466e-06
32304.174233145033 1.6960349189932893e-06
32378.691183305855 1.6878257231433112e-06
32453.38002381803 1.6796562616736574e-06
32528.24115118595 1.6715263422608508e-06
32603.274962828564 1.663435773512331e-06
32678.481857081628 1.655384364961887e-06
32753.862233199616 1.6473719270652482e-06
32829.41649135797 1.6393982711955622e-06
32905.145032655375 1.6314632096389591e-06
32981.04825911566 1.6235665555901741e-06
33057.12657369008 1.6157081231480958e-06
33133.38038025921 1.6078877273114368e-06
33209.8100836355 1.600105183974351e-06
33286.416089564955 1.5923603099221136e-06
33363.19880472971 1.5846529228267808e-06
33440.15863675002 1.5769828412429375e-06
33517.29599418619 1.5693498846034058e-06
33594.61128654125 1.561753873214968e-06
33672.10492426255 1.554194628254208e-06
33749.777318744455 1.5466719717632172e-06
33827.628882330224 1.5391857266454498e-06
33905.660028314356 1.5317357166615612e-06
33983.87117094457 1.5243217664252325e-06
34062.26272542413 1.5169437013990792e-06
34140.835107914216 1.5096013478904868e-06
34219.588735535894 1.502294533047559e-06
34298.524026372506 1.495023084855054e-06
34377.64139947156 1.4877868321303235e-06
34456.9412748475 1.4805856045192572e-06
34536.42407348334 1.473419232492341e-06
34616.090217333374 1.4662875473405848e-06
34695.940129325274 1.45919038117159e-06
34775.974233362045 1.4521275669056301e-06
34856.19295432482 1.4450989382716415e-06
34936.59671807452 1.438104329803374e-06
35017.18595145465 1.4311435768354723e-06
35097.96108229323 1.4242165154995863e-06
35178.92253940524 1.417322982720521e-06
35260.070752594685 1.4104628162124315e-06
35341.40615265701 1.40363585447495e-06
35422.92917138152 1.396841936789419e-06
35504.64024155348 1.3900809032150842e-06
35586.539796956546 1.3833525945853361e-06
35668.62827237477 1.376656852504001e-06
35750.90610359543 1.3699935193415399e-06
35833.37372741075 1.363362438231399e-06
35916.03158162074 1.3567634530662945e-06
35998.88010503528 1.3501964084945204e-06
36081.91973747626 1.3436611499163257e-06
36165.150919780426 1.3371575234802512e-06
36248.574093801086 1.33068537607952e-06
36332.18970241104 1.3242445553484098e-06
36415.998189504564 1.3178349096587053e-06
36499.99999999999 1.3114562881160851e-06
