"t (day)" "dm/dt (M_sun/yr)"
10.303795326594113 0.00023699025592722662
10.354880425506526 0.0002596289919247241
10.40621879879486 0.000283149849249729
10.45781170216597 0.000307546630904998
10.509660397552384 0.00033283435311708376
10.56176615314316 0.00035905327274142246
10.61413024341488 0.00038627290715602554
10.66675394916286 0.00041459614692247065
10.719638557532457 0.00044416360656176216
10.772785362050545 0.0004751584060551366
10.826195662657172 0.000507811626865289
10.879870765737355 0.0005424087441550458
10.933811984153007 0.0005792974054177645
10.98802063727508 0.0006188970102966624
11.042498051015833 0.0006617106540913005
11.09724555786123 0.0007083401377643593
11.152264496903575 0.000759504932715668
11.207556213874248 0.0008160662360220867
11.263122061176599 0.0008790575841041373
11.318963397919065 0.0009497239412245683
11.375081589948397 0.0010295717872951483
11.43147800988305 0.0011204335579200616
11.488154037146781 0.0012245509241017394
11.54511105800239 0.001344682961310142
11.602350465585596 0.001484214474666246
11.659873659939151 0.0016464955196594288
11.71768204804707 0.0018345666271425544
11.775777043869018 0.002051762269826818
11.834160068374944 0.0023017214967652514
11.892832549579806 0.0025883455917330737
11.951795922578489 0.0029157284465080396
12.011051629580942 0.0032880527683187863
12.070601119947433 0.0037094450841385603
12.130445850223984 0.004183782947768991
12.190587284178031 0.004714449051215507
12.25102689283421 0.0053040293577691034
12.31176615451032 0.005954238482311506
12.372806554853517 0.006668200262191223
12.434149586876636 0.00745018910622738
12.495796750994685 0.008304571698778754
12.55774955506159 0.009235778078866348
12.620009514407052 0.010248282146144977
12.682578151873592 0.011346581050421002
12.745456997853838 0.012535173653533245
12.808647590327938 0.013818538272646551
12.87215147490116 0.015201109931694897
12.93597020484174 0.016687257362485945
13.000105341118838 0.01828126000852762
13.06455845244072 0.019987285292730576
13.129331115293152 0.021809366414585144
13.194424913977947 0.02375138094310709
13.259841440651694 0.025817030468769243
13.325582295364745 0.02800982157082699
13.391649086100319 0.030333048346012186
13.45804342881383 0.03278977673072699
13.524766947472443 0.03538283083184913
13.59182127409477 0.038114781461382086
13.659208048790777 0.04098793704782817
13.726928919801942 0.04400433707272867
13.79498554354154 0.047165748154737265
13.86337958463514 0.050473662876369174
13.932112715961374 0.05392930142065654
14.001186618692817 0.05753361605682552
14.070602982337098 0.061287298486296854
14.140363504778257 0.06519079003324843
14.210469892318269 0.06924429463809255
14.280923859718737 0.07344779458796423
14.351727130242894 0.07780106889602922
14.422881435697722 0.08230371422143001
14.494388516476294 0.08695516820431332
14.566250121600383 0.09175473507582384
14.638468008763224 0.09670158566708317
14.711043944372484 0.10179407867269853
14.783979703593504 0.10702956768365081
14.857277070392705 0.11240502628945823
14.930937837581201 0.11791709385962243
15.004963806858685 0.12356209082410181
15.079356788857485 0.12933603586366862
15.154118603186827 0.1352346648938104
15.22925107847738 0.1412534517134113
15.304756052425962 0.14738763017851952
15.380635371840496 0.15363221775222333
15.45689089268516 0.1599820402740019
15.53352448012582 0.1664317577860086
15.610538008575633 0.1729758912495191
15.687933361740871 0.17960884998231882
15.76571243266704 0.18632495964703225
15.843877123785159 0.19311849062125944
15.922429346958273 0.199983686582883
16.001371023528254 0.20691479314790945
16.080704084362786 0.2139060864036128
16.160430469902558 0.2209519011865158
16.240552130208773 0.2280466589626981
16.321071025010838 0.23518489517693877
16.401989123754245 0.24236128594721282
16.48330840564882 0.24957067399187063
16.565030859717094 0.2568080936883128
16.64715848484293 0.2640687951740286
16.729693289820457 0.2713482674133377
16.812637293403206 0.27864226016589305
16.895992524353424 0.2859468048059301
16.97976102149178 0.2932582339541915
17.063944833747186 0.30057319989730963
17.148546020206904 0.3078886917821508
17.233566650166946 0.3152020515850549
17.31900880318267 0.32251098886796964
17.404874569119617 0.3298135943451637
17.491166048204686 0.3371083522953777
17.57788535107747 0.34439415186490796
17.665034598841853 0.3516702973172162
17.752615923117958 0.3589365172941429
17.84063146609424 0.36619297316265814
17.929083380579872 0.37344026652936196
18.017973830057443 0.38067944601259524
18.107304988735855 0.38791201336905745
18.197079041603477 0.39513992907833456
18.28729818448164 0.40236561749468985
18.377964624078313 0.40959197168091266
18.469080578042067 0.41682235804405343
18.56064827501635 0.42406062089750995
18.652669954693994 0.43131108707821597
18.745147867871946 0.43857857075176965
18.838084276506393 0.44586837854221956
18.931481453768058 0.4531863151270035
19.025341684097764 0.4605386894413375
19.119667263262375 0.46793232164022175
19.21446049841092 0.47537455097026227
19.30972370813099 0.48287324470784926
19.405459222505506 0.49043680832495756
19.501669383169702 0.4980741970490131
19.598356543368343 0.5057942854231862
19.69552306801336 0.5136001398253635
19.793171333741665 0.5214913652826824
19.891303728973234 0.5294674713879184
19.989922653969618 0.5375279094466965
20.089030520892592 0.5456720710325552
20.18862975386314 0.5538992865491059
20.28872278902081 0.5622088238012807
20.389312074583255 0.5705998865777077
20.490400070906105 0.5790716132463403
20.591989250543197 0.5876230753655357
20.69408209830701 0.5962532763128182
20.796681111329434 0.6049611499336496
20.899788799122895 0.613745559212597
21.00340768364171 0.6226052949693179
21.10754029934374 0.6315390745818763
21.212189193252442 0.6405455407399507
21.317356925019144 0.6496232602305395
21.423046066985613 0.6587707227588341
21.529259204247037 0.6679863398069948
21.63599893471523 0.6772684435335777
21.743267869182134 0.6866152857164406
21.851068631383747 0.6960250367419928
21.95940385806427 0.7054957846436735
22.06827619904056 0.7150255341926005
22.177688317267013 0.7246122060433685
22.287642888900653 0.7342536359379752
22.398142603366587 0.743947573970907
22.509190163423813 0.7536916839184353
22.620788285231328 0.7634835426351624
22.732939698414512 0.773320639520897
22.845647146131967 0.7832003760609421
22.958913385142573 0.7931200654428494
23.07274118587289 0.8030769322527264
23.187133332484994 0.8130681122541557
23.30209262294452 0.8230906522527587
23.41762186908909 0.8331415100494282
23.533723896697136 0.8432175544852308
23.65040154555701 0.8533155655809155
23.767657669536373 0.8634322347739485
23.885495136652093 0.873564165255949
24.003916829140362 0.883707872413309
24.12292564352714 0.8938597843737508
24.24252449069909 0.904016242661503
24.362716295974735 0.9141735029636633
24.483503999175973 0.9243277360102664
24.604890554700052 0.9344750285704737
24.726878931591813 0.9446113845671735
24.849472113616244 0.954732726312199
24.97267309933157 0.9648348958642489
25.096484902162533 0.9749136565114455
25.22091055047407 0.9849646943803521
25.34595308764547 0.9949836201731341
25.47161557214475 1.0049659710343635
25.597901077603456 1.0149072125488365
25.7248126928919 1.0248027408716085
25.85235352219467 1.0346478849912397
25.980526685086538 1.044437909127095
26.109335316608817 1.0541680152613468
26.238782567346025 1.0638333458060996
26.368871603502885 1.073428986405878
26.499605606981866 1.0829499688755042
26.63098777546097 1.0923912742731385
26.763021322471882 1.1017478361080562
26.89570947747869 1.111014543682498
27.029055485956796 1.1201862455666607
27.163062609472284 1.1292577532056691
27.297734125761774 1.1382238446571245
27.43307332881254 1.1470792684575242
27.569083528943054 1.1558187476156236
27.705768052884018 1.1644369827511891
27.843130243859715 1.1729284481527458
27.981173461669727 1.181287129380503
28.119901082771193 1.189506920810439
28.25931650036137 1.197581693351445
28.39942312446056 1.2055053001307647
28.540224381995646 1.2132715823575095
28.681723716883813 1.2208743753599014
28.82392459011679 1.2283075147914215
28.96683047984556 1.235564843000551
29.110444881465405 1.2426402155582636
29.254771307701358 1.2495275079369472
29.399813288694197 1.2562206223339285
29.54557437208676 1.2627134946322323
29.692058123110673 1.2690001014907355
29.839268124673623 1.2750744675553487
29.98720797744698 1.2809306727823468
30.1358812999538 1.286562859864483
30.285291728657434 1.2919652417500203
30.435442918050416 1.2971321092443195
30.58633854074381 1.3020578386831452
30.73798228755715 1.3067368996663953
30.890377867608628 1.3111638628404818
31.043529008405816 1.3153334077171608
31.1974394559369 1.3192403305161855
31.352112974762274 1.3228795520187338
31.507553348106562 1.3262461254181768
31.663764377951253 1.3293352441544
31.82074988512765 1.3321422497175102
31.978513709410276 1.3346626394064678
32.13705970961088 1.3368920740278787
32.296391763672794 1.3388263855198994
32.45651376876572 1.3404615844859886
32.61742964138113 1.3417938676230199
32.77914331742807 1.3428196250280953
32.94165875232933 1.3435354473682584
33.10497992111831 1.3439381328972086
33.26911081853618 1.3440246943030374
33.434055459129574 1.3437923653709842
33.599817877348855 1.3432386074452232
33.76640212764675 1.342361115673732
33.93381228457748 1.3411578250204026
34.102052442896486 1.3396269160286693
34.271126717660614 1.3377668203211264
34.441039244328614 1.335576225819826
34.611794178862475 1.3330540816722045
34.78339569782898 1.3301996028679202
34.95584799850182 1.3270122745322273
35.12915529896438 1.3234918558819244
35.30332183821284 1.3196383838303691
35.4783518762598 1.3154521762285438
35.65424969423861 1.3109338347297033
35.831019594508 1.3060842472657221
36.008665900757286 1.3009045901238983
36.187192958112206 1.2953963296136302
36.36660513324117 1.2895612233131262
36.54690681446201 1.2834013208870516
36.7281024118494 1.2769189644668144
36.910196357342684 1.2701167885860527
37.09319310485424 1.2629978522405336
37.2770971303785 1.2555696997549777
37.461912932101406 1.2478449978540727
37.647645030510354 1.23983674082728
37.834297968504885 1.2315579354858592
38.02187631150773 1.2230215780696225
38.210384647576454 1.214240632046811
38.39982758751575 1.2052280068336323
38.590209764990206 1.19599653745565
38.78153583663753 1.1865589651689443
38.973810482182614 1.1769279190548514
39.1670384045519 1.1671158985981855
39.361224329988396 1.1571352572550209
39.556373008167334 1.1469981870125163
39.75248921231235 1.1367167039398534
39.949577739312126 1.1263026347260952
40.147643409837876 1.1157676041977178
40.34669106846116 1.1051230238057268
40.54672558377235 1.0943800810695903
40.74775184849981 1.083549729962734
40.949774779629536 1.0726426822221082
41.15279931852534 1.0616693995622184
41.35683043104982 1.0506400867721204
41.56187310768582 1.0395646856722136
41.76793236365836 1.0284528699061073
41.97501323905748 1.0173140405415129
42.18312079896145 1.0061573224529623
42.39226013356055 0.9949915614581494
42.60243635828177 0.9838253221788482
42.81365461391382 0.9726668865967262
43.02592006673281 0.9615242532738144
43.239237908628766 0.9504051372070228
43.45361335723252 0.9393169702858708
43.669051656043315 0.9282669023224617
43.885558074557125 0.9172618026227369
44.10313790839555 0.9063082620681933
44.321796479435214 0.8954125956774449
44.5415391359381 0.8845808456173332
44.7623712526823 0.8738187846337336
44.984298231093405 0.8631319198726757
45.20732549937674 0.8525254970629635
45.43145851265011 0.8420045050321613
45.65670275307711 0.8315736805284709
45.88306373000139 0.8212375133218046
46.11054698008131 0.8110002515581713
46.33915806742534 0.800865907342331
46.56890258372823 0.7908382625245499
46.79978614840778 0.7809208746682321
47.03181440874217 0.7711170831761179
47.264993040008235 0.7614300155536989
47.49932774562023 0.7518625937895018
47.734824257269224 0.7424175408328504
47.97148833506349 0.7330973871507088
48.209325767669284 0.7239044773462279
48.44834237245235 0.7148409768225835
48.6885439956204 0.7059088784766816
48.929936512365984 0.6971100094083129
49.17252582701016 0.688446037631281
49.416317873147044 0.679918478773985
49.66131861378886 0.6715287027579023
49.90753404151173 0.6632779404433166
50.1549701786024 0.6551672902325391
50.403633077205434 0.6471977246217808
50.653528819471234 0.6393700966936655
50.90466351770488 0.6316851465432223
51.157043314515626 0.6241435076310238
51.41067438296704 0.616745713057913
51.665562926728114 0.6094922017565227
51.92171518022499 0.6023833245955584
52.179137408793345 0.5954193503935086
52.43783590883175 0.5886004718391405
52.69781700795567 0.581926251144866
52.95908706515212 0.5753933718935791
53.22165247093534 0.5689977114305242
53.48551964750306 0.5627352744254901
53.750695048893505 0.556602188598509
54.017185161143374 0.5505947002278553
54.28499650244644 0.544709169841497
54.55413562331291 0.5389420680840097
54.82460910672976 0.533289971751346
55.096423568321725 0.527749559986226
55.369585656513 0.5223176106272459
55.64410205269003 0.5169909967051229
55.91997947136485 0.5117666830798213
56.19722466033922 0.5066417232125816
56.47584440086987 0.5016132560671535
56.75584550783426 0.4966785031348148
57.03723482989717 0.49183476557798933
57.320019249678445 0.4870794214875238
57.604205683921165 0.48240992324891874
57.889801083660814 0.4778237950130118
58.17681243439542 0.4733186302668194
58.46524675625639 0.46889208950044786
58.755111104180045 0.4645418979661578
59.04641256808044 0.4602658435258448
59.33915827302264 0.45606177458337616
59.63335537939691 0.45192759809837046
59.92901108309407 0.44786127767816375
60.22613261568135 0.4438608317448531
60.524727244579246 0.43992433177444396
60.824802273239406 0.4360499006052487
61.12636504132322 0.4322357108128276
61.42942292488121 0.42847998314886376
61.733983336533655 0.4247809850414812
62.04005372565181 0.4211370291546294
62.34764157853999 0.4175464720042505
62.65675441861892 0.41400771262904185
62.96739980660959 0.4105191913137302
63.27958534071816 0.40707938836284907
63.59331865682195 0.4036868229230965
63.90860742865614 0.4003400518524386
64.22545936800135 0.39703766863419127
64.54388222487249 0.39377830233438316
64.86388378770818 0.39056061660078134
65.18547188356118 0.3873833087020183
65.50865437829002 0.38424510860531813
65.83343917675133 0.3811447780913915
66.15983422299303 0.37808110990511223
66.4878475004489 0.37505292694064546
66.81748703213367 0.3720590814597543
67.14876088083925 0.369098454342053
67.4816771493321 0.36616995436601824
67.81624398055128 0.36327251751962897
68.15246955780758 0.36040510633952716
68.49036210498384 0.3575667092776434
68.82992988673607 0.35475634009426904
69.17118120869539 0.3519730372765866
69.51412441767144 0.3492158634817052
69.85876790185648 0.34648390500328685
70.2051200910304 0.3437762716281282
70.55318945676707 0.34109225041511815
70.9029845126416 0.3384315369070289
71.25451381443828 0.335793892377954
71.60778596036025 0.33317908091156434
71.96280959123952 0.33058686936456444
72.31959339074835 0.32801702733066657
72.67814608561183 0.3254693271050745
73.03847644582115 0.3229435436494709
73.40059328484807 0.3204394545575015
73.76450545986076 0.3179568400207431
74.13022187194017 0.315495482795155
74.49775146629781 0.3130551681680031
74.86710323249464 0.3106356839252463
75.23828620466094 0.308236820319386
75.61130946171704 0.30585837003776384
75.98618212759575 0.3035001281713047
76.36291337146532 0.3011618921836991
76.74151240795365 0.2988434618810154
77.12198849737383 0.2965446393817365
77.50435094595065 0.2942652290872159
77.88860910604795 0.29200503765254615
78.27477237639778 0.2897638739578305
78.66285020233 0.2875415490798567
79.05285207600336 0.28533787626416424
79.44478753663775 0.28315267089749746
79.83866617074749 0.28098575048064184
80.2344976123757 0.2788369346016371
80.63229154333017 0.27670604490935846
81.03205769341999 0.274592905087465
81.43380584069351 0.27249734082870736
81.8375458116777 0.27041917980958696
82.24328748161838 0.26835825166536736
82.65104077472162 0.2663143879654275
83.06081566439678 0.26428742218895285
83.47262217350031 0.262277189700961
83.88647037458072 0.2602835277286562
84.30237039012532 0.2583062753381055
84.72033239280753 0.25634527341123486
85.14036660573574 0.2544003646231408
85.56248330270344 0.2524713934197075
85.98669280844054 0.25055820599553263
86.4130054988657 0.24866065027215223
86.84143180134038 0.24677857587655966
87.27198219492375 0.24491183412001838
87.7046672106289 0.24306027797716176
88.1394974316807 0.241223762065374
88.57648349377445 0.2394021426244514
89.01563608533596 0.23759527749653866
89.45696594778325 0.2358030261063346
89.9004838757891 0.23402524944156505
90.34620071754499 0.2322618100337197
90.79412737502666 0.23051257193904592
91.2442748042607 0.22877740071979924
91.69665401559232 0.22705616342574536
92.151276073955 0.2253487285759085
92.60815209914092 0.22365496614056568
93.06729326607288 0.22197474752348095
93.52871080507785 0.2203079455443762
93.99241600216155 0.2186544344216361
94.45842019928436 0.21701408975524486
94.92673479463897 0.21538678850994628
95.39737124292915 0.21377240899863167
95.87034105564958 0.212170830865946
96.34565580136804 0.21058193507211023
96.82332710600775 0.20900560387696135
97.30336665313197 0.2074417208242005
97.7857861842301 0.20589017072584873
98.27059749900428 0.2043508396469113
98.75781245565827 0.20282361489024064
99.24744297118784 0.20130838498159873
99.73950102167161 0.19980503965491894
100.23399864256434 0.19831346983775813
100.73094792899153 0.1968335676369398
101.2303610360447 0.19536522632438735
101.732250179079 0.19390834032314164
102.23662763401231 0.1924628051935593
102.74350573762483 0.19102851761969514
103.25289688786134 0.1896053753958586
103.76481354413411 0.18819327741334688
104.2792682276281 0.18679212364734996
104.79627352160689 0.18540181514402598
105.31584207172034 0.18402225400774583
105.83798658631416 0.18265334338849942
106.36271983674065 0.18129498746946895
106.89005465767103 0.17994709145476012
107.42000394740957 0.1786095615572924
107.952580668209 0.17728230498684608
108.48779784658721 0.17596522993826397
109.02566857364631 0.17465824557980283
109.56620600539269 0.1733612620416355
110.1094233630586 0.17207419040450192
110.65533393342601 0.1707969426885033
111.20395106915132 0.1695294318420413
111.75528818909169 0.16827157173089924
112.30935877863364 0.16702327712746123
112.8661763900228 0.16578446370006975
113.42575464269521 0.16455504800251916
113.98810722361084 0.1633349474636817
114.55324788758814 0.16212408037726703
115.12119045764021 0.16092236589171122
115.69194882531325 0.15972972400019358
116.26553695102626 0.15854607553078046
116.84196886441238 0.15737134213669335
117.42125866466232 0.15620544628670055
118.00342052086913 0.15504831125562957
118.58846867237439 0.15389986111500017
119.17641742911692 0.15276002072377443
119.76728117198269 0.1516287157192233
120.36107435315638 0.15050587250790853
120.95781149647532 0.14939141825677654
121.55750719778442 0.1482852808843658
122.16017612529295 0.14718738905212314
122.76583301993372 0.14609767215582864
123.37449269572349 0.14501606031712796
123.98617004012515 0.14394248437517038
124.60088001441227 0.14287687587835024
125.21863765403482 0.1418191670761526
125.83945806898664 0.14076929124130974
126.46335644417539 0.13972718679672116
127.09034803979384 0.13869279591396114
127.72044819169305 0.13766606127051115
128.3536723117578 0.1366469259732579
128.9900358882833 0.1356353335552387
129.62955448635387 0.13463122797241342
130.27224374822387 0.1336345536004581
130.91811939370027 0.13264525523158613
131.56719722052705 0.13166327807139258
132.21949310477194 0.13068856773572232
132.87502300121446 0.1297210702475632
133.53380294373596 0.12876073203396332
134.19584904571218 0.12780749992297066
134.86117750040717 0.12686132114059745
135.52980458136932 0.12592214330780696
136.20174664282982 0.12498991443752434
136.87702012010232 0.12406458293166919
137.55564152998465 0.12314609757821313
138.23762747116342 0.12223440754825689
138.92299462461958 0.12132946239313269
139.61175975403646 0.12043121204152706
140.30393970621023 0.1195396067966261
140.99955141146168 0.1186545973332835
141.6986118840499 0.11777613469520924
142.40113822258905 0.11690417029218075
143.1071476104664 0.11603865589727436
143.81665731626234 0.1151795436441194
144.52968469417337 0.11432678602417158
145.24624718443616 0.11348033588400902
145.966362313754 0.11264014642264845
146.69004769572564 0.11180617118888138
147.41732103127634 0.1109783640786312
148.1482001090903 0.11015667933233071
148.88270280604652 0.10934107153231915
149.62084708765553 0.10853149560025939
150.3626510084987 0.10772790679457606
151.10813271267008 0.10693026070791112
151.85731043422032 0.10613851326460086
152.61020249760224 0.1053526207181711
153.3668273181197 0.10457253964885198
154.12720340237755 0.10379822696111131
154.89134934873414 0.10302963988120842
155.65928384775663 0.1022667359547643
156.4310256826779 0.1015094730443522
157.20659372985597 0.10075780932710605
157.98600695923608 0.10001170329234664
158.76928443481444 0.09927111373922674
159.55644531510413 0.09853599977439459
160.3475088536042 0.09780632080967387
161.1424943992705 0.09708203655976251
161.94142139698874 0.09636310703994895
162.74430938805057 0.09564949256384518
163.5511780106312 0.09494115374113793
164.36204700026957 0.09423805147535706
165.1769361903513 0.09354014696166023
165.99586551259395 0.09284740168463514
166.81885499753403 0.09215977741611833
167.64592477501773 0.09147723621303075
168.47709507469278 0.09079974041522965
169.31238622650304 0.09012725264337725
170.15181866118607 0.08945973579682545
170.99541291077293 0.08879715305151667
171.84318960909002 0.08813946785790076
172.69516949226437 0.08748664393886751
173.5513733992305 0.08683864528769572
174.41182227223976 0.08619543616601735
175.27653715737304 0.08555698110179706
176.14553920505543 0.08492324488732779
177.01884967057342 0.08429419257724073
177.89648991459515 0.08366978948653157
178.7784814036927 0.08305000118860059
179.66484571086676 0.08243479351330885
180.55560451607468 0.08182413254504879
181.45077960676085 0.08121798462082878
182.35039287838907 0.08061631632837366
183.25446633497899 0.08001909450423829
184.16302208964376 0.07942628623193684
185.07608236513053 0.07883785884008546
185.9936694943647 0.07825377990055932
186.91580592099575 0.077674017226664
187.8425141999463 0.0770985388713201
188.7738169979641 0.07652731312526234
189.7097370941762 0.07596030851525196
190.65029738064578 0.07539749380230339
191.59552086293243 0.07483883797992352
192.54543066065497 0.07428431027236497
193.50005000805646 0.07373388013289264
194.4594022545733 0.07318751724206264
195.42351086540577 0.07264519150601577
196.39239942209173 0.07210687305478286
197.36609162308397 0.07157253224060356
198.34461128432957 0.07104213963625722
199.32798233985233 0.07051566603340767
200.3162288423387 0.06999308244095888
201.30937496372582 0.069474360083425
202.3074449957922 0.06895947039931158
203.31046335075257 0.06844838503950954
204.3184545618548 0.06794107586570097
205.33144328397967 0.06743751494877766
206.34945429424465 0.06693767456727077
207.37251249260947 0.06644152720579345
208.40064290248472 0.06594904555349489
209.43387067134455 0.06546020250252546
210.47222107134158 0.06497497114651474
211.51571949992476 0.06449332477906
212.56439148046132 0.06401523689222657
213.6182626628606 0.06354068117505991
214.67735882420084 0.06306963151210883
215.74170586936057 0.06260206198195935
216.81132983165188 0.06213794685578039
217.88625687345694 0.061677260595880384
218.9665132868687 0.061219977854274396
220.05212549433327 0.0607660734712624
221.14312004929616 0.060315522474018925
222.23952363685203 0.05986830007519216
223.34136307439744 0.05942438167151494
224.44866531228644 0.058983742842425246
225.56145743449042 0.05854635934869791
226.67976665926025 0.05811220713108603
227.8036203397914 0.05768126230897366
228.93304596489375 0.057253501179037776
230.0680711596638 0.056828900213920466
231.2087236861599 0.056407436060912114
232.3550314440823 0.055989085540643024
233.5070224714548 0.05557382564578647
234.6647249453103 0.05516163353977094
235.82816718238055 0.05475248655550161
236.99737763978865 0.05434636219409262
238.17238491574471 0.05394323812360799
239.35321775024616 0.05354309217781238
240.53990502578029 0.053145902354931496
241.73247576803004 0.052751646816421825
242.93095914658485 0.05236030388574949
244.13538447565355 0.05197185204717858
245.34578121478236 0.05158626994456818
246.56217896957378 0.05120353638017949
247.78460749241262 0.05082363031349049
249.0130966831921 0.05044653086002131
250.24767659004604 0.050072217290167025
251.48837741008344 0.049700669028040136
252.73522949012806 0.04933186565032115
253.98826332745887 0.048965786885118746
255.2475095705581 0.04860241261083768
256.51299901985897 0.04824172285505568
257.7847626285003 0.04788369779340888
259.0628315030828 0.04752831774848555
260.3472369044312 0.04717556318872783
261.63801024835703 0.04682541472734281
262.93518310642895 0.046477853121220415
264.2387872067432 0.046132859269860896
265.54885443470084 0.0457904142143094
266.86541683378704 0.045450499136098874
268.1885066063557 0.04511309535620109
269.5181561144157 0.04477818433398565
270.8543978804242 0.04444574766618644
272.19726458808026 0.04411576708587655
273.54678908312553 0.04378822446145016
274.9030043741471 0.043463101795612816
276.2659436333857 0.04314038122437865
277.63564019754546 0.04282004501607597
279.01212756861133 0.0425020755703594
280.39543941466667 0.04218645541723068
281.7856095707177 0.04187316721606542
283.1826720395208 0.0415621937546486
284.5866609924151 0.04125351794821602
285.99761077015637 0.040947122838504345
287.41555588375934 0.040642991592807
288.84053101533965 0.040341107503038244
290.2725710189634 0.0400414539848037
291.7117109214991 0.03974401457647792
293.1579859234757 0.03944877293828923
294.61143139994107 0.03915571285141126
296.07208290133013 0.038864818217061135
297.53997615433207 0.03857607305560487
299.0151470627654 0.03828946150566936
300.4976317084555 0.038004967823260793
301.98746635211864 0.03772257638088991
303.4846874342464 0.03744227166670414
304.98933157599953 0.037164038283625696
306.5014355801017 0.03688786094849658
308.02103643174087 0.03661372449122995
309.5481712994731 0.036341613853967766
311.0828775361331 0.03607151409024476
312.62519267974557 0.03580341036415896
314.1751544544461 0.03553728794954808
315.73280077140134 0.03527313222917255
317.29816972973777 0.03501092869390433
318.8712996174728 0.034750662941921834
320.45222891245277 0.03449232067791114
322.04099628329163 0.03423588771227322
323.6376405903194 0.03398134996033672
325.2422008865305 0.033728693441577244
326.85471641854014 0.03347790427884204
328.47522662754363 0.03322896869758082
330.1037711502825 0.03298187302508202
331.7403898200116 0.03273660368971535
333.385122667476 0.03249314722017934
335.03800992188803 0.03225149024475522
336.69909201191217 0.032011619490565996
338.3684095666536 0.03177352178284114
340.0460034166534 0.031537184044186845
341.7319145948843 0.03130259329386195
343.42618433775783 0.03106973664705891
345.1288540861299 0.03083860131419066
346.83996548631603 0.030609174600182282
348.5595603911094 0.030381443903768634
350.2876808608058 0.030155396716796328
352.02436916422994 0.02993102062353225
353.7696677797723 0.02970830329997594
355.5236193964255 0.02948723251317808
357.28626691482987 0.029267796120563645
359.0576534483221 0.029049982069260287
360.8378223239913 0.02883377839543161
362.62681708373606 0.028619173223615676
364.4246814853324 0.02840615476606831
366.23145950350164 0.02819471132211135
368.0471953309873 0.02798483127748594
369.8719333796353 0.027776503103710454
371.70571828148195 0.027569715357443222
373.5485948898427 0.027364456679850404
375.40060828041254 0.027160715795978063
377.2618037523655 0.02695848151412955
379.13222682946457 0.026757742725246905
381.0119232611742 0.026558488402297575
382.9009390237808 0.026360707599664957
384.79932032151464 0.02616438945254437
386.7071135876833 0.02596952317634286
388.6243654858043 0.025776098066083764
390.5511229107483 0.02558410349581595
392.4874329898852 0.02539352891802699
394.43334308423846 0.025204363863061203
396.38890078964084 0.02501659793854174
398.3541539379017 0.024830220828797243
400.32915059797386 0.02464522229429256
402.31393907713147 0.024461592171063938
404.3085679221504 0.024279320370158276
406.31308592049743 0.02409839687707665
408.3275421015205 0.023918811751222083
410.35198573765166 0.023740555125351233
412.3864663456088 0.02356361720503047
414.43103368760904 0.023387988268095752
416.4857377725844 0.023213658664116794
418.55062885740733 0.023040618813864953
420.6257574481166 0.02286885920878545
422.711174301156 0.02269837041047308
424.8069304246132 0.02252914305015251
426.9130770794688 0.022361167828161728
429.0296657808492 0.02219443551343988
431.15674829928867 0.02202893694301861
433.2943766619924 0.02186466302151755
435.4426031541125 0.021701604720643194
437.60148032002394 0.021539753078691843
439.7710609646114 0.02137909920005602
441.9513981545601 0.02121963425473487
444.1425452196552 0.021061349477847716
446.3445557540837 0.020904236169151984
448.55748361774823 0.020748285692563838
450.78138293758195 0.02059348947568338
453.0163081088737 0.02043983900932255
455.2623137965979 0.020287325847037036
457.5194549367532 0.02013594160466143
459.7877867377034 0.019985677959848146
462.067364681531 0.019836526651609426
464.35824452539134 0.019688479479863113
466.66048230287817 0.01954152830498147
468.97413432539315 0.019395665047343805
471.29925718352524 0.019250881686891833
473.6359077484316 0.019107170262688992
475.98414317323204 0.018964522872482646
478.34402089440425 0.018822931672269658
480.71559863319 0.018682388875865322
483.0989343970062 0.018542886754475265
485.49408648086586 0.01840441763627074
487.90111346880025 0.01826697390596713
490.320074235296 0.018130548004405337
492.7510279467314 0.017995132428136634
495.1940340628259 0.01786071972901029
497.6491523380931 0.017727302513764562
500.1164428233046 0.017594873443620422
502.59596586695534 0.017463425233878664
505.08778211674326 0.017332950653519728
507.59195252104973 0.017203442524806684
510.108538330432 0.017074893722891067
512.6376010991204 0.016947297175421764
515.179202686526 0.016820645862156623
517.73340525875 0.01669493281457727
520.3002712901086 0.016570151115506353
522.8798635646574 0.016446293898728193
525.4722451777287 0.01632335434861173
528.0774795374745 0.0162013256997367
530.6956303664185 0.01608020123652218
533.3267617030124 0.01595997429285837
535.9709379032053 0.01584063825174073
538.6282236420145 0.015722186544907035
541.2986839151097 0.015604612652477142
543.9823840404013 0.015487910102595304
546.6793896596407 0.015372072471075226
549.3897667400217 0.01525709338104791
552.1135815757985 0.015142966502611769
554.8509007899034 0.015029685552485763
557.6017913355784 0.014917244293664833
560.3663204980116 0.014805636535077913
563.1445558959863 0.014694856131248631
565.9365654835293 0.01458489698195847
568.7424175515786 0.014475753031912357
571.5621807296496 0.014367418270406898
574.3959239875161 0.01425988673100091
577.2437166368957 0.014153152491188578
580.1056283331479 0.014047209672074786
582.9817290769735 0.013942052438053276
585.8720892161315 0.013837674996486691
588.7767794471558 0.01373407159738949
591.6958708170865 0.013631236533112835
594.6294347252068 0.013529164138032086
597.5775429247914 0.013427848788236373
600.5402675248574 0.013327284901220818
603.5176809919336 0.013227466935580613
606.5098561518276 0.013128389390707821
609.5168661914103 0.013030046806490057
612.5387846604044 0.01293243376301166
615.575685473186 0.012835544880256887
618.6276429105885 0.012739374817815547
621.6947316217237 0.01264391827459056
624.7770266258038 0.012549169988507906
627.874603313979 0.012455124736228656
630.9875374511797 0.012361777332863066
634.1159051779728 0.01226912263168685
637.2597830124188 0.012177155523859683
640.4192478519496 0.012085870938145522
643.594376975244 0.011995263840635298
646.7852480441209 0.01190532923447148
649.991939105437 0.011816062159574764
653.2145285929994 0.01172745769237263
656.4530953294784 0.011639510945530307
659.7077185283415 0.011552217067683213
662.9784777957857 0.011465571243171822
666.265453132688 0.011379568691778254
669.5687249365596 0.011294204668464907
672.8883740035169 0.011209474463114967
676.2244815302512 0.011125373400274963
679.577129116021 0.011041896838899074
682.9463987646433 0.010959040172095525
686.3323728865016 0.010876798826874621
689.7351343005605 0.010795168263898931
693.1547662363942 0.010714143977235012
696.5913523362171 0.01063372149410734
700.0449766569357 0.010553896374653662
703.5157236721991 0.01047466421168254
707.0036782744685 0.010396020630432429
710.508925777092 0.010317961288332685
714.0315519163942 0.01024048187476622
717.5716428537679 0.0101635781108341
721.129285177788 0.01008724574912165
724.7045659063239 0.010011480573466581
728.2975724886705 0.009936278398728522
731.9083928076868 0.009861635070560523
735.5371151819471 0.009787546465182087
739.1838283678968 0.009714008489153998
742.8486215620292 0.00964101707915469
746.5315844030616 0.009568568201758405
750.2328069741316 0.009496657853214904
753.9523798049979 0.009425282059230874
757.6903938742587 0.009354436874752846
761.4469406115708 0.009284118383751917
765.2221118998924 0.009214322699009793
769.0160000777255 0.009145045961906757
772.8286979413765 0.009076284342210828
776.6602987472257 0.00900803403786884
780.5108962140105 0.00894029127479875
784.3805845251121 0.00887305230668382
788.2694583308665 0.008806313414767883
792.1776127508731 0.008740070907652664
796.1051433763246 0.008674321121096146
800.0521462723439 0.008609060417812642
804.0187179803365 0.008544285187274282
808.0049555203469 0.008479991845514043
812.0109563934375 0.008416176834930154
816.0368185840676 0.00835283662409199
820.0826405624941 0.008289967707547396
824.1485212871778 0.008227566605631462
828.2345602072071 0.008165629864276597
832.340857264725 0.008104154054824236
836.4675128973802 0.008043135773837652
840.6146280407778 0.007982571642916415
844.7823041309515 0.007922458308512076
848.9706431068429 0.00786279244174525
853.1797474127986 0.007803570738224014
857.4097200010694 0.007744789917863751
861.660664334336 0.0076864467247081975
865.9326843882332 0.00762853792675192
870.225884653896 0.007571060315764077
874.5403701405149 0.0075140107071134145
878.8762463779062 0.007457385939594623
883.2336194190914 0.007401182875256002
887.6125958428896 0.007345398399228329
892.0132827565272 0.007290029419555034
896.4357877982565 0.007235072867023641
900.8802191399875 0.007180525694998413
905.3466854899369 0.007126384879254217
909.8352960952849 0.007072647417811736
914.3461607448452 0.0070193103307737825
918.8793897717537 0.006966370660162842
923.4350940561661 0.006913825469759879
928.0133850279688 0.006861671844944232
932.6143746695074 0.006809906892534768
937.2381755183237 0.006758527740632185
941.8849006699068 0.006707531538462533
946.5546637804615 0.006656915456221761
951.2475790696883 0.006606676684921552
955.963761323575 0.006556812436236217
960.7033258972083 0.006507319942350735
965.4663887175925 0.006458196455809911
970.2530662864837 0.006409439249368708
975.063475683242 0.006361045615843554
979.8977345676943 0.0063130128679649185
984.7559611830111 0.006265338338230805
989.6382743586016 0.00621801937876143
994.5447935130185 0.006171053361154965
999.4756386568765 0.006124437676344297
1004.4309303957912 0.0060781697344549435
1009.4107899333276 0.006032246964663875
1014.4153390739637 0.005986666815059475
1019.444700226073 0.005941426752502532
1024.4989964049164 0.005896524262488223
1029.5783512356495 0.005851956849009142
1034.682888956348 0.005807722034419307
1039.8127344210468 0.005763817359299238
1044.9680131027953 0.005720240382321885
1050.1488510967229 0.005676988680119764
1055.3553751231236 0.00563405984715286
1060.587712530561 0.005591451495577657
1065.8459912989758 0.005549161255117026
1071.1303400428187 0.005507186772931164
1076.4408880142007 0.0054655257134894
1081.7777651060476 0.00542417575844301
1087.1411018552794 0.005383134606498956
1092.5310294460085 0.005342399973294533
1097.9476797127393 0.005301969591272936
1103.3911851435982 0.005261841209559827
1108.8616788835768 0.0052220125938406544
1114.359294737781 0.00518248152623905
1119.8841671747084 0.005143245805196023
1125.4364313295403 0.005104303245350026
1131.0162230074397 0.005065651677417991
1136.6236786868774 0.005027288948077185
1142.2589355229727 0.004989212919847905
1147.922131350842 0.004951421470977138
1153.6134046889727 0.0049139124953229895
1159.3328947426157 0.004876683902239981
1165.080741407183 0.004839733616465212
1170.8570852716725 0.004803059578005387
1176.6620676221112 0.004766659742024579
1182.4958304450024 0.004730532078732951
1188.3585164308045 0.004694674573276155
1194.2502689774215 0.004659085225625675
1200.1712321937068 0.004623762050469909
1206.1215509029885 0.004588703077106063
1212.1013706466174 0.004553906349332812
1218.1108376875188 0.004519369925343835
1224.1500990137736 0.004485091877622076
1230.2193023422171 0.004451070292834732
1236.3185961220454 0.004417303271729158
1242.4481295384494 0.004383788929029398
1248.6080525162674 0.004350525393333525
1254.7985157236458 0.004317510807011781
1261.0196705757262 0.004284743326105438
1267.2716692383551 0.0042522211202263285
1273.554664631796 0.004219942372457257
1279.8688104344747 0.004187905279253062
1286.2142610867418 0.004156108050342338
1292.591171794643 0.004124548908630077
1298.9996985337182 0.004093226090100815
1305.439998052821 0.004062137843722617
1311.912227877945 0.004031282431351739
1318.4165463160807 0.004000658127638007
1324.9531124590915 0.003970263219930802
1331.5220861875966 0.003940096008185906
1338.1236281748863 0.003910154804872861
1344.7578998908555 0.0038804379348831132
1351.4250636059455 0.003850943735438807
1358.1252823951163 0.0038216705560022513
1364.8587201418409 0.003792616758186011
1371.6255415421035 0.003763780715663747
1378.425912108434 0.003735160814081639
1385.2599981739593 0.0037067554509704584
1392.1279668964635 0.0036785630356583683
1399.0299862624813 0.003650581989184259
1405.9662250914103 0.0036228107442117822
1412.9368530396323 0.003595247744944021
1419.9420406046668 0.003567891447038771
1426.9819591293458 0.003540740317524407
1434.0567808059966 0.0035137928347164725
1441.1666786806566 0.003487047488134765
1444.4902827826756 0.0034746605604982503
1447.8215517470512 0.0034623176345499247
1451.1605032504144 0.0034500185539839863
1454.507155010157 0.003437763163049902
1457.8615247845355 0.003425551306550358
1461.2236303727545 0.003413382829839397
1464.5934896150734 0.0034012575788203514
1467.9711203928896 0.003389175399943995
1471.3565406288387 0.0033771361402065206
1474.7497682868936 0.00336513964714764
1478.1508213724499 0.003353185768848644
1481.5597179324327 0.0033412743539304717
1484.9764760553821 0.003329405251551824
1488.4011138715546 0.003317578311407208
1491.8336495530218 0.0033057933837250635
1495.2741013137586 0.00329405031926586
1498.7224874097506 0.0032823489693202044
1502.1788261390786 0.0032706891857069605
1505.6431358420286 0.003259070820771364
1509.1154349011788 0.003247493727383179
1512.5957417415002 0.003235957758934798
1516.0840748304604 0.003224462769339407
1519.58045267811 0.0032130086130291334
1523.084893837194 0.0032015951449532003
1526.5974169032368 0.003190222220576089
1530.1180405146542 0.0031788896958757054
1533.646783352841 0.0031675974273415773
1537.1836641422747 0.003156345271973003
1540.7287016506195 0.0031451330872772627
1544.281914688816 0.0031339607312678096
1547.8433221111914 0.0031228280624624708
1551.4129428155509 0.0031117349398816505
1554.990795743281 0.003100681223046574
1558.576899879456 0.003089666771977442
1562.1712742529262 0.003078691447191745
1565.7739379364334 0.0030677551097024274
1569.3849100466973 0.0030568576210161583
1573.0042097445316 0.0030459988431315735
1576.6318562349336 0.0030351786385375197
1580.2678687671905 0.003024396870211345
1583.9122666349872 0.0030136534016170966
1587.565069176497 0.0030029480967038746
1591.2262957744972 0.0029922808199040465
1594.8959658564586 0.0029816514361315563
1598.5740988946627 0.002971059810780212
1602.260714406292 0.0029605058097219705
1605.9558319535402 0.002949989299305274
1609.6594711437194 0.0029395101463532865
1613.3716516293537 0.0029290682181622955
1617.092393108296 0.0029186633824999633
1620.821715323821 0.002908295507603682
1624.559638064736 0.0028979644621789018
1628.3061811654893 0.0028876701153974582
1632.0613645062647 0.0028774123368959484
1635.8252080130999 0.002867190996774013
1639.59773165798 0.0028570059655927825
1643.378955458955 0.00284685711437314
1647.168899480236 0.0028367443145941784
1650.9675838323055 0.0028266674381915093
1654.77502867203 0.002816626357555662
1658.5912542027545 0.0028066209455304926
1662.4162806744237 0.0027966510754115085
1666.2501283836757 0.0027867166209443535
1670.0928176739633 0.002776817456323113
1673.9443689356503 0.0027669534561888093
1677.804802606124 0.0027571244956277508
1681.67413916991 0.0027473304501699786
1685.5523991587675 0.002737571195787684
1689.4396031518131 0.0027278466088936333
1693.335771775618 0.002718156566339624
1697.2409257043216 0.0027085009454148926
1701.155085659747 0.002698879623844583
1705.0782724114995 0.0026892924797881916
1709.0105067770887 0.0026797393918380247
1712.9518096220277 0.0026702202390176625
1716.9022018599558 0.0026607349007804195
1720.861704452738 0.0026512832570078407
1724.830338410581 0.002641865188008148
1728.808124792151 0.002632480574514746
1732.7950847046716 0.002623129297684706
1736.7912393040515 0.0026138112390972613
1740.7966097949814 0.0026045262807523075
1744.8112174310613 0.0025952743050689036
1748.8350835149008 0.0025860551948838025
1752.868229398237 0.0025768688334499375
1756.910676482054 0.0025677151044349628
1760.962446216683 0.0025585938919197772
1765.0235601019313 0.002549505080397055
1769.094039687183 0.0025404485547697786
1773.17390657152 0.002531424200349806
1777.2631824038403 0.002522431902856363
1781.3618888829617 0.0025134715484146654
1785.4700477577505 0.002504543023554425
1789.5876808272228 0.0024956462152084338
1793.7148099406747 0.0024867810107111286
1797.851456997786 0.002477947297797161
1801.9976439487405 0.002469144964599998
1806.153392794349 0.002460373899650452
1810.3187255861533 0.0024516339918753383
1814.4936644265572 0.0024429251305960148
1818.6782314689299 0.0024342472055270043
1822.8724489177378 0.0024256001067745926
1827.076339028649 0.002416983724835433
1831.289924108658 0.002408397950595184
1835.5132265162083 0.0023998426753270726
1839.7462686612998 0.002391317790690587
1843.9890730056206 0.0023828231887300503
1848.241662062655 0.002374358761873278
1852.5040583978066 0.002365924402930211
1856.7762846285257 0.0023575200050915536
1861.0583634244147 0.002349145461927443
1865.350317507364 0.002340800667386052
1869.652169651658 0.002332485515792315
1873.9639426841093 0.0023241999018465158
1878.2856594841692 0.0023159437206230226
1882.6173429840521 0.00230771686756891
1886.9590161688652 0.002299519238502652
1891.3107020767154 0.0022913507296128217
1895.6724237988476 0.0022832112374567264
1900.0442044797521 0.0022751006589591663
1904.426067317302 0.002267018891411055
1908.8180355628642 0.00225896583246819
1913.2201325214269 0.0022509413801499022
1917.6323815517296 0.002242945432837787
1922.0548060663748 0.0022349778892744336
1926.4874295319655 0.002227038648562092
1930.9302754692185 0.0022191276101614604
1935.3833674530924 0.0022112446738903617
1939.8467291129216 0.0022033897399224966
1944.320384132525 0.0021955627087861763
1948.8043562503497 0.0021877634813630615
1953.2986692595796 0.0021799919588869083
1957.8033470082787 0.002172248042942312
1962.318413399503 0.0021645316354634795
1966.8438923914332 0.0021568426387329606
1971.3798079975084 0.0021491809553804276
1975.9261842865392 0.002141546488381439
1980.4830453828513 0.0021339391410562084
1985.0504154663981 0.002126358817068385
1989.6283187729043 0.0021188054204238226
1994.2167795939806 0.002111278855469388
1998.8158222772588 0.002103779026891719
2003.4254712265274 0.0020963058397160364
2008.045750901846 0.0020888591993049373
2012.6766858196927 0.0020814390113571965
2017.3183005530782 0.0020740451819065667
2021.9706197316837 0.002066677617320608
2026.6336680419972 0.0020593362242994745
2031.3074702274305 0.00205202090987475
2035.992051088466 0.002044731581408269
2040.6874354827733 0.0020374681465909392
2045.393648325356 0.0020302305134415766
2050.1107145886685 0.002023018590305739
2054.838659302765 0.002015832285854564
2059.5775075554166 0.0020086715090836113
2064.327284492253 0.0020015361693117243
2069.088015316899 0.0019944261761798577
2073.859725291097 0.0019873414396499502
2078.642439734856 0.00198028187000378
2083.4361840265697 0.001973247377841824
2088.240983603161 0.0019662378740821465
2093.056863960221 0.0019592532699592266
2097.88385065213 0.0019522934770228903
2102.72196929221 0.0019453584071371466
2107.5712455528455 0.0019384479724790869
2112.4317051656267 0.001931562085537789
2117.3033739214925 0.0019247006591131654
2122.1862776708517 0.001917863606314918
2127.080442323737 0.0019110508405613756
2131.985893849927 0.0019042622755784547
2136.9026582791 0.0018974978253985255
2141.830761700954 0.001890757404359342
2146.770230265365 0.0018840409271029537
2151.7210901825083 0.0018773483085746203
2156.6833677230043 0.001870679464021754
2161.6570892180657 0.0018640343089928045
2166.6422810596214 0.0018574127593362464
2171.638969700473 0.0018508147311994524
2176.6471816544213 0.0018442401410276891
2181.6669434964133 0.0018376889055630168
2186.698281862689 0.00183116094184325
2191.7412234509075 0.0018246561672009224
2196.795795020307 0.0018181744992621985
2201.8620233918296 0.0018117158559458866
2206.9399354482784 0.0018052801554623397
2212.0295581344485 0.0017988673163124751
2217.1309184572738 0.0017924772572867024
2222.244043485979 0.001786109897463909
2227.3689603522052 0.0017797651562104515
2232.505696250175 0.0017734429531790915
2237.654278436815 0.0017671432083080363
2242.814734231922 0.001760865841819864
2247.9870910182904 0.0017546107742205696
2253.171376241864 0.0017483779262985172
2258.3676174118896 0.0017421672191234557
2263.5758421010455 0.0017359785740455151
2268.7960779456084 0.001729811912694208
2274.028352645581 0.0017236671569774496
2279.2726939648487 0.0017175442290805493
2284.5291297313324 0.0017114430514652383
2289.79768783712 0.001705363546868685
2295.0783962386326 0.0016993056383025154
2300.3712829567557 0.0016932692490518391
2305.6763760770054 0.0016872543026742743
2310.993703749661 0.0016812607229989933
2316.323294189922 0.0016752884341257373
2321.6651756780643 0.001669337360423869
2327.019376559574 0.001663407426531411
2332.3859252453176 0.0016574985573540927
2337.764850211672 0.0016516106780643974
2343.1561800006957 0.0016457437141006134
2348.5599432202634 0.001639897591165902
2353.976168544226 0.0016340722352273362
2359.4048847125673 0.001628267572514978
2364.8461205315425 0.0016224835295209393
2370.2999048738493 0.001616720032998452
2375.7662666787623 0.001610977009960937
2381.2452349522982 0.0016052543876810962
2386.736838767373 0.001599552093689955
2392.2411072639393 0.0015938700557759917
2397.7580696491646 0.0015882082019841853
2403.287755197561 0.0015825664606151225
2408.830193251166 0.0015769447602240847
2414.3854132196752 0.0015713430296201416
2419.95344458061 0.0015657611978652645
2425.53431687948 0.0015601991942733936
2431.1280597299215 0.0015546569484095867
2436.734702813877 0.0015491343900890934
2442.35427588173 0.001543631449376481
2447.9868087524837 0.0015381480565847465
2453.6323313139033 0.0015326841422744302
2459.2908735226806 0.0015272396372527533
2464.9624654045997 0.0015218144725727056
2470.6471370546815 0.0015164085795322177
2476.3449186373596 0.0015110218896732556
2482.055840386627 0.0015056543347809694
2487.7799326062013 0.001500305846882827
2493.5172256696933 0.0014949763582477501
2499.267750020752 0.0014896658013852711
2505.031536173244 0.0014843741090446456
2510.808614711398 0.001479101214214046
2516.5990162899852 0.0014738470501196646
2522.4027716344644 0.0014686115502249132
2528.219911541154 0.0014633946482295475
2534.050466877402 0.0014581962780688391
2539.894468581732 0.001453016373912752
2545.7519476640277 0.001447854870165074
2551.6229352056775 0.0014427117014626334
2557.50746235976 0.0014375868026744209
2563.4055603511906 0.001432480108900812
2569.317260476895 0.0014273915554727107
2575.2425941059846 0.0014223210779507427
2581.1815926799013 0.0014172686121244516
2587.1342877126094 0.0014122340940114534
2593.1007107907417 0.0014072174598566672
2599.080893573776 0.0014022186461314751
2605.0748677942106 0.0013972375895329335
2611.082665257714 0.0013922742269829671
2617.1043178433165 0.0013873284956275715
2623.139857503558 0.001382400332836013
2629.189316264668 0.0013774896762000482
2635.252726226742 0.0013725964635331158
2641.3301195638946 0.0013677206328695608
2647.4215285244495 0.0013628621224638464
2653.526985431092 0.001358020870789773
2659.6465226810583 0.001353196816539698
2665.78017274629 0.0013483898986237607
2671.9279681736252 0.0013436000561691049
2678.0899415849526 0.0013388272285191189
2684.2661256773936 0.001334071355232652
2690.4565532234838 0.001329332376083259
2696.661257071327 0.0013246102310584356
2702.8802701447926 0.001319904860358857
2709.1136254436697 0.0013152162043976205
2715.361356043852 0.0013105442037994988
2721.62349509752 0.0013058887994001737
2727.900075833299 0.0013012499322454976
2734.191131556456 0.001296627543590743
2740.4966956490566 0.0012920215748998603
2746.8168015701613 0.001287431967844735
2753.1514828559866 0.0012828586643044476
2759.500773120089 0.0012783016063645496
2765.8647060535527 0.0012737607363163023
2772.2433154251494 0.001269235996655982
2778.6366350815383 0.0012647273300841234
2785.044698947425 0.0012602346795048064
2791.4675410257623 0.0012557579880249315
2797.9051953979124 0.001251297198953496
2804.3576962238362 0.0012468522558008886
2810.8250777422813 0.001242423102278147
2817.3073742709453 0.00123800968229628
2823.8046202066807 0.0012336119399655291
2830.316850025657 0.001229229819594672
2836.844098283552 0.0012248632656903255
2843.3863996157443 0.0012205122229562173
2849.9437887374766 0.0012161766362925213
2856.5163004440633 0.0012118564507951216
2863.103969611052 0.0012075516117549536
2869.706831194431 0.001203262064657284
2876.3249202307948 0.0011989877551810326
2882.95827183754 0.001194728629198083
2889.606921213059 0.001190484632772593
2896.270903636906 0.0011862557121603257
2902.950254470009 0.0011820418138079403
2909.645009154833 0.0011778428843523519
2916.3552032155917 0.0011736588706200157
2923.080872258415 0.0011694897196262905
2929.8220519715496 0.0011653353785747418
2936.5787781255517 0.0011611957948564813
2943.351086573462 0.0011570709160495117
2950.1390132510155 0.0011529606899180356
2956.9425941768136 0.0011488650644118285
2963.7618654525227 0.001144783987665552
2970.5968632630766 0.0011407174079981098
2977.4476238768457 0.0011366652739119912
2984.314183645854 0.0011326275340926158
2991.196579005948 0.0011286041374076955
2998.094846477016 0.001124595032906562
3005.0090226631564 0.0011206001698195528
3011.9391442528854 0.0011166194975573446
3018.8852480193386 0.001112652965710323
3025.8473708204447 0.0011087005240479413
3032.825549599147 0.0011047621225180862
3039.819821383573 0.0011008377112464423
3046.8302232872575 0.001096927240535859
3053.8567925093153 0.0010930306608657302
3060.899566334651 0.0010891479228913538
3067.9585821341634 0.0010852789774433147
3075.0338773649246 0.0010814237755268612
3082.125489570401 0.0010775822683212848
3089.233456380632 0.0010737544071792978
3096.3578155124405 0.001069940143626428
3103.4986047696393 0.0010661394293603908
3110.6558620432124 0.0010623522162504868
3117.8296253115395 0.0010585784563369892
3125.019932640573 0.0010548181018305372
3132.2268221840673 0.0010510711051115308
3139.4503321837537 0.0010473374187295254
3146.690500969559 0.0010436169954026393
3153.947366959814 0.0010399097880169422
3161.220968661438 0.001036215749625868
3168.5113446701657 0.0010325348334496165
3175.8185336707297 0.0010288669928745625
3183.1425744370895 0.0010252121814526645
3190.4835058326134 0.0010215703529008753
3197.841366810299 0.001017941461100565
3205.216196412983 0.0010143254600969158
3212.608033773533 0.0010107223040983677
3220.016918115075 0.0010071319474760166
3227.4428887511813 0.001003554344763044
3234.8859850860904 0.0009999894506541509
3242.346246614922 0.0009964372200049598
3249.8237129238682 0.0009928976078314741
3257.3184236904262 0.0009893705693094772
3264.830418683584 0.0009858560597739937
3272.3597377640576 0.000982354034718702
3279.9064208844798 0.0009788644497953811
3287.470508089622 0.0009753872608133471
3295.0520395166154 0.0009719224237388906
3302.6510553951425 0.00096846989469473
3310.2675960476763 0.0009650296299594337
3317.901701889668 0.0009616015859668944
3325.5534134297873 0.000958185719305755
3333.222771270115 0.0009547819867188694
3340.909816106368 0.0009513903451027523
3348.6145887281245 0.000948010751507032
3356.337130019019 0.0009446431631339152
3364.077480956984 0.0009412875373376249
3371.8356826144454 0.0009379438316238862
3379.611776158549 0.0009346120036493682
3387.405802851392 0.0009312920112211564
3395.217804050213 0.0009279838122962169
3403.0478212076455 0.000924687364980862
3410.895895871904 0.0009214026275302294
3418.7620696870367 0.0009181295583477324
3426.6463843931165 0.0009148681159845613
3434.54888182649 0.0009116182591391292
3442.469603919977 0.0009083799466565762
3450.408592703102 0.0009051531375282283
3458.3658903023274 0.000901937790891087
3466.3415389412544 0.0008987338660273102
3474.335580940873 0.0008955413223636945
3482.3480587197632 0.0008923601194711691
3490.37901479433 0.0008891902170642727
3498.4284917790405 0.0008860315750006501
3506.496532386624 0.0008828841532805431
3514.583179428328 0.000879747912046283
3522.6884758141205 0.0008766228115817845
3530.812464552928 0.0008735088123120499
3538.9551887528733 0.0008704058748026572
3547.1166916214816 0.0008673139597592676
3555.2970164659373 0.0008642330280271267
3563.4962066932844 0.0008611630405905678
3571.7143058106867 0.0008581039585725188
3579.951357425629 0.000855055743234009
3588.207405246177 0.0008520183559736774
3596.4824930811865 0.0008489917583272905
3604.7766648405427 0.0008459759119672449
3613.0899645354084 0.0008429707787020889
3621.422436278428 0.0008399763204760369
3629.7741242839943 0.0008369924993684878
3638.145072868454 0.0008340192775935431
3646.535326450358 0.0008310566174995364
3654.9449295507034 0.0008281044815685383
3663.3739267931483 0.0008251628324159052
3671.8223629042755 0.000822231632789787
3680.290282713805 0.000819310845570662
3688.777731154842 0.0008164004337708737
3697.284753264128 0.0008135003605341441
3705.811394182252 0.000810610589135132
3714.3576991539217 0.0008077310829789408
3722.9237135281714 0.0008048618056006807
3731.509482758635 0.0008020027206649884
3740.1150524037557 0.0007991537919655749
3748.7404681270586 0.0007963149834247658
3757.3857756973653 0.0007934862590930427
3766.05102098905 0.0007906675831485961
3774.736249982292 0.0007878589198968537
3783.441508763296 0.000785060233770051
3792.166843524565 0.0007822714893267638
3800.9123005651186 0.0007794926512514663
3809.6779262907507 0.0007767236843540836
3818.463767214288 0.0007739645535695433
3827.269869955809 0.0007712152239573401
3836.0962812429225 0.0007684756607010757
3844.9430479109883 0.0007657458291080397
3853.810216903377 0.0007630256946087537
3862.6978352717315 0.0007603152227565405
3871.6059501761893 0.0007576143792270871
3880.534608885664 0.0007549231298180078
3889.483858778064 0.0007522414404484193
3898.4537473405762 0.0007495692771584919
3907.444322169886 0.0007469066061090426
3916.4556309724626 0.000744253393581082
3925.4877215647816 0.0007416096059754103
3934.5406418735943 0.000738975209812175
3943.614439936191 0.0007363501717304531
3952.70916390063 0.0007337344584878342
3961.824862026023 0.0007311280369599838
3970.9615826827653 0.0007285308741402441
3980.1193743528033 0.0007259429371392
3989.2982856299045 0.0007233641931842698
3998.4983652198857 0.0007207946096192889
4007.7196619409056 0.000718234153904096
4016.9622247236944 0.0007156827936141198
4026.2261026118254 0.0007131404964399741
4035.5113447619888 0.0007106072301870401
4044.8180004442224 0.0007080829627750643
4054.146119042207 0.0007055676622377507
4063.4957500534947 0.0007030612967223563
4072.866943089805 0.0007005638344892874
4082.2597478772545 0.0006980752439116984
4091.6742142566554 0.0006955954934750885
4101.110392183748 0.0006931245517769099
4110.568331729483 0.0006906623875261601
4120.0480830802935 0.0006882089695429926
4129.549696538336 0.0006857642667583198
4139.073222521793 0.00068332824821342
4148.618711565103 0.0006809008830595436
4158.186214319251 0.0006784821405575282
4167.775781552045 0.0006760719900774012
4177.387464148354 0.0006736704010979972
4187.0213131104165 0.0006712773432065699
4196.677379558077 0.0006688927860984061
4206.355714729074 0.0006665166995764487
4216.056369979321 0.0006641490535508986
4225.779396783152 0.0006617898180388551
4235.524846733628 0.0006594389631639136
4245.292771542775 0.0006570964591558081
4255.083223041895 0.0006547622763500194
4264.896253181805 0.0006524363851874057
4274.731914033149 0.0006501187562138271
4284.590257786641 0.0006478093600797717
4294.471336753358 0.00064550816753999
4304.375203365027 0.0006432151494531103
4314.301910174279 0.000640930276781288
4324.251509854957 0.0006386535205898236
4334.224055202364 0.0006363848520468015
4344.219599133564 0.0006341242424227296
4354.238194687667 0.0006318716630901619
4364.279895026086 0.0006296270855233551
4374.34475343285 0.0006273904812978866
4384.43282331486 0.0006251618220903137
4394.544158202182 0.0006229410796778018
4404.678811748346 0.0006207282259377718
4414.8368377306 0.000618523232847544
4425.018290050229 0.0006163260724839815
4435.223222732809 0.0006141367170231428
4445.451689928525 0.0006119551387399157
4455.703745912427 0.000609781310007685
4465.9794450847485 0.0006076152032979628
4476.278841971169 0.0006054567911800585
4486.601991223113 0.0006033060463207175
4496.948947618057 0.0006011629414837805
4507.319766059786 0.0005990274495298431
4517.714501578722 0.0005968995434158988
4528.133209332181 0.0005947791961950135
4538.575944604687 0.0005926663810159714
4549.04276280827 0.0005905610711229402
4559.533719482736 0.0005884632398551316
4570.048870295992 0.0005863728606464626
4580.588271044314 0.0005842899070252234
4591.151977652652 0.000582214352613735
4601.740046174943 0.000580146171128022
4612.35253279439 0.0005780853363774716
4622.98949382376 0.000576031822264514
4633.650985705686 0.0005739856027842807
4644.337065012984 0.0005719466520242802
4655.0477884489155 0.0005699149441640696
4665.783212847534 0.0005678904534749253
4676.543395173944 0.0005658731543195231
4687.328392524627 0.0005638630211516059
4698.138262127751 0.0005618600285156647
4708.973061343445 0.0005598641510466153
4719.83284766414 0.0005578753634694772
4730.717678714842 0.0005558936405990522
4741.627612253451 0.0005539189573396102
4752.562706171081 0.0005519512886845644
4763.523018492336 0.000549990609716159
4774.508607375654 0.0005480368956051531
4785.519531113584 0.0005460901216105046
4796.555848133108 0.0005441502630790628
4807.617616995961 0.0005422172954452449
4818.704896398934 0.0005402911942307348
4829.817745174172 0.0005383719350441724
4840.9562222895 0.0005364594935808387
4852.120386848748 0.000534553845622353
4863.310298092031 0.0005326549670363643
4874.526015396103 0.0005307628337762467
4885.767598274636 0.0005288774218807929
4897.035106378553 0.0005269987074739168
4908.328599496358 0.0005251266667643388
4919.64813755442 0.0005232612760453
4930.9937806173275 0.00052140251169425
4942.365588888174 0.0005195503501725519
4953.763622708896 0.0005177047680251887
4965.187942560601 0.0005158657418804543
4976.638609063861 0.0005140332484496738
4988.115682979067 0.0005122072645268916
4999.619225206724 0.000510387766988593
5011.149296787781 0.0005085747327934001
5022.705958903973 0.0005067681389817852
5034.289272878127 0.000504967962675779
5045.899300174488 0.0005031741810786799
5057.5361023990445 0.0005013867714747705
5069.199741299876 0.0004996057112290183
5080.890278767447 0.0004978309777868037
5092.6077768349705 0.0004960625486736232
5104.352297678706 0.0004943004014948098
5116.123903618304 0.0004925445139352481
5127.922657117149 0.0004907948637590915
5139.748620782661 0.0004890514288094846
5151.6018573666615 0.00048731418700827207
5163.482429765675 0.0004855831163557335
5175.39040102128 0.00048385819493029314
5187.325834320453 0.0004821394008882476
5199.288792995873 0.00048042671246348805
5211.279340526296 0.00047872010796722394
5223.297540536858 0.000477019565787712
5235.343456799423 0.00047532506438997666
5247.417153232939 0.0004736365823155423
5259.518693903762 0.0004719540981821558
5271.648143025988 0.0004702775906835252
5283.805564961801 0.0004686070385890405
5295.991024221832 0.00046694242074350837
5308.204585465467 0.00046528371606688833
5320.446313501227 0.00046363090355401506
5332.716273287081 0.000461983962274346
5345.0145299308015 0.00046034287137168567
5357.341148690328 0.0004587076100639263
5369.696194974075 0.0004570781576427837
5382.079734341326 0.00045545449347353514
5394.491832502536 0.00045383659699475707
5406.932555319705 0.0004522244477180682
5419.4019688067365 0.00045061802522786495
5431.900139129753 0.00044901730918106623
5444.427132607494 0.00044742227930685493
5456.983015711621 0.00044583291540642065
5469.5678550670955 0.000444249197352708
5482.181717452539 0.0004426711050901529
5494.824669800576 0.00044109861863443677
5507.496779198181 0.00043953171807223254
5520.198112887043 0.0004379703835609478
5532.928738263939 0.00043641459532847726
5545.688722881055 0.00043486433367295155
5558.478134446385 0.0004333195789624875
5571.297040824058 0.00043178031163493887
5584.145510034707 0.00043024651219765204
5597.02361025585 0.0004287181612272138
5609.931409822216 0.000427195239369209
5622.868977226147 0.0004256777273379747
5635.836381117925 0.0004241656059163548
5648.833690306152 0.0004226588559554612
5661.860973758134 0.0004211574583744217
5674.918300600205 0.0004196613941601515
5688.005740118141 0.0004181706443670983
5701.123361757486 0.00041668519011701564
5714.271235123939 0.00041520501259871415
5727.449429983735 0.0004137300930678277
5740.658016264003 0.0004122604128465753
5753.897064053124 0.00041079595332352346
5767.16664360112 0.00040933669595335484
5780.466825320036 0.0004078826222566243
5793.79767978428 0.00040643371381953646
5807.159277731041 0.00040498995229370317
5820.551690060623 0.000403551319395915
5833.974987836838 0.00040211779690791234
5847.429242287407 0.00040068936667614623
5860.914524804288 0.0003992660106115604
5874.430906944107 0.0003978477106893493
5887.978460428497 0.0003964344489487419
5901.557257144493 0.00039502620749276557
5915.167369144932 0.00039362296848802317
5928.808868648798 0.0003922247141644667
5942.481828041647 0.00039083142681517127
5956.186319875953 0.00038944308879611413
5969.922416871508 0.0003880596825259464
5983.690191915825 0.0003866811904857746
5997.489718064507 0.0003853075952189337
6011.321068541624 0.00038393887933077433
6025.184316740118 0.0003825750254884343
6039.079536222205 0.00038121601642062243
6053.006800719725 0.000379861834917403
6066.966184134583 0.00037851246382996907
6080.957760539098 0.0003771678860704363
6094.981604176411 0.00037582808461161804
6109.037789460903 0.00037449304248681343
6123.126390978542 0.00037316274278959206
6137.247483487334 0.00037183716867357876
6151.401141917667 0.0003705163033522436
6165.587441372737 0.0003692001300986846
6179.80645712896 0.00036788863224541897
6194.058264636326 0.0003665817931841712
6208.342939518858 0.00036527959636566305
6222.660557574956 0.00036398202529940276
6237.011194777831 0.0003626890635534803
6251.394927275914 0.00036140069475435187
6265.811831393247 0.00036011690258663884
6280.26198362988 0.00035883767079292086
6294.745460662283 0.000357562983173526
6309.262339343781 0.00035629282358632866
6323.812696704904 0.00035502717594654444
6338.396609953863 0.00035376602422652637
6353.0141564769 0.0003525093524555612
6367.665413838728 0.00035125714471967017
6382.350459782959 0.0003500093851614031
6397.069372232466 0.0003487660579796405
6411.822229289858 0.0003475271474293924
6426.609109237841 0.00034629263782159887
6441.430090539657 0.0003450625135229344
6456.2852518395175 0.0003438367589556024
6471.174671962978 0.0003426153585971476
6486.098429917407 0.0003413982969802519
6501.0566048923565 0.000340185558692542
6516.049276260008 0.00033897712837639346
6531.076523575601 0.00033777299072873616
6546.138426577846 0.00033657313050086066
6561.235065189332 0.0003353775324982244
6576.366519516967 0.0003341861815802626
6591.532869852416 0.0003329990626601889
6606.73419667249 0.0003318161607048142
6621.970580639618 0.0003306374607343487
6637.242102602235 0.0003294629478222144
6652.548843595225 0.0003282926070948596
6667.890884840374 0.00032712642373156276
6683.268307746758 0.00032596438296425453
6698.68119391122 0.0003248064700773206
6714.129625118763 0.0003236526704074252
6729.613683343 0.00032250296934331786
6745.133450746614 0.00032135735232565187
6760.68900968174 0.00032021580484679923
6776.280442690462 0.00031907831245066623
6791.907832505203 0.0003179448607325132
6807.571262049178 0.0003168154353387679
6823.270814436856 0.0003156900219668464
6839.006572974384 0.00031456860636497146
6854.778621160011 0.0003134511743319921
6870.587042684554 0.0003123377117172034
6886.431921431855 0.0003112282044201671
6902.313341479179 0.0003101226383905358
6918.2313870977205 0.00030902099962786856
6934.186142752996 0.00030792327418146197
6950.1776931053155 0.00030682944815016677
6966.2061230102545 0.000305739507682215
6982.271517519051 0.00030465343897504376
6998.373961879117 0.0003035712282751201
7014.51354153444 0.0003024928618777691
7030.690342126058 0.00030141832612699663
7046.904449492534 0.000300347607415319
7063.155949670362 0.00029928069218358987
7079.4449288944825 0.0002982175669208286
7095.771473598688 0.0002971582181640488
7112.1356704161035 0.0002961026324980903
7128.537606179661 0.0002950507965554438
7144.977367922547 0.00029400269701608674
7161.455042878645 0.000292958320607314
7177.970718483021 0.0002919176541035668
7194.524482372402 0.00029088068432626783
7211.116422385592 0.0002898473981436536
7227.7466265640005 0.00028881778247060813
7244.415183152051 0.0002877918242684967
7261.122180597679 0.000286769510545003
7277.8677075528185 0.00028575082835396125
7294.651852873822 0.00028473576479519456
7311.47470562199 0.0002837243070143508
7328.336355063996 0.00028271644220273935
7345.236890672378 0.000281712157597172
7362.176402126034 0.0002807114404797945
7379.154979310655 0.0002797142781779341
7396.1727123192495 0.0002787206580639324
7413.229691452579 0.00027773056755498826
7430.326007219653 0.0002767439941129983
7447.461750338229 0.00027576092524439754
7464.637011735275 0.00027478134850000174
7481.851882547441 0.0002738052514748488
7499.106454121555 0.0002728326218080447
7516.400818015128 0.0002718634471826006
7533.735065996792 0.00027089771532528493
7551.1092900468475 0.0002699354140064617
7568.523582357691 0.00026897653103993775
7585.978035334338 0.00026802105428281085
7603.472741594924 0.0002670689716353098
7621.007793971154 0.00026612027104064924
7638.58328550885 0.00026517494048486855
7656.199309468391 0.0002642329679966877
7673.855959325234 0.00026329434164734964
7691.553328770428 0.00026235904955047146
7709.291511711066 0.00026142707986189607
7727.070602270834 0.0002604984207795362
7744.890694790463 0.00025957306054323257
7762.751883828257 0.0002586509874345989
7780.654264160596 0.0002577321897768764
7798.59793078244 0.00025681665593478515
7816.582978907806 0.000255904374314377
7834.609503970293 0.0002549953333628885
7852.677601623613 0.0002540895215685942
7870.78736774204 0.00025318692746066347
7888.938898420986 0.0002522875396090096
7907.132289977452 0.0002513913466241522
7925.367638950565 0.0002504983371570672
7943.645042102114 0.00024960849989904595
7961.964596417005 0.00024872182358155124
7980.326399103844 0.0002478382969760744
7998.730547595394 0.00024695790889399475
8017.177139549114 0.0002460806481864352
8035.666272847708 0.00024520650374412295
8054.19804559958 0.00024433546449724827
8072.772556139426 0.00024346751941532437
8091.389903028694 0.00024260265750704728
8110.050185056133 0.00024174086782015853
8128.753501238336 0.00024088213944130398
8147.499950820247 0.00024002646149589522
8166.28963327567 0.00023917382314797624
8185.122648307814 0.00023832421360008124
8203.99909584985 0.00023747762209310052
8222.919076065376 0.00023663403790614347
8241.882689349026 0.00023579345035640306
8260.890036326931 0.00023495584879901996
8279.941217857291 0.00023412122262694965
8299.036335030927 0.00023328956127082528
8318.175489171761 0.0002324608541988256
8337.358781837418 0.00023163509091654136
8356.586314819715 0.0002308122609668417
8375.858190145214 0.00022999235392974417
8395.1745100758 0.00022917535942227767
8414.535377109158 0.0002283612670983574
8433.940893979383 0.00022755006664864881
8453.391163657472 0.00022674174780043887
8472.886289351893 0.0002259363003175078
8492.426374509148 0.00022513371399999487
8512.011522814306 0.00022433397868427385
8531.641838191537 0.00022353708424282146
8551.317424804682 0.00022274302058409155
8571.038387057823 0.0002219517776523844
8590.80482959579 0.00022116334542772134
8610.616857304778 0.00022037771392571733
8630.474575312837 0.00021959487319745408
8650.378088990468 0.00021881481332935637
8670.327503951203 0.00021803752444306146
8690.3229260521 0.00021726299669530083
8710.364461394382 0.00021649122027776827
8730.45221632393 0.00021572218541700248
8750.58629743189 0.00021495588237425829
8770.766811555239 0.00021419230144538519
8790.993865777315 0.00021343143296070614
8811.267567428446 0.00021267326728489038
8831.58802408644 0.00021191779481683786
8851.95534357725 0.00021116500598955074
8872.369633975444 0.00021041489127001883
8892.831003604879 0.0002096674411590939
8913.339561039194 0.00020892264619137136
8933.89541510242 0.00020818049693507187
8954.498674869588 0.00020744098399191744
8975.149449667235 0.00020670409799701859
8995.847849074065 0.00020596982961874904
9016.593982921464 0.000205238169558634
9037.387961294111 0.00020450910855122762
9058.229894530587 0.00020378263736399777
9079.119893223895 0.0002030587467972088
9100.05806822213 0.00020233742768380457
9121.044530628993 0.00020161867088929405
9142.07939180441 0.00020090246731163306
9163.16276336515 0.00020018880788111077
9184.294757185362 0.00019947768356023442
9205.475485397228 0.0001987690853436148
9226.705060391494 0.00019806300425785232
9247.983594818137 0.00019735943136142285
9269.311201586888 0.00019665835774456658
9290.687993867909 0.00019595977452917078
9312.114085092322 0.00019526367286866285
9333.58958895285 0.00019457004394789415
9355.11461940443 0.00019387887898303008
9376.689290664774 0.00019319016922143863
9398.313717215033 0.0001925039059415791
9419.988013800346 0.0001918200804528932
9441.712295430481 0.00019113868409569265
9463.48667738046 0.0001904597082410511
9485.31127519112 0.00018978314429069447
9507.186204669793 0.0001891089836768921
9529.111581890855 0.0001884372178623477
9551.087523196373 0.00018776783834009342
9573.114145196741 0.00018710083663337802
9595.191564771276 0.00018643620429556322
9617.319899068823 0.0001857739329100161
9639.499265508395 0.00018511401409000084
9661.729781779826 0.0001844564394785739
9684.011565844321 0.0001838012007484778
9706.34473593517 0.00018314828960203577
9728.7294105583 0.0001824976977710462
9751.165708492937 0.00018184941701667953
9773.653748792261 0.00018120343912937154
9796.193650783975 0.000180559755928721
9818.78553407101 0.00017991835926338558
9841.429518532099 0.0001792792410109785
9864.125724322434 0.00017864239307796716
9886.87427187434 0.00017800780739956693
9909.67528189784 0.00017737547593964394
9932.52887538138 0.0001767453906906094
9955.435173592397 0.00017611754367331995
9978.394298077992 0.00017549192693697634
10001.4063706656 0.00017486853255902263
10024.47151346361 0.00017424735264504596
10047.589848861997 0.0001736283793286762
10070.761499533004 0.0001730116047714877
10093.986588431753 0.0001723970211628983
10117.26523879699 0.0001717846207200701
10140.597574151609 0.00017117439568781401
10163.983718303392 0.00017056633833848769
10187.423795345649 0.00016996044097190085
10210.917929657846 0.00016935669591521565
10234.466245906358 0.0001687550955228496
10258.068869045002 0.00016815563217637995
10281.725924315779 0.0001675582982844474
10305.437537249527 0.00016696308628265778
10329.20383366656 0.00016636998863348942
10353.024939677414 0.00016577899782619385
10376.900981683408 0.00016519010637670384
10400.832086377377 0.0001646033068275383
10424.818380744342 0.00016401859174770567
10448.859992062147 0.000163435953732613
10472.957047902233 0.00016285538540396845
10497.10967613018 0.00016227687940969113
10521.318004906465 0.0001617004284238161
10545.582162687137 0.00016112602514640315
10569.90227822446 0.0001605536623034428
10594.278480567695 0.00015998333264676377
10618.710899063646 0.0001594150289539443
10643.19966335744 0.00015884874402821684
10667.74490339317 0.0001582844706983804
10692.346749414663 0.00015772220181870604
10717.005331966056 0.00015716193026884935
10741.720781892564 0.00015660364895375993
10766.493230341152 0.0001560473508035899
10791.32280876122 0.00015549302877360612
10816.209648905377 0.00015494067584409884
10841.15388283001 0.00015439028502029617
10866.155642896083 0.00015384184933227196
10891.21506176978 0.0001532953618348606
10916.33227242331 0.00015275081560756575
10941.50740813547 0.00015220820375447548
10966.74060249245 0.0001516675194041746
10992.031989388508 0.0001511287557096557
11017.381703026676 0.00015059190584823547
11042.789877919542 0.00015005696302146466
11068.256648889841 0.00014952392045504518
11093.782151071258 0.00014899277139874244
11119.366519909123 0.0001484635091263014
11145.009891161102 0.00014793612693535994
11170.712400898015 0.00014741061814736354
11196.47418550442 0.00014688697610748357
11222.295381679423 0.00014636519418452957
11248.176126437389 0.00014584526577086807
11274.116557108637 0.00014532718428233714
11300.116811340262 0.0001448109431581626
11326.17702709674 0.00014429653586087767
11352.297342660735 0.00014378395587623727
11378.477896633816 0.0001432731967131367
11404.718827937177 0.00014276425190353043
11431.020275812454 0.00014225711500234756
11457.382379822333 0.00014175177958741263
11483.805279851384 0.00014124823925936402
11510.289116106773 0.00014074648764157124
11536.834029118989 0.00014024651838005675
11563.440159742682 0.00013974832514341228
11590.10764915727 0.0001392519016227213
11616.836638867777 0.00013875724153147878
11643.627270705545 0.00013826433860551055
11670.479686829072 0.00013777318660289383
11697.394029724639 0.0001372837793038794
11724.370442207139 0.00013679611051081289
11751.40906742081 0.00013631017404805497
11778.51004884007 0.00013582596376190308
11805.673530270153 0.00013534347352051596
11832.899655847956 0.00013486269721383283
11860.18857004278 0.00013438362875349864
11887.540417657077 0.00013390626207278525
11914.955343827318 0.00013343059112651433
11942.433494024608 0.0001329566098909833
11969.975014055564 0.0001324843123638863
11997.580050063058 0.00013201369256423922
12025.248748526972 0.00013154474453230518
12052.981256265071 0.00013107746232951618
12080.77772043364 0.00013061184003840048
12108.638288528353 0.00013014787176250726
12136.563108385039 0.00012968555162633043
12164.552328180444 0.00012922487377523665
12192.606096433105 0.00012876583237538816
12220.724562004001 0.00012830842161367135
12248.90787409744 0.0001278526356976229
12277.156182261817 0.00012739846885535482
12305.469636390393 0.00012694591533548397
12333.848386722186 0.00012649496940705506
12362.292583842618 0.0001260456253594733
12390.802378684413 0.0001255978775024279
12419.37792252838 0.0001251517201658226
12448.019367004177 0.00012470714769970235
12476.726864091233 0.0001242641544741815
12505.50056611939 0.00012382273487937474
12534.340625769815 0.00012338288332532337
12563.24719607579 0.00012294459424192668
12592.220430423497 0.00012250786207887
12621.260482552925 0.0001220726813055543
12650.367506558548 0.00012163904641102728
12679.541656890235 0.00012120695190391347
12708.783088354015 0.00012077639231234378
12738.09195611301 0.00012034736218388591
12767.468415688103 0.00011991985608547755
12796.912622958858 0.00011949386860335483
12826.424734164304 0.00011906939434298625
12856.004905903865 0.00011864642792900171
12885.653295138034 0.00011822496400512654
12915.37005918931 0.00011780499723411352
12945.15535574301 0.00011738652229767377
12975.009342848076 0.00011696953389641185
13004.93217891802 0.00011655402674975479
13034.924022731602 0.00011613999559589005
13064.98503343379 0.000115727435191695
13095.115370536567 0.00011531634031267294
13125.315193919752 0.00011490670575288551
13155.584663831964 0.00011449852632488655
13185.923940891294 0.00011409179685965849
13216.33318608629 0.00011368651220654432
13246.81256077676 0.0001132826672331845
13277.362226694611 0.00011288025682545054
13307.982345944823 0.00011247927588738023
13338.673081006136 0.00011207971934111404
13369.43459473202 0.00011168158212683083
13400.267050351522 0.00011128485920268239
13431.170611470096 0.00011088954554473164
13462.145442070581 0.0001104956361468865
13493.191706513915 0.00011010312602083857
13524.30956954011 0.0001097120101959997
13555.499196269093 0.00010932228371943768
13586.760752201568 0.00010893394165581561
13618.094403219997 0.00010854697908732687
13649.500315589314 0.00010816139111363484
13680.978655957919 0.00010777717285181071
13712.529591358536 0.00010739431943627045
13744.15328920907 0.00010701282601871432
13775.849917313608 0.00010663268776806419
13807.61964386314 0.0001062538998704045
13839.462637436565 0.00010587645752891895
13871.379067001526 0.00010550035596383186
13903.369101915428 0.00010512559041234535
13935.432911926158 0.00010475215612858086
13967.5706671731 0.00010438004838351897
13999.782538187988 0.0001040092624649385
14032.068695895918 0.00010363979367735694
14064.429311616082 0.00010327163734197186
14096.864557062803 0.00010290478879660157
14129.374604346407 0.00010253924339562486
14161.959625974105 0.00010217499650992409
14194.619794851034 0.00010181204352682417
14227.355284280999 0.00010145037985003618
14260.166267967497 0.0001010900008995988
14293.052920014628 0.00010073090211181916
14326.015414927973 0.00010037307893921688
14359.053927615645 0.0001000165268504642
14392.168633389045 9.966124133033059e-05
14425.359707963895 9.930721787962472e-05
14458.627327461163 9.895445201513809e-05
14491.971668407947 9.860293926958686e-05
14525.39290773854 9.825267519155618e-05
14558.891222795195 9.790365534544463e-05
14592.466791329174 9.755587531140682e-05
14626.119791501671 9.720933068529825e-05
14659.850401884723 9.686401707861828e-05
14693.658801462274 9.651993011845548e-05
14727.545169630956 9.61770654474329e-05
14761.509686201145 9.58354187236518e-05
14795.552531397903 9.549498562063741e-05
14829.67388586189 9.515576182728297e-05
14863.873930650447 9.481774304779594e-05
14898.15284723838 9.448092500164435e-05
14932.51081751904 9.414530342350185e-05
14966.948023805257 9.381087406319248e-05
15001.464648830282 9.347763268563962e-05
15036.06087574887 9.314557507080923e-05
15070.73688813808 9.281469701365908e-05
15105.492869998328 9.248499432408443e-05
15140.3290057545 9.215646282686375e-05
15175.245480256579 9.182909836160852e-05
15210.242478781065 9.150289678270753e-05
15245.320187031619 9.117785395927742e-05
15280.478791140169 9.085396577510769e-05
15315.71847766799 9.053122812860972e-05
15351.039433606511 9.02096369327656e-05
15386.441846378431 8.98891881150752e-05
15421.92590383868 8.95698776175054e-05
15457.491794275385 8.925170139643754e-05
15493.139706410995 8.893465542261702e-05
15528.869829403098 8.861873568110292e-05
15564.682352845544 8.830393817121611e-05
15600.577466769424 8.799025890648934e-05
15636.555361644041 8.767769391461558e-05
15672.616228378056 8.736623923739856e-05
15708.760258320306 8.705589093070328e-05
15744.987643260945 8.674664506440533e-05
15781.298575432433 8.643849772234015e-05
15817.693247510519 8.613144500225581e-05
15854.1718526154 8.582548301576085e-05
15890.734584312544 8.552060788827744e-05
15927.381636613854 8.521681575899134e-05
15964.11320397866 8.491410278080186e-05
16000.929481314719 8.461246512027566e-05
16037.830663979377 8.431189895759539e-05
16074.816947780419 8.401240048651409e-05
16111.88852897723 8.371396591430425e-05
16149.045604281804 8.341659146171214e-05
16186.288370859762 8.312027336290901e-05
16223.617026331523 8.282500786544227e-05
16261.031768773157 8.253079123019044e-05
16298.532796717565 8.223761973131301e-05
16336.12030915551 8.194548965620571e-05
16373.794505536627 8.165439730545239e-05
16411.55558577062 8.136433899277726e-05
16449.403750228124 8.107531104500047e-05
16487.339199741866 8.078730980198932e-05
16525.362135607866 8.050033161661251e-05
16563.472759586133 8.021437285469637e-05
16601.67127390221 7.992942989497475e-05
16639.957881247883 7.964549912904559e-05
16678.33278478237 7.936257696132578e-05
16716.79618813353 7.908065980900341e-05
16755.348295398704 7.879974410199465e-05
16793.98931114598 7.851982628289756e-05
16832.719440415192 7.824090280694605e-05
16871.538888719027 7.796297014196733e-05
16910.447862044202 7.768602476833452e-05
16949.446566852395 7.741006317892468e-05
16988.535210081445 7.713508187907183e-05
17027.713999146432 7.686107738652494e-05
17066.98314194075 7.65880462314029e-05
17106.34284683732 7.631598495614954e-05
17145.793322689522 7.604489011549216e-05
17185.334778832424 7.577475827639532e-05
17224.96742508385 7.550558601801961e-05
17264.691471745486 7.523736993167729e-05
17304.507129604102 7.497010662078835e-05
17344.414609932483 7.47037927008395e-05
17384.41412449069 7.443842479933897e-05
17424.505885527138 7.417399955577589e-05
17464.690105779686 7.391051362157682e-05
17504.966998476928 7.364796366006274e-05
17545.336777339086 7.338634634640741e-05
17585.799656579293 7.312565836759588e-05
17626.35585090471 7.286589642238161e-05
17667.005575517614 7.260705722124527e-05
17707.749046116685 7.234913748635219e-05
17748.58647889793 7.209213395151144e-05
17789.518090556 7.183604336213508e-05
17830.544098285267 7.158086247519604e-05
17871.66471978096 7.132658805918792e-05
17912.880173240483 7.107321689408178e-05
17954.190677364306 7.082074577128882e-05
17995.596451357287 7.056917149361768e-05
18037.09771492991 7.031849087523347e-05
18078.694688299252 7.006870074161936e-05
18120.387592190276 6.981979792953412e-05
18162.17664783699 6.957177928697405e-05
18204.062076983573 6.93246416731322e-05
18246.044101885687 6.90783819583578e-05
18288.12294531146 6.883299702411852e-05
18330.2988305428 6.85884837629588e-05
18372.57198137654 6.834483907846241e-05
18414.942622125596 6.810205988521245e-05
18457.410977620304 6.786014310875167e-05
18499.977273209395 6.761908568554413e-05
18542.641734761328 6.737888456293693e-05
18585.40458866546 6.713953669912074e-05
18628.2660618332 6.690103906309185e-05
18671.226381699387 6.66633886346129e-05
18714.28577622324 6.642658240417525e-05
18757.44447388974 6.619061737296139e-05
18800.702703710795 6.595549055280611e-05
18844.06069522642 6.572119896615955e-05
18887.51867850611 6.548773964604724e-05
18931.076884149825 6.525510963603586e-05
18974.735543289375 6.502330599019357e-05
19018.494887589604 6.479232577305352e-05
19062.35514924957 6.456216605957594e-05
19106.316561003965 6.433282393511155e-05
19150.379356124067 6.410429649536521e-05
19194.543768419182 6.38765808463584e-05
19238.810032237816 6.364967410439298e-05
19283.178382468886 6.3423573396014e-05
19327.649054543133 6.31982758579738e-05
19372.22228443412 6.297377863719623e-05
19416.898308659653 6.275007889074006e-05
19461.677364282994 6.252717378576215e-05
19506.559688914076 6.230506049948344e-05
19551.545520710926 6.208373621915107e-05
19596.635098380688 6.186319814200465e-05
19641.828661181014 6.16434434752399e-05
19687.126448921445 6.142446943597283e-05
19732.528701964446 6.120627325120504e-05
19778.03566122685 6.0988852157789014e-05
19823.647568181088 6.077220340239247e-05
19869.36466485643 6.055632424146417e-05
19915.187193840437 6.034121194119722e-05
19961.115398279995 6.012686377749744e-05
20007.14952188278 5.991327703594686e-05
20053.289808918496 5.970044901177009e-05
20099.53650422015 5.948837700979934e-05
20145.88985318549 5.92770583444408e-05
20192.350101778087 5.906649033964107e-05
20238.917496528782 5.885667032885257e-05
20285.592284536975 5.864759565500027e-05
20332.374713471865 5.843926367044728e-05
20379.265031573967 5.8231671736961837e-05
20426.263487656142 5.8024817225684374e-05
20473.37033110512 5.781869751709372e-05
20520.585811882756 5.7613310000973234e-05
20567.91018052732 5.740865207637943e-05
20615.343688155004 5.7204721151607095e-05
20662.886586460983 5.700151464415819e-05
20710.53912772095 5.679902998070837e-05
20758.30156479237 5.6597264597073744e-05
20806.17415111583 5.639621593818002e-05
20854.157140716503 5.619588145802829e-05
20902.250788205274 5.5996258619664404e-05
20950.45534878026 5.579734489514614e-05
20998.771078228096 5.559913776551054e-05
21047.19823292528 5.540163472074359e-05
21095.737069839684 5.5204833259746584e-05
21144.387846531677 5.5008730890306325e-05
21193.150821155603 5.481332512906192e-05
21242.02625246133 5.461861350147386e-05
21291.01439979516 5.442459354179416e-05
21340.11552310179 5.423126279303228e-05
21389.329882925227 5.403861880692671e-05
21438.65774041035 5.3846659143912126e-05
21488.099357304407 5.36553813730892e-05
21537.65499595816 5.346478307219427e-05
21587.324919327446 5.3274861827568185e-05
21637.109390974525 5.30856152341251e-05
21687.008675069443 5.289704089532356e-05
21737.023036391594 5.27091364231344e-05
21787.152740330886 5.252189943801202e-05
21837.398052889297 5.233532756886361e-05
21887.759240682266 5.2149418453018464e-05
21938.236570940044 5.196416973619958e-05
21988.83031150931 5.177957907249212e-05
22039.540730854307 5.159564412431521e-05
22090.368098058454 5.141236256239167e-05
22141.312682825726 5.1229732065717935e-05
22192.374755482047 5.1047750321536085e-05
22243.554586976894 5.08664150253029e-05
22294.852448884467 5.068572388066237e-05
22346.268613405326 5.050567459941489e-05
22397.80335336776 5.0326264901489815e-05
22449.456942229215 5.014749251491589e-05
22501.22965407792 4.996935517579192e-05
22553.12176363407 4.979185062825948e-05
22605.133546251447 4.961497662447278e-05
22657.26527791887 4.943873092457158e-05
22709.517235261577 4.92631112966522e-05
22761.889695542915 4.90881155167389e-05
22814.382936665494 4.89137413687561e-05
22866.997237172876 4.8739986644500715e-05
22919.732876251004 4.856684914361357e-05
22972.590133729616 4.839432667355196e-05
23025.56929008394 4.8222417049561315e-05
23078.67062643589 4.805111809464786e-05
23131.894424555703 4.788042763955169e-05
23185.240966863617 4.771034352271772e-05
23238.71053643085 4.754086359027065e-05
23292.303416981784 4.7371985695985145e-05
23346.01989289491 4.720370770126005e-05
23399.86024920457 4.703602747509166e-05
23453.824771602576 4.68689428940454e-05
23507.913746439473 4.670245184223048e-05
23562.127460726224 4.6536552211271545e-05
23616.466202135685 4.637124190028333e-05
23670.93025900411 4.620651881584348e-05
23725.519920332845 4.604238087196547e-05
23780.23547578958 4.587882599007351e-05
23835.07721571009 4.571585209897471e-05
23890.04543109972 4.5553457134834194e-05
23945.140413634872 4.539163904114836e-05
24000.36245566476 4.52303957687185e-05
24055.711850212665 4.506972527562521e-05
24111.188890977683 4.4909625527202884e-05
24166.79387233624 4.475009449601343e-05
24222.527089343588 4.4591130161820924e-05
24278.388837735598 4.443273051156551e-05
24334.379413930008 4.427489353933826e-05
24390.499115028193 4.411761724635614e-05
24446.74823881671 4.3960899640936114e-05
24503.127083768824 4.380473873847037e-05
24559.635949046267 4.364913256140056e-05
24616.27513450056 4.349407913919316e-05
24673.044940674787 4.3339576508314875e-05
24729.945668805136 4.31856227122074e-05
24786.977620822454 4.303221580126231e-05
24844.141099354056 4.2879353832796674e-05
24901.43640772501 4.272703487102889e-05
24958.863849959966 4.257525698705356e-05
25016.423730784718 4.242401825881748e-05
25074.116355627753 4.227331677109471e-05
25131.942030622096 4.2123150615462745e-05
25189.90106260662 4.197351789027863e-05
25247.993759127818 4.182441670065455e-05
25306.220428441655 4.1675845158433354e-05
25364.581379514635 4.152780138216579e-05
25423.076922026154 4.1380283497085345e-05
25481.707366369585 4.123328963508568e-05
25540.473023654118 4.1086817934696494e-05
25599.374205706587 4.0940866541059554e-05
25658.411225072796 4.079543360590562e-05
25717.584395019392 4.065051728753131e-05
25776.894029535477 4.050611575077531e-05
25836.340443334208 4.0362227166995444e-05
25895.923951854704 4.021884971404505e-05
25955.64487126338 4.0075981576250204e-05
26015.503518455844 3.993362094438708e-05
26075.500211058523 3.97917660156587e-05
26135.635267430305 3.9650414993671766e-05
26195.909006664428 3.950956608841428e-05
26256.32174858986 3.9369217516233136e-05
26316.87381377321 3.92293674998111e-05
26377.565523520374 3.909001426814461e-05
26438.39719987819 3.895115605652084e-05
26499.36916563635 3.881279110649572e-05
26560.481744328816 3.867491766587196e-05
26621.73526023571 3.853753398867637e-05
26683.130038385025 3.84006383351381e-05
26744.666404554264 3.826422897166612e-05
26806.344685272412 3.812830417082756e-05
26868.165207821316 3.7992862211326185e-05
26930.128300237655 3.785790137798025e-05
26992.234291314628 3.772341996170036e-05
27054.483510603626 3.7589416259468845e-05
27116.876288416228 3.745588857431702e-05
27179.4129558256 3.7322835215304734e-05
27242.093844668485 3.7190254497498516e-05
27304.919287546898 3.705814474194978e-05
27367.889617829853 3.69265042756746e-05
27431.00516965533 3.6795331431631356e-05
27494.26627793174 3.66646245487008e-05
27557.673278339847 3.6534381971663974e-05
27621.226507334788 3.640460205118155e-05
27684.926302147236 3.6275283143774e-05
27748.773000785968 3.614642361179882e-05
27812.766942039063 3.601802182343161e-05
27876.908465475895 3.589007615264419e-05
27941.19791144913 3.576258497918448e-05
28005.63562109617 3.563554668855624e-05
28070.221936341215 3.550895967199825e-05
28134.957199897002 3.538282232646414e-05
28199.841755266563 3.525713305460173e-05
28264.8759467453 3.5131890264733054e-05
28330.06011942244 3.50070923708345e-05
28395.394619183116 3.4882737792516435e-05
28460.879792710137 3.4758824955002776e-05
28526.51598748577 3.463535228911202e-05
28592.30355179382 3.4512318231236275e-05
28658.242834721113 3.4389721223322396e-05
28724.33418615961 3.426755971285188e-05
28790.57795680818 3.4145832152820765e-05
28856.97449817442 3.402453700172101e-05
28923.524162576727 3.390367272351988e-05
28990.22730314586 3.378323778764159e-05
29057.084273827008 3.366323066894681e-05
29124.095429381625 3.3543649847714344e-05
29191.26112538926 3.3424493809621426e-05
29258.581718249672 3.3305761045724196e-05
29326.057565184365 3.318745005243948e-05
29393.68902423872 3.306955933152471e-05
29461.476454283842 3.295208739005988e-05
29529.42021501841 3.2835032740428234e-05
29597.5206669708 3.271839390029702e-05
29665.778171500664 3.2602169392599676e-05
29734.19309080108 3.248635774551604e-05
29802.765787900407 3.2370957492454637e-05
29871.496626664157 3.225596717203375e-05
29940.385971797168 3.214138532806257e-05
30009.434188845175 3.2027210509523106e-05
30078.641644196927 3.191344127055216e-05
30148.008705086388 3.180007617042196e-05
30217.53573959399 3.1687113773523504e-05
30287.223116649475 3.157455264934668e-05
30357.07120603315 3.146239137246307e-05
30427.08037837811 3.1350628522508124e-05
30497.25100517238 3.123926268416231e-05
30567.583458760528 3.112829244713421e-05
30638.07811234588 3.101771640614161e-05
30708.735339992436 3.0907533160894625e-05
30779.555516626802 3.0797741316077585e-05
30850.539018040414 3.0688339481330954e-05
30921.68622089118 3.057932627123465e-05
30992.997502705704 3.0470700305289468e-05
31064.473241881242 3.0362460207900476e-05
31136.11381768765 3.025460460835922e-05
31207.919610269622 3.0147132140826013e-05
31279.89100064837 3.0040041444313476e-05
31352.028370723867 2.9933331162668342e-05
31424.33210327682 2.9826999944555125e-05
31496.802581970638 2.9721046443438643e-05
31569.44019135372 2.9615469317566726e-05
31642.245316861117 2.9510267229953474e-05
31715.218344816836 2.9405438848362554e-05
31788.359662435807 2.9300982845289977e-05
31861.6696578259 2.9196897897947522e-05
31935.148719990222 2.9093182688245625e-05
32008.7972388288 2.8989835902776935e-05
32082.615605140916 2.888685623279991e-05
32156.604210627105 2.878424237422189e-05
32230.763447891175 2.8681993027582942e-05
32305.09371044254 2.8580106898038453e-05
32379.59539269794 2.847858269534415e-05
32454.268889983767 2.837741913383882e-05
32529.11459853812 2.827661493242838e-05
32604.132915512826 2.8176168814569307e-05
32679.324238975823 2.8076079508252697e-05
32754.68896791287 2.79763457459884e-05
32830.227502229856 2.787696626478872e-05
32905.940242755205 2.7777939806152105e-05
32981.82759124125 2.767926511604798e-05
33057.88995036732 2.7580940944899976e-05
33134.12772374112 2.748296604757089e-05
33210.541315901166 2.7385339183346584e-05
33287.131132319104 2.7288059115920035e-05
33363.89757940148 2.7191124613375927e-05
33440.84106449215 2.7094534448175255e-05
33517.96199587439 2.6998287397139447e-05
33595.260782773 2.6902382241435106e-05
33672.737835356704 2.6806817766558233e-05
33750.39356473997 2.6711592762319076e-05
33828.22838298543 2.6616706022827018e-05
33906.24270310602 2.652215634647498e-05
33984.4369390671 2.6427942535924532e-05
34062.81150578889 2.633406339808986e-05
34141.36681914834 2.624051774412396e-05
34220.10329598149 2.614730438940272e-05
34299.021354085744 2.6054422153510227e-05
34378.12141222193 2.596186986022351e-05
34457.40389011683 2.5869646337497872e-05
34536.869208464996 2.5777750417452228e-05
34616.517788931225 2.5686180936354025e-05
34696.35005415278 2.55949367346047e-05
34776.36642774153 2.550401665672468e-05
34856.567334286476 2.541341955133898e-05
34936.953199355594 2.5323144271162804e-05
35017.52444949838 2.523318967298682e-05
35098.28151224802 2.514355461766238e-05
35179.224816123606 2.5054237970087803e-05
35260.3547906327 2.496523859919318e-05
35341.671866273166 2.4876555377926777e-05
35423.17647453575 2.4788187183240456e-05
35504.8690479063 2.4700132896075127e-05
35586.750019867985 2.4612391401347318e-05
35668.81982490388 2.4524961587934222e-05
35751.07889849886 2.4437842348660337e-05
35833.5276771421 2.4351032580283246e-05
35916.16659832961 2.4264531183478957e-05
35998.99610056615 2.4178337062829157e-05
36082.01662336782 2.4092449126806555e-05
36165.22860726431 2.400686628776136e-05
36248.63249380122 2.3921587461907208e-05
36332.22872554262 2.383661156930763e-05
36416.01774607303 2.3751937533862583e-05
36499.99999999999 2.3667564283294518e-05
