"t (day)" "dm/dt (M_sun/yr)"
11.507792425165194 0.0001962547544937486
11.652222292302268 0.00030419507883561213
11.798464843032356 0.0004683835195597054
11.946542827648612 0.0007141880010055848
12.09647928197424 0.0010775558989389547
12.24829753094625 0.0016020451514522098
12.402021192243915 0.0023476215167321083
12.55767417996288 0.003386198477120426
12.715280708335477 0.004805005128857831
12.874865295497441 0.00669306991768841
13.036452767302194 0.009167193965506786
13.200068261182915 0.012327473372879193
13.365737230062988 0.01629400921422088
13.53348544631559 0.021177054274909183
13.703339005773138 0.027074685828644786
13.875324331786677 0.034083746139390234
14.049468179336564 0.04225940989159883
14.225797639194639 0.051419281170173074
14.404340142138524 0.0610683619071366
14.585123463218997 0.07131389819548743
14.768175726080802 0.08233805152215086
14.953525407337693 0.09428235498401467
15.14120134100241 0.1072020333133799
15.331232722972302 0.120934220848241
15.523649115571127 0.13530842672649138
15.718480452148007 0.15029790775350502
15.915757041734024 0.16594176619623507
16.115509573757176 0.18224983091624292
16.317769122816653 0.19912979204072773
16.522567153516977 0.21655263952678816
16.729935525362766 0.234530596760522
16.939906497714997 0.2530388727487017
17.152512734809545 0.27194903222228967
17.367787310838406 0.29113989507009597
17.58576371509504 0.31052861611427723
17.806475857184168 0.3300173839282332
18.029958072296825 0.3496903644671356
18.256245126551818 0.3696041930740234
18.485372222404155 0.38955303653921036
18.717375004121248 0.40940500716091754
18.95228956332796 0.4293490875773449
19.190152444621255 0.4493323960476068
19.43100065125517 0.46911082927793685
19.67487165089747 0.48872863515203524
19.921803381458062 0.5081765842020582
20.17183425699096 0.5274575213271835
20.42500317367017 0.5465195804883356
20.681349515840587 0.565306251711353
20.940913162144785 0.5840281572231507
21.203734491726962 0.6027497019757225
21.469854390514236 0.6211957260540424
21.739314257577306 0.6392192673910301
22.012156011570614 0.6569427796811087
22.288422097253516 0.6744609082115532
22.568155492093112 0.691748802368817
22.85139971295027 0.7087591108629872
23.138198822849077 0.7253853573356197
23.428597437831684 0.7416241868927824
23.722640733899002 0.7576584450348816
24.0203744540385 0.7735293195392043
24.321844915340222 0.7890883228709181
24.62709901620229 0.8042737641642105
24.936184243626403 0.8191367055060379
25.249148680605362 0.8337532814597391
25.566041013603083 0.8481267573335698
25.88691054012846 0.8622053620741327
26.211807176404594 0.8759552621401797
26.540781465133676 0.8893389531057718
26.87388458335997 0.9024053747271342
27.21116835043105 0.9152739418248954
27.552685236059176 0.9278687186218838
27.898488368483726 0.9400302816132864
28.248631542736096 0.9517163531598803
28.60316922900854 0.9629329695163246
28.96215658112752 0.9737423838569081
29.325649445134 0.9843028524926988
29.693704367971065 0.9947089170725731
30.066378606280626 1.0047724386230816
30.44373013531081 1.0142102635532446
30.82581765793458 1.023089590957645
31.212700613782065 1.0316112445877856
31.604439188487287 1.0397273584765392
32.001094323050985 1.0473145704534141
32.40272772332088 1.0543953133189334
32.80940186959095 1.061003392685956
33.22118002632147 1.067064033460997
33.638126251980346 1.0725065797449522
34.06030540900871 1.0773596994884889
34.4877831739112 1.0816306885073483
34.92062604747283 1.0852180258424688
35.35890136510463 1.088039621718474
35.80267730731813 1.0900832005278063
36.25202291033227 1.0913411866873597
36.707008076813004 1.091781019332867
37.16770358674765 1.091380151633957
37.63418110845585 1.0901084650798163
38.10651320973885 1.0879026091799004
38.58477336916823 1.0847309046010214
39.06903598751687 1.0805941295494434
39.559376399333054 1.0754603395060893
40.05587088465987 1.069304021333055
40.558596680902085 1.0621738735754858
41.067631994841086 1.0540975067300762
41.58305601480154 1.0450265526295457
42.10494892297026 1.034914125298392
42.633391907869736 1.0238088010643582
43.16846717698835 1.011794320329243
43.7102579695689 0.9989314998905393
44.25884856955806 0.9852498093252077
44.81432431871761 0.9707849920349582
45.37677162990095 0.9556012819930844
45.94627800049591 0.9397657848370564
46.522932026036194 0.9233499429428959
47.10682341398423 0.9064283091376272
47.6980429976859 0.8890781650329961
48.29668275050152 0.8713750031734298
48.90283580011357 0.853402069038277
49.516596443014215 0.8352391178995534
50.13806015917443 0.816958858588027
50.76732362689781 0.7986292670576969
51.40448473785976 0.7803197885477688
52.04964261233647 0.7620951147841977
52.70289761462455 0.7440152739363031
53.36435136865405 0.7261306369140245
54.034106773798165 0.7084899184153681
54.71226802088011 0.6911348963225739
55.398940608382084 0.6741036160768155
56.09423135885706 0.6574282966911243
56.798248435546704 0.6411350104407242
57.511101359207856 0.6252434530619142
58.23290102515 0.6097710260612235
58.96375972048731 0.5947286333386061
59.70379114160588 0.5801209690320546
60.4531104118514 0.5659501655934845
61.21183409943836 0.5522124054544864
61.980080235583806 0.5389043895797082
62.7579683328695 0.5260211882545581
63.5456194038332 0.5135542286636219
64.34315597979442 0.5014940822568313
65.15070212991613 0.48982944769409253
65.96838348050547 0.4785469465519057
66.796327234557 0.46763374561877225
67.63466219154087 0.45707639980927456
68.48351876744012 0.44686222494207534
69.34302901503817 0.43697650109181413
70.21332664446213 0.4274056710701265
71.09454704398338 0.4181352799645409
71.98682730107917 0.4091510397320369
72.89030622375927 0.40043980918678956
73.80512436215882 0.3919900842615067
74.73142403040376 0.3837897500986912
75.66934932874965 0.375827800599223
76.61904616599888 0.3680941497596605
77.58066228219886 0.3605773253449555
78.55434727162577 0.35326725530487363
79.54025260605552 0.3461549474085322
80.53853165832798 0.33923175866057004
81.54933972620641 0.3324874461904652
82.57283405653632 0.3259143232747712
83.60917386970829 0.31950479456719033
84.65852038442605 0.31325276577625466
85.72103684278738 0.3071506988121362
86.79688853567872 0.3011923203989668
87.88624282848868 0.29537349579736943
88.98926918714436 0.2896882905220527
90.1061392044742 0.28413166060341866
91.23702662690268 0.2786992045766837
92.38210738147808 0.2733852887660614
93.54155960324151 0.2681853934092496
94.7155636629382 0.2630959289443471
95.90430219507702 0.2581125327220343
97.10796012634265 0.2532305373376708
98.32672470436283 0.24844807069583183
99.56078552683817 0.24376074713046883
100.81033457103703 0.23916529322392333
102.07556622366043 0.23466064425595254
103.356677311082 0.2302432449539085
104.65386712996703 0.22590950553685724
105.96733747827713 0.22165898650148128
107.29729268666172 0.21748890746984068
108.64393965024561 0.21339563981603463
110.00748786081436 0.20937878952734182
111.38814943940491 0.20543597357776713
112.78613916930283 0.20156496866253149
114.20167452945617 0.19776471723731442
115.63497572830745 0.19403289657825742
117.08626573805041 0.1903665226206691
118.55577032931699 0.18676621768150412
120.04371810629917 0.18323005365990128
121.55034054231182 0.17975701977832328
123.07587201580293 0.17634595409144319
124.62054984681336 0.17299552452428119
126.18461433389642 0.1697047855717395
127.76830879149985 0.1664721313154635
129.37187958781792 0.1632974803931933
130.99557618311636 0.1601797619297542
132.63965116854087 0.15711736504469387
134.30436030541128 0.15410930665570996
135.98996256500902 0.1511546707512817
137.69672016886443 0.148252808486441
139.42489862954872 0.14540317861442362
141.17476679198018 0.14260394547205124
142.94659687524484 0.13985529220304346
144.74066451494613 0.13715553526678514
146.55724880608358 0.13450430436033028
148.39663234647017 0.13190046506385933
150.25910128069606 0.1293438911883464
152.14494534464092 0.12683305389959093
154.05445791054802 0.12436840892477109
155.98793603266276 0.12194865577091521
157.94568049344372 0.11957342400231061
159.9279958503542 0.11724165717289295
161.93519048324052 0.11495373720827703
163.9675766423066 0.11270749646095965
166.02547049668735 0.11050351943934422
168.10919218363483 0.10834039176376278
170.2190658583202 0.1062171365601895
172.35541974426206 0.10413346838928614
174.518586184385 0.10208931312362504
176.7089016927219 0.10008298430240914
178.9267070067634 0.0981147942122508
181.17234714046523 0.09618419422220864
183.4461714379203 0.09429051091307512
185.74853362770435 0.09243305118200856
188.079791877904 0.09061191392621823
190.44030885183653 0.08882536604626304
192.8304517644655 0.08707413921008905
195.25059243952848 0.08535727182541125
197.7011073673789 0.08367378683048679
200.18237776355684 0.08202345328003327
202.69478962809038 0.08040505621181877
205.23873380554565 0.07881828702807794
207.81460604582819 0.07726227775209218
210.4228070657481 0.07573686547724852
213.06374261135775 0.07424126619800929
215.73782352107133 0.07277495545106313
218.44546578957903 0.07133719280164955
221.18709063255866 0.06992812564481511
223.96312455220402 0.0685466912600249
226.77399940357319 0.06719258045600882
229.620152461772 0.06586525746196391
232.5020264899762 0.06456399637044204
235.42006980831192 0.06328869317564075
238.3747363635985 0.06203822797168142
241.36648579996663 0.06081248842765951
244.3957835303636 0.05961093595358247
247.46310080895495 0.05843294475895623
250.5689148044352 0.057277911477665505
253.71370867426086 0.056145670357992415
256.8979716398097 0.055035505685964756
260.1221990624893 0.05394743538284241
263.38689252079644 0.05288073512828278
266.69255988834806 0.05183548204444926
270.03971541288536 0.050810927766562056
273.42887979627545 0.04980670428562794
276.8605802755138 0.04882280129691065
280.33535070474426 0.04785868406103884
283.85373163830815 0.04691367855618096
287.41627041483525 0.04598779315447721
291.0235212423938 0.04508033961411516
294.67604528470156 0.04419132473607515
298.3744107484266 0.04331977506025878
302.11919297158005 0.04246564926949913
305.9109745130178 0.041628656026050134
309.7503452430694 0.040808564096122976
313.63790243529746 0.040004729558394465
317.5742508594158 0.0392171092246133
321.5600028753698 0.038445176750219814
325.59577852859815 0.037688854361520786
329.68220564649107 0.0369474574612033
333.8199199360577 0.036220976071440224
338.0095650828228 0.03550899176450975
342.25179285095805 0.0348111491611309
346.54726318467675 0.0341270836563947
350.89664431089676 0.03345624990749288
355.3006128431968 0.0327987006533676
359.75985388706954 0.032153911194401454
364.27506114650333 0.03152180172152034
368.84693703189794 0.030901837245189252
373.47619276933534 0.030294016618230155
378.1635485112218 0.029698016123482204
382.90973344831895 0.02911346208037988
387.71548592318 0.028540066583957545
392.581553545013 0.027977652833681785
397.5086933059787 0.02742611307901796
402.4976716989559 0.026885098167979994
407.54926483677855 0.026354207596589043
412.6642585729768 0.025833461881240534
417.8434486240224 0.025322578601810804
423.08764069311934 0.024821375400055103
428.39765059554145 0.02432965080076958
433.774304385546 0.023847139343303157
439.21843848487845 0.02337369369556119
444.73089981289047 0.022909189372053967
450.31254591829503 0.022453468878251434
455.9642451125655 0.022006528329329172
461.6868766050187 0.02156786021042104
467.4813306395887 0.0211375712194082
473.34850863331764 0.02071556546849954
479.28932331658734 0.02030159299964877
485.3046988751049 0.019895569575231784
491.3955710936767 0.019497303126346923
497.56288750178345 0.019106891096725077
503.80760752098297 0.01872410634901122
510.1307026141636 0.018348765656607417
516.5331564366687 0.01798084965391032
523.015964989324 0.017620242908368285
529.5801367733742 0.017266847905936904
536.2266929473759 0.016920473497998394
542.9566674860519 0.016581078889804785
549.7711073411464 0.016248528625274268
556.671072604288 0.01592267412162327
563.6576366719081 0.015603498247629874
570.7318864122229 0.015290797118148368
577.8949223343126 0.014984575924768309
585.1478587593226 0.014684664109323346
592.4918239938137 0.014390881331456598
599.927960505286 0.014103158024209668
607.4574250999127 0.013821345641812007
615.0813891024916 0.013545341081772445
622.801038538668 0.013274974550785095
630.6175743194361 0.013010145032189021
638.5322124279656 0.012750753104811502
646.5461841087583 0.012496703712376692
654.660736059192 0.012247838956743026
662.8771306234632 0.012004002865809832
671.1966459889637 0.011765127643846124
679.6205763851227 0.011531105484995315
688.1502322847425 0.011301819839789243
696.7869406078701 0.011077150464946712
705.5320449282061 0.010856993362077566
714.3869056821298 0.010641257756557854
723.3529003803402 0.010429857992776027
732.4314238221333 0.010222707790059715
741.6238883123963 0.01001967560104711
750.931723881311 0.00982069074774672
760.3563785068167 0.009625664326370287
769.8993183398657 0.009434550198016553
779.5620279325053 0.00924724549651487
789.3460104688244 0.009063663274027798
799.252787998795 0.008883720746116302
809.283901675052 0.008707370198779303
819.4409119926399 0.008534519966431044
829.7253990317848 0.008365087816565725
840.1389627036806 0.0081990329032159
850.6832229993933 0.008036270936594486
861.3598202418724 0.007876733964722656
872.1704153411285 0.0077203706827359735
883.1166900526135 0.00756711286527042
894.2003472388443 0.007416892009041867
905.4231111343079 0.007269645012949446
916.7867276136941 0.007125328206702592
928.2929644634937 0.006983859499449467
939.9436116569997 0.006845182717110296
951.7404816327853 0.006709254895616155
963.6854095766157 0.006576003784022868
975.7802537069912 0.0064453883617639224
988.0268955641809 0.006317362445224589
1000.4272403029456 0.006191868609249618
1012.9832169889078 0.006068850839787871
1025.6967788986492 0.005948263678042524
1038.5699038235741 0.005830064555359808
1051.6045943775841 0.005714209800227034
1064.8028783086145 0.0056006490453144285
1078.1668088140802 0.005489333242592104
1091.6984648603043 0.005380212905151236
1105.399951505881 0.005273265865541998
1119.2734002292168 0.00516844597411961
1133.3209692600642 0.00506570627527457
1147.5448439152885 0.0049650030350488076
1161.9472369388263 0.00486629633897006
1176.5303888459098 0.00476954884877829
1191.2965682716138 0.004674724820465511
1206.248072323778 0.004581785970308091
1221.3872269403573 0.004490694820975078
1236.7163872512522 0.004401414704431223
1252.2379379447107 0.00431390958694539
1267.9542936382488 0.004228144143788255
1283.8678992543516 0.004144083808655154
1299.981230400764 0.004061694729825518
1316.2967937556336 0.003980943620297378
1332.8171274574604 0.0039017979097899285
1349.544801499942 0.0038242257258237805
1366.4824181317756 0.0037481957853119823
1383.6326122614794 0.003673677382785019
1400.9980518672935 0.003600640472715219
1418.5814384122232 0.003529055655425074
1436.3855072642953 0.003458894020977709
1454.4130281220812 0.0033901272581067115
1472.666805445594 0.0033227276627476997
1491.1496788925017 0.0032566680761555895
1509.8645237599656 0.003191921808102833
1528.8142514318654 0.0031284627491434073
1548.0018098317469 0.0030662653542918032
1567.4301838814067 0.0030053045205525796
1587.1023959652448 0.002945555638760023
1607.021506400442 0.0028869946281109156
1627.1906139130417 0.0028295979056850665
1647.612856120003 0.0027733422819736647
1668.2914100172984 0.002718205066712542
1689.2294924741814 0.0026641640557664046
1710.430360733542 0.002611197455688991
1731.8973129187193 0.0025592838753473453
1753.6336885464984 0.0025084023833621487
1775.6428690466616 0.0024585324983447013
1797.9282782880107 0.002409654080084222
1820.493383111006 0.002361747405382228
1843.3416938670869 0.002314793174052282
1866.4767649647597 0.0022687724658818744
1889.9021954225418 0.002223666686978256
1913.621629428837 0.002179457648081492
1937.6387569088859 0.002136127553138967
1961.9573140987013 0.002093658914081581
1986.581084126411 0.0020520345867995654
2011.5138976006933 0.0020112377952710373
2036.7596332067278 0.001971252110371702
2062.322218309576 0.0019320613770474136
2088.2056295651473 0.001893649788001611
2114.4138935388223 0.0018560018746032443
2140.951087331854 0.0018191024543896478
2167.8213392156235 0.0017829366251112763
2195.0288292738505 0.0017474898048095355
2222.5777900528783 0.0017127477250529777
2250.472507220097 0.0016786963550918428
2278.717320230694 0.0016453219546520945
2307.3166230026177 0.001612611078154373
2336.2748646002588 0.0015805505447819474
2365.5965499264566 0.0015491274009979132
2395.2862404233633 0.0015183289751746654
2425.3485547820324 0.001488142869595698
2455.7881696609234 0.0014585569011507573
2486.609820413443 0.0014295591263020979
2517.8183018245854 0.001401137857943286
2549.418468856849 0.001373281650667096
2581.415237405478 0.0013459792499973563
2613.813585063271 0.0013192196436945056
2646.6185518947973 0.0012929920554529985
2679.8352412206123 0.001267285908369572
2713.4688204110366 0.001242090820710733
2747.524521690071 0.0012173966338761783
2782.007642949346 0.0011931934077129714
2816.92354857229 0.0011694713676491816
2852.277670268639 0.0011462209414478018
2888.0755079194178 0.001123432762173181
2924.3226304325485 0.001101097647374036
2961.0246766091536 0.0010792065728981559
2998.1873560208187 0.0010577507110006677
3035.8164498976803 0.0010367214247451694
3073.9178120279566 0.0010161102267352252
3112.497369668449 0.0009959087964400014
3151.561124466692 0.000976108991973555
3191.115153394579 0.000956702839852683
3231.1656096937368 0.0009376824996063632
3271.7187238327656 0.0009190402994977107
3312.7808044764593 0.0009007687321551309
3354.358239467249 0.0008828604291506566
3396.457496818898 0.000865308157992977
3439.0851257227328 0.000848104841638259
3482.247757566425 0.000831243555244012
3525.9521069657094 0.0008147174893197883
3570.204972808766 0.0007985199753143607
3615.013239314103 0.0007826444877012984
3660.383877101342 0.0007670846295013137
3706.323944275681 0.0007518341139895006
3752.8405875258763 0.0007368867912787269
3799.9410432360155 0.0007222366444004332
3847.632638611261 0.0007078777605871308
3895.9227928176983 0.0006938043432955452
3944.819018136507 0.0006800107204367748
3994.328921132598 0.0006664913372557001
4044.460203838009 0.0006532407316601771
4095.2206649499008 0.0006402535590927725
4146.61820104399 0.0006275245895024264
4198.660807802806 0.0006150486896540702
4251.356581259626 0.000602820820993153
4304.713719057916 0.0005908360532588182
4358.740521726611 0.000579089562235201
4413.445393971375 0.0005675766040664581
4468.8368459821095 0.0005562925330699283
4524.923494756815 0.000545232803202298
4581.7140654421 0.0005343929579908122
4639.217392690603 0.000523768617754236
4697.442422035138 0.0005133554981467653
4756.3982112806025 0.0005031494074146392
4816.093931912828 0.0004931462264125266
4876.5388705254445 0.00048334191694688304
4937.742430264544 0.00047373252752627693
4999.714132291483 0.00046431418841101846
5062.463617264041 0.0004550830944151063
5126.000646836177 0.00044603552222338835
5190.3351051766085 0.00043716782829248427
5255.477000506442 0.00042847643654044264
5321.436466656108 0.00041995783683073165
5388.223764641823 0.00041160859447046406
5455.849284261949 0.0004034253486526982
5524.323545713033 0.0003954047945533173
5593.657201226731 0.0003875436957321031
5663.861036726651 0.000379838885163371
5734.945973506395 0.0003722872582334384
5806.923069928515 0.00036488576381346084
5879.803523144799 0.00035763141719516597
5953.598670838189 0.000350521298170579
6028.319992986494 0.0003435525371260556
6103.979113648319 0.00033672232083199597
6180.587802771313 0.00033002789646051204
6258.157978023301 0.0003234665681438366
6336.701706645992 0.0003170356849855507
6416.231207332568 0.00031073265311780136
6496.7588521282205 0.00030455493424636957
6578.297168354939 0.00029850003708419215
6660.858840560284 0.0002925655162754921
6744.456712490714 0.0002867489790228975
6829.103789089579 0.00028104808400843546
6914.8132385202625 0.00027546052891458297
7001.598394214694 0.0002699840590575716
7089.472756947543 0.0002646164681118138
7178.449996936597 0.0002593555932398702
7268.5439559691 0.0002541993088561731
7359.768649555412 0.00024914553565063104
7452.138269109067 0.0002441922392445305
7545.667184154568 0.00023933742051382944
7640.369944562791 0.00023457911960675476
7736.261282814442 0.00022991541875086048
7833.356116291901 0.00022534443986038473
7931.669549599874 0.00022086433617886833
8031.216876915126 0.00021647330067409333
8132.01358436575 0.00021216956502965206
8234.075352440259 0.0002079513936837428
8337.418058426909 0.00020381708306591555
8442.057778883798 0.00019976496622094137
8548.010792139492 0.00019579341206142428
8655.293580825812 0.00019190081666963757
8763.922834441595 0.00018808560930781088
8873.91545194919 0.00018434625292727965
8985.2885444033 0.00018068124078154867
9098.059437612892 0.00017708909206982535
9212.245674836475 0.00017356835823162796
9327.86501951123 0.0001701176220059986
9444.935458016402 0.00016673549069781156
9563.475202471294 0.00016342059896561997
9683.502693568682 0.00016017161078287056
9805.036603443068 0.00015698721777451184
9928.095838576006 0.00015386613339106022
10052.69954273685 0.00015080709875364362
10178.867099961064 0.0001478088819550639
10306.618137565672 0.00014487027391154708
10435.972529202592 0.0001419900878214394
10566.950397950277 0.0001391671623913668
10699.572119444189 0.00013640036131855955
10833.858325046536 0.00013368856722800572
10969.829905055758 0.00013103068585665237
11107.508011956552 0.00012842564641122597
11246.91406370999 0.00012587239921274434
11388.06974708602 0.00012336991265325057
11530.997021036723 0.0001209171775867401
11675.718120112542 0.00011851320667068513
11822.255557921217 0.00011615702968029055
11970.632130630087 0.00011384769544297683
12120.870920512403 0.00011158427320861552
12272.995299538132 0.00010936585149312515
12427.028933009824 0.0001071915340172125
12582.995783244136 0.00010506044377603
12740.920113299486 0.00010297172255475995
12900.826490750589 0.00010092452804195456
13062.739791510481 9.891803344576323e-05
13226.68520369985 9.695142974487728e-05
13392.688231566142 9.502392532997746e-05
13560.774699450585 9.313474177777055e-05
13730.970755805796 9.128311676391993e-05
13903.30287726354 8.946830431449495e-05
14077.797872753594 8.768957316782071e-05
14254.482887674274 8.594620464858137e-05
14433.385408115326 8.423749573079287e-05
14614.533265133823 8.256275857693166e-05
14797.954639083628 8.092131727729197e-05
14983.678063999621 7.931250919229869e-05
15171.73243203592 7.773568590983808e-05
15362.146997961388 7.619021244131853e-05
15554.951383709946 7.46754643905692e-05
15750.17558298903 7.31908307873691e-05
15947.849965945596 7.173571375172014e-05
16148.005283890549 7.030952648509744e-05
16350.672674082694 6.891169299844502e-05
16555.88366457252 6.754164968269322e-05
16763.670179106975 6.619884506042676e-05
16974.06454209555 6.488273684027846e-05
17187.099483639224 6.35927939448324e-05
17402.808144621373 6.232849668731135e-05
17621.224081864322 6.108933563231075e-05
17842.381273348827 5.987481011074764e-05
18066.314123500302 5.8684430356491236e-05
18293.05746854082 5.751771718380263e-05
18522.64658190843 5.637419971837192e-05
18755.117179744535 5.5253416328718734e-05
18990.50542645006 5.4154915295034755e-05
19228.847940311378 5.307825425028433e-05
19470.181799196867 5.2022998206644795e-05
19714.5445463249 5.0988721528372e-05
19961.974196104307 4.9975007699129035e-05
20212.50924004838 4.898144792415243e-05
20466.188652761994 4.800764093752257e-05
20723.051898005866 4.705319409793312e-05
20983.138934834802 4.61177232167041e-05
21246.490223814402 4.520085050461754e-05
21513.14673331525 4.430220598368892e-05
21783.14994588609 4.3421427611311645e-05
22056.54186470723 4.2558160487946346e-05
22333.36502012466 4.171205581974295e-05
22613.66247626635 4.0882772408981e-05
22897.477837741448 4.006997642831821e-05
23184.855256424147 3.927333984190414e-05
23475.839438321083 3.849254105164486e-05
23770.47565052747 3.772726536449167e-05
24068.80972826797 3.697720460389306e-05
24370.888082027588 3.6242055734028974e-05
24676.757704771433 3.552152223343146e-05
24986.466179255214 3.481531393373958e-05
25300.061685427467 3.4123146046987545e-05
25617.59300792468 3.3444739029081584e-05
25939.10954366051 3.2779819344332906e-05
26264.661309510157 3.212811934634653e-05
26594.29895009174 3.148937584691462e-05
26928.073745643724 3.0863331098851975e-05
27266.037620003826 3.024973288321683e-05
27608.243148685408 2.9648333958294458e-05
27954.74356705696 2.905889133494471e-05
28305.592778623533 2.8481167316281205e-05
28660.84536341232 2.7914929339676606e-05
29020.55658646338 2.7359948878075658e-05
29384.782406426995 2.6816001888409177e-05
29753.579484268903 2.6282869138061587e-05
30127.005192084638 2.5760335934754573e-05
30505.117622025322 2.5248191167501326e-05
30887.975595333373 2.4746228263000617e-05
31275.63867149485 2.4254245073893e-05
31668.167157503434 2.3772043201879854e-05
32065.62211724279 2.3299427901042302e-05
32468.065380985838 2.2836208611263548e-05
32875.559555013424 2.2382198875741593e-05
33288.1680313537 2.1937215343471438e-05
33705.95499764372 2.1501078453467792e-05
34128.985447114836 2.107361249603947e-05
34557.32518870339 2.0654645229583486e-05
34991.04085728832 2.0244007374388753e-05
35430.1999240571 1.984153333787818e-05
35874.870707002665 1.9447061104037048e-05
36325.12238154971 1.906043146887923e-05
36781.02499131806 1.868148835157642e-05
37242.64945901741 1.831007902254057e-05
37710.067597481204 1.7946053915640684e-05
38183.35212083809 1.758926595965401e-05
38662.57665582371 1.7239571244160846e-05
39147.81575323448 1.6896828942109225e-05
39639.14489952513 1.6560900838793207e-05
40136.640528551776 1.6231651263405314e-05
40640.38003346226 1.5908947461209817e-05
41150.44177873665 1.5592659536420045e-05
41666.90511237621 1.528265975690345e-05
42189.85037824958 1.4978823030518291e-05
42719.358928589645 1.4681026948156914e-05
43255.513136649985 1.4389151517245277e-05
43798.396409519126 1.410307880814832e-05
44348.09320109581 1.3822693460072003e-05
44904.68902522712 1.3547882603681444e-05
45468.27046901147 1.3278535329092745e-05
46038.92520626857 1.3014542901743915e-05
46616.74201117827 1.2755798921741052e-05
47201.810772091674 1.2502199193312793e-05
47794.22250551258 1.225364125876659e-05
48394.069370259276 1.2010024862121915e-05
49001.444681798974 1.1771251895450663e-05
49616.44292676561 1.1537226071107948e-05
50239.159777658424 1.1307852873285256e-05
50869.69210772531 1.1083039817677972e-05
51508.13800603297 1.0862696411929692e-05
52154.596792726166 1.0646733670994023e-05
52809.16903447851 1.0435064448746733e-05
53471.95656013721 1.0227603468220347e-05
54143.06247656402 1.0024267136266625e-05
54822.59118467501 9.824973296561506e-06
55510.64839568278 9.629641582502527e-06
56207.34114753901 9.438193363055736e-06
56912.77782158909 9.250551372553054e-06
57627.06815942998 9.06663986046775e-06
58350.32327998331 8.886384702737864e-06
59082.65569678152 8.709713311012854e-06
59824.179335471 8.536554307775206e-06
60575.00955153502 8.36683784914805e-06
61335.26314823904 8.20049558771228e-06
62105.05839480134 8.03746044442231e-06
62884.51504479124 7.877666574324164e-06
63673.75435476005 7.721049547727013e-06
64472.899103101445 7.567546322812526e-06
65282.07360915526 7.417094907830413e-06
66101.4037525444 7.269634591956817e-06
66931.01699275864 7.125105966530722e-06
67771.04238898268 6.983450796161544e-06
68621.61062017332 6.844611846197506e-06
69482.85400538858 6.708533128892953e-06
70354.90652437195 6.5751598655119685e-06
71237.90383839505 6.4444382287196255e-06
72131.98331136158 6.316315446497518e-06
73037.28403117775 6.19073987991681e-06
73953.94683138643 6.067660960047741e-06
74882.11431308014 5.947028961487758e-06
75821.93086708148 5.828795227118357e-06
76773.54269640693 5.71291214233993e-06
77737.0978390107 5.599332976355903e-06
78712.74619081427 5.488011857919613e-06
79700.63952902508 5.378903901738571e-06
80700.9315357478 5.271965189508377e-06
81713.77782189194 5.1671525344547875e-06
82739.33595137959 5.064423642050544e-06
83777.76546565682 4.9637371249303615e-06
84829.22790851262 4.865052413253337e-06
85893.8868512112 4.768329634186843e-06
86971.9079179342 4.67352978362263e-06
88063.45881155094 4.58061469965744e-06
89168.70933970349 4.489546883334002e-06
90287.83144122444 4.400289570737342e-06
91420.99921288449 4.3128067873282005e-06
92568.38893647569 4.2270633040838245e-06
93730.17910623507 4.143024479624941e-06
94906.55045661151 4.060656416703904e-06
96097.6859903839 3.979925944352235e-06
97303.77100712573 3.900800507435365e-06
98524.99313203718 3.82324814949894e-06
99761.5423451268 3.747237600961176e-06
101013.6110107722 3.672738265980968e-06
102281.39390763898 3.599720058337768e-06
103565.08825898742 3.5281535133179954e-06
104864.8937633494 3.458009798189564e-06
106181.0126255965 3.3892606498641402e-06
107513.64958839564 3.3218782907151695e-06
108863.01196406005 3.2558355483598196e-06
110229.30966679996 3.1911058371013205e-06
111612.75524537747 3.1276630331905026e-06
113013.56391617398 3.0654815248451246e-06
114431.95359666568 3.004536250207748e-06
115868.14493933067 2.9448026668557395e-06
117322.36136596742 2.8862566417484963e-06
118794.82910245871 2.828874560183161e-06
120285.77721395918 2.7726333134249827e-06
121795.43764053247 2.717510221852329e-06
123324.04523323258 2.663483022826828e-06
124871.83779063846 2.6105299322252608e-06
126439.05609584744 2.558629635347316e-06
128025.94395393219 2.5077611725200237e-06
129632.74822987095 2.457904016989614e-06
131259.71888694545 2.4090380822771848e-06
132907.1090256345 2.361143678826553e-06
134575.17492297912 2.3142014552025053e-06
136264.17607245853 2.2681924816455288e-06
137974.37522435238 2.2230982370858614e-06
139706.0384266184 2.178900522343599e-06
141459.43506627964 2.1355814948306877e-06
143234.83791133185 2.093123695068491e-06
145032.52315317673 2.0515100254919877e-06
146852.77044958732 2.010723673732225e-06
148695.86296821586 1.970748188477383e-06
150562.08743063846 1.9315674709023177e-06
152451.7341569682 1.8931657211878988e-06
154365.0971110088 1.855527429945581e-06
156302.47394599565 1.818637421148122e-06
158264.1660508899 1.7824808458346306e-06
160250.47859727408 1.7470431023740532e-06
162261.7205868188 1.7123098906911888e-06
164298.20489935635 1.6782672174317813e-06
166360.24834155315 1.6449013658137663e-06
168448.17169619398 1.6121988545541462e-06
170562.29977208472 1.5801464961530343e-06
172702.96145458063 1.5487313878068085e-06
174870.48975675317 1.5179408510079678e-06
177065.2218711876 1.487762455620046e-06
179287.49922244885 1.4581840384027716e-06
181537.66752018442 1.4291936882773313e-06
183816.07681291533 1.400779692846846e-06
186123.08154248373 1.3729305912150106e-06
188459.04059919555 1.345635168048145e-06
190824.3173776504 1.3188824163599572e-06
193219.27983327376 1.2926615314502571e-06
195644.3005395575 1.2669619408576066e-06
198099.7567460192 1.2417733000011903e-06
200586.0304368929 1.2170854366025857e-06
203103.5083905438 1.1928883884362474e-06
205652.58223964993 1.169172406956179e-06
208233.64853211326 1.145927936329405e-06
210847.10879276178 1.1231455847465218e-06
213493.3695858033 1.1008161650779747e-06
216172.8425780772 1.078930688515686e-06
218885.94460309457 1.0574803225433945e-06
221633.09772588342 1.0364564076386138e-06
224414.72930864705 1.0158504702141814e-06
227231.27207724628 9.956542123751509e-07
230083.16418852104 9.758594746384017e-07
232970.8492984423 9.564582727078744e-07
235894.77663114393 9.374427933606509e-07
238855.4010487907 9.18805368550272e-07
241853.1831223552 9.005384711233654e-07
244888.5892032506 8.826347357175045e-07
247962.0914958941 8.650869557440918e-07
251074.16813115455 8.47888044649036e-07
254225.3032407378 8.310310621934617e-07
257415.98703250027 8.145092170000202e-07
260646.71586670846 7.983158519720757e-07
263917.99233325484 7.824444242543294e-07
267230.3253298431 7.668885335927361e-07
270584.2301411601 7.516419178854296e-07
273980.2285190246 7.366984239362633e-07
277418.8487635702 7.220520190415805e-07
280900.6258054127 7.076968000310316e-07
284426.101288884 6.936269861469108e-07
287995.82365628064 6.798368930561595e-07
291610.34823318815 6.66320958455287e-07
295270.2373148693 6.530737392202528e-07
298976.0602537382 6.400898933859658e-07
302728.3935479316 6.273641771199384e-07
306527.8209309908 6.148914593026117e-07
310374.93346267677 6.026667194387004e-07
314270.32962090516 5.906850206549882e-07
318214.6153948672 5.789415279961264e-07
322208.4043792806 5.674315102123241e-07
326252.3178698631 5.561503296193768e-07
330346.9849599701 5.450934281014128e-07
334493.04263846675 5.342563468934221e-07
338691.1358888198 5.236347234681983e-07
342941.91778943484 5.132242711851398e-07
347246.0496152529 5.03020787328281e-07
351604.20094062045 4.93020159422052e-07
356017.0497434594 4.832183602812682e-07
360485.2825107206 4.736114298949936e-07
365009.5943452004 4.6419549325410273e-07
369590.68907365005 4.549667583767644e-07
374229.2793562914 4.4592150376870184e-07
378926.0867976577 4.3705607628539005e-07
383681.8420588733 4.28366901304638e-07
388497.28497130284 4.1985048128075785e-07
393373.1646516503 4.1150337692338647e-07
398310.23961849505 4.033222199344584e-07
403309.2779102906 3.953037142631923e-07
408371.05720484524 3.874446290544642e-07
413496.36494029965 3.797417888719646e-07
418685.9984376342 3.7219208749752005e-07
423940.7650246856 3.647924857529062e-07
429261.48216176464 3.575399973384527e-07
434648.9775687977 3.504316944091159e-07
440104.089354117 3.434647119865342e-07
445627.66614482243 3.3663624451798416e-07
451220.56721880735 3.2994353324770494e-07
456883.6626384305 3.2338387862940505e-07
462617.83338586835 3.169546389584176e-07
468423.9715001648 3.106532216457934e-07
474302.9802159998 3.0447708170845585e-07
480255.77410421206 2.984237288665265e-07
486283.2792140521 2.924907265425059e-07
492386.43321727356 2.866756787424793e-07
498566.1855539712 2.8097623892318855e-07
504823.49758031016 2.7539011087301437e-07
511159.3427180583 2.699150438080787e-07
517574.7066060269 2.6454882554334077e-07
524070.5872534001 2.592892921183043e-07
530647.9951949908 2.5413432627298573e-07
537307.9536484443 2.490818475937109e-07
544051.4986734143 2.4412981638123065e-07
550879.6793327495 2.392762367328666e-07
557793.5578556648 2.34519154150444e-07
564794.2098030237 2.2985664673691017e-07
571882.7242346214 2.2528683383858472e-07
579060.2038786405 2.2080787509761065e-07
586327.7653031622 2.1641796437995783e-07
593686.5390898989 2.1211532870927332e-07
601137.6700100496 2.078982332186143e-07
608682.3172023973 2.037649804576987e-07
616321.6543536292 1.9971390124880933e-07
624056.8698809191 1.9574336085975847e-07
631889.1671168171 1.918517596222921e-07
639819.7644964182 1.8803752952179164e-07
647849.8957469474 1.8429912942747108e-07
655980.8100796437 1.806350518067711e-07
664213.7723841358 1.770438216590498e-07
672550.0634251733 1.7352398965853977e-07
680990.9800419096 1.7007413483761495e-07
689537.8353496154 1.6669286673987307e-07
698191.9589439678 1.633788237572856e-07
706954.6971078867 1.6013066699340614e-07
715827.41302097 1.5694708628056762e-07
724811.4869715574 1.5382679952350964e-07
733908.3165714527 1.5076854847412282e-07
743119.3169733584 1.477710979787543e-07
752445.9210909922 1.4483323943296643e-07
761889.5798220439 1.4195379030205336e-07
771451.7622738362 1.391315877473955e-07
781133.9559919136 1.3636549292388007e-07
790937.6671914184 1.3365439141395795e-07
800864.4209914224 1.3099719085604558e-07
810915.7616521782 1.2839281761296482e-07
821093.2528153543 1.2584022145555716e-07
831398.4777472828 1.23338374816629e-07
841833.0395852578 1.208862680194984e-07
852398.5615869457 1.1848291113930345e-07
863096.6873828694 1.1612733550706728e-07
873929.0812321533 1.1381859255376711e-07
884897.428281369 1.11555749532412e-07
896003.4348267365 1.0933789370753518e-07
907248.8285795295 1.0716413190053244e-07
918635.3589348618 1.0503358754949107e-07
930164.7972438325 1.0294540017787637e-07
941838.9370890845 1.0089872780487215e-07
953659.5945638258 9.889274661351654e-08
965628.6085543459 9.692664650813285e-08
977747.8410261036 9.49996341060494e-08
990019.1773133401 9.311093304224678e-08
1002444.5264124327 9.125978232010179e-08
1015025.821278803 8.944543398441276e-08
1027765.019127685 8.766715638843569e-08
1040664.1017385331 8.592423367191641e-08
1053725.0757633809 8.421596244088558e-08
1066949.973038961 8.254165305877972e-08
1080340.8509028107 8.090063069711362e-08
1093899.7925133174 7.929223453194145e-08
1107628.9071737865 7.771581476173969e-08
1121530.3306605762 7.61707355243566e-08
1135606.2255553463 7.465637458208322e-08
1149858.7815815029 7.317212127571664e-08
1164290.215944795 7.171737614958126e-08
1178902.7736783035 7.029155263318895e-08
1193698.7279916161 6.889407681155691e-08
1208680.3806245318 6.752438432863884e-08
1223850.0622050792 6.618192247005953e-08
1239210.1326121052 6.486615037692612e-08
1254762.9813423876 6.357653789890196e-08
1270511.0278823564 6.231256396891236e-08
1286456.7220844831 6.107371888204835e-08
1302602.5445483893 5.985950393038388e-08
1318951.0070067656 5.866942909262373e-08
1335504.6527160555 5.750301392968744e-08
1352266.0568521768 5.635978831865867e-08
1369237.8269110436 5.523929189421167e-08
1386422.603114285 5.4141071969794095e-08
1403823.0588199117 5.306468556856196e-08
1421441.9009382261 5.200969920524726e-08
1439281.8703529187 5.097568746248152e-08
1457345.7423474544 4.996223272619667e-08
1475636.3270368115 4.896892635888962e-08
1494156.4698046315 4.799536854067008e-08
1512909.0517458944 4.704116611088302e-08
1531896.9901150498 4.610593401803794e-08
1551123.2387799316 4.5189295469858764e-08
1570590.7886811828 4.4290881135693845e-08
1590302.6682976377 4.3410328011320385e-08
1610261.944117352 4.254728100858099e-08
1630471.7211147347 4.170139269989618e-08
1650935.1432335062 4.087232171061617e-08
1671655.3938758196 4.005973334023032e-08
1692635.6963974822 3.926330007506482e-08
1713879.3146093958 3.848704019793574e-08
1735389.5532852956 3.773129573796681e-08
1757169.7586758514 3.699648803235138e-08
1779223.3190292637 3.628311305860615e-08
1801553.6651182796 3.5591734156735115e-08
1824164.270774012 3.492297193228245e-08
1847058.6534262279 3.427749190241838e-08
1870240.3746506532 3.365598807770384e-08
1893713.040722948 3.30591641613662e-08
1917480.3031797553 3.248771361601629e-08
1941545.8593867475 3.194229757935998e-08
1965913.4531138078 3.142352185049113e-08
1990586.8751174323 3.093191379775709e-08
2015569.963730433 3.046790146223159e-08
2040866.6054590903 3.003179283327096e-08
2066480.7355876688 2.9623757946705352e-08
2092416.3387907364 2.9243814587493285e-08
2118677.4497529073 2.8891817717583975e-08
2145268.153796627 2.8567452462466518e-08
2172192.587517617 2.82702314018328e-08
