"t (day)" "dm/dt (M_sun/yr)"
46.795512820158905 3.7652001422191064e-05
47.434576540139744 4.175355474692861e-05
48.08236764472625 4.6576337200561625e-05
48.73900531959521 5.223677201615696e-05
49.404610378084676 5.8865261754525376e-05
50.07930528342241 6.660331931185364e-05
50.763214171257005 7.560192861912399e-05
51.45646287249771 8.601949264176312e-05
52.159178936466 9.801646571018284e-05
52.87149165436252 0.000111746910221378
53.59353208305545 0.00012735220802173938
54.32543306919362 0.0001449506047050259
55.06732927364805 0.0001646265609008637
55.81935719628826 0.00018641896435772135
56.581655201096915 0.00021031515650694728
57.354363541626405 0.00023624065444117373
58.137624386804184 0.00026405601885091284
58.93158184709043 0.0002935557792421403
59.736382000991895 0.00032447152966201147
60.55217292193916 0.0003564770498006129
61.37910470552989 0.00038919820628770556
62.21732949714534 0.0004222253490406857
63.0670015199423 0.00045512714246433313
63.9282771032289 0.00048747367205951106
64.801314711227 0.0005188519588685108
65.68627497222818 0.0005488810524653615
66.58332070814667 0.0005772092290058308
67.49261696447694 0.000603532017823279
68.41433104066047 0.0006276082509798658
69.34863252086602 0.000649279264769066
70.2956933051914 0.0006684595736890685
71.25568764129157 0.0006851317437352618
72.22879215643702 0.0006993305493785966
73.21518589001165 0.0007111158440975595
74.21505032645416 0.000720555580881558
75.22856942864819 0.0007277162077882424
76.25592967176958 0.0007326526107362947
77.29732007759613 0.0007354166014703229
78.3529322492842 0.0007360605285404046
79.42296040662205 0.0007346434327444334
80.50760142176418 0.0007312291877913235
81.60705485545266 0.0007258880042627896
82.72152299373425 0.0007187126699230797
83.85121088517849 0.0007098075773409263
84.99632637860466 0.0006992925285485823
86.15708016132258 0.000687292266767319
87.33368579789705 0.0006739514385339419
88.52635976944072 0.0006594108716147366
89.73532151344487 0.0006438077147997292
90.96079346415218 0.0006272885053822155
92.20300109348216 0.0006100114177852296
93.46217295251613 0.0005921294724273614
94.73854071354653 0.0005737981275256132
96.0323392127025 0.0005551718227007688
97.34380649315727 0.0005364043284452472
98.67318384892425 0.0005176397488363993
100.02071586925254 0.0004990098385242808
101.38665048362918 0.0004806346690985394
102.7712390073939 0.0004626145778490399
104.1747361879785 0.00044502957840520004
105.59740025177831 0.0004279432710779626
107.03949295166099 0.00041139811781687284
108.50127961512679 0.00039542459607521383
109.98302919312616 0.00038004027650849763
111.48501430954212 0.0003652491126545746
113.00751131135067 0.0003510502903382144
114.55080031946467 0.0003374391402729657
116.11516528027379 0.00032440764485059905
117.70089401788572 0.0003119456972429784
119.30827828708318 0.00030003998951435695
120.93761382700289 0.00028867381741248235
122.58920041554879 0.00027783086881508337
124.26334192454621 0.0002674939748037851
125.96034637565123 0.00025764245585139194
127.68052599702371 0.00024825188690356416
129.42419728077186 0.0002392971451685345
131.19168104118393 0.00023075213391478608
132.98330247375458 0.00022259279609854662
134.79939121501565 0.00021479441196165801
136.6402814031858 0.00020733286207295776
138.50631173964885 0.00020018398760310546
140.39782555126902 0.00019332631212145996
142.31517085355972 0.00018673944975922786
144.25870041471495 0.00018040532980158886
146.22877182051286 0.0001743092520080748
148.2257475401077 0.00016843861830308736
150.24999499272093 0.00016278240385600884
152.30188661523997 0.0001573314153225247
154.38179993074317 0.00015207869263461187
156.49011761795904 0.0001470182673752449
158.62722758167558 0.00014214343661454005
160.79352302410828 0.00013744746561120645
162.9894025172455 0.00013292419450205325
165.21527007618064 0.00012856654889055097
167.47153523344707 0.0001243682432636156
169.75861311436518 0.00012032322988241651
172.07692451342137 0.00011642580338638494
174.42689597169024 0.00011267061452080401
176.80895985531063 0.0001090519473185554
179.22355443503713 0.00010556575849574074
181.67112396687742 0.0001022082431380864
184.1521187738277 9.897641982477559e-05
186.66699532872806 9.586733176827082e-05
189.2162163382487 9.287691460635747e-05
191.8002508280203 9.00020452763601e-05
194.41957422892997 8.723911965105113e-05
197.07466846459627 8.458473004095747e-05
199.76602204003436 8.203506376179016e-05
202.49413013153676 7.958611333905808e-05
205.25949467778054 7.72338142373401e-05
208.06262447217568 7.497391037255786e-05
210.90403525647872 7.280224437695613e-05
213.7842498156813 7.071462393320499e-05
216.70379807419914 6.870685312066156e-05
219.66321719336815 6.677487586153386e-05
222.66305167027767 6.491486843631538e-05
225.70385343795044 6.312323306299476e-05
228.78618196689334 6.139669620393457e-05
231.91060436803036 5.973167804033293e-05
235.07769549704554 5.812479693181437e-05
238.28803806015063 5.6572503255487684e-05
241.5422227212936 5.507219930679667e-05
244.84084821083437 5.3621446665838106e-05
248.18452143570607 5.221814837427292e-05
251.57385759107498 5.086032192637201e-05
255.00948027353056 4.954590787386758e-05
258.4920215958217 4.827314475654073e-05
262.022122303154 4.7040639247453986e-05
265.60043189108086 4.584720717317929e-05
269.2276087250045 4.469169407165183e-05
272.90432016130393 4.357289485320443e-05
276.6312426701218 4.248982873665978e-05
280.4090619598286 4.1441407079554e-05
284.2384731031811 4.042654995856312e-05
288.12018066520983 3.94442783745889e-05
292.05489883284883 3.849363962241948e-05
296.04335154634003 3.75735466475893e-05
300.08627263242596 3.668283073759585e-05
304.1844059393673 3.582034089672187e-05
308.33850547380024 3.498512131309177e-05
312.5493355394677 3.417608677298231e-05
316.8176708778376 3.339226995246792e-05
321.14429681064786 3.263252030740774e-05
325.5300093843984 3.1895899692529006e-05
329.97561551680957 3.11816069482617e-05
334.4819331452873 3.0488558116922043e-05
339.049791377416 2.981583829591516e-05
343.6800306434994 2.9162351709777987e-05
348.3735028511926 2.852716452089012e-05
353.1310715422438 2.790941825503038e-05
357.953612051372 2.7308286970173468e-05
362.8420116673194 2.6722988934264034e-05
367.7971697961046 2.615272937817628e-05
372.81999812649747 2.559671299989572e-05
377.91142079776114 2.5054193025095847e-05
383.0723745696848 2.45244230235777e-05
388.30380899493116 2.4006721896833977e-05
393.6066865937452 2.350045294026309e-05
398.9819830310481 2.3005004366241476e-05
404.4306872959442 2.251987632102977e-05
409.95380188368415 2.2044585077706634e-05
415.55234298011277 2.1578687302102566e-05
421.2273406486333 2.1121755379424657e-05
426.97983901973004 2.067340800037651e-05
432.81089648307 2.023337320837251e-05
438.7215858822374 1.9801394056639836e-05
444.7129947121254 1.937725787886801e-05
450.7862253190173 1.8960721030419596e-05
456.9423951034073 1.8551538936872756e-05
463.18263672559084 1.8149494089421346e-05
469.50809831405587 1.775441960709828e-05
475.9199436767261 1.736619334801147e-05
482.41935251509125 1.6984719261684895e-05
489.0075206412514 1.6609888517089717e-05
495.68566019793525 1.624160365027235e-05
502.454999881522 1.5879771844865086e-05
509.3167851681014 1.552430410069363e-05
516.2722785426284 1.5175125351462523e-05
523.3227597312086 1.4832163209886139e-05
530.4695259365454 1.4495367887428978e-05
537.7138920766134 1.4164686398970208e-05
545.0571910265916 1.3840070622223513e-05
552.5007738640834 1.3521489771491206e-05
560.0460101177135 1.3208921860385789e-05
567.6942880190978 1.2902343623098853e-05
575.4470147582535 1.2601740929783412e-05
583.3056167425216 1.2307101522961163e-05
591.2715398589933 1.2018407971014521e-05
599.3462497405424 1.1735656202973597e-05
607.531232035486 1.1458830896611361e-05
615.8279926809201 1.1187905836211746e-05
624.2380581797955 1.0922855456961685e-05
632.7629758817809 1.0663649603842691e-05
641.4043142679483 1.0410247041091731e-05
650.1636632393576 1.0162599614104217e-05
659.0426344095847 9.920663869849296e-06
668.042861401229 9.684389367856348e-06
677.166000146485 9.453719313194277e-06
686.4137291918175 9.228585960205418e-06
695.7877500067865 9.008910468234902e-06
705.2897872970988 8.794607755726041e-06
714.9215893219391 8.585587683231423e-06
724.6849282156192 8.381752525849453e-06
734.5816003136332 8.183002639490466e-06
744.6134264831675 7.989235953950329e-06
754.7822524581022 7.800343067099505e-06
765.0899491786217 7.616212367680917e-06
775.5384131354386 7.436733113200607e-06
786.1295667187128 7.261789351907206e-06
796.8653585717692 7.091260658549818e-06
807.7477639496079 6.925027706587653e-06
818.7787850823324 6.762972547799113e-06
829.96045154354 6.6049760064542314e-06
841.2948206237307 6.450917979855472e-06
852.7839777088263 6.300681544322207e-06
864.430036663863 6.154153011417159e-06
876.2351402219052 6.0112220880371795e-06
888.2014603782882 5.8717815297109915e-06
900.331198790244 5.735728383201695e-06
912.626587181969 5.602965205897089e-06
925.0898877552385 5.473398339410013e-06
937.7233936056311 5.346936718019554e-06
950.5294291444194 5.223494198510882e-06
963.5103505262365 5.102983129184498e-06
976.6685460825885 4.985319239119141e-06
990.0064367612655 4.870422272259189e-06
1003.5264765717726 4.75821679846618e-06
1017.2311530368447 4.64862949741997e-06
1031.1229876501004 4.5415917816359434e-06
1045.2045363399898 4.437038078360449e-06
1059.4783899400456 4.334905362722425e-06
1073.9471746655493 4.235134058831374e-06
1088.6135525967518 4.137665717897567e-06
1103.4802221686332 4.042445007747332e-06
1118.5499186674087 3.949418989282272e-06
1133.8254147337736 3.8585367640137215e-06
1149.3095208730415 3.7697460966611224e-06
1165.005085972226 3.6829986268471503e-06
1180.914997824234 3.5982473362907927e-06
1197.0421836591463 3.515446291587084e-06
1213.3896106828256 3.4345506370779017e-06
1229.960286622828 3.3555165183466168e-06
1246.7572602817963 3.2783010845668397e-06
1263.7836220983843 3.2028624848630666e-06
1281.042504715894 3.129159833948863e-06
1298.537083558604 3.0571532151168693e-06
1316.2705774160438 2.9868035708581883e-06
1334.2462490351925 2.9180727693226745e-06
1352.4674057207935 2.8509235591314478e-06
1370.9373999438385 2.785319554944095e-06
1389.6596299584185 2.7212252110331744e-06
1408.6375404269163 2.658605767649025e-06
1427.8746230538238 2.597427284260839e-06
1447.374417228153 2.537656603461858e-06
1467.140510674627 2.4792613462190693e-06
1487.176540113815 2.4222098548961395e-06
1507.4861919311988 2.36647119767927e-06
1528.0732028554662 2.312015164170841e-06
1548.9413606459968 2.2588122409894863e-06
1570.0945047897767 2.2068336142812674e-06
1591.5365272077931 2.1560510892024666e-06
1613.271372971145 2.1064371403266154e-06
1635.3030410268357 2.0579648774406333e-06
1657.635584933575 2.0106080358069246e-06
1680.2731136075615 1.9643409556688477e-06
1703.2197920784852 1.919138545746455e-06
1726.4798422558129 1.8749763057899384e-06
1750.0575437056186 1.831830300852064e-06
1773.9572344379158 1.7896771581450437e-06
1798.183311704847 1.7484940246471194e-06
1822.7402328096955 1.7082585722683564e-06
1847.6325159269916 1.6689489933855342e-06
1872.8647409337714 1.630543983520816e-06
1898.4415502522675 1.593022743158612e-06
1924.367649704003 1.5563649194525826e-06
1950.647809375655 1.5205506430005123e-06
1977.2868644966716 1.4855605028819405e-06
2004.2897163288703 1.4513755399111261e-06
2031.661333068266 1.4179772308185762e-06
2059.4067507590944 1.3853474634974262e-06
2087.531074220442 1.3534685522429605e-06
2116.039477985433 1.3223232194175907e-06
2144.9372072533033 1.2918945933882984e-06
2174.229578854414 1.2621661770120334e-06
2203.921982228545 1.2331218527875104e-06
2234.0198804164197 1.2047458787047444e-06
2264.528811064895 1.177022875952241e-06
2295.454387445789 1.149937830187559e-06
2326.802299488671 1.123476049501827e-06
2358.578314827702 1.097623191006552e-06
2390.788279862877 1.0723652427706564e-06
2423.4381208356117 1.047688519117348e-06
2456.5338449191704 1.0235796484658242e-06
2490.0815413238693 1.0000255566158513e-06
2524.087382417441 9.77013476997088e-07
2558.5576248606335 9.545309376046824e-07
2593.498610758429 9.325657596593677e-07
2628.9167688268335 9.111060341996841e-07
2664.818615575753 8.901401268280196e-07
2701.2107565079273 8.696566740452309e-07
2738.0998873342182 8.496445745291258e-07
2775.492795205625 8.300929900221712e-07
2813.3963599619465 8.109913150194603e-07
2851.817555397661 7.923291959899301e-07
2890.7634505449837 7.740965183059944e-07
2930.241210974498 7.562834029692562e-07
2970.2581001134886 7.388801973001351e-07
3010.821480582409 7.2187746370406e-07
3051.9388155494134 7.052659865276354e-07
3093.6176701035774 6.890367627512812e-07
3135.8657126467315 6.731810011295825e-07
3178.6907163043843 6.576901048186317e-07
3222.100560355821 6.425556755434868e-07
3266.1032316838914 6.277695104690868e-07
3310.706826244398 6.133235960929932e-07
3355.919550555739 5.992101085338647e-07
3401.74972320876 5.854213921977956e-07
3448.205776397301 5.719499733037e-07
3495.2962574695484 5.587885505243376e-07
3543.029830500765 5.459299927099093e-07
3591.41527788724 5.333673317818981e-07
3640.4615019622543 5.210937552247723e-07
3690.177526633952 5.091026106435718e-07
3740.5724990455888 4.973873991343419e-07
3791.6556912585916 4.859417747412095e-07
3843.436501958437 4.747595315725043e-07
3895.9244581838843 4.6383460734432914e-07
3949.1292170798856 4.5316108077298206e-07
4003.060567674374 4.427331673161734e-07
4057.728432679253 4.3254521906894924e-07
4113.142870316182 4.2259170985078957e-07
4169.314076167025 4.128672446516827e-07
4226.25238504984 4.0336655294841716e-07
4283.968272920274 3.940844871242635e-07
4342.472358799076 3.8501601706112443e-07
4401.775406725772 3.7615622515340346e-07
4461.888327739246 3.6750030931526417e-07
4522.822181885103 3.5904357825926755e-07
4584.588180250703 3.507814511605163e-07
4647.197687027795 3.427094481084909e-07
4710.66222160342 3.348231930514049e-07
4774.993460679279 3.271184116621046e-07
4840.203240420219 3.1959092837194985e-07
4906.303558631793 3.122366660702308e-07
4973.306576967855 3.0505163569071995e-07
5041.224623168088 2.9803194280130755e-07
5110.070193326108 2.9117378283140126e-07
5179.855954188709 2.8447343997656963e-07
5250.594745486316 2.779272830940255e-07
5322.299582295303 2.7153176241648365e-07
5394.983657432711 2.6528341151890794e-07
5468.660343883526 2.5917884395676226e-07
5543.343197261047 2.5321475306400976e-07
5619.0459583011425 2.473879048818036e-07
5695.782555390177 2.416951405628301e-07
5773.567107127828 2.3613337464901128e-07
5852.413924924657 2.3069959300844007e-07
5932.337515635258 2.253908524556615e-07
6013.3525842272775 2.2020427348840017e-07
6095.474036487084 2.1513704487898338e-07
6178.716981762081 2.1018642026678736e-07
6263.096735740814 2.0534971740034118e-07
6348.62882327076 2.006243150294684e-07
6435.3289812147605 1.9600765075921005e-07
6523.213161346322 1.9149722232223547e-07
6612.297533284723 1.870905851856182e-07
6702.5984874698115 1.8278535243422383e-07
6794.132638177851 1.785791895370907e-07
6886.916826578241 1.7446981628437635e-07
6980.968123832022 1.70455005412885e-07
7076.303834232912 1.6653258117317632e-07
7172.941498391016 1.627004189379699e-07
7270.898896460008 1.5895644014229062e-07
7370.194051408596 1.5529861547844627e-07
7470.845232336486 1.5172496246340012e-07
7572.870957835565 1.4823354491533963e-07
7676.289999397301 1.448224706055931e-07
7781.121384866231 1.4148988987265196e-07
7887.38440194109 1.3823399643432716e-07
7995.098601723337 1.350530256843585e-07
8104.283802314438 1.3194525462931832e-07
8214.960092461994 1.289089980174524e-07
8327.147835256057 1.2594260988224007e-07
8440.867671875452 1.2304448245549353e-07
8556.14052538569 1.2021304517369067e-07
8672.987604588474 1.1744676431048203e-07
8791.430407923883 1.1474413945644337e-07
8911.490727425715 1.1210370573921711e-07
9033.190652731204 1.0952403208709179e-07
9156.552575144922 1.0700372086824833e-07
9281.5991917588 1.0454140612022326e-07
9408.353509627988 1.0213575266723294e-07
9536.838850003784 9.97854566296702e-08
9667.078852624627 9.748924421194792e-08
9799.097480065479 9.524587167217201e-08
9932.91902214649 9.30541224604123e-08
10068.56810040228 9.091280843787067e-08
10206.069672611864 8.882076902390663e-08
10345.449037390466 8.677687050811504e-08
10486.73183884448 8.478000572382572e-08
10629.944071289257 8.282909160244623e-08
10775.112084032142 8.092307071388231e-08
10922.262586220158 7.906091002723145e-08
11071.422651754312 7.7241600662702e-08
11222.619724270684 7.54641565590006e-08
11375.88162219 7.3727613921204e-08
11531.236543835534 7.203103153312784e-08
11688.7130726216 7.037348989491782e-08
11848.340182312342 6.875409121214628e-08
12010.147242352667 6.71719572814664e-08
12174.164023271658 6.56262304464266e-08
12340.42070216031 6.41160729323818e-08
12508.947868223426 6.264066637110838e-08
12679.776528407901 6.119921152091666e-08
12852.938113107573 5.979092657015296e-08
13028.464481945814 5.8415048204253855e-08
13206.387929637664 5.707083072135185e-08
13386.741191931453 5.5757545862102946e-08
13569.55745163171 5.447448180835623e-08
13754.8703447046 5.3220942845985345e-08
13942.713966466501 5.199624955037063e-08
14133.12287785683 5.0799738172956916e-08
14326.132111797346 4.96307606413113e-08
14521.777179637225 4.8488682997796947e-08
14720.09407768721 4.73728861442169e-08
14921.119293842172 4.628276532607872e-08
15124.889814294633 4.521772980473637e-08
15331.443130339483 4.417720262344507e-08
15540.817245272403 4.316061943248008e-08
15753.050681381426 4.216742922697977e-08
15968.182487035096 4.119709371590839e-08
16186.252243866604 4.0249087205643006e-08
16407.300074056435 3.93228958487349e-08
16631.366647714145 3.8418017444837003e-08
16858.49319036159 3.753396154571682e-08
17088.721490517382 3.6670249019003555e-08
17322.093907386003 3.582641205395541e-08
17558.653378651077 3.500199300908515e-08
17798.443428375256 3.419654498916241e-08
18041.508175008534 3.3409631447201504e-08
18287.892339505237 3.2640825958840325e-08
18537.64125355194 3.188971203043284e-08
18790.800867908416 3.115588228686505e-08
19047.417760861787 3.0438938980769694e-08
19307.539146796065 2.9738493542328948e-08
19571.212884879682 2.9054166499878684e-08
19838.487487870258 2.8385586917105767e-08
20109.41213104097 2.7732392281335626e-08
20384.036661227863 2.7094228558490596e-08
20662.411606001235 2.647074988291579e-08
20944.58818296181 2.586161856567523e-08
21230.618309164598 2.5266504244425053e-08
21520.554610670486 2.468508432842342e-08
21814.45043222927 2.411704369265141e-08
22112.35984709421 2.356207452292142e-08
22414.337666970907 2.3019876160719675e-08
22720.439452101684 2.249015454285069e-08
23030.721521488664 2.19726225521239e-08
23345.240963255004 2.1466999696215134e-08
23664.055645149034 2.0973012053704608e-08
23987.224225191007 2.0490391853001994e-08
24314.806162465167 2.001887741479951e-08
24646.861728059986 1.9558213176695623e-08
24983.452016157178 1.9108149472713807e-08
25324.63895527178 1.866844254227482e-08
25670.48531964704 1.8238853903332426e-08
26021.054740803695 1.7819150694178474e-08
26376.41171924713 1.7409105439236006e-08
26736.62163633543 1.7008495943005517e-08
27101.75076630783 1.661710516606104e-08
27471.866288479203 1.6234720839268004e-08
27847.036299599768 1.586113570473359e-08
28227.32982638429 1.5496147286762977e-08
28612.816838211736 1.5139557855324423e-08
29003.568259999465 1.4791174111401008e-08
29399.65598525182 1.4450807162121543e-08
29801.15288928826 1.4118272527670735e-08
30208.132842651285 1.3793389984603854e-08
30620.67072469772 1.347598357447624e-08
31038.842437375355 1.316588114181228e-08
31462.72491918864 1.2862914595690535e-08
31892.39615935355 1.2566919731001608e-08
32327.935212147495 1.2277736156048519e-08
32769.422211453995 1.1995207194368474e-08
33216.938385505906 1.1719179619763127e-08
33670.566071831236 1.1449503821427171e-08
34130.38873240184 1.1186033640612471e-08
34596.49096898904 1.0928626346000255e-08
35068.958538730076 1.0677142398852026e-08
35547.878369906 1.0431445447091884e-08
36033.338577935014 1.0191402322452823e-08
36525.42848158559 9.95688292915409e-09
37024.238619408905 9.727760251686003e-09
37529.860766397855 9.503910014413445e-09
38042.387950871955 9.285210881123116e-09
38561.91447159368 9.071544319011278e-09
39088.53591511771 8.862794549421258e-09
39622.349173378796 8.658848470717576e-09
40163.45246151738 8.459595476768807e-09
40711.945335951146 8.264927569791268e-09
41267.92871269152 8.074739243888399e-09
41831.50488591136 7.888927468533612e-09
42402.77754676526 7.707391513470362e-09
42981.85180246788 7.530032953128387e-09
43568.83419563267 7.356755658902132e-09
44163.83272387394 7.1874657200789736e-09
44766.95685967724 7.02207145058083e-09
45378.317570541185 6.860483138283017e-09
45998.02733939361 6.702613196797593e-09
46626.20018528728 6.548376062248969e-09
47262.95168437855 6.3976881598785105e-09
47908.39899119132 6.250467843855715e-09
48562.66086017222 6.106635273288924e-09
49225.85766754026 5.966112489094362e-09
49898.11143343387 5.828823330971538e-09
50579.54584436167 5.694693426389432e-09
51270.28627595952 5.563650060167451e-09
51970.459816057635 5.435622183934509e-09
52680.195288063565 5.310540406468486e-09
53399.62327466326 5.188336937546699e-09
54128.876141848225 5.0689455936224125e-09
54868.08806326755 4.952301613286002e-09
55617.39504491563 4.838341772417179e-09
56376.934950154944 4.7270043060312125e-09
57146.847525081444 4.618228885735408e-09
57927.27442423566 4.511956573021752e-09
58718.35923666569 4.408129734846746e-09
59520.247512346476 4.3066920958080716e-09
60333.08678895837 4.207588678965293e-09
61157.02661903261 4.110765798546534e-09
61992.218597467385 4.016170962900441e-09
62838.81638941867 3.923752885851953e-09
63696.975758573295 3.833461476778441e-09
64566.85459580806 3.74524780074835e-09
65448.61294823887 3.659064082708924e-09
66342.41304866795 3.5748635735755314e-09
67248.4193454327 3.4926006346865223e-09
68166.7985326616 3.412230680481853e-09
69097.71958094426 3.333710162945878e-09
70041.35376842067 3.2569965355381664e-09
70997.87471229327 3.182048195923111e-09
71967.45840077118 3.1088245212431804e-09
72950.28322544861 3.0372858259435574e-09
73946.53001412879 2.967393356981114e-09
74956.38206409171 2.8991092216735627e-09
75980.02517582076 2.832396399164832e-09
77017.64768718643 2.7672187311315188e-09
78069.44050809894 2.7035408934926874e-09
79135.59715563194 2.641328399338848e-09
80216.31378962965 2.5805475023679643e-09
81311.78924879522 2.5211652579430887e-09
82422.2250872769 2.4631494816142846e-09
83547.82561175032 2.4064687382724805e-09
84688.79791900904 2.351092314414196e-09
85845.35193406684 2.2969901794488987e-09
87017.70044878205 2.244133009435459e-09
88206.0591610093 2.1924921570298697e-09
89410.6467142843 2.1420396483690745e-09
90631.68473805202 2.092748129475275e-09
91869.397888444 2.044590876891512e-09
93124.01388961144 1.9975417894357206e-09
94395.7635756242 1.9515753681286634e-09
95684.88093294232 1.9066667182404668e-09
96991.60314346563 1.8627914796578263e-09
98316.17062817294 1.8199258710262542e-09
99658.82709135515 1.7780466597364163e-09
101019.81956545646 1.737131154372179e-09
102399.39845652234 1.6971571834633124e-09
103797.81759027389 1.6581030694669513e-09
105215.33425880708 1.6199476446560328e-09
106652.2092679322 1.5826702297090112e-09
108108.7069851573 1.546250631707498e-09
109585.09538833157 1.5106691043554887e-09
111081.6461149464 1.475906357359863e-09
112598.63451211664 1.4419435493681637e-09
114136.33968723929 1.408762273886903e-09
115695.0445593467 1.3763445600561096e-09
117275.03591115889 1.3446728234728808e-09
118876.60444184902 1.3137298973719408e-09
120500.04482052935 1.2834990111028817e-09
122145.6557404655 1.2539637848788851e-09
123813.73997403275 1.2251082135540082e-09
125504.604428423 1.1969166492217604e-09
127218.56020211043 1.1693738117847965e-09
128955.92264209087 1.1424647737042756e-09
130717.0114019028 1.1161749587327002e-09
132502.15050043815 1.090490112409319e-09
134311.66838155896 1.0653963100610174e-09
136145.8979745249 1.0408799509031446e-09
138005.1767552519 1.0169277482185897e-09
139889.84680839922 9.93526729199528e-10
141800.25489031285 9.706642005675569e-10
143736.75249282224 9.483277703527243e-10
145699.69590791152 9.265053325229161e-10
147689.44629327062 9.051850633376137e-10
149706.369738748 8.843554089984558e-10
151750.83733370207 8.640050740842123e-10
153823.22523528108 8.441230285313526e-10
155923.9147376293 8.246984967728117e-10
158053.29234204162 8.05720956952005e-10
160211.7498280731 7.871801190555183e-10
162399.68432562312 7.690659315760832e-10
164617.4983880034 7.513685766758534e-10
166865.60006600144 7.340784633454599e-10
169144.4029829571 7.171862267719206e-10
171454.3264108652 7.006827043286959e-10
173795.79534751445 6.845589507709233e-10
176169.24059468275 6.688062272595883e-10
178575.09883740166 6.534159988338275e-10
181013.8127242984 6.383799250350632e-10
183485.83094903955 6.236898522779838e-10
185991.60833288214 6.09337818420792e-10
188531.60590836042 5.953160450315026e-10
191106.29100410437 5.816169369135096e-10
193716.13733082768 5.682330659095235e-10
196361.62506848163 5.551571763520419e-10
199043.24095460412 5.423821811543737e-10
201761.47837386996 5.299011570517289e-10
204516.83744887373 5.177073437711239e-10
207309.8251321391 5.057941272824966e-10
210140.95529939845 4.941550503876738e-10
213010.74884413573 4.827838048837251e-10
215919.73377342656 4.716742298136447e-10
218868.44530508263 4.6082030436530967e-10
221857.42596612655 4.5021614288362554e-10
224887.22569261256 4.3985599783126466e-10
227958.40193080474 4.2973425428292484e-10
231071.519739742 4.1984542964994437e-10
234227.1518952024 4.10184161692413e-10
237425.87899508417 4.0074521291614294e-10
240668.28956623105 3.915234674495363e-10
243954.9801727151 3.825139277377561e-10
247286.55552559526 3.737117136736413e-10
250663.62859417812 3.6511205092819216e-10
254086.82071879326 3.5671027832008304e-10
257556.76172511882 3.485018422210705e-10
261074.09004005438 3.4048229534758205e-10
264639.45280919014 3.3264729139439786e-10
268253.5060158702 3.2499258180895456e-10
271916.9146018877 3.1751401768430306e-10
275630.3525898209 3.102075458402929e-10
279394.5032070539 3.0306920867319234e-10
283210.05901147245 2.9609513528801166e-10
287077.72201889433 2.892815450063586e-10
290998.2038322272 2.826247448943979e-10
294972.22577239736 2.7612112746995006e-10
299000.5190110599 2.697671698803275e-10
303083.8247051284 2.635594257823426e-10
307222.8941331408 2.5749453046413107e-10
311418.4888334819 2.5156919685163214e-10
315671.3807444987 2.4578021467554666e-10
319982.3523465286 2.401244464240778e-10
324352.1968058623 2.3459882528500987e-10
328781.71812068 2.2920035633584967e-10
333271.7312689787 2.2392611375506987e-10
337823.0623585155 2.1877324074850536e-10
342436.54877880355 2.1373894299358107e-10
347113.0393551759 2.088204914124983e-10
351853.3945049688 2.0401522023070904e-10
356658.48639581713 1.9932052538921206e-10
361529.19910613185 1.947338638104296e-10
366466.4287877549 1.902527477560178e-10
371471.0838308423 1.858747483811887e-10
376544.08503099123 1.8159749288445977e-10
381686.36575866595 1.774186639346275e-10
386898.87213091424 1.7333599662396395e-10
392182.5631854518 1.6934727717801502e-10
397538.41105710814 1.654503436874231e-10
402967.4011566902 1.6164308412377793e-10
408470.532352281 1.5792343631172658e-10
414048.8171530226 1.5428938308503518e-10
419703.281895409 1.5073895446243286e-10
425434.96693211416 1.4727022613272117e-10
431244.926823406 1.438813183573579e-10
437134.23053117516 1.405703953390144e-10
443103.96161560423 1.3733566130700148e-10
449155.21843453427 1.341753629798427e-10
455289.1143455526 1.310877875312405e-10
461506.7779108318 1.2807126219689018e-10
467809.35310477426 1.2512415198468555e-10
474197.9995244836 1.2224485888438378e-10
480673.89260312804 1.194318223039882e-10
487238.2238261913 1.166835176583678e-10
493892.20095070486 1.1399845636733636e-10
500637.04822745314 1.1137518227846092e-10
507474.0066262236 1.0881227336331628e-10
514404.33406412345 1.0630834054209662e-10
521429.30563703406 1.0386202692658341e-10
528550.2138541971 1.0147200729104594e-10
535768.3688760354 9.91369853607512e-11
543085.0987551978 9.685569551512292e-11
550501.7496809091 9.46269013363869e-11
558019.6862266456 9.24493953405153e-11
565640.2916012044 9.032199725903363e-11
573364.9679032022 8.824355357030372e-11
581195.1363790367 8.621293774819765e-11
589132.2376843814 8.422904925836078e-11
597177.7321492512 8.229081356997283e-11
605333.1000466779 8.039717951537652e-11
613599.8418650669 7.85471206051986e-11
621979.4785842743 7.67396341207978e-11
630473.5519554412 7.497374059317092e-11
639083.6247846619 7.324848336811209e-11
647811.2812205112 7.156292673139317e-11
656658.1270455262 6.991615708444748e-11
665625.7899716302 6.830728190891946e-11
674715.9199396303 6.673542958310275e-11
683930.1894227753 6.519974809452167e-11
693270.2937344769 6.369940477506557e-11
702737.9513402145 6.223358643261297e-11
712334.904173732 6.080149863735944e-11
722062.9179575099 5.940236573980353e-11
731923.7825276564 5.803542892279e-11
741919.3121632047 5.6699947216296735e-11
752051.3459199228 5.53951967996569e-11
762321.7479686699 5.412047064371695e-11
772732.4079383858 5.287507815875424e-11
783285.2412637667 5.1658343900671195e-11
793982.189537672 5.046960838086962e-11
804825.2208683576 4.930822732762184e-11
815816.3302415862 4.817357156126015e-11
826957.5398876715 4.706502603082504e-11
838250.8996535498 4.598198967591122e-11
849698.4873799335 4.4923875487119554e-11
861302.4092835991 4.38901099987406e-11
873064.8003449122 4.2880133308593716e-11
884987.8247006238 4.189339764157308e-11
897073.6760420683 4.092936812943064e-11
909324.5780187503 3.998752227628606e-11
921742.7846474921 3.9067349713540487e-11
934330.5807271318 3.816835191815128e-11
947090.2822589055 3.7290041321676206e-11
960024.2368725484 3.643194186687594e-11
973134.8242582568 3.55935884808968e-11
986424.4566044906 3.477452699072846e-11
999895.5790418151 3.3974313403243817e-11
1013550.6700927584 3.3192513843763465e-11
1027392.2421278387 3.2428704574739106e-11
1041422.8418277961 3.168247163521792e-11
1055645.0506521598 3.095341086010715e-11
1070061.485314214 3.02411268213855e-11
1084674.7982624276 2.9545233425102623e-11
1099487.678168478 2.886535350332615e-11
1114502.8504219376 2.8201118646767884e-11
1129723.0776316987 2.755216898151725e-11
1145151.1601342694 2.691815255693021e-11
1160789.9365090104 2.6298725727193495e-11
1176642.2841003845 2.569355277563671e-11
1192711.1195473645 2.510230585771331e-11
1208999.3993200373 2.4524664463562753e-11
1225510.1202635944 2.3960315401306627e-11
1242246.320149675 2.3408952792521576e-11
1259211.078235313 2.2870277816078084e-11
1276407.515829464 2.2343998725619184e-11
1293838.7968672973 2.182983006947171e-11
1311508.1284923023 2.132749314621913e-11
1329418.761646398 2.0836715694098994e-11
1347573.991668027 2.0357231777072605e-11
1365977.1588984933 1.9888781609291952e-11
1384631.6492965228 1.943111113564309e-11
1403540.8950612517 1.8983972292584566e-11
1422708.3752636905 1.8547122740272338e-11
1442137.6164868409 1.812032582429419e-11
1461832.1934745598 1.7703350174918933e-11
1481795.7297892456 1.7295969714992313e-11
1502031.8984785413 1.6897963643666524e-11
1522544.422751133 1.6509116254443668e-11
1543337.0766617567 1.612921695037141e-11
1564413.6858055918 1.5758059669528634e-11
1585778.1280221364 1.5395443231660253e-11
1607434.3341086635 1.504117110238174e-11
1629386.288543453 1.469505131591263e-11
1651638.0302188594 1.4356896337994313e-11
1674193.653184468 1.4026522779274277e-11
1697057.3074002943 1.3703751573055786e-11
1720233.1995003743 1.3388407784325958e-11
1743725.593566706 1.308032058422308e-11
1767538.8119138046 1.2779322951512327e-11
1791677.2358839237 1.2485251692691382e-11
1816145.3066532235 1.219794742085787e-11
1840947.5260488312 1.1917254426496677e-11
1866088.457377176 1.164302069030958e-11
1891572.7262635517 1.1375097460268642e-11
1917405.0215031903 1.1113339514668222e-11
1943590.0959239218 1.0857604983552383e-11
1970132.7672606485 1.060775529653006e-11
1997037.9190417689 1.0363655076334134e-11
2024310.501487662 1.0125171943599787e-11
2051955.5324214762 9.892176637566956e-12
2079978.0981923556 9.664542879955618e-12
2108383.354611242 9.44214735804259e-12
2137176.527899496 9.22486950250063e-12
2166362.915650477 9.012591512310463e-12
2195947.887804212 8.805198332729639e-12
2225936.8876354117 8.602577563560005e-12
2256335.4327549357 8.404619468800564e-12
2287149.1161250263 8.21121666902756e-12
2318383.6070882734 8.022264335347754e-12
2350044.652410768 7.837660057771832e-12
2382138.0773394024 7.657303809342002e-12
2414669.786673661 7.481097863892781e-12
2447645.765851994 7.309902119852146e-12
2481072.082053136 7.143758411064327e-12
2514954.8853123076 6.982724898414471e-12
2549300.4096528236 6.826874983285661e-12
2584114.974233032 6.676295529708966e-12
2619404.9845089884 6.531084551932831e-12
2655176.933412946 6.39134834095467e-12
2691437.402547995 6.25719802106666e-12
2728193.0633990276 6.128745697198869e-12
2765450.6785601685 6.006100074815911e-12
2803217.1029790263 5.889362044202448e-12
2841499.2852179296 5.778620129880827e-12
2880304.2687323433 5.673946046364432e-12
2919639.1931668036 5.575390491779728e-12
2959511.295668547 5.482979297872915e-12
2999927.9122190233 5.39671023225482e-12
3040896.4789836504 5.316550427200046e-12
3082424.5336799286 5.2424346027739875e-12
3124519.7169643757 5.174264033611144e-12
3167189.7738382206 5.111906430569069e-12
