"t (day)" "dm/dt (M_sun/yr)"
38.69581043342407 7.342184601006702e-05
39.219213105379865 8.530245850600117e-05
39.749695364348895 0.00010009532725659507
40.28735296939947 0.00011854701863005601
40.832282974845135 0.00014158149720126508
41.38458374776367 0.00017033118971687092
41.94435498575404 0.0002061614573936825
42.511697734932895 0.00025069547098090694
43.08671440817517 0.0003058186484713722
43.66950880360036 0.00037365714758496585
44.26018612330987 0.00045652274157893905
44.858852992377116 0.0005568285875336502
45.46561747809525 0.0006769735553207298
46.08058910948406 0.0008191979171278329
46.70387889706191 0.0009854029423954974
47.33559935288426 0.0011769650389566683
47.975864510854144 0.001394533864305694
48.62478994730608 0.0016378569376742588
49.28249280186953 0.0019056782775183803
49.94909179861407 0.0021956849885098333
50.62470726748091 0.002504570548871962
51.30946116600354 0.0028281112673416374
52.003477101322915 0.003161300317076298
52.70688035250058 0.003498587718963324
53.41979789313244 0.0038341085825106874
54.14235841426974 0.0041615874581615395
54.87469234764923 0.004474451808884686
55.61693188923794 0.004766496414116788
56.36921102309649 0.005032626148565715
57.1316655455645 0.005269237064642674
57.90443308977389 0.005475255667481741
58.68765315049383 0.005651857387233627
59.4814671093107 0.005801239251545652
60.286018260149824 0.005925837389155211
61.101451835141795 0.006027935187683683
61.92791503083863 0.006109495185528887
62.76555703478529 0.00617211203031857
63.61452905244911 0.006216999976369921
64.4749843345149 0.006244975101291992
65.34707820454909 0.006256556872303871
66.23096808703679 0.0062521454487648905
67.12681353579953 0.0062320101141819465
68.0347762627972 0.006196219102211041
68.95502016731831 0.006144824564995085
69.88771136556666 0.006078056027548756
70.83301822064722 0.005996485959396464
71.79111137295786 0.005900880268559304
72.76216377099281 0.005792260315923321
73.74635070256119 0.005671760395476677
74.74384982642924 0.005540718471287166
75.75484120439052 0.005400486058772083
76.77950733376859 0.005252385563169175
77.81803318036086 0.005097652311237726
78.87060621182694 0.004937507688706012
79.93741643152919 0.0047732179394153265
81.01865641283132 0.004606029676713968
82.11452133385946 0.004437139263276172
83.225209012735 0.004267705832529768
84.35091994328369 0.004098830317699905
85.49185733122658 0.003931537321659487
86.64822713086198 0.0037667741267953148
87.82023808224257 0.0036053519996656984
89.00810174885635 0.0034479543472914174
90.2120325558159 0.0032951230910083125
91.43224782856525 0.0031472394448024436
92.66896783210994 0.0030045371883977243
93.92241581077836 0.0028672284517810703
95.19281802851931 0.0027354692558613043
96.48040380974605 0.00260934718162623
97.78540558073301 0.0024889256365652744
99.10805891157086 0.002374269484909742
100.44860255869041 0.002265369471236467
101.80727850796146 0.0021621514102986507
103.18433201837408 0.0020644834195695685
104.58001166631192 0.0019722107052911864
105.99456939042244 0.0018851246056826873
107.42826053709561 0.0018029626744329925
108.88134390655806 0.0017254149033217785
110.35408179958861 0.0016521607457360638
111.84674006486797 0.0015828995059640688
113.3595881469676 0.0015173504967884973
114.89289913498801 0.0014552348385268176
116.44694981185557 0.0013963216721928039
118.02202070428433 0.0013404307104505676
119.61839613341552 0.0012873894816238442
121.23636426614179 0.0012370282810512745
122.8762171671239 0.0011891699666584739
124.53825085151296 0.0011436549813883927
126.22276533838571 0.0011003580568489835
127.93006470490049 0.0010591598428523654
129.66045714118826 0.0010199267794552774
131.41425500598476 0.0009825287276520906
133.19177488301494 0.0009468484688247073
134.99333763814178 0.0009127729725747518
136.81926847728516 0.0008801925582517374
138.66989700512656 0.0008489970471665369
140.54555728460804 0.0008190828154202766
142.44658789723326 0.0007903597372077567
144.37333200418698 0.0007627509019418298
146.32613740828012 0.0007361965583527652
148.3053566167322 0.0007106518174136861
150.31134690480502 0.0006860846630212427
152.34447038029361 0.0006624602829484275
154.40509404889238 0.0006397480195552751
156.49358988044554 0.0006179232408133935
158.6103348760906 0.0005969535108579643
160.75571113631338 0.0005767997639637755
162.93010592992192 0.0005574216553203049
165.13391176395325 0.0005387813141057961
167.36752645452736 0.0005208376762885591
169.63135319865643 0.0005035478856906336
171.92580064702804 0.0004868724608632325
174.25128297777326 0.0004707799244072476
176.60821997122915 0.0004552461115625232
178.99703708571553 0.0004402519908723827
181.4181655343372 0.0004257821557445404
183.8720423628213 0.00041182426732657085
186.35911052841118 0.0003983660961323065
188.87981897982604 0.00038539438594956983
191.43462273830116 0.000372895283100589
194.02398297972744 0.00036085452140662146
196.6483671178971 0.000349254576043556
199.30824888887898 0.00033807721633936867
202.00410843653594 0.00032730016390519566
204.7364323991944 0.0003169010411585399
207.50571399749055 0.00030686376344386893
210.31245312340295 0.0002971735811521744
213.15715643048938 0.00028781908201529834
216.0403374253459 0.0002787883058577346
218.9625165602992 0.0002700692787167302
221.92422132735624 0.0002616521890827682
224.9259863534253 0.00025352855120381067
227.96835349681993 0.0002456903497165083
231.05187194507383 0.00023812886128731056
234.17709831407592 0.0002308361085324107
237.34459674854602 0.00022380367015463693
240.55493902387303 0.00021702342674689943
243.80870464932448 0.0002104867202749754
247.10648097265727 0.00020418450154808225
250.44886328614325 0.00019810792555143637
253.83645493402443 0.00019224906608566244
257.26986742142583 0.00018660014297846347
260.74972052474214 0.00018115325175011257
264.2766424035121 0.0001759017442074856
267.851269713812 0.00017083932893402124
271.4742477231799 0.00016595914699741787
275.1462304270942 0.00016125526332718033
278.86788066703116 0.00015672171877207316
282.6398702501127 0.00015235216985583428
286.46288007037856 0.0001481389508306216
290.3376002316983 0.00014407525604683965
294.26473017234025 0.00014015538728081757
298.24497879123254 0.00013637367812651107
302.2790645759277 0.00013272426810633558
306.3677157322982 0.00012920076036780002
310.51167031599067 0.0001257964412767196
314.7116763656499 0.00012250415769622539
318.9684920379524 0.00011931742154240624
323.2828857444651 0.00011623085811861484
327.6556362903507 0.0001132399352618754
332.0875330149535 0.00011034026329827845
336.57937593428676 0.00010752738340448914
341.1319758854439 0.00010479722850928614
345.7461546729692 0.00010214606475970833
350.4227452171994 9.957050960488189e-05
355.1625917046195 9.706754625993176e-05
359.9665497402516 9.463416416268311e-05
364.8354865020986 9.226741347341251e-05
369.77028089768316 8.996440496751649e-05
374.7718237227049 8.772290290118795e-05
379.8410178218361 8.554048477630043e-05
384.9787782516999 8.341495109826072e-05
390.1860324460499 8.134431043098288e-05
395.46372038318293 7.93267991090731e-05
400.8127947556207 7.736094068217052e-05
406.2342211420792 7.544524220500152e-05
411.7289781817704 7.357798028125339e-05
417.2980577510623 7.17569624821716e-05
422.9424651425202 6.998039207231358e-05
428.66321924637924 6.82466751132949e-05
434.46135273446697 6.65543804485681e-05
440.3379122466126 6.490220980210594e-05
446.29395857958303 6.328876946044989e-05
452.3305668785661 6.171280206632455e-05
458.44882683125047 6.017165852986323e-05
464.64984286453193 5.8665695733073585e-05
470.93473434387084 5.719358188979594e-05
477.3046357753558 5.575420154663849e-05
483.7606970105008 5.4346580007211074e-05
490.30408345379783 5.296979965815231e-05
496.9359762731015 5.1623075727194064e-05
503.65757261283443 5.0305700401550546e-05
510.47008581009226 4.9016938693323503e-05
517.3747456136695 4.775612881847588e-05
524.3727984060396 4.652275104133663e-05
531.4655074283463 4.5316415617608266e-05
538.6541530084402 4.413681798317571e-05
545.9400327919825 4.298372124588575e-05
553.3244619767022 4.1856914569386424e-05
560.8087735497959 4.075616187440981e-05
568.3943185285522 3.968118871464981e-05
576.0824662042338 3.8631722351151107e-05
583.8746043892436 3.760756196048814e-05
591.7721396676482 3.6608532770917626e-05
599.7764976490877 3.5634410483637727e-05
607.8891232261104 3.468497393977207e-05
616.1114808349987 3.375993200220185e-05
624.445054720124 3.2858941432098934e-05
632.8913492018577 3.198164054508395e-05
641.4518889481409 3.112764165050948e-05
650.1282192496909 3.0296549320846744e-05
658.921906298953 2.9487897105682747e-05
667.8345374728225 2.8701188090828755e-05
676.8677216191795 2.7935906572654667e-05
686.0230893473109 2.7191532833898342e-05
695.3022933222627 2.646754434088357e-05
704.7070085631526 2.5763413018756894e-05
714.2389327455528 2.5078616892971336e-05
723.8997865079277 2.441264619490187e-05
733.6913137622362 2.3764988631926875e-05
743.6152820087368 2.3135125560746355e-05
753.6734826550362 2.2522523573627757e-05
763.8677313394645 2.1926644757557193e-05
774.1998682588301 2.1347001934726516e-05
784.6717585005815 2.0783112264620723e-05
795.2852923795027 2.023493280294915e-05
806.0423857789225 1.970143863466257e-05
816.9449804965624 1.9182246378841218e-05
827.9950445950636 1.8676986985837604e-05
839.1945727572361 1.818528555467608e-05
850.5455866461318 1.7706768796485657e-05
862.0501352699869 1.7241072291659116e-05
873.710295352083 1.67878415325365e-05
885.52817170563 1.6346740188148193e-05
897.505897613719 1.5917427374366626e-05
909.6456352143891 1.5499570956053197e-05
921.9495758909461 1.5092847340653376e-05
934.419940667517 1.4696939472790398e-05
947.0589806099817 1.4311543823177241e-05
959.8689772323252 1.3936367495155799e-05
972.8522429084696 1.357112580604625e-05
986.0111212896961 1.3215541792712399e-05
999.347987727709 1.2869351959185736e-05
1012.8652497033995 1.2532300580995665e-05
1026.5653472614529 1.2204139629393499e-05
1040.4507534507973 1.1884627990452397e-05
1054.5239747710077 1.1573530149310274e-05
1068.7875516247893 1.1270613639416352e-05
1083.2440587765404 1.0975652487675656e-05
1097.896105817118 1.0688429380207545e-05
1112.746337634935 1.040873527655533e-05
1127.7974348933603 1.0136360216300657e-05
1143.0521145146536 9.871112666915385e-06
1158.513130170365 9.612806111972862e-06
1174.183272778444 9.36125894856238e-06
1190.0653710070233 9.116294153971326e-06
1206.1622917850161 8.877739613001557e-06
1222.4769408196626 8.645427562919375e-06
1239.0122631210347 8.419194661640635e-06
1255.7712435336352 8.198881742242807e-06
1272.7569072752306 7.984333975252313e-06
1289.972320482929 7.775400494660299e-06
1307.4205907666415 7.571934382651012e-06
1325.104867770079 7.3737925917712755e-06
1343.0283437392895 7.180835682845513e-06
1361.194254098883 6.992928082282401e-06
1379.6058780361027 6.809937644425588e-06
1398.2665390927432 6.631735705754227e-06
1417.1796057650786 6.458196893796303e-06
1436.3484921119616 6.289199246643383e-06
1455.7766583710563 6.124623930420046e-06
1475.4676115835066 5.964355218886979e-06
1495.4249062269566 5.808280434478843e-06
1515.6521448572205 5.65628974222925e-06
1536.1529787585753 5.508276352041348e-06
1556.9311086028463 5.36413617360801e-06
1577.9902851174652 5.22376785949201e-06
1599.334309762508 5.08707265640668e-06
1620.967035416888 4.9539544928047635e-06
1642.8923670738907 4.824319765825911e-06
1665.1142625460589 4.698077318639444e-06
1687.6367331796084 4.575138395846664e-06
1710.463844578569 4.4554164814466605e-06
1733.5997173386615 4.338827457841939e-06
1757.0485277910968 4.225289333748457e-06
1780.8145087565033 4.114722278434438e-06
1804.9019503089837 4.007048505991375e-06
1829.315200550509 3.902192339166454e-06
1854.0586663958613 3.8000800490214123e-06
1879.1368143680775 3.7006398318941673e-06
1904.55417140478 3.603801775723917e-06
1930.315325675286 3.509497732646098e-06
1956.4249274088843 3.4176614439867615e-06
1982.8876897342445 3.3282283257241534e-06
2009.708389530173 3.241135495698508e-06
2036.8918682879491 3.15632168356875e-06
2064.443032985258 3.0737272770276366e-06
2092.366856971938 2.9932942013933153e-06
2120.668380867785 2.9149658973728646e-06
2149.3527134724277 2.838687295682422e-06
2178.425032687507 2.764404716870786e-06
2207.890586451411 2.6920659695772806e-06
2237.754693686564 2.6216201813717855e-06
2268.0227452595404 2.553017820376914e-06
2298.700204954242 2.486210625220307e-06
2329.792610458155 2.4211516382358588e-06
2361.305574361948 2.3577951152591614e-06
2393.244785172683 2.296096504890984e-06
2425.616008340591 2.2360124294080653e-06
2458.425087299895 2.1775006059964435e-06
2491.677944523536 2.120519923991348e-06
2525.3805825923405 2.0650303114976667e-06
2559.539085278528 2.010992752570579e-06
2594.1596186438846 1.9583692327315823e-06
2629.24843215288 1.9071227625986764e-06
2664.8118598007463 1.8572173104880251e-06
2700.8563212568183 1.808617783542694e-06
2737.3883230234296 1.7612900134070587e-06
2774.4144596103956 1.715200694294324e-06
2811.9414147253697 1.67031744370409e-06
2849.9759624804137 1.6266086972551504e-06
2888.524968614778 1.5840437223358464e-06
2927.595391734226 1.5425925757327272e-06
2967.19428456723 1.5022261202570646e-06
3007.3287952379974 1.4629159745348095e-06
3048.0061685568885 1.4246344961433125e-06
3089.233747328108 1.3873547708870115e-06
3131.0189736752654 1.3510505641015123e-06
3173.3693903847347 1.315696368382889e-06
3216.2926422671994 1.281267320665424e-06
3259.796477537698 1.2477392130663373e-06
3303.888749214268 1.215088459939644e-06
3348.57741653546 1.183292109407801e-06
3393.8705463971714 1.152327806079477e-06
3439.7763148087893 1.1221737761922235e-06
3486.303008369026 1.09280881960606e-06
3533.459025761841 1.064212271515181e-06
3581.252879272477 1.0363640399672308e-06
3629.69319632399 1.0092445404807948e-06
3678.7887210347085 9.82834704660548e-07
3728.5483157966146 9.571159545840745e-07
3778.9809628750763 9.320702106525693e-07
3830.0957660303757 9.076798640102887e-07
3881.9019521609293 8.839277636015226e-07
3934.408872968996 8.607972102113625e-07
3987.626006648655 8.382719263608004e-07
4041.5629595968567 8.163360857999186e-07
4096.229468147449 7.949742619551558e-07
4151.63540032868 7.741714347727596e-07
4207.7907576446 7.539129708099393e-07
4264.705676880407 7.341846284478183e-07
4322.390431932232 7.149725375735465e-07
4380.855435661811 6.962631884084189e-07
4440.111241776089 6.780434270874785e-07
4500.1685467322595 6.603004319890095e-07
4561.038191668707 6.43021736918479e-07
4622.731164361953 6.261951904603472e-07
4685.258601210002 6.098089614137793e-07
4748.631789242748 5.938515233204759e-07
4812.86216815936 5.783116578060629e-07
4877.961332393258 5.63178439684183e-07
4943.941033205178 5.484412273871299e-07
5010.813180804289 5.340896596994603e-07
5078.589846498291 5.201136371467246e-07
5147.2832648723 5.065033402197482e-07
5216.905835997466 4.932491973244897e-07
5287.47012766933 4.803418890992758e-07
5358.988877676378 4.677723363928278e-07
5431.474996099525 4.555317022937929e-07
5504.941567642487 4.4361138127039443e-07
5579.401853993679 4.320029910266834e-07
5654.869296220256 4.2069837009941273e-07
5731.3575171943385 4.096895632246889e-07
5808.880324052054 3.989688356635704e-07
5887.451710686033 3.8852864793127113e-07
5967.085860271453 3.7836165922585704e-07
6047.797147826182 3.684607180888497e-07
6129.600142805842 3.588188635293257e-07
6212.50961173361 3.4942931715699214e-07
6296.54052086594 3.4028547629005287e-07
6381.70803889399 3.313809121960182e-07
6468.027539681944 3.2270935858609244e-07
6555.514605042114 3.1426472287606663e-07
6644.185027547597 3.060410662609103e-07
6734.054813383193 2.98032606437617e-07
6825.140185234654 2.902337103512014e-07
6917.45758521702 2.8263889470634957e-07
7011.02367784279 2.75242820312397e-07
7105.855353030013 2.680402862784222e-07
7201.969729151058 2.6102622873288703e-07
7299.384156122871 2.541957117772713e-07
7398.116218538782 2.47543936337861e-07
7498.183738842673 2.4106622445506283e-07
7599.604780546331 2.3475802144556235e-07
7702.397651490082 2.2861489026920098e-07
7806.580907147469 2.226325116375656e-07
7912.173353975032 2.1680667998624495e-07
8019.194052806818 2.111332986061738e-07
8127.6623222954 2.0560837871807048e-07
8237.59774239889 2.0022803235969958e-07
8349.020157915573 1.9498847934391268e-07
8461.949682066124 1.8988603487118527e-07
8576.40670012415 1.8491711124642962e-07
8692.411873096222 1.800782135054702e-07
8809.986141451376 1.7536593926865807e-07
8929.150728901017 1.707769759043389e-07
9049.927146230304 1.6630809646054909e-07
9172.33719518102 1.619561590013145e-07
9296.402972386963 1.5771810101424922e-07
9422.146873362908 1.5359094487997853e-07
9549.591596547183 1.495717881049536e-07
9678.760147398913 1.456578046845636e-07
9809.675842551052 1.4184624170827708e-07
9942.362314019223 1.3813441906164997e-07
10076.84351346749 1.345197274567475e-07
10213.14371653222 1.3099962504380387e-07
10351.287527203865 1.2757163693991138e-07
10491.299882268602 1.2423335083200142e-07
10633.206055809422 1.209824212761054e-07
10777.031663768756 1.1781656199620147e-07
10922.802668572347 1.147335469664239e-07
11070.545383815697 1.1173120777645186e-07
11220.286479014236 1.0880743325287914e-07
11372.05298441747 1.0596016811632944e-07
11525.872295888064 1.0318741016772854e-07
11681.772179847527 1.0048720995761026e-07
11839.780778288221 9.785766732897653e-08
11999.926613853238 9.529693479673347e-08
12162.238594985387 9.280321147555149e-08
12326.746021145455 9.037474393900981e-08
12493.47858810092 8.80098241754346e-08
12662.466393286863 8.570678917631056e-08
12833.73994123848 8.346402004275712e-08
13007.330149097961 8.127993965515596e-08
13183.268352195253 7.915301244460817e-08
13361.586309704375 7.708174167478004e-08
13542.316210376714 7.506467209829942e-08
13725.490678351107 7.310038516905055e-08
13911.142779043308 7.118749972418953e-08
14099.30602511457 6.932467039847451e-08
14290.014382520927 6.751058721077691e-08
14483.302276644903 6.574397498964664e-08
14679.204598509516 6.402359144787822e-08
14877.75671107641 6.234822702765405e-08
15078.99445562972 6.07167027634166e-08
15282.954158245673 5.9127872369915485e-08
15489.672636349784 5.75806184672434e-08
15699.187205363229 5.607385312220856e-08
15911.53568543862 5.4606516618615086e-08
16126.756408286792 5.3177577061233404e-08
16344.888224096692 5.1786030025235204e-08
16565.970508547838 5.0430896968802685e-08
16790.04316991861 4.911122513096436e-08
17017.14665628975 4.7826085851304764e-08
17247.32196284622 4.657457621125457e-08
17480.610639277187 4.535581605764554e-08
17717.054797276065 4.416894843241941e-08
17956.69711814268 4.301313861918753e-08
18199.580860487567 4.1887573775885565e-08
18445.749868040522 4.079146273891467e-08
18695.24857756542 3.9724034717038625e-08
18948.122026881396 3.86845392265225e-08
19204.415862992562 3.7672244770028374e-08
19464.176350328344 3.6686440126729665e-08
19727.450379094582 3.572643200547736e-08
19994.28547373763 3.4791545385857497e-08
20264.72980152357 3.388112277914609e-08
20538.83218123287 3.2994523895319604e-08
20816.642091972506 3.2131125552012723e-08
21098.209682108223 3.129032060181582e-08
21383.585778316286 3.0471517893482254e-08
21672.821894759025 2.967414123323117e-08
21965.97024238322 2.8897630398821906e-08
22263.083738345373 2.8141439289150014e-08
22564.216015563758 2.7405036194926836e-08
22869.421432399544 2.6687903225970857e-08
23178.75508246985 2.5989536014543887e-08
23492.272804592452 2.5309443693445377e-08
23810.0311928653 2.4647148016479545e-08
24132.087606882935 2.4002183337582712e-08
24458.500182090454 2.337409579416969e-08
24789.327840277394 2.2762444104226e-08
25124.630300214518 2.2166798107325716e-08
25464.468088433507 2.1586738979441954e-08
25808.902550152525 2.1021858789259413e-08
26157.99586035042 2.047176023742001e-08
26511.811034989896 1.9936056678502483e-08
26870.411942392344 1.941437140098599e-08
27233.863314767666 1.890633761843882e-08
27602.23075989847 1.8411597827442243e-08
27975.580772984 1.792980443412709e-08
28353.980748642472 1.7460618603814673e-08
28737.49899307758 1.700371043148167e-08
29126.204736408232 1.6558758598122683e-08
29520.16814516521 1.6125450144030205e-08
29919.46033495782 1.570348051701256e-08
30324.15338331089 1.529255298377372e-08
30734.32034267532 1.4892378628982877e-08
31150.035253615766 1.4502675850458117e-08
31571.373158175575 1.412317085163835e-08
31998.41011342248 1.3753596734565347e-08
32431.223205178634 1.3393693635149319e-08
32869.890561935325 1.3043208457098546e-08
33314.491368955736 1.2701894676535293e-08
33765.10588256988 1.2369512404319905e-08
34221.81544466087 1.2045827905501026e-08
34684.70249734926 1.1730613603316836e-08
35153.85059787388 1.1423647682297301e-08
35629.34443367597 1.1124714475356574e-08
36111.26983768597 1.0833603748641251e-08
36599.713803817074 1.0550110808859699e-08
37094.764502669634 1.027403629733169e-08
37596.51129744669 1.000518602285355e-08
38105.044760084806 9.743371029965925e-09
38620.45668760432 9.488407207117353e-09
39142.84011867954 9.240115293545424e-09
39672.28935043296 8.998320567227458e-09
40208.89995545808 8.762853149141857e-09
40752.768799071055 8.533547439396426e-09
41303.994056795695 8.310242202386577e-09
41862.67523208636 8.092780407429876e-09
42428.91317428925 7.881009086692744e-09
43002.81009684648 7.674779404068083e-09
43584.46959574819 7.473946336044791e-09
44173.99666823155 7.278368680064397e-09
44771.49773173562 7.08790880918343e-09
45377.08064310962 6.9024329112261125e-09
45990.85471808387 6.7218105441925044e-09
46612.930751002095 6.5459147038218305e-09
47243.42103482073 6.3746217003142726e-09
47882.43938138042 6.207811038211601e-09
48530.10114195004 6.0453654825484185e-09
49186.52322804849 5.887170799216877e-09
49851.82413254992 5.733115763863055e-09
50526.12395107274 5.583091968998848e-09
51209.54440365781 5.436994011978274e-09
51902.20885674182 5.294719144453211e-09
52604.24234542581 5.156167325974874e-09
53315.77159604514 5.021241128662726e-09
54036.925049046535 4.8898456361209514e-09
54767.83288217259 4.761888504916238e-09
55508.62703396019 4.637279753560205e-09
56259.44122755733 4.515931771339193e-09
57020.41099486355 4.397759166663632e-09
57791.67370099246 4.282678914818292e-09
58573.36856906958 4.170610081571603e-09
59365.636705364195 4.061473865697952e-09
60168.62112476042 3.955193525284e-09
60982.46677657262 3.8516942930121516e-09
61807.32057071202 3.750903431967823e-09
62643.331404205295 3.6527500642984127e-09
63490.65018807156 3.5571651796040027e-09
64349.429874565445 3.464081515708352e-09
65219.82548478617 3.3734336747907774e-09
66101.99413666008 3.285157905462947e-09
66996.09507330426 3.1991921365003246e-09
67902.28969177097 3.115475919895364e-09
68820.74157218171 3.0339503601144642e-09
69751.61650725553 2.9545581638715372e-09
70695.08253223909 2.877243501127829e-09
71651.30995523561 2.8019520128317563e-09
72620.4713879496 2.7286307171805965e-09
73602.74177684724 2.6572281008997816e-09
74598.29843473299 2.5876939474192137e-09
75607.32107275905 2.519979363629902e-09
76629.9918328658 2.4540367358946347e-09
77666.4953206603 2.3898196711638062e-09
78717.01863873913 2.327283040761758e-09
79781.75142046469 2.2663828677179683e-09
80860.88586419563 2.2070763337545234e-09
81954.61676798023 2.1493217055885963e-09
83063.14156472195 2.093078406677658e-09
84186.66035781777 2.0383068817432715e-09
85325.37595727839 1.9849686179942633e-09
86479.4939163402 1.9330261111598037e-09
87649.22256856936 1.8824428166172975e-09
88834.77306546808 1.8331831874901645e-09
90036.35941459052 1.7852125833952602e-09
91254.19851817658 1.7384972766483283e-09
92488.51021230122 1.6930043943231734e-09
93739.51730656042 1.6487019746425452e-09
95007.4456242915 1.6055588601608387e-09
96292.52404333671 1.5635447145972596e-09
97594.98453735725 1.522629996618403e-09
98915.06221771015 1.4827859193811748e-09
100252.99537588772 1.443984483383815e-09
101609.02552653111 1.4061984026143249e-09
102983.39745102935 1.3694011099911018e-09
104376.35924170434 1.3335667118099673e-09
105788.16234659372 1.2986700320667734e-09
107219.06161484284 1.264686528236352e-09
108669.31534270733 1.2315923046231244e-09
110139.18532017761 1.1993640921337462e-09
111628.9368782381 1.1679792148647587e-09
113138.83893676169 1.1374156182174255e-09
114669.16405305223 1.1076518091716638e-09
116220.18847104545 1.0786668610068542e-09
117792.19217117777 1.0504403774883924e-09
119385.45892092082 1.0229525277044594e-09
121000.27632600858 9.961839796613662e-10
122636.93588235449 9.701159108716028e-10
124295.7330286694 9.447299927547413e-10
125976.96719979061 9.20008363102146e-10
127680.94188073679 8.959336499859223e-10
129407.96466148975 8.724889234893127e-10
131158.34729251664 8.496576997680393e-10
132932.40574104842 8.274239128941254e-10
134730.4602481144 8.057719422368666e-10
136552.83538634836 7.846865601056629e-10
138399.86011858162 7.641529401467297e-10
140271.8678572234 7.441566453188363e-10
142169.19652444456 7.246836052455478e-10
144092.1886131803 7.057201364370218e-10
146041.1912489531 6.872529033042508e-10
148016.55625253235 6.69268921628319e-10
150018.6402034429 6.517555364242744e-10
152047.80450433705 6.347004434619527e-10
154104.4154462248 6.180916479846324e-10
156188.8442745989 6.01917471367671e-10
158301.4672564499 5.861665418542422e-10
160442.66574818623 5.708277759609632e-10
162612.82626447207 5.558903955004157e-10
164812.34054800236 5.413438961129974e-10
167041.60564021545 5.271780502123247e-10
169301.0239529624 5.133828895821736e-10
171591.00334115166 4.999487222912125e-10
173911.9571763703 4.868661001445394e-10
176264.30442150088 4.741258239637469e-10
178648.46970635408 4.6171893645272054e-10
181064.88340431786 4.4963670695636235e-10
183513.98171004403 4.378706457308074e-10
185996.20671818792 4.264124785580394e-10
188512.00650321765 4.1525414923354067e-10
191061.83520028822 4.0438780588429943e-10
193646.15308722452 3.93805814263263e-10
196265.42666760812 3.8350073208635104e-10
198920.12875498596 3.734653132192031e-10
201610.73855821684 3.6369250218613805e-10
204337.74176798004 3.5417542169635685e-10
207101.63064444644 3.4490738456321383e-10
209902.9041061352 3.358818732372035e-10
212742.06781998056 3.270925418974445e-10
215619.63429260877 3.185332056951706e-10
218536.12296284953 3.101978512027056e-10
221492.0602955071 3.020806161793952e-10
224487.97987639144 2.941757928912538e-10
227524.42250863445 2.8647782388697157e-10
230601.9363103182 2.789812918034475e-10
233721.0768134143 2.716809292891753e-10
236882.40706406292 2.6457160251138345e-10
240086.497724211 2.576483129074634e-10
243333.92717463127 2.5090618872844623e-10
246625.28161931576 2.4434049325149263e-10
249961.15519130035 2.379466088262676e-10
253342.15005991425 2.317200395069898e-10
256768.87653947834 2.2565640778044796e-10
260241.9531994712 2.1975144633884356e-10
263762.0069761954 2.140010061834251e-10
267329.67328594497 2.0840104342641868e-10
270945.5961397033 2.029476207320003e-10
274610.4282594012 1.9763690066799844e-10
278324.83119574003 1.9246515216055643e-10
282089.4754476057 1.8742873791546832e-10
285905.04058311024 1.825241165049362e-10
289772.2153622589 1.7774783979014599e-10
293691.69786127715 1.7309654645205603e-10
297664.1955986298 1.6856696836207598e-10
301690.4256627338 1.6415592017544312e-10
305771.1148413998 1.5986030047810977e-10
309906.99975302786 1.5567708656004673e-10
314098.8269795861 1.5160333948829115e-10
318347.35320136335 1.476361941892787e-10
322653.34533356846 1.4377286110321247e-10
327017.5806647704 1.40010624153746e-10
331440.8469972063 1.3634683566108723e-10
335923.94278898643 1.3277892135029868e-10
340467.6772982342 1.293043721457064e-10
345072.870729164 1.2592074508361984e-10
349740.35438013484 1.2262565920326152e-10
354470.97079371917 1.194167995339195e-10
359265.5739087885 1.162919092753388e-10
364125.0292146565 1.1324879110924233e-10
369050.21390731994 1.102853055999923e-10
374042.0170477998 1.0739936719465394e-10
379101.3397226256 1.0458894816025248e-10
384229.09520649485 1.0185207211370578e-10
389426.20912714204 9.918681474812185e-11
394693.6196324079 9.659130060239358e-11
400032.2775595972 9.406370619488233e-11
405443.1466071268 9.160225385806009e-11
410927.20350846706 8.920521277818438e-11
416485.4382084656 8.687089773547425e-11
422118.8540420482 8.45976659588857e-11
427828.46791533 8.238392022136914e-11
433615.31048917584 8.022810373826065e-11
439480.42636525806 7.812870074517702e-11
445424.87427461613 7.608423396513063e-11
451449.72726876615 7.409326704304276e-11
457556.07291341136 7.215439972966957e-11
463745.0134847569 7.0266268673919e-11
470017.6661684803 6.842754643893072e-11
476375.1632614079 6.663693902894468e-11
482818.6523759058 6.489318832259995e-11
489349.29664703354 6.319506805035387e-11
495968.2749425081 6.15413842542417e-11
502676.78207551886 5.993097331392777e-11
509476.0290203832 5.836270378716005e-11
516367.24313115753 5.683547272804838e-11
523351.6683631927 5.534820623351393e-11
530430.5654976809 5.3899858690020934e-11
537605.2123692363 5.248941082891583e-11
544876.9040965746 5.111587163933598e-11
552246.9533162923 4.977827519643127e-11
559716.6904198077 4.8475681027106927e-11
567287.4637935292 4.720717257184219e-11
574960.6400622485 4.5971858573603766e-11
582737.6043358282 4.476887026588897e-11
590619.7604592465 4.359736174200025e-11
598608.5312660028 4.245650937883234e-11
606705.3588349503 4.1345510307767944e-11
614911.7047506254 4.0263583918476794e-11
623229.0503670754 3.920996935799495e-11
631658.897075258 3.818392582164781e-11
640202.7665740633 3.718473135457662e-11
648862.2011450211 3.6211683897885335e-11
657638.763930669 3.5264099143084336e-11
666534.0392167412 3.4341310774790173e-11
675549.6327181541 3.344267003034304e-11
684687.1718688544 3.2567544497458854e-11
693948.3061155847 3.1715319296411526e-11
703334.7072156456 3.088539510807984e-11
712848.0695386635 3.0077188405332924e-11
722490.1103724363 2.9290130519355016e-11
732262.5702329458 2.852366842596162e-11
742167.2131785332 2.7777263110231265e-11
752205.8271283279 2.7050389719728563e-11
762380.2241850066 2.6342537228249776e-11
772692.2409618947 2.5653207490408893e-11
783143.7389144922 2.4981916170984015e-11
793736.6046764937 2.4328191190051564e-11
804472.7504003734 2.3691572907001523e-11
815354.114102516 2.307161339324377e-11
826382.6600130725 2.2467877021867208e-11
837560.3789305512 2.1879939222535958e-11
848889.2885811414 2.130738657228806e-11
860371.4339829648 2.0749816539046848e-11
872008.88781523 2.0206836738236828e-11
883803.7507923737 1.9678065663366334e-11
895758.1520432555 1.9163131460031605e-11
907874.249495516 1.866167207224754e-11
920154.2302650996 1.817333467598646e-11
932600.3110510469 1.7697776120242337e-11
945214.7385356625 1.72346619801908e-11
957999.7897900565 1.678366660516599e-11
970957.7726851773 1.6344472923221453e-11
984091.0263084333 1.5916771856607403e-11
997401.9213859203 1.550026289609692e-11
1010892.8607103593 1.5094653134301113e-11
1024566.2795748363 1.4699657382023292e-11
1038424.6462124339 1.4314997727120357e-11
1052470.4622417311 1.3940403863488926e-11
1066706.263118406 1.357561237196467e-11
1081134.618592926 1.3220366739566815e-11
1095758.1331744106 1.2874417210748052e-11
1110579.446600768 1.253752032778495e-11
1125601.2343152298 1.2209439382266065e-11
1140826.2079492891 1.1889943652872908e-11
1156257.1158121724 1.1578808497889042e-11
1171896.7433869748 1.1275815011703431e-11
1187747.9138334612 1.098075026942857e-11
1203813.4884976707 1.069340678151484e-11
1220096.3674284548 1.0413582494301194e-11
1236599.489900962 1.0141080676937924e-11
1253325.8349471996 9.875709559997514e-12
1270278.421893818 9.61728269039635e-12
1287460.3109071269 9.365618330394716e-12
1304874.6035454813 9.120539531140968e-12
1322524.443319162 8.881873865241837e-12
1340413.016257857 8.649453608005779e-12
1358543.551485717 8.423115324425209e-12
1376919.3218042953 8.202699858102537e-12
1395543.6442833338 7.988052245403559e-12
1414419.8808595296 7.779021431300206e-12
1433551.4389433917 7.575460548377503e-12
1452941.772034357 7.377226442954547e-12
1472594.380344176 7.184179733546317e-12
1492512.81142873 6.996184602683693e-12
1512700.660828446 6.8131089306677244e-12
1533161.5727173248 6.6348239832958195e-12
1553899.2405607393 6.461204394074661e-12
1574917.4077821951 6.292128099139408e-12
1596219.8684390474 6.127476113822445e-12
1617810.4679073598 5.967132751983906e-12
1639693.1035760844 5.81098525236453e-12
1661871.7255505722 5.658923825054826e-12
1684350.3373656063 5.5108414894613935e-12
1707132.9967081002 5.3666341725660385e-12
1730223.8161496096 5.22620047323585e-12
1753626.963888626 5.089441641072887e-12
1777346.6645030396 4.956261527150133e-12
1801387.1997127363 4.826566408330562e-12
1825752.909152494 4.700265159683791e-12
1850448.191155321 4.5772689598708696e-12
1875477.5035464566 4.457491328078372e-12
1900845.3644480454 4.340847997919567e-12
1926556.3530946972 4.2272569892417085e-12
1952615.1106601425 4.116638430576793e-12
1979026.3410950056 4.008914536857518e-12
2005794.8119759045 3.904009572188116e-12
2032925.3553661082 3.801849711708634e-12
2060422.8686877675 3.70236317713209e-12
2088292.315605945 3.6054800044452687e-12
2116538.7269246317 3.5111320732613207e-12
2145167.201494932 3.4192530087013626e-12
2174182.9071353734 3.3297782335526216e-12
2203591.081564825 3.242644834796159e-12
2233397.033347982 3.157791541623772e-12
2263606.142853619 3.0751586973539434e-12
2294223.8632257855 2.9946881508180475e-12
2325255.721368231 2.9163233629059273e-12
2356707.3189420495 2.8400092234017785e-12
2388584.333376832 2.76569207431017e-12
2420892.5188955707 2.693319633520442e-12
2453637.707553345 2.6232315875115062e-12
2486825.810290055 2.5554296663455097e-12
2520462.817997483 2.4899219985684007e-12
2554554.8026007013 2.426722586405865e-12
2589107.9181541 2.365850575579594e-12
2624128.401952342 2.3073292563122205e-12
2659622.575656243 2.251184802012145e-12
2695596.846433894 2.1974449560256186e-12
2732057.7081172513 2.1461375033371242e-12
2769011.7423744346 2.0972886977236215e-12
2806465.619897675 2.050921447694448e-12
2844426.1016075374 2.007053696320491e-12
2882900.039873372 1.9656968196902987e-12
2921894.3797502303 1.9268541620237536e-12
2961416.16023251 1.8905197138330627e-12
3001472.51552465 1.856676967881096e-12
3042070.676328921 1.8252981492492597e-12
3083217.971150621 1.7963436820040362e-12
3124921.827621042 1.7697620114332537e-12
3167189.7738382206 1.745489579659036e-12
