"t (day)" "dm/dt (M_sun/yr)"
31.77708827972861 0.00011855644993803503
32.209786709951544 0.00013673724972736525
32.648377056069016 0.00015964291546494939
33.09293954641215 0.00018861330869847853
33.54355550175536 0.00022539251721009519
34.00030735019215 0.00027223221865988503
34.46327864221305 0.0003319999887303595
34.93255406598855 0.00040829962802456274
35.4082194628611 0.0005056201380547134
35.89036184304719 0.0006295040623606172
36.37906940155331 0.0007866676837215975
36.87443153430943 0.0009850180849509302
37.37653885452093 0.0012335788846428895
37.88548320924443 0.0015422782462641837
38.40135769618845 0.0019216134684977722
38.92425668074299 0.002382126043980953
39.45427581324165 0.0029336921248673017
39.991512046457615 0.003584636815637668
40.536063653339184 0.0043409429369012835
41.08803024498593 0.005205512740070074
41.64751278886959 0.0061776634218938566
42.21461362730385 0.00725261022470045
42.78943649616492 0.008421120522169395
43.372086543866914 0.009669532017207367
43.96267035059651 0.010980372536030637
44.56129594780863 0.01233307719622179
45.16807283798762 0.013704800791205314
45.78311201467833 0.015070237148793943
46.40652598278921 0.016397862140413503
47.03842877917176 0.01764572602701823
47.67893599348079 0.018779954742885484
48.32816478931859 0.019790775501401618
48.98623392566663 0.02068362999831027
49.65326377860917 0.021468198821122733
50.32937636335328 0.022154669855306616
51.014695356548096 0.02275206402864115
51.709346118907646 0.02326788700323747
52.41345571814297 0.023708284980442834
53.12715295220552 0.02407802619303872
53.85056837284674 0.024380877225147365
54.583834309499856 0.02461957805687232
55.32708489348555 0.02479621566213735
56.08045608254738 0.024912351127968704
56.844085685722334 0.024968932640516753
57.618113388548856 0.024966798118900586
58.4026807786184 0.02490689145389454
59.19793137147529 0.02479042694636914
60.004010636869246 0.024618749963301854
60.82106602536501 0.024393968705914742
61.64924699531402 0.024118566072228897
62.488705040194596 0.023795875628246976
63.339593716323215 0.023429583321271763
64.2020686709431 0.02302341113189301
65.07628767069662 0.02258064705093303
65.96241063048376 0.02210449458732668
66.86059964271428 0.021597939471967923
67.77101900695865 0.02106364749608966
68.6938352600019 0.020504009746057518
69.62921720630683 0.01992137843329883
70.57733594889282 0.01931838734027231
71.53836492063435 0.01869805932172008
72.51247991598544 0.018063393829585862
73.49985912313687 0.017417789806343464
74.50068315661122 0.016764969715093066
75.51513509030119 0.01610895893315986
76.54340049095751 0.015453796607632058
77.5856674521344 0.014803182118891506
78.64212662859579 0.01416028778059783
79.71297127118986 0.013527911887070202
80.7983972622003 0.012908455076867676
81.89860315117696 0.012304038265576996
83.01379019125488 0.011716551021374116
84.14416237596907 0.011147736554588217
85.28992647656914 0.010599181422871008
86.45129207984196 0.01007218920405088
87.62847162645119 0.00956791078026855
88.82168044979684 0.009087158115659025
90.03113681540458 0.008630317238264781
91.25706196085171 0.008197368668680507
92.49968013623712 0.0077880057490726405
93.75921864520156 0.007401662428165782
95.03590788650587 0.0070375716622009385
96.32998139617779 0.006694777128155385
97.64167589023019 0.006372180663494568
98.97123130796149 0.006068645172920748
100.31889085584731 0.005783085082399024
101.68490105202784 0.005514391816273428
103.06951177140124 0.005261453525334486
104.47297629133274 0.0050232460932491335
105.89555133798427 0.004798831194504839
107.33749713327505 0.004587356944526357
108.79907744248342 0.00438800103706528
110.28055962249503 0.004199986539285441
111.78221467070811 0.00402257011929518
113.30431727460572 0.0038550130780114003
114.84714586200272 0.003696510849525795
116.41098265197641 0.0035462867027218274
117.99611370649008 0.0034036082569838862
119.60282898272185 0.003267818659980872
121.2314223861039 0.0031383539736225723
122.88219182408363 0.003014706211216026
124.55543926061968 0.0028964522672938423
126.25147077141696 0.002783305800057681
127.97059659991454 0.0026750284462693937
129.71313121403776 0.0025714165449072465
131.4793933637209 0.00247228361710541
133.2697061392132 0.002377475606555158
135.08439703018126 0.0022868387744122607
136.92379798561325 0.0022002239618133163
138.78824547454008 0.0021174514977199935
140.67808054758353 0.0020383190980354854
142.59364889934307 0.001962618148716844
144.5353009316306 0.0018901503355817488
146.50339181756658 0.0018207401120563381
148.4982815665508 0.0017542391263956657
150.52033509011576 0.0016905188267191198
152.5699222686765 0.0016294472645602966
154.64741801919195 0.001570914188350613
156.7532023637454 0.0015148252555303135
158.88766049905797 0.0014610945808155684
161.051182866952 0.0014096391766614757
163.24416522577133 0.0013603754559308404
165.46700872277304 0.001313225165537761
167.7201199675092 0.0012681077666653155
170.00391110620362 0.0012249456748589039
172.31879989714272 0.0011836610334078478
174.6652097870935 0.0011441536196667053
177.04356998876267 0.0011063106907403765
179.45431555930895 0.0010700341645006198
181.89788747992384 0.001035232172484935
184.37473273649948 0.0010018175275045623
186.88530440139183 0.0009697051845113556
189.43006171629673 0.0009388186749513763
192.00947017625825 0.0009090868755004414
194.62400161481733 0.0008804495956353584
197.27413429031986 0.0008528615727188781
199.96035297340373 0.0008262848666428181
202.68314903567304 0.0008006753080511445
205.44302053958057 0.0007759896915540791
208.2404723295372 0.0007521832089473018
211.07601612425825 0.0007292044061469579
213.95017061036813 0.0007070042352120349
216.86346153728078 0.000685538803494565
219.81642181337233 0.0006647660221557699
222.80959160346163 0.0006446522184511322
225.84351842761728 0.000625170496367532
228.9187572613148 0.0006062933646977076
232.03587063695284 0.0005879917447957053
235.19542874675204 0.0005702457380007417
238.39800954705942 0.0005530391909213462
241.64419886406822 0.0005363619586087876
244.934590500978 0.0005202044018310384
248.26978634661745 0.0005045570754172016
251.650396485543 0.000489410782506303
255.07703930963515 0.0004747571466847552
258.5503416312202 0.0004605865210660375
262.07093879772697 0.000446888819129877
265.6394748079059 0.00043365461990232403
269.2566024296318 0.0004208705698469537
272.9229833193115 0.00040852384515934327
276.6392881429155 0.00039660224966390795
280.406196698656 0.00038509345691454
284.22439804134143 0.000373987296840054
288.0945906084188 0.0003632718045172318
292.01748234773225 0.0003529332361526359
295.99379084702684 0.0003429569205853994
300.02424346520985 0.00033332687226432923
304.1095774654001 0.00032402924761991886
308.25054014979366 0.0003150532243870534
312.44788899636177 0.0003063877301411107
316.7023917974079 0.0002980200444652406
321.0148268000197 0.00028993562293585455
325.38598284842607 0.00028212081995859274
329.81665952829354 0.00027456242689714584
334.3076673129906 0.00026724822296354827
338.8598277118432 0.0002601654216899373
343.47397342040665 0.00025330121111051475
348.1509484727828 0.0002466424035317375
352.8916083960175 0.0002401785413464483
357.69682036659424 0.00023389949884903682
362.5674633690589 0.0002277954843370538
367.50442835681025 0.00022185763279113617
372.50861841507424 0.00021607729767911322
377.58094892609654 0.00021044727433756422
382.72234773659216 0.00020496143484603597
387.9337553274672 0.000199613794714594
393.216124985853 0.00019439842601191322
398.57042297948834 0.00018931009759013973
403.99762873347055 0.00018434448589399864
409.49873500941294 0.0001794977457668976
415.0747480870456 0.00017476679118006957
420.7266879482889 0.00017014896847293557
426.45558846383045 0.00016564227597969225
432.26249758224117 0.00016124540205628965
438.14847752167435 0.0001569568521495238
444.114604964168 0.0001527746260386
450.16197125259106 0.00014869650477543063
456.29168259028205 0.00014472076313169638
462.5048602433956 0.0001408435668205563
468.8026407460059 0.00013706612664715504
475.1861761080097 0.00013338732975496718
481.6566340258539 0.0001298058476091242
488.2151980961311 0.00012632020796399433
494.86306803209175 0.0001229282808352571
501.60145988309785 0.00011962786648315343
508.4316062570638 0.00011641696611382791
515.3547565459309 0.00011329351684543323
522.3721771542124 0.00011025542462479227
529.4851517306462 0.00010730029668540756
536.6949814030004 0.00010442532712885923
544.0029850160862 0.0001016275771876966
551.4104993730027 9.890450021134061e-05
558.9188794796643 9.625372481050182e-05
566.5294987926708 9.367288914422847e-05
574.2437494705401 9.115965882581507e-05
582.0630426283637 8.871178642309166e-05
589.988808595938 8.632703168691472e-05
598.0224971794029 8.400319597791754e-05
606.1655779264389 8.173854830472513e-05
614.4195403950919 7.953119320963997e-05
622.7858944262413 7.73793479543569e-05
631.2661704197837 7.528136182920027e-05
639.8619196145813 7.323569111861564e-05
648.5747143722207 7.124092020697879e-05
657.406148464633 6.929592811177924e-05
666.3578373656271 6.739961742159242e-05
675.431418546405 6.555092391842832e-05
684.6285517750891 6.374893979595133e-05
693.9509194203295 6.199284030712161e-05
703.4002267590541 6.028180488814533e-05
712.9782022884013 5.8615041228831066e-05
722.6865980418967 5.699178859332462e-05
732.5271899099492 5.54113147648321e-05
742.5017779646988 5.38729101116029e-05
752.6121867892863 5.237588179962949e-05
762.8602658116215 5.091955245407735e-05
773.2478896426809 4.9503241043195024e-05
783.7769584194159 4.8126244783427285e-05
794.449398152333 4.678768103549495e-05
805.2671610778104 4.5487324071910495e-05
816.2322260152037 4.422353766834563e-05
827.3465987288128 4.299551739896217e-05
838.6123122947913 4.180242232076046e-05
850.031427473041 4.064338456467021e-05
861.6060330841659 3.9517519745465336e-05
873.3382463915746 3.84239583410889e-05
885.2302134887743 3.736179973371388e-05
897.2841096919344 3.633013406693693e-05
909.5021399378135 3.53280592113513e-05
921.8865391870866 3.4354686733188236e-05
934.4395728331672 3.340913878036547e-05
947.1635371166109 3.249054832638746e-05
960.0607595451451 3.159807898534209e-05
973.1335993194205 3.073091796965157e-05
986.3844477645663 2.9888270651365305e-05
999.8157287676253 2.9069349236695755e-05
1013.4298992209326 2.827337325841622e-05
1027.2294494715352 2.7499597461480235e-05
1041.2169037767362 2.6747314146702768e-05
1055.3948207658536 2.601584913478601e-05
1069.7657939082292 2.53045791642082e-05
1084.3324519876448 2.4612910797969106e-05
1099.097459583203 2.3940276254595173e-05
1114.0635175567124 2.328613186163649e-05
1129.2333635467514 2.2649960546663493e-05
1144.6097724694603 2.2031197020106535e-05
1160.1955570261086 2.1429337067672792e-05
1175.9935682176185 2.0843918950429244e-05
1192.006695866092 2.0274493925677278e-05
1208.2378691433996 1.972062470977914e-05
1224.690057107005 1.9181886275396983e-05
1241.3662692430921 1.865786527448538e-05
1258.2695560170387 1.814815970583939e-05
1275.4030094314323 1.7652378838870078e-05
1292.7697635916848 1.717014190264748e-05
1310.3729952793005 1.6701078866944098e-05
1328.215924533001 1.6244829861757006e-05
1346.3018152377595 1.580104503296746e-05
1364.6339757218075 1.536938384884626e-05
1383.2157593618244 1.4949514932989576e-05
1402.05056519636 1.4541116129573175e-05
1421.141838547567 1.414387412706017e-05
1440.4930716514466 1.3757484421130978e-05
1460.1078042966742 1.3381650268095827e-05
1479.989624472079 1.3016083272663144e-05
1500.1421690229888 1.2660502959099844e-05
1520.569124316487 1.231463656988146e-05
1541.2742269157343 1.1978218918427007e-05
1562.2612642634901 1.1650991644383341e-05
1583.5340753748926 1.1332703665809104e-05
1605.096551539716 1.102311079452765e-05
1626.952637034203 1.0721975695076077e-05
1649.10632984252 1.0429067162332653e-05
1671.561682388104 1.0144160401614972e-05
1694.3228022749647 9.867036815954747e-06
1717.3938530390176 9.597483809241957e-06
1740.7790549097142 9.335294749917537e-06
1764.482685582038 9.080268273213927e-06
1788.5090809989542 8.83220869043995e-06
1812.862636144574 8.590925686226322e-06
1837.547805848121 8.35623422624255e-06
1862.5691055987788 8.12795426102518e-06
1887.9311123717011 7.905910527331226e-06
1913.6384654652666 7.689932654681899e-06
1939.6958673496745 7.479854949964706e-06
1966.1080845271492 7.275516380948348e-06
1992.8799484038773 7.0767600193186645e-06
2020.0163561737281 6.883433348579527e-06
2047.5222717140912 6.6953880405568e-06
2075.4027264939123 6.512479838692049e-06
2103.662820494007 6.334568525857101e-06
2132.3077231400007 6.161517459320455e-06
2161.3426742479555 5.9931938555720495e-06
2190.772984982802 5.829468576912002e-06
2220.6040388299057 5.6702160989205555e-06
2250.8412925798507 5.5153141763284964e-06
2281.490277326566 5.3646439163099725e-06
2312.5565994791214 5.2180897148659885e-06
2344.0459417872653 5.075539141596638e-06
2375.9640643809153 4.936882922621642e-06
2408.316805823867 4.802014569216096e-06
2441.110084181734 4.670830592269911e-06
2474.3498981045373 4.543230344415913e-06
2508.0423279240204 4.419115962792719e-06
2542.1935367658284 4.298392249741866e-06
2576.809771676911 4.180966509424373e-06
2611.8973647682888 4.0667486422598845e-06
2647.4627343732755 3.955651022340734e-06
2683.5123862215737 3.847588490361595e-06
2720.0529146293575 3.7424780572281793e-06
2757.0910037054555 3.640239065333454e-06
2794.6334285740672 3.540793072102518e-06
2832.687056614121 3.444063788256673e-06
2871.2588487154076 3.3499770622277495e-06
2910.3558605519283 3.2584606326241715e-06
2949.9852438725675 3.1694442775074584e-06
2990.154247809248 3.0828597030484158e-06
3030.8702202030026 2.9986405206014603e-06
3072.1406089480943 2.916722095330247e-06
3113.972963354341 2.8370415453913986e-06
3156.374935528091 2.759537734142708e-06
3199.354281772016 2.6841512033235913e-06
3242.918864003836 2.610824165144928e-06
3287.0766511944807 2.5395003046479055e-06
3331.83572082585 2.4701248920681107e-06
3377.2042603682844 2.4026447005294896e-06
3423.190568778281 2.3370079713146347e-06
3469.8030580166205 2.2731643705118538e-06
3517.050254587004 2.21106487176288e-06
3564.9408010958236 2.150661826352512e-06
3613.4834578330724 2.0919088937924813e-06
3662.6871043747883 2.034761037062533e-06
3712.5607412073996 1.979174372111342e-06
3763.113491374027 1.925106241971603e-06
3814.3546021433485 1.872515162701804e-06
3866.29344670118 1.8213607891443128e-06
3918.939525864961 1.7716039074422103e-06
3972.3024698217205 1.7232063032843695e-06
4026.392039889702 1.676130840134665e-06
4081.218130303847 1.630341401150875e-06
4136.790770025723 1.5858028740340056e-06
4193.120124578105 1.542481084369338e-06
4250.216497904381 1.5003427742641938e-06
4308.090334253438 1.4593556118982898e-06
4366.752220090208 1.419488153075568e-06
4426.212886032065 1.3807098376337892e-06
4486.483208811765 1.3429908842631669e-06
4547.5742132671085 1.3063023493728938e-06
4609.497074357519 1.2706160841897486e-06
4672.26311920826 1.2359047140324473e-06
4735.883829182494 1.2021416258239538e-06
4800.370841981367 1.1693008897694588e-06
4865.735953772873 1.1373573070771886e-06
4931.9911213497035 1.1062863708224224e-06
4999.148464316307 1.0760642613767732e-06
5067.2202673059055 1.046667775905759e-06
5136.218982227693 1.0180743533616476e-06
5206.157230544458 9.902620551708662e-07
5277.047805581416 9.63209545014e-07
5348.903674866438 9.368960852703619e-07
5421.737982502019 9.113014668920508e-07
5495.564051569698 8.864060503972386e-07
5570.395386567161 8.621907355787684e-07
5646.245675878464 8.386369518911225e-07
5723.1287942781 8.157266302816142e-07
5801.058805468833 7.934421808236965e-07
5880.049964654369 7.717665049969785e-07
5960.116721147033 7.506829737083265e-07
6041.273721010716 7.301754257060408e-07
6123.535809740083 7.10228111605692e-07
6206.918034976222 6.908257247264783e-07
6291.435649259034 6.719533787334699e-07
6377.104112817393 6.535965959241835e-07
6463.939096397214 6.357413040582276e-07
6551.956484127867 6.183737896193697e-07
6641.1723764278295 6.014807263444473e-07
6731.603092949897 5.850491538684802e-07
6823.265175566253 5.690664742215064e-07
6916.175391394471 5.535204193503906e-07
7010.350735864667 5.383990568255437e-07
7105.808435828212 5.236907845334554e-07
7202.565952708971 5.093843188672552e-07
7300.640985697535 4.954686930593643e-07
7400.051474988596 4.819332198591235e-07
7500.815605062736 4.6876751301229035e-07
7602.951808012872 4.5596147146621223e-07
7706.478766915746 4.435052734396247e-07
7811.415419249542 4.313893652717837e-07
7917.780960358144 4.196044437398909e-07
8025.5948469621635 4.0814146637646916e-07
8134.876800718153 3.9699163897541177e-07
8245.646811826244 3.8614641491870646e-07
8357.92514268661 3.755974653897318e-07
8471.732331606085 3.653366955247984e-07
8587.08919655503 3.5535623276395047e-07
8704.016838975418 3.4564842065473155e-07
8822.536647640885 3.362058173196265e-07
8942.67030256907 3.270211705780256e-07
9064.439778987415 3.1808743289795266e-07
9187.867351353165 3.0939775025495225e-07
9312.975597427549 3.0094545970515895e-07
9439.787402405962 2.927240747513456e-07
9568.32596310429 2.8472728438894316e-07
9698.614792201899 2.769489528936646e-07
9830.677722542789 2.693831129858574e-07
9964.538911495272 2.620239650613383e-07
10100.22284537069 2.548658573285026e-07
10237.754343902634 2.4790329706209745e-07
10377.158564787198 2.411309423690036e-07
10518.46100828461 2.3454359860445183e-07
10661.68752188399 2.2813621445605348e-07
10806.864305031562 2.2190386949654244e-07
10954.017913922882 2.158417816619364e-07
11103.175266360711 2.0994530018379942e-07
11254.363646679054 2.0420990502604314e-07
11407.610710733801 1.9863119215935814e-07
11562.944490961769 1.9320488040769578e-07
11720.39340150864 1.879268064093953e-07
11879.986243426252 1.8279292109265494e-07
12041.75220994116 1.7779928894124003e-07
12205.720891794868 1.7294207475277509e-07
12371.922282656376 1.6821755147413544e-07
12540.386784608869 1.6362209439005878e-07
12711.145213711105 1.5915217953591336e-07
12884.228805634099 1.5480437730288665e-07
13059.669221375027 1.5057534983284497e-07
13237.49855304874 1.4646185227803343e-07
13417.74932975806 1.4246072887382236e-07
13600.454523544358 1.3856891259141664e-07
13785.647555418554 1.3478341456721584e-07
13973.362301474772 1.3110132999842723e-07
14163.633099087225 1.2751983385121999e-07
14356.494753190993 1.2403617872870178e-07
14551.982542648757 1.2064769384766333e-07
14750.132226704409 1.1735177681864865e-07
14950.98005152379 1.1414589867002549e-07
15154.562756825158 1.1102759986682583e-07
15360.91758259998 1.0799448980677782e-07
15570.08227592451 1.05044239944897e-07
15782.095097864878 1.0217458598885553e-07
15996.994830476078 9.938332616515896e-08
16214.820783895731 9.666831914334723e-08
16435.61280353501 9.402748368803743e-08
16659.41127736747 9.145879161116985e-08
16886.257143316587 8.896027187781046e-08
17116.19189674439 8.653000757544202e-08
17349.257598042186 8.41661349139246e-08
17585.496880323946 8.186684055453401e-08
17824.952957225105 7.963035912130955e-08
18067.66963080751 7.745497459278138e-08
18313.691299571467 7.5339018059876e-08
18563.062966577407 7.328086757365688e-08
18815.830247678256 7.127894251999886e-08
19072.03937986317 6.933170670784568e-08
19331.737229715585 6.743766613264326e-08
19594.97130198638 6.559536780070036e-08
19861.78974828321 6.38033994170131e-08
20132.241375878803 6.206038468790299e-08
20406.375656638895 6.03649861785496e-08
20684.24273607168 5.871590317614362e-08
20965.893442500917 5.71118713143774e-08
21251.37929636312 5.555165941981952e-08
21540.75251963207 5.403406991915387e-08
21834.066045371717 5.2557938414615573e-08
22131.373527418273 5.112213247419226e-08
22432.729350195117 4.972555146897988e-08
22738.188638661108 4.836712282226343e-08
23047.807268393775 4.7045804160819985e-08
23361.64187581044 4.5760581734687014e-08
23679.749868528696 4.451046980335096e-08
24002.189435866963 4.3294509599182045e-08
24329.019559488985 4.211176742380286e-08
24660.30002419321 4.096133576779151e-08
24996.091428848216 3.9842332037596147e-08
25336.45519747802 3.87538984916087e-08
25681.453590498113 3.769519924667031e-08
26031.14971610389 3.6665421895611964e-08
26385.60754181475 3.5663776341979854e-08
26744.89190617568 3.468949417813838e-08
27109.068530617013 3.3741828534637505e-08
27478.20403147678 3.2820051579885855e-08
27852.36593218661 3.1923456017730246e-08
28231.62267562279 3.1051353972680664e-08
28616.0436366263 3.020307673368556e-08
29005.699134693437 2.937797334147089e-08
29400.660446838236 2.857541040527408e-08
29800.999820630936 2.7794772138700734e-08
30206.790487414262 2.7035459660684522e-08
30618.10667569817 2.6296890920775237e-08
31035.02362473867 2.5578498702925438e-08
31457.61759830059 2.487973175260219e-08
31885.965898607854 2.4200053953012004e-08
32320.146880484444 2.353894395556676e-08
32760.23996568646 2.289589483052554e-08
33206.32565743059 2.227041274956133e-08
33658.48555512047 2.1662017780826292e-08
34116.80236927222 2.1070243169483425e-08
34581.35993664459 2.049463527259367e-08
35052.24323557505 1.993475211924649e-08
35529.5384015234 1.939016403828801e-08
36013.3327428284 1.8860453191401107e-08
36503.71475667897 1.8345213210549555e-08
37000.7741453014 1.7844049125964103e-08
37504.60183236852 1.7356576035317745e-08
38015.28997963206 1.6882419888512193e-08
38532.9320037804 1.642121690621526e-08
39057.622593527 1.5972613413871884e-08
39589.45772693167 1.553626522953564e-08
40128.534688956264 1.5111837356126715e-08
40674.95208926075 1.4699004138087842e-08
41228.80988024176 1.429744886036028e-08
41790.20937531518 1.3906863714839056e-08
42359.25326744923 1.3526948738033862e-08
42936.04564794988 1.3157412401525674e-08
43520.69202550056 1.279797118261609e-08
44113.29934546259 1.244834934513823e-08
44713.97600943862 1.21082788598473e-08
45322.83189510061 1.1777498543385393e-08
45939.97837628955 1.1455754586063054e-08
46565.52834338915 1.1142800146943137e-08
47199.59622397394 1.083839529872178e-08
47842.298003743206 1.0542306357805758e-08
48493.751247736385 1.025430607323528e-08
49154.07512183721 9.974173473191162e-09
49823.39041457441 9.701693651997427e-09
50501.81955921469 9.436657736091166e-09
51189.486656159206 9.17886217571459e-09
51886.517495645254 8.92810915614202e-09
52593.039580754805 8.684206294454588e-09
53309.18215073845 8.446966535636546e-09
54035.0762046569 8.216207900179735e-09
54770.85452534246 7.991753209841119e-09
55516.65170368869 7.77343024330426e-09
56272.60416327096 7.56107150752143e-09
57038.8501853 7.354514223123393e-09
57815.52993391753 7.153599759084084e-09
58602.78548183619 6.958173942007443e-09
59400.76083632649 6.768086832393943e-09
60209.60196555982 6.583192606645594e-09
61029.45682531011 6.403349526338198e-09
61860.47538601695 6.228419466117316e-09
62702.80966021934 6.058268199915369e-09
63556.61373036305 5.8927651871330234e-09
64422.04377698444 5.731783532551006e-09
65299.25810728019 5.5751996804594274e-09
66188.41718406607 5.4228934389194e-09
67089.68365512788 5.27474794800248e-09
68003.22238297419 5.1306495559058484e-09
68929.20047499433 4.990487803100134e-09
69867.78731402461 4.8541550453608524e-09
70819.15458933312 4.721546669233428e-09
71783.47632802694 4.592560933936756e-09
72760.92892688232 4.4670989078887426e-09
73751.69118461579 4.345064372959899e-09
74755.9443345887 4.226363620477567e-09
75773.8720779572 4.110905572054921e-09
76805.66061727928 3.998601649897802e-09
77851.49869057244 3.889365770243033e-09
78911.57760583913 3.783114044474034e-09
79986.09127606262 3.679764938311344e-09
81075.2362546762 3.5792391570393197e-09
82179.21177151818 3.4814595826597454e-09
83298.21976927687 3.386351259092624e-09
84432.46494042834 3.2938411408857243e-09
85582.15476468066 3.20385824321272e-09
86747.49954692752 3.1163335303302353e-09
87928.71245571597 3.031199888593066e-09
89126.00956224093 2.9483919902993165e-09
90339.60987987052 2.8678462665142898e-09
91569.73540420672 2.789500916406103e-09
92816.61115369442 2.7132958357840968e-09
94080.46521078382 2.6391726098495317e-09
95361.52876364949 2.5670743125771497e-09
96660.03614848146 2.496945619599441e-09
97976.2248923516 2.4287327257946217e-09
99310.33575666072 2.3623833072097994e-09
100662.61278118049 2.297846490380341e-09
102033.30332869517 2.235072713264684e-09
103422.65813024752 2.1740138095089825e-09
104830.93133100461 2.114622935222783e-09
106258.38053674817 2.0568545615820396e-09
107705.26686099394 2.00066433413681e-09
109171.85497275674 1.9460091298500045e-09
110658.41314496646 1.8928470141296403e-09
112165.21330353626 1.8411372035563585e-09
113692.53107711008 1.790840058824647e-09
115240.64584747884 1.7419169509921688e-09
116809.84080068303 1.6943303400828762e-09
118400.40297881998 1.6480437169091671e-09
120012.62333254536 1.6030215857412815e-09
121646.79677429672 1.5592294058422131e-09
123303.2222322413 1.516633555937102e-09
124982.20270495389 1.47520135296928e-09
126684.04531684383 1.4349010111624572e-09
128409.06137433666 1.395701638785569e-09
130157.56642281616 1.3575731313888732e-09
131929.88030434665 1.320486230938931e-09
133726.3272161808 1.2844124828673536e-09
135547.23577005987 1.2493242136831136e-09
137392.93905232596 1.2151945247348301e-09
139263.77468485277 1.1819972030718361e-09
141160.08488680125 1.1497067761432361e-09
143082.2165372209 1.1182984707911116e-09
145030.52123850398 1.0877482072629028e-09
147005.35538069814 1.058032533994645e-09
149007.08020669993 1.029128643419496e-09
151036.06187833668 1.0010143586218208e-09
153092.67154334212 9.736681114922875e-10
155177.28540324973 9.47068939401845e-10
157290.28478221066 9.211964140160794e-10
159432.05619674295 8.960306824825399e-10
161602.9914264362 8.715524370930713e-10
163803.48758561915 8.477429045007417e-10
166033.94719599717 8.245838219613046e-10
168294.77826028457 8.020574073532622e-10
170586.39433684092 7.801463764046604e-10
172909.2146153124 7.58833919379374e-10
175263.6639933205 7.381036996823514e-10
177650.17315418157 7.179397970443148e-10
180069.1786456845 6.983267384966298e-10
182521.12295995443 6.792494759904415e-10
185006.4546143871 6.606933745539186e-10
187525.62823369607 6.426442092688551e-10
190079.10463307612 6.250881178224018e-10
192667.35090249262 6.080116291751301e-10
195290.84049212528 5.914016421659128e-10
197950.05329897584 5.752454212476439e-10
200645.47575464702 5.595305668566027e-10
203377.6009143251 5.442450161804511e-10
206146.92854697315 5.293770410595423e-10
208953.96522674573 5.149152353060015e-10
211799.2244256552 5.008485131600575e-10
214683.22660750058 4.871660714046434e-10
217606.49932306696 4.738574109453524e-10
220569.57730662945 4.6091232099359794e-10
223573.00257377117 4.4832087250841663e-10
226617.32452052514 4.360734094186913e-10
229703.1000238739 4.2416052685070823e-10
232830.89354361856 4.1257308410315826e-10
236001.27722562538 4.013021914378423e-10
239214.83100648783 3.9033920925751417e-10
242472.14271961292 3.796757188333595e-10
245773.8082027438 3.6930353715034956e-10
249120.43140695555 3.5921470612719593e-10
252512.62450713434 3.4940148614084616e-10
255951.0080139526 3.3985635457321017e-10
259436.21088737788 3.305719805557341e-10
262968.87065172824 3.2154123999321376e-10
266549.6335122787 3.127572044030656e-10
270179.1544734808 3.0421313807959516e-10
273858.0974587721 2.959024849935524e-10
277587.135432016 2.878188651830975e-10
281366.9505206173 2.799560762665374e-10
285198.2341402865 2.723080861392938e-10
289081.6871215201 2.648690322713094e-10
293018.0198378028 2.576332015449953e-10
297007.95233554376 2.5059504156091414e-10
301052.21446579316 2.43749152393183e-10
305151.54601775313 2.370902826686778e-10
309306.69685409433 2.306133269275724e-10
313518.42704812746 2.243133109795441e-10
317787.50702284154 2.181854008093955e-10
322114.7176918248 2.122248951260471e-10
326500.8506021157 2.0642722453368373e-10
330946.708078999 2.0078793779458125e-10
335453.1033727617 1.9530270695538307e-10
340020.86080745974 1.8996732342556184e-10
344650.81593170937 1.8477769414780646e-10
349343.81567152066 1.7972984090656492e-10
354100.7184852239 1.748198868858708e-10
358922.39452050545 1.7004406454211715e-10
363809.7257735699 1.653987097831772e-10
368763.6062504813 1.6088026016167357e-10
373784.9421307025 1.5648524930572467e-10
378874.65193284716 1.522103028868364e-10
384033.66668270255 1.48052140806745e-10
389262.9300835408 1.4400757301955296e-10
394563.3986887341 1.4007349922020313e-10
399936.0420767353 1.3624689811483643e-10
405381.8430284434 1.3252483334319069e-10
410901.797706958 1.289044491818806e-10
416496.9158398229 1.253829682974243e-10
422168.22090371815 1.2195769113169323e-10
427916.75031166745 1.1862598694303907e-10
433743.5556028277 1.153852992851361e-10
439649.7026348203 1.122331419036322e-10
445636.27177870856 1.091670980894924e-10
451704.3581166281 1.0618481433623507e-10
457855.0716420909 1.0328400161015919e-10
464089.5374630358 1.0046243421756168e-10
470408.89600764087 9.77179475653544e-11
476814.30323292426 9.504843783622899e-11
483306.9308362001 9.245185483444381e-11
489887.9664694153 8.992620611100813e-11
496558.61395638733 8.746955392843112e-11
503320.09351301607 8.508001414287632e-11
510173.6419704973 8.275575397750978e-11
517120.5130015543 8.049498876713152e-11
524161.97734977014 7.829598384808926e-11
531299.3230620429 7.615705218183654e-11
538533.8557241857 7.407655422191152e-11
545866.8986997555 7.20528922041232e-11
553299.7933721336 7.008451324862912e-11
560833.8993898822 6.816990712113384e-11
568470.5949154627 6.630760504427038e-11
576211.2768773392 6.449617940023322e-11
584057.3612254974 6.273423896205914e-11
592010.2831904592 6.102043176505967e-11
600071.4975458286 5.935344296600798e-11
608242.4788743882 5.773199439098369e-11
616524.7218378413 5.6154841668679156e-11
624919.741450232 5.4620774140186016e-11
633429.0733550463 5.3128614757644285e-11
642054.2741061518 5.167721878671144e-11
650796.9214525109 5.026547365638037e-11
659658.6146267724 4.8892295151501333e-11
668640.9746378426 4.755662957411635e-11
677745.6445673762 4.625745216107373e-11
686974.2898703435 4.499376640698675e-11
696328.5986796904 4.3764603266730683e-11
705810.2821151199 4.2569018839949305e-11
715421.0745961037 4.1406095758391313e-11
725162.7341591564 4.027494184082829e-11
735037.0427794039 3.917468999411796e-11
745045.8066965562 3.810449534803277e-11
755190.8567453199 3.70635366316246e-11
765474.0486902823 3.6051015165469376e-11
775897.2635653822 3.506615419490029e-11
786462.4080180046 3.410819874736656e-11
797171.4146577312 3.3176413094192645e-11
808026.2424098694 3.2270082255360495e-11
819028.8768737951 3.138851088279887e-11
830181.330686144 3.053102296299381e-11
841485.64388898 2.969696055883321e-11
852943.8843029778 2.888568335892667e-11
864558.1479056517 2.8096568887207124e-11
876330.5592147713 2.7329011756841844e-11
888263.2716769943 2.6582423602221148e-11
900358.468061761 2.5856231052686252e-11
912618.3608605835 2.514987686482189e-11
925045.1926917735 2.4462819097664014e-11
937641.2367106462 2.379453070923348e-11
950408.7970253447 2.3144499335763538e-11
963350.2091183295 2.2512225753077954e-11
976467.8402735505 2.1897224815404275e-11
989764.0900095282 2.1299024697332507e-11
1003241.3905182584 2.071716680195139e-11
1016902.2071100917 2.015120442059202e-11
1030749.0386647481 1.960070318727604e-11
1044784.4180883756 1.9065240724357035e-11
1059010.9127768946 1.8544406249256853e-11
1073431.1250856451 1.8037800506772092e-11
1088047.6928053934 1.7545034418115326e-11
1102863.2896448574 1.7065729869437934e-11
1117880.625719803 1.659951912943689e-11
1133102.4480487618 1.6146044661265008e-11
1148531.5410555357 1.5704958593537888e-11
1164170.7270785472 1.5275922268877358e-11
1180022.8668870835 1.485860649394302e-11
1196090.8602046105 1.4452691113179844e-11
1212377.646239213 1.4057864978875888e-11
1228886.2042212172 1.3673824872846603e-11
1245619.5539481738 1.3300276099564896e-11
1262580.7563372634 1.2936932056333506e-11
1279772.9139851816 1.2583514007763731e-11
1297199.1717356879 1.2239751025250946e-11
1314862.7172548873 1.1905379086567547e-11
1332766.7816142985 1.1580141624640731e-11
1350914.6398819038 1.1263789116954249e-11
1369309.6117212544 1.0956079016058796e-11
1387955.0619986805 1.065677513332525e-11
1406854.4013988182 1.0365647734677893e-11
1426011.0870485203 1.0082473447645088e-11
1445428.6231492118 9.807035031894497e-12
1465110.5616179057 9.539121347532601e-12
1485060.5027369545 9.278526636101616e-12
1505282.0958125603 9.025050933742873e-12
1525779.0398423942 8.778499767526131e-12
1546555.0841921947 8.538684039683563e-12
1567614.029281574 8.305419819976222e-12
1588959.7272792852 8.078527994237194e-12
1610596.0828078038 7.857834470205448e-12
1632527.0536575972 7.64316993534444e-12
1654756.6515111187 7.43436984419119e-12
1677288.942676596 7.231273844532374e-12
1700128.048831874 7.033726088071607e-12
1723278.1477783825 6.841575006479299e-12
1746743.4742053158 6.654673192095072e-12
1770528.3204642741 6.472877368692948e-12
1794637.0373544549 6.2960479122081575e-12
1819074.0349184736 6.12404913834357e-12
1843843.7832490823 5.956749088359436e-12
1868950.8133068762 5.794019481267181e-12
1894399.717749068 5.635735436870812e-12
1920195.1517696092 5.481775449923586e-12
1946341.8339507633 5.332021390922727e-12
1972844.54712619 5.186358373393447e-12
1999708.1392558631 5.044674739292435e-12
2026937.5243129 4.906861676357128e-12
2054537.6831823892 4.772813434573002e-12
2082513.6645725367 4.642427167866054e-12
2110870.5859382157 4.515602864262453e-12
2139613.634417016 4.392243274224551e-12
2168748.0677781207 4.27225366517961e-12
2198279.2153840964 4.155541969300567e-12
2228212.479165704 4.0420186465662976e-12
2258553.3346100673 3.9315966731845514e-12
2289307.331762299 3.8241912613308586e-12
2320480.096240635 3.719719985888353e-12
2352077.3302656063 3.618102690749164e-12
2384104.8137030546 3.519261420203012e-12
2416568.4051213465 3.4231204049437207e-12
2449474.042863164 3.3301237064079195e-12
2482827.746131661 3.2402656748711713e-12
2516635.616091549 3.153549087681351e-12
2550903.836985179 3.0699844229253086e-12
2585638.677263716 2.9895888449565087e-12
2620846.4907338144 2.9123847552969242e-12
2656533.717719914 2.838398310364114e-12
2692706.8862422537 2.7676576115503274e-12
2729372.6132110334 2.7001907674673323e-12
2766537.605636833 2.636023687607998e-12
2804208.6618574127 2.57517791684072e-12
2842392.672781318 2.5176685337992344e-12
2881096.623148427 2.463502109573703e-12
2920327.5928075444 2.4126749126954784e-12
2960092.7580115083 2.3651711117435477e-12
3000399.3927299296 2.3209615445535285e-12
3041254.869979697 2.280002728756583e-12
3082666.663173706 2.242236273236918e-12
3124642.3474879595 2.2075886252818637e-12
3167189.60124717 2.175971174987037e-12
