"t (day)" "dm/dt (M_sun/yr)"
20.885156357110965 0.0003043836886674809
21.17217433344868 0.0003722594196551081
21.463136705381636 0.0004615690314401611
21.75809767946795 0.0005797221042187734
22.057112207208938 0.0007367449516949417
22.360235995286857 0.0009462096171771802
22.667525515942796 0.0012263785810755839
22.979038017497725 0.0016015394372359622
23.29483153501783 0.002103460697330671
23.614964901126548 0.002772856762631587
23.93949775696508 0.0036609712775683974
24.268490563303633 0.004830936196870648
24.60200461180529 0.006358401025216503
24.940102036444742 0.008330964953866631
25.28284582508386 0.010845786384026732
25.63029983120635 0.014005910203703592
25.98252878581396 0.017914932351774684
26.33959830948558 0.022670438624605528
26.70157492460261 0.028356284234336677
27.06852606774212 0.03503488156626416
27.440520102240338 0.042740086104115754
27.81762633092882 0.05147236459424667
28.199915009045593 0.06119483734987981
28.58745735732378 0.07183254175801915
28.98032557526004 0.08327487736463543
29.37859285456567 0.0953766471649494
29.78233339280187 0.10794738656819558
30.191622407203077 0.12071893877004619
30.606536148689983 0.13337504132198078
31.02715191607508 0.1456691532217278
31.45354807046358 0.1574649236460149
31.885804049852116 0.16871904891188347
32.32400038392809 0.17942979597607325
32.7682187090724 0.18962035063630145
33.21854178356868 0.19932266636224982
33.675053503020735 0.20857359347747417
34.13783891598271 0.21740194203043695
34.60698423980368 0.22581997378373167
35.08257687668991 0.23381803192034273
35.564705429988074 0.241375771232207
36.05345972069208 0.2484725984009745
36.54893080417684 0.2550811885235548
37.05121098716185 0.26117678924760507
37.56039384490847 0.2667306156828873
38.07657423865214 0.2717152270710573
38.59984833327626 0.2760957702647896
39.13031361522699 0.27981735089510573
39.66806891067531 0.28282400912099587
40.213214403928475 0.2850788779446285
40.76585165609444 0.2865812178787609
41.326083624002685 0.2873643195038387
41.894014679385194 0.2874701614736169
42.46975062832135 0.28693242387641976
43.05339873094886 0.28578097507878847
43.64506772144746 0.28404467859226856
44.24486782829547 0.28176370452386984
44.852910794805666 0.2789747213436137
45.46930989994321 0.2757074824837767
46.09417997942963 0.2719869373536682
46.72763744713672 0.2678419651529246
47.36980031677469 0.26330446093167137
48.02078822387805 0.25840990055515906
48.68072244809391 0.2531936211055187
49.34972593577683 0.247697209372473
50.027923322893095 0.24196752986967252
50.715440958241146 0.236049084463427
51.41240692699018 0.22998494811185038
52.1189510745427 0.22380902718218357
52.83520503072466 0.21754674771223678
53.561302234308364 0.21121865114925267
54.297377957872186 0.20484616502064903
55.04356933300182 0.19845119666424688
55.80001537583866 0.1920537435043545
56.56685701297735 0.18567233079771756
57.34423710772208 0.1793173262934138
58.132300486701034 0.17299807814622875
58.93119396684812 0.16672339795805624
59.74106638275519 0.1605022509534666
60.562068614399834 0.15434223567158117
61.39435361525463 0.14825201888540412
62.23807644078234 0.14224015662020886
63.093394277323505 0.13631704631624655
63.96046647137901 0.1304951891887917
64.83945455929825 0.12478776966251437
65.73052229737219 0.11920804524149749
66.63383569234179 0.11376625907251443
67.54956303232521 0.10847089099761785
68.47787491817012 0.10332877260032725
69.41894429523649 0.0983447076696175
70.3729464856168 0.0935224349830026
71.34005922079854 0.08886602792864397
72.32046267477564 0.08438064410885752
73.31433949761559 0.080070404410264
74.32187484948656 0.07593963879313347
75.34325643515334 0.07199148719867011
76.3786745389469 0.06822832016428892
77.42832206021436 0.06465020324912389
78.4923945492566 0.0612558853879359
79.57109024375922 0.058042732615812144
80.66461010572438 0.0550070909606086
81.77315785891031 0.05214398333265415
82.89694002678578 0.04944798381499743
84.03616597100395 0.04691279230816921
85.19104793040884 0.04453114258379795
86.36180106057394 0.04229534092670349
87.54864347388661 0.04019746538354081
88.75179628018252 0.03823024102812696
89.97148362793858 0.03638667823759459
91.20793274603199 0.03466004204868012
92.46137398607306 0.033043225768154175
93.73204086532076 0.031529184864827774
95.02017011018538 0.030110465408231524
96.32600170033311 0.02877977993918972
97.64977891339282 0.027530070512858305
98.9917483702796 0.026354677691053336
100.35216008114027 0.02524741301508853
101.73126749193065 0.024202689638894607
103.12932753163261 0.02321542625655513
104.54660066012018 0.022281122823133912
105.9833509166842 0.021395873751266427
107.43984596922114 0.0205562032379927
108.91635716410246 0.01975882142559535
110.41315957672471 0.019000524739559713
111.93053206275708 0.018278323496667928
113.46875731009253 0.017589439663077317
115.02812189151255 0.016931433634004338
116.60891631807613 0.016302315010213037
118.21143509324216 0.0157003779984297
119.83597676773564 0.015123955201417509
121.48284399516784 0.01457150915281662
123.15234358842187 0.0140416154315544
124.84478657681063 0.013532916259719266
126.56048826402304 0.013044057482549436
128.29976828686497 0.012573960219019083
130.06295067480795 0.012121711520956008
131.85036391035624 0.011686626323684494
133.66234099024322 0.011268053300379308
135.4992194874693 0.010865440583136403
137.36134161419142 0.010478319724732304
139.2490542854792 0.010106262127241859
141.16270918394227 0.009748761135586731
143.10266282525313 0.009405338511948743
145.0692766245632 0.009075458312417888
147.0629169638361 0.008758584447405772
149.08395526010483 0.008454237304218805
151.13276803466704 0.008161931292429364
153.2097369832312 0.0078812482781402
155.31524904702678 0.00761181824099367
157.44969648489305 0.007353235578465777
159.61347694635404 0.0071050653301776455
161.80699354570532 0.0068669575407822375
164.03065493711094 0.0066385235112135215
166.28487539073805 0.006419388203786305
168.57007486993507 0.0062091586837615415
170.88667910947157 0.006007426310731432
173.23511969485287 0.005813708081906567
175.61583414272476 0.0056275784054678835
178.02926598238363 0.005448617014507133
180.47586483840544 0.005276444328856041
182.9560865144132 0.0051106768879568545
185.47039307799108 0.004950937900713513
188.01925294676963 0.00479687201942326
190.60314097569196 0.0046481515883890125
193.22253854547984 0.004504488104316368
195.87793365231497 0.00436561320068649
198.56982099875364 0.004231275580117088
201.29870208588994 0.0041012404867829064
204.06508530678556 0.0039752876284384125
206.86948604118575 0.0038532275085059495
209.7124267515309 0.0037349027797884573
212.59443708029738 0.0036201580897236895
215.51605394866556 0.0035088793354618956
218.4778216565513 0.0034009527920058967
221.48029198400874 0.0032962880880161556
224.52402429402773 0.0031947902148588793
227.60958563674328 0.0030963592699654865
230.73755085507744 0.0030009070421327623
233.9085026918352 0.002908371553146157
237.123031898265 0.002818694653664775
240.38173734412248 0.0027318201663839425
243.68522612923584 0.002647684511944483
247.0341136966108 0.0025662227343076632
250.42902394708833 0.0024873598759763737
253.87058935557764 0.0024110246548786924
257.3594510888867 0.0023371469798750977
260.89625912517204 0.0022656505618260476
264.48167237503276 0.0021964617229348225
268.11635880426013 0.0021295030655921355
271.80099555828826 0.002064687614095206
275.5362690883404 0.0020019335366516034
279.3228752793184 0.0019411706799131476
283.1615195794462 0.0018823313992219876
287.05291713169544 0.0018253523017742815
290.9977929070173 0.0017701667244148886
294.99688183940526 0.0017167041067785791
299.05092896281377 0.0016648975066894491
303.1606895499583 0.0016146986077702787
307.3269292530261 0.0015660681642879727
311.5504242463138 0.001518970559433704
315.83196137083183 0.0014733668196420509
320.17233828089326 0.0014292212843906309
324.5723635927175 0.0013865012995317523
329.0328570350762 0.0013451766822550606
333.55464960200953 0.0013052202823102008
338.13858370764086 0.0012666037313111824
342.78551334311896 0.001229300876861016
347.4963042357208 0.0011932834936013235
352.27183401012906 0.0011585194217505709
357.11299235194514 0.0011249750561091534
362.0206811734302 0.0010926090624713413
366.99581478153567 0.001061378118940978
372.0393200482388 0.0010312391114789007
377.15213658322 0.0010021463860598512
382.33521690891286 0.000974055481189629
387.5895266379591 0.0009469176203963638
392.9160446531072 0.0009206838014910253
398.3157632895702 0.0008953039375408503
403.789688519911 0.0008707262189318488
409.33884014144263 0.0008469008592305484
414.9642519662299 0.000823779629744419
420.6669720136807 0.0008013163760523788
426.4480627057966 0.0007794679612193672
432.3086010651029 0.0007581948523739346
438.2496789152972 0.0007374618481163014
444.2724030846622 0.0007172378080957313
450.3778956122591 0.0006974946565445758
456.56729395697755 0.0006782081846287994
462.841751209431 0.0006593586689591846
469.2024363067922 0.0006409086932923356
475.65053425055737 0.0006228627797278172
482.1872463273173 0.0006052103790621976
488.81379033255763 0.0005879425701053634
495.5314007975342 0.0005710523946811753
502.3413292192717 0.0005545366493815331
509.2448442937088 0.0005383941306056469
516.2432321520718 0.0005226254325582533
523.3377966004655 0.0005072318037498061
530.5298593627903 0.0004922141018274428
537.8207603269668 0.00047757288060124806
545.211857794566 0.00046330907743192764
552.7045287338593 0.0004494233861409057
560.3001690363496 0.00043591605527951974
568.0001937768269 0.000422786814972047
575.8060374769975 0.00041003469386446115
583.7191543727415 0.0003976571775349157
591.7410186850265 0.0003856512308009732
599.8731248945722 0.00037401221949477496
608.1169880202604 0.00036273429701338136
616.4741439013909 0.00035181097217038595
624.9461494838082 0.00034123541828575776
633.5345831099621 0.00033099997006816453
642.2410448129535 0.0003210963259306261
651.0671566146227 0.0003115152326675887
660.0145628277386 0.00030224667610360105
669.0849303623207 0.0002932801286878676
678.2799490362074 0.00028460512289908566
687.6013318898488 0.0002762110976486063
697.0508155054669 0.00026808743579692017
706.6301603305686 0.0002602237187171313
716.3411510059256 0.00025260976500758386
726.185596698052 0.00024523566449819774
736.165331436254 0.00023809177769728833
746.282214454317 0.0002311688266124063
756.5381305368674 0.0002244579366751333
766.9349903705316 0.00021795044353242358
777.4747308998743 0.0002116379820655966
788.1593156882765 0.00020551265067267062
798.990735283732 0.0001995670295440374
809.9710075896965 0.0001937942677791315
821.1021782410219 0.00018819315141294565
832.38632098506 0.00018275175028644648
843.8255380680107 0.00017746505628067754
855.4219606265551 0.00017232828897363595
867.1777490849122 0.00016733686999178786
879.0950935573019 0.00016248644980872717
891.17621425599 0.000157772953428511
903.4233619048974 0.00015319239838120364
915.8388181589213 0.00014874114200134217
928.4248960290063 0.00014441573146588703
941.1839403130616 0.00014021285544922916
954.118328032799 0.00013612925378148232
967.2304688765718 0.00013216185307079656
980.5228056483121 0.00012830769655171415
993.9978147226058 0.00012456388421348938
1007.6580065060731 0.0001209275467932823
1021.5059259050271 0.00011739591611060878
1035.5441527996213 0.0001139661604241163
1049.775302524471 0.00011063553114348376
1064.2020263558845 0.00010740134777442303
1078.8270120058066 0.00010426098180875366
1093.6529841225486 0.00010121182698038057
1108.6827047983872 9.825136573559631e-05
1123.9189740841314 9.537712920572701e-05
1139.364630510802 9.25867114158995e-05
1155.0225516184212 8.98778067518355e-05
1170.8956544921284 8.724814801088042e-05
1186.9868963056274 8.469542851535729e-05
1203.2992748720958 8.2217395999656e-05
1219.8358292026926 7.981186531920966e-05
1236.5996400727388 7.747671652235234e-05
1253.5938305956565 7.520989105179575e-05
1270.821566804797 7.300938851588414e-05
1288.2860582433061 7.087326785208816e-05
1305.9905585620281 6.879964544518837e-05
1323.9383661256975 6.678669422734786e-05
1342.132824627414 6.483263926067771e-05
1360.577323711563 6.293575579496255e-05
1379.2752996053202 6.109437097289033e-05
1398.2302357588371 5.9306861223699524e-05
1417.4456634941978 5.7571651631938155e-05
1436.9251626632902 5.5887211708832304e-05
1456.6723623147784 5.4252054815483704e-05
1476.690941370149 5.266473903133769e-05
1496.98462930914 5.112386509313696e-05
1517.5572068645258 4.9628075070776554e-05
1538.4125067264654 4.8176049366442975e-05
1559.55441425654 4.676650675552244e-05
1580.9868682116185 4.539820428852998e-05
1602.7138614776359 4.40699360176848e-05
1624.7394418134522 4.2780531101087046e-05
1647.0677126050027 4.152885177123059e-05
1669.702833629703 4.031379383403507e-05
1692.6490218314807 3.913428585463038e-05
1715.910552106336 3.798928849327041e-05
1739.4917580988144 3.68777922209135e-05
1763.3970330093184 3.579881604649694e-05
1787.630830412604 3.475140834666525e-05
1812.197665087477 3.3734645541531626e-05
1837.1021138578672 3.274763186811514e-05
1862.3488164455537 3.178949682575269e-05
1887.9424763344846 3.085939472333396e-05
1913.887861647108 2.9956505369544755e-05
1940.1898060326068 2.9080032783918995e-05
1966.8532095674825 2.8229204618482948e-05
1993.8830396683766 2.740327032214489e-05
2021.2843320175612 2.6601501056496185e-05
2049.0621915010684 2.582318980911964e-05
2077.2217931597083 2.5067650568747205e-05
2105.7683831532463 2.4334217397543026e-05
2134.7072797376964 2.3622243164666e-05
2164.043874256184 2.2931099737515923e-05
2193.7836321432965 2.2260177664320718e-05
2223.932093943357 2.1608885709802305e-05
2254.4948763425746 2.0976649685613627e-05
2285.4776732154924 2.0362911630848046e-05
2316.886256685738 1.9767130204214857e-05
2348.7264782013544 1.918878005266236e-05
2381.004269624952 1.8627351623651196e-05
2413.7256443388374 1.808234983818187e-05
2446.8966983652917 1.755329361889965e-05
2480.523611502239 1.7039716424006034e-05
2514.612648474615 1.6541165454520273e-05
2549.1701601014106 1.6057201423143493e-05
2584.2025844789064 1.5587397436937058e-05
2619.716448180071 1.5131338888294769e-05
2655.7183674704365 1.4688623615586913e-05
2692.2150495407454 1.4258861376806743e-05
2729.213293756519 1.3841673407574762e-05
2766.719992924772 1.3436691637683567e-05
2804.7421345781127 1.3043558747195974e-05
2843.2868022766024 1.266192806879475e-05
2882.361176927343 1.2291463274400367e-05
2921.972538122362 1.1931837783772753e-05
2962.128265494776 1.1582734244018403e-05
3002.835840093598 1.1243844707275668e-05
3044.102845777491 1.0914870343030216e-05
3085.9369706276666 1.0595521288893065e-05
3128.3460083801583 1.0285515959463945e-05
3171.3378598777695 9.98458073107636e-06
3214.9205345420905 9.6924502063828e-06
3259.102151865559 9.408866807573786e-06
3303.890942924225 9.133580681848816e-06
3349.295251911162 8.866349024227281e-06
3395.3235376909756 8.606935980754946e-06
3441.984375375723 8.355112794601525e-06
3489.2864579224915 8.110657474138479e-06
3537.238597752877 7.873354590277416e-06
3585.8497283947054 7.642994794937028e-06
3635.128906146455 7.419374822977077e-06
3685.0853117643373 7.2022974838069775e-06
3735.728252172784 6.991571455100451e-06
3787.0671621982938 6.787010988414565e-06
3839.1116063271147 6.588435582199344e-06
3891.871280487145 6.395670057042422e-06
3945.3560138543335 6.208544432673418e-06
3999.5757706838253 6.0268938189384414e-06
4054.540652166266 5.850558058887887e-06
4110.260898309778 5.679381522812484e-06
4166.746889847546 5.513213236495563e-06
4224.009150171898 5.351906675409355e-06
4282.058347294685 5.19531973000178e-06
4340.905295834873 5.0433142999357e-06
4400.560959033191 4.895756217045508e-06
4461.036450794699 4.752515360163411e-06
4522.343037759279 4.6134654478200216e-06
4584.492141400558 4.478483950706063e-06
4647.495340153874 4.347451797354968e-06
4711.364371573194 4.22025335819377e-06
4776.111134517985 4.096776467596478e-06
4841.747691369828 3.976912290601818e-06
4908.286270279813 3.860555179366477e-06
4975.739267446484 3.7476024695741925e-06
5044.119249425413 3.637954508543176e-06
5113.4389554703 3.5315146083834413e-06
5183.711299906236 3.428188970243393e-06
5254.949374535814 3.3278865018931327e-06
5327.16645107796 3.230518685410483e-06
5400.37598364065 3.1359996374746573e-06
5474.591611227242 3.0442460122287565e-06
5549.827160277615 2.955176969698525e-06
5626.096647243862 2.8687139679706317e-06
5703.414281201736 2.7847806863425774e-06
5781.79446649774 2.7033031083683186e-06
5861.2518054326265 2.624209397963645e-06
5941.8011009818565 2.5474298643031208e-06
6023.457359553465 2.4728967827950633e-06
6106.235793783725 2.4005443763104682e-06
6190.15182537119 2.330308842988203e-06
6275.221087949949 2.2621282713518656e-06
6361.459430001989 2.1959425722549034e-06
6448.882917809956 2.131693353066268e-06
6537.507838450244 2.069323925299544e-06
6627.350702827238 2.0087792911198197e-06
6718.428248749362 1.9500060924383447e-06
6810.7574440474045 1.8929525188698684e-06
6904.3554897355925 1.8375682238469387e-06
6999.239823216059 1.7838043517145208e-06
7095.428121527655 1.731613493812481e-06
7192.938304638966 1.6809496637784217e-06
7291.788538787023 1.6317681894360116e-06
7391.997239861599 1.5840256616513614e-06
7493.58307683605 1.5376799753656629e-06
7596.564975245415 1.4926902661250858e-06
7700.962120712329 1.4490168959750423e-06
7806.79396252126 1.406621345022205e-06
7914.080217241833 1.3654661952400866e-06
8022.840872402265 1.325515154966792e-06
8133.096190212804 1.2867330054624155e-06
8244.866711340825 1.2490855699331517e-06
8358.17325873748 1.2125396362721445e-06
8473.03694151697 1.177062956643552e-06
8589.479158889239 1.1426242472884573e-06
8707.521604146756 1.1091931551224235e-06
8827.186268705926 1.076740212045941e-06
8948.495446203995 1.0452367823225347e-06
9071.471736652624 1.0146550738933085e-06
9196.138050648015 9.849681198440444e-07
9322.517613639418 9.561497605262325e-07
9450.63397025596 9.281745878072138e-07
9580.510988692942 9.010179117520167e-07
9712.17286515858 8.746557804336636e-07
9845.644128381866 8.490649481276372e-07
9980.949644182218 8.242228693030504e-07
10118.114620101875 8.001076352789856e-07
10257.164610102374 7.766979603916261e-07
10398.125519324947 7.539732012642116e-07
10541.023608917007 7.319133234735551e-07
10685.885500924287 7.10498888331206e-07
10832.738183250893 6.897110056985791e-07
10981.609014686821 6.695313310455305e-07
11132.525730005247 6.499420695959771e-07
11285.516445129399 6.309259547985487e-07
11440.609662370442 6.124662261296807e-07
11597.834275737807 5.945465963702111e-07
11757.219576321806 5.771512557102591e-07
11918.795257750957 5.602648648752539e-07
12082.591421723553 5.438725427765839e-07
12248.638583616039 5.279598380684639e-07
12416.967678167635 5.125127077911709e-07
12587.610065243876 4.975175266312026e-07
12760.59753567883 4.829610719912245e-07
12935.962317197593 4.688305186943794e-07
13113.737080420728 4.5511340644208965e-07
13293.954944950392 4.4179762730707027e-07
13476.64948554098 4.2887143864525194e-07
13661.854738353706 4.163234437370842e-07
13849.605207298011 4.041425864669867e-07
14039.935870459212 3.9231812264150456e-07
14232.88218661537 3.808396167774538e-07
14428.480101843099 3.696969468811338e-07
14626.76605621426 3.588802907631145e-07
14827.776990584865 3.4838011556939656e-07
15031.550353477358 3.381871575799245e-07
15238.124108057138 3.282924232173538e-07
15447.536739204987 3.1868718722350454e-07
15659.827260687258 3.093629843948768e-07
15875.035222423656 3.00311595262897e-07
16093.200717855916 2.91525032577711e-07
16314.364391417006 2.8299554543298786e-07
16538.567446103112 2.747156125718673e-07
16765.85165114994 2.666779383064401e-07
16996.25934981446 2.5887543560969374e-07
17229.833467263405 2.51301217822559e-07
17466.617518570027 2.43948605014003e-07
17706.655616821503 2.3681111408056618e-07
17949.99248133666 2.2988245664989607e-07
18196.67344599774 2.2315652171809852e-07
18446.74446769594 2.1662737294753208e-07
18700.252134893035 2.1028925276268728e-07
18957.24367630104 2.0413657374727786e-07
19217.766969681103 1.9816391391654442e-07
19481.870550763004 1.9236600432302052e-07
19749.603622287203 1.8673772887589465e-07
20021.016063171886 1.812741244906259e-07
20296.15843780482 1.7597037568251246e-07
20575.082005464108 1.7082180747891341e-07
20857.838729867613 1.6582387695261814e-07
21144.481288853658 1.6097217491805382e-07
21435.06308419512 1.5626242314656534e-07
21729.638251548433 1.5169047143758947e-07
22028.2616705389 1.472522889126245e-07
22330.98897498458 1.4294395862745902e-07
22637.876563261536 1.387616806298952e-07
22948.98160881016 1.347017670479004e-07
23264.362070787334 1.3076064105672374e-07
23584.076704863928 1.269348269928803e-07
23908.185074170913 1.2322094790415275e-07
24236.747560396143 1.1961572877379173e-07
24569.825375033783 1.1611599116148759e-07
24907.480570787833 1.1271865121235851e-07
25249.776053132322 1.0942071209310757e-07
25596.77559203135 1.0621926346014752e-07
25948.543833818672 1.0311148221992112e-07
26305.14631324223 1.0009462905233748e-07
26666.649465672417 9.716604498072848e-08
27033.120639480017 9.432314611307209e-08
27404.628108582292 9.156342423700326e-08
27781.24108516333 8.888444581772873e-08
28163.029732567928 8.628384998627703e-08
28550.065178372817 8.375934410588683e-08
28942.419527638565 8.130870032582435e-08
29340.165876341875 7.892975700205644e-08
29743.37832499441 7.662041640487164e-08
30152.1319924468 7.437864383345452e-08
30566.50302988433 7.220246252108339e-08
30986.568635012998 7.00899516009649e-08
31412.407066442393 6.803924811294354e-08
31844.097658264967 6.604854397939419e-08
32281.720834835658 6.411608520054776e-08
32725.35812575592 6.224016725977189e-08
33175.092181061766 6.041913457691387e-08
33631.006786622514 5.865138132489044e-08
34093.1868797492 5.6935349223868434e-08
34561.71856501949 5.5269525932424094e-08
35036.68913031796 5.3652441804342356e-08
35518.187063098914 5.2082670016672425e-08
36006.30206687123 5.055882633073507e-08
36501.12507790991 4.9079567751083203e-08
37002.74828219792 4.764359029853742e-08
37511.26513260074 4.624962683288401e-08
38026.77036627639 4.489644767970999e-08
38549.36002232525 4.358285961177305e-08
39079.13145968182 4.2307705175878225e-08
39616.18337525308 4.106986004910315e-08
40160.61582230612 3.98682316947186e-08
40712.530229107855 3.8701760347464536e-08
41272.029417820886 3.756941746966231e-08
41839.21762365964 3.647020544104498e-08
42414.200514309894 3.540315477895414e-08
42997.085209614386 3.436732368854078e-08
43587.980301528805 3.3361798745783664e-08
44186.995874353815 3.238569351292695e-08
44794.24352524248 3.1438147818039536e-08
45409.8363849921 3.051832576692428e-08
46033.88913912011 2.9625415696270518e-08
46666.51804922966 2.8758630226012e-08
47307.840974669714 2.7917205384600465e-08
47957.977394492635 2.710039951005056e-08
48617.04842971295 2.6307491887961754e-08
49285.17686587166 2.5537783004940995e-08
49962.48717591273 2.4790594131480537e-08
50649.10554337085 2.406526684265054e-08
51345.15988588105 2.3361161658891162e-08
52050.77987900916 2.2677657175084512e-08
52766.09698041016 2.2014150532148783e-08
53491.244454319225 2.1370056659047636e-08
54226.35739637939 2.0744808096297763e-08
54971.57275880963 2.0137853453485218e-08
55727.029375918704 1.954865698005116e-08
56492.86798997057 1.8976699103309682e-08
57269.231277405175 1.842147556702592e-08
58056.26387541867 1.7882497132383488e-08
58854.11240890979 1.7359288365611954e-08
59662.92551779555 1.6851387543258726e-08
60482.85388470347 1.635834678909345e-08
61314.0502630444 1.587973151288396e-08
62156.669505470076 1.5415119880736664e-08
63010.86859272186 1.4964101970127775e-08
63876.80666287685 1.452627985538235e-08
64754.645040996016 1.4101267462728432e-08
65644.54726917842 1.3688690242800317e-08
66546.67913702977 1.3288184479761736e-08
67461.20871254838 1.2899396735378062e-08
68388.30637343692 1.2521984066719959e-08
69328.1448388445 1.2155613674577736e-08
70280.89920154387 1.1799962755807546e-08
71246.7469605508 1.145471770583193e-08
72225.86805419285 1.1119573787997652e-08
73218.4448936326 1.0794235445314222e-08
74224.6623968502 1.0478415828159374e-08
75244.7080230944 1.0171836672872955e-08
76278.77180780533 9.874227565769304e-09
77327.04639801903 9.585325850525273e-09
78389.72708825824 9.30487676699224e-09
79467.0118569155 9.032633095743518e-09
80559.10140313595 8.768354911088267e-09
81666.19918420842 8.511809060471708e-09
82788.5114534704 8.262769179716948e-09
83926.24729873225 8.021015663090701e-09
85079.61868123105 7.78633544580691e-09
86248.84047511818 7.558521657836923e-09
87434.13050749138 7.337373273251935e-09
88635.7095989766 7.1226952052971074e-09
89853.80160486657 6.914298151668582e-09
91088.63345682457 6.711998483637258e-09
92340.43520516244 6.515617832751681e-09
93609.44006170025 6.324982873093941e-09
94895.88444321259 6.13992547382538e-09
96200.00801547396 5.960282458503883e-09
97522.05373790766 5.785895559434526e-09
98862.26790885004 5.616610972653012e-09
100220.90021143704 5.452279283218502e-09
101598.20376011939 5.292755578842513e-09
102994.43514781746 5.137899227101302e-09
104409.85449372549 4.987573765834959e-09
105844.7254917727 4.8416465842871785e-09
107299.31545974917 4.699988912787088e-09
108773.895389106 4.562475835596526e-09
110268.73999544414 4.428986149438393e-09
111784.12776969087 4.299402193196276e-09
113320.34102998585 4.173609628862266e-09
114877.66597427611 4.0514974792549405e-09
116456.39273363387 3.932958065757361e-09
118056.81542630917 3.8178869299507916e-09
119679.2322125255 3.706182621467148e-09
121323.94535002616 3.5977465572530654e-09
122991.26125038379 3.4924830942441506e-09
124681.49053608866 3.390299412485007e-09
126394.9480984137 3.2911054851257185e-09
128131.95315608279 3.1948138378207598e-09
129892.82931473995 3.1013394742057083e-09
131677.90462723613 3.0105999654575426e-09
133487.51165474716 2.9225153118513927e-09
135321.98752873082 2.8370078979907114e-09
137181.6740137341 2.754002298502259e-09
139066.91757106292 2.673425261365976e-09
140978.06942332923 2.595205732217714e-09
142915.48561988547 2.5192747637772308e-09
144879.5271031549 2.4455654341208136e-09
146870.55977587707 2.3740127109351633e-09
148888.95456927363 2.304553463663643e-09
150935.0875121546 2.237126442737185e-09
153009.33980097398 2.17167222629498e-09
155112.09787084587 2.108133112562425e-09
157243.7534675365 2.04645303019527e-09
159404.70372044787 1.9865775715985742e-09
161595.3512166047 1.9284539390675673e-09
163816.1040756549 1.872030920223078e-09
166067.376025904 1.8172587632001586e-09
168349.5864813908 1.764089122934923e-09
170663.1606200264 1.7124751095707292e-09
173008.52946280615 1.662371214715296e-09
175386.12995410815 1.613733293172066e-09
177796.40504309497 1.5665184450596702e-09
180239.80376623676 1.520685000185337e-09
182716.78133096875 1.4761925415365238e-09
185227.79920049463 1.4330018480159305e-09
187773.32517975895 1.3910748565670402e-09
190353.83350259735 1.3503745786185756e-09
192969.80492008835 1.3108651016975853e-09
195621.72679011934 1.272511585946748e-09
198310.09316818 1.235280228866464e-09
201035.4048994041 1.1991382115211137e-09
203798.16971187844 1.1640536420776937e-09
206598.90231123523 1.1299955701956337e-09
209438.12447653952 1.0969339635717786e-09
212316.36515749877 1.0648396897018505e-09
215234.1605730043 1.0336844512845588e-09
218192.05431103072 1.0034407509617015e-09
221190.59742990896 9.740819149216341e-10
224230.3485609871 9.455820553900904e-10
227311.87401270212 9.179160639524874e-10
230435.74787608525 8.910595403173573e-10
233602.55213171788 8.649887799331526e-10
236812.87675815204 8.396807928512194e-10
240067.31984182593 8.151132678844489e-10
243366.48768848513 7.912645559643337e-10
246710.9949361396 7.681136190064436e-10
250101.46466957376 7.456400278156692e-10
253538.5285364253 7.238239648447842e-10
257022.82686485988 7.026462013222317e-10
260555.0087828671 6.820880708762685e-10
264135.73233919515 6.621314343105325e-10
267765.6646259446 6.427586851932879e-10
271445.4819028444 6.239527406005968e-10
275175.86972324754 6.05697028314803e-10
278957.52306184144 5.879754537211296e-10
282791.1464441303 5.70772377073238e-10
286677.45407768525 5.540726246828891e-10
290617.1699851997 5.378614709123491e-10
294611.02813937794 5.221246330966102e-10
298659.77259967657 5.068482340246697e-10
302764.1576509222 4.920187890965705e-10
306924.94794383086 4.776232211990416e-10
311142.91863747215 4.6364883845929174e-10
315418.85554367193 4.5008332756616876e-10
319753.5552734188 4.3691472263234584e-10
324147.8253852694 4.2413140228920507e-10
328602.4845357951 4.117220939522008e-10
333118.3626321008 3.9967585920832955e-10
337696.30098643963 3.879820812154086e-10
342337.15247294883 3.7663044289758604e-10
347041.78168653673 3.6561092864784435e-10
351811.0651039614 3.54913821386223e-10
356645.89124712115 3.4452969389734165e-10
361547.1608485834 3.344493920711581e-10
366515.78701939445 3.246640204477475e-10
371552.6954191887 3.151649473099023e-10
376658.8244286424 3.0594379644293244e-10
381835.12532429874 2.969924430567593e-10
387082.5624557875 2.8830299425617384e-10
392402.11342548224 2.798677803198709e-10
397794.7692706303 2.716793622133316e-10
403261.5346479887 2.6373052007775526e-10
408803.42802098603 2.560142504892055e-10
414421.4818494685 2.485237475797855e-10
420116.7427820413 2.4125240041036374e-10
425890.2718510645 2.341937969305754e-10
431743.1446703276 2.2734171475533507e-10
437676.45163543377 2.2069011536385701e-10
443691.2981269382 2.1423313069088966e-10
449788.8047162853 2.0796506325491722e-10
455970.10737457516 2.0188038580653696e-10
462236.35768419097 1.9597373561546807e-10
468588.7230533437 1.9023990611533707e-10
475028.38693355554 1.8467383781447898e-10
481556.54904014163 1.792706204688142e-10
488174.4255757221 1.740254895339403e-10
494883.24945679813 1.689338231687655e-10
501684.2705434409 1.6399113214185026e-10
508578.7558721462 1.5919305412402096e-10
515567.9898918884 1.5453535733820977e-10
522653.274703408 1.5001393471572218e-10
529835.9303017991 1.4562480292639984e-10
537117.2948224184 1.4136409097623767e-10
544498.7247901862 1.372280381585663e-10
551981.5953723119 1.3321299717925737e-10
559567.3006344851 1.2931542839178582e-10
567257.2538005869 1.2553189727505186e-10
575052.887515978 1.2185906623406024e-10
582955.6541144082 1.1829369419496338e-10
590967.0258885799 1.1483263715698188e-10
599088.4953644419 1.1147284449586968e-10
607321.575579242 1.0821135488128833e-10
615667.8003634106 1.0504529061359114e-10
624128.7246263218 1.0197185844794654e-10
632705.9246459673 9.898834822426414e-11
641400.9983626151 9.609213077773911e-11
650215.5656765113 9.328065277485774e-11
659151.2687496742 9.055143304206001e-11
668209.7723118265 8.79020642870202e-11
677392.7639705266 8.533021032668688e-11
686701.9545255909 8.283360523128553e-11
696139.078287796 8.041004745523522e-11
705705.8934020005 7.80573977152913e-11
715404.1821746824 7.577358134524025e-11
725235.7514059767 7.355658479274472e-11
735202.4327262916 7.140445460996626e-11
745306.0829375475 6.93152924641648e-11
755548.584359095 6.728725463548976e-11
765931.8451783853 6.531855275868461e-11
776457.7998064861 6.340745146620608e-11
787128.409238442 6.155226644707838e-11
797945.661418629 5.97513609450316e-11
808911.5716111036 5.800314599298388e-11
820028.18277504 5.63060800023625e-11
831297.5659453418 5.465866735552725e-11
842721.8206184857 5.3059455796884855e-11
854303.0751436516 5.150703410286727e-11
866043.48711923 5.0000032859174215e-11
877945.243794791 4.853712320178109e-11
890010.5624785782 4.711701614130298e-11
902241.690950584 4.5738459507688335e-11
914640.9078813217 4.4400236535006026e-11
927210.5232563316 4.3101167026909135e-11
939952.8788065409 4.184010556027526e-11
952870.3484445388 4.061594107535203e-11
965965.3387068305 3.9427593852543224e-11
979240.2892021689 3.827401507209986e-11
992697.6730660645 3.715418747935272e-11
1006339.9974215406 3.6067123899453216e-11
1020169.8038461998 3.501186635002131e-11
1034189.6688457323 3.3987483889624966e-11
1048402.2043339071 3.299307261786245e-11
1062810.0581191825 3.202775565145034e-11
1077415.9143980045 3.109068219892975e-11
1092222.4942548666 3.0181026263534034e-11
1107232.5561692403 2.929798518030878e-11
1122448.896529492 2.8440779943376054e-11
1137874.350153863 2.7608654670537902e-11
1153511.790818582 2.6800876111589323e-11
1169364.1317932652 2.6016732071465204e-11
1185434.326383644 2.5255530486769553e-11
1201725.3684817797 2.4516599989773364e-11
1218240.2931238378 2.379928900318567e-11
1234982.1770555074 2.310296557987556e-11
1251954.139305193 2.2427015610633106e-11
1269159.3417651015 2.1770842462586587e-11
1286600.9897803175 2.1133867502235535e-11
1304282.332745943 2.0515529168356627e-11
1322206.664712477 1.9915282590616235e-11
1340377.3249994835 1.933259827497337e-11
1358797.6988177174 1.876696202791001e-11
1377471.2178998075 1.8217875062125103e-11
1396401.3611395778 1.7684853399312158e-11
1415591.6552401586 1.7167427238617807e-11
1435045.6753710245 1.6665140046296803e-11
1454767.0458340656 1.617754867652565e-11
1474759.4407387779 1.5704223169670447e-11
1495026.5846867678 1.5244746411515624e-11
1515572.2534656299 1.4798713327933987e-11
1536400.2747523903 1.436573029219407e-11
1557514.528826621 1.3945415389480315e-11
1578918.9492933254 1.3537397990598591e-11
1600617.5238157618 1.3141318608174095e-11
1622614.2948583593 1.2756827977539217e-11
1644913.3604398458 1.2383586711278405e-11
1667518.874896703 1.2021265665421572e-11
1690435.0496570976 1.166954539199834e-11
1713666.154025526 1.13281159858679e-11
1737216.5159781335 1.0996676285314757e-11
1761090.5229690678 1.0674933785819827e-11
1785292.6227478462 1.0362604768044098e-11
1809827.32418796 1.0059413917785449e-11
1834699.1981268974 9.76509402721094e-12
1859912.8782177062 9.479385432530695e-12
1885473.0617922395 9.202036045547437e-12
1911384.5107362426 8.932801297391707e-12
1937652.0523765553 8.671443909930487e-12
1964280.5803803832 8.417733489794761e-12
1991275.0556670479 8.171446152898446e-12
2018640.5073321883 7.932364642877681e-12
2046382.033584666 7.700278139016693e-12
2074504.8026963884 7.474982144508689e-12
2103014.0539651713 7.25627800856671e-12
2131915.0986908157 7.0439726968824684e-12
2161213.321164588 6.8378789723299185e-12
2190914.1796723325 6.637815114712011e-12
2221023.2075113775 6.443604859700607e-12
2251546.0140213645 6.255076914748264e-12
2282488.2856292916 6.072064885506015e-12
2313855.7869088743 5.8944073872298006e-12
2345654.361654506 5.7219478056613435e-12
2377889.9339699834 5.554534161481148e-12
2410568.5093721547 5.392018765127748e-12
2443696.175909731 5.2351310239330985e-12
2477279.1052975166 5.0838378376897194e-12
2511323.5540662236 4.938120269952276e-12
2545835.864728039 4.79797210412577e-12
2580822.466958266 4.663397987404194e-12
2616289.8787931395 4.534411246653732e-12
2652244.707844169 4.411031229615025e-12
2688693.65252916 4.293280377121038e-12
2725643.5033201184 4.181180819042988e-12
2763101.144008298 4.074750999932392e-12
2801073.552986674 3.9740022512338606e-12
2839567.8045500573 3.878935411849767e-12
2878591.070212996 3.789537735154975e-12
2918150.6200458687 3.705779835018868e-12
2958253.8240292645 3.627613343509588e-12
2998908.1534270416 3.5549689576251685e-12
3040121.1821782533 3.487755055502009e-12
3081900.5883081607 3.425856913631009e-12
3124254.155358626 3.369136390596855e-12
3167189.7738382206 3.3174324135832545e-12
