"t (day)" "dm/dt (M_sun/yr)"
18.541498657612394 0.00032000131489206814
18.796227299567395 0.00039583995791383727
19.054455479625048 0.0004967768248798001
19.31623127548417 0.0006320056532020225
19.581603425349336 0.0008141814175746042
19.85062133700521 0.0010606258285180846
20.123335097015268 0.0013948562391483217
20.39979548004715 0.0018485712215872128
20.68005395832601 0.002464087347295302
20.96416271121791 0.0032969953998738867
21.25217463494445 0.0044187320684563255
21.544143352431476 0.005918988806705175
21.840123223292476 0.007907471414407072
22.140169353949528 0.010514275099264553
22.444337607893218 0.013887516254863076
22.752684616083485 0.01818817073360523
23.06526778749323 0.02358205750311291
23.38214531979693 0.03022968294692329
23.703376210206176 0.03827531617308261
24.02902026645381 0.0478359350072299
24.3591381179291 0.05898916971717951
24.693791226966074 0.0717615448942283
25.033041900286563 0.08612067420845333
25.376953300600714 0.10197648999395478
25.725589458366972 0.11918629466577925
26.079015283713186 0.13755060916399853
26.437296578521927 0.15677740485116198
26.80050004868178 0.1764619004452461
27.168693316506623 0.19616274030376246
27.541944933325844 0.21553991939492356
27.920324392247625 0.23439047223999962
28.303902141097026 0.2526275142541401
28.692749595532405 0.27023725450495456
29.08693915234173 0.2872422736949478
29.486544202921735 0.303685236069259
29.89163914694193 0.31961158664195655
30.302299406196873 0.33505467601675964
30.718601438648072 0.35002058479173614
31.140622752659386 0.3645030439998107
31.56844192142764 0.37849349509651536
32.00213859761192 0.39198575274012826
32.441793528162975 0.40496035304283395
32.887488569357586 0.4173745225785635
33.339306702038265 0.4291454423557045
33.79733204706322 0.4401710094307461
34.26164988096795 0.45034948874624336
34.732346651842754 0.4595949825476725
35.20950999542733 0.4678473708806144
35.69322875142733 0.47503501660201225
36.183592980054996 0.4810652235633659
36.680693978796484 0.4858713367574344
37.18462429940999 0.48944530132918074
37.69547776515764 0.4918216770511547
38.213349488273295 0.49304134378773845
38.73833588767111 0.4931472000615754
39.27053470689724 0.4922028064574213
39.810045032327636 0.4902773339298713
40.35696731161653 0.48743826430827464
40.91140337239791 0.4837354956734925
41.47345644124447 0.4791928801778538
42.04323116288599 0.4738217209175474
42.62083361969313 0.46764411774850123
43.20637135142757 0.4607019298000094
43.79995337526443 0.453060210736332
44.40169020608918 0.44478907791641825
45.01169387707407 0.43594898759748385
45.630077960536134 0.4266089670026947
46.25695758908317 0.4168472946630332
46.89244947704882 0.40675126196053313
47.53667194222314 0.39640418726692694
48.18974492788122 0.38586942337310587
48.85179002511497 0.37519679306599807
49.52293049547057 0.364426003926216
50.203291293898545 0.3535969149017535
50.892999092017504 0.34274195164551086
51.59218230169866 0.33188930281817497
52.300971098973704 0.3210560244159559
53.01949744827186 0.3102551766183733
53.747895126988716 0.2994940316537899
54.486299750393634 0.28878485795330744
55.23484879687937 0.2781468622414507
55.993681633557536 0.2676034362354558
56.762939542206816 0.25718314690219646
57.542765745577 0.24691724692907852
58.33330543405516 0.2368337268936641
59.13470579269672 0.2269545748839091
59.94711602862981 0.2172946188291352
60.77068739883422 0.20786695261559954
61.60557323830346 0.19867849459732967
62.4519289885928 0.1897344328963826
63.30991222676023 0.1810404911648447
64.17968269470413 0.17259894456471048
65.06140232890503 0.16441634900283783
65.95523529057492 0.15650131947788415
66.86134799622154 0.14886380741932861
67.77990914863223 0.14151214350481842
68.7110897682839 0.13445023608890022
69.65506322518331 0.12768268568834584
70.61200527114671 0.121213385194953
71.58209407252068 0.11504598742429142
72.56551024335454 0.1091825492564999
73.56243687902708 0.103621788478651
74.57305959033656 0.0983597587073845
75.59756653805725 0.09338796524267454
76.63614846797233 0.08869431548406319
77.688998746388 0.084263982725794
78.75631339613388 0.0800820613126616
79.83829113305981 0.0761334537513676
80.93513340303375 0.07240575755703696
82.04704441944662 0.06888826402631393
83.17423120123385 0.0655722830982138
84.31690361141929 0.06244942022657098
85.47527439618712 0.05951021921478655
86.64955922449224 0.05674489381975276
87.8399767282139 0.054142020337859906
89.0467485428618 0.05169143410940244
90.27009934883984 0.04938344221278502
91.51025691327895 0.047208821425488746
92.76745213244237 0.04515887597525883
94.0419190747153 0.04322488795269673
95.3338950241841 0.04139734573494268
96.6436205248153 0.039667248836709586
97.97133942523939 0.03802680542023797
99.31729892415292 0.036469428654057404
100.68174961634142 0.034989705685009746
102.06494553933642 0.03358355815091849
103.46714422071275 0.03224760711745986
104.88860672603653 0.030978595909932804
106.32959770746969 0.029772928381880757
107.79038545304536 0.028626652677114783
109.27124193661719 0.027535690131341665
110.7724428684969 0.026496299272130108
112.29426774678653 0.025505404093112263
113.83699990941727 0.02455992814555766
115.40092658690057 0.023656818505473107
116.98633895580633 0.022793413207608547
118.5935321929759 0.02196725424353866
120.22280553047734 0.021176290037189155
121.87446231131845 0.02041840416661976
123.54881004592355 0.019691363562174918
125.24616046938768 0.01899297203895957
126.9668295995146 0.018321374284045715
128.71113779565616 0.017675062011770323
130.4794098183555 0.017052740939521235
132.2719748898136 0.016453472212891302
134.08916675518387 0.015876302270901328
135.93132374471102 0.015320450019534946
137.79878883672066 0.01478526416236259
139.69190972147797 0.01427012622543777
141.61103886591997 0.013774387231528174
143.55653357927997 0.013297335878072749
145.52875607961184 0.01283806606532803
147.52807356122997 0.012395734544197864
149.55485826307282 0.011969575759049549
151.6094875380095 0.01155897395516156
153.6923439230946 0.011163552822089787
155.80381521079127 0.01078290480730382
157.9442945211709 0.010416620050751117
160.1141803751067 0.01006437003525503
162.3138767684696 0.009725788991643197
164.54379324734643 0.009400460753863147
166.80434498429125 0.009087998680229963
169.0959528556216 0.00878790950382303
171.41904351977962 0.00849965192579299
173.77404949676932 0.008222659622718818
176.1614092486826 0.007956378734723605
178.5815672613344 0.007700281232851276
181.03497412701967 0.007453844029723782
183.5220866284035 0.007216575638915753
186.04336782356805 0.006988019394053712
188.59928713222507 0.006767742466715515
191.19032042311574 0.006555321988479853
193.81695010260628 0.006350303954787954
196.47966520450734 0.006152260580850537
199.17896148112058 0.00596080371264527
201.9153414955413 0.005775598470169764
204.6893147152261 0.005596339362895155
207.50139760684866 0.0054227257823039835
210.35211373245448 0.005254455017067353
213.24199384694236 0.005091248310394763
216.17157599687894 0.004932879901236446
219.14140562067564 0.004779178128345204
222.15203565013897 0.004630000490709021
225.20402661341916 0.004485275061275758
228.29794673936757 0.004344929221043372
231.43437206333482 0.004208881894704024
234.61388653441577 0.0040770656868175876
237.83708212417292 0.003949417537299402
241.1045589368498 0.003825863206203674
244.41692532110287 0.00370632324027092
247.7747979832626 0.003590730331507153
251.17880210215492 0.0034790103156841137
254.62957144550057 0.003371095378034306
258.12774848790883 0.003266902561468215
261.6739845304974 0.003166347165297886
265.26893982215284 0.003069332709666967
268.9132836824591 0.0029757608941718148
272.60769462631055 0.0028855422930558925
276.35286049024364 0.002798586773473585
280.14947856049685 0.002714805805466577
283.99825570283565 0.0026340951620472917
287.89990849415784 0.002556366466771507
291.85516335591007 0.0024815117608988947
295.86475668933133 0.002409422798177116
299.92943501256315 0.0023399844795126737
304.049955099634 0.0022730723627669355
308.2270841213606 0.0022085540950262427
312.4615997881805 0.0021462910250596213
316.75429049495153 0.0020861484939714327
321.1059554677323 0.002028006058748822
325.51740491259073 0.0019717394754073755
329.98946016644516 0.0019172313810500712
334.52295384998627 0.0018643697005963132
339.1187300226956 0.001813047228604818
343.7776443399981 0.001763167692001817
348.50056421256596 0.0017146364589290647
353.288368967818 0.0016673652267204559
358.1419500136375 0.001621276249035748
363.06221100433396 0.001576310365919806
368.05006800888845 0.0015324172003133097
373.1064496815138 0.001489556476249752
378.2322974345495 0.0014476945630125591
383.42856561373804 0.00140680043199459
388.6962216759114 0.0013668535103381486
394.0362463691098 0.0013278354679837525
399.4496339151835 0.0012897332143259642
404.9373921948983 0.0012525411801138685
410.50054293558924 0.0012162560541700794
416.1401219013833 0.0011808726134841152
421.85717908604715 0.0011463894911718662
427.65277890847307 0.0011128067937406195
433.52800041085817 0.0010801214555935248
439.48393745960277 0.0010483311742112526
445.5216989489724 0.00101743060659945
451.64240900755004 0.0009874138261089433
457.84720720753575 0.0009582719384502067
464.1372487769099 0.0009299939484324509
470.51370481452085 0.0009025677350058792
476.9777625081218 0.0008759670387265776
483.5306253554052 0.000850186155064721
490.1735133880757 0.0008252052918249084
496.90766339899767 0.0008010055823728762
503.7343291724628 0.0007775651120221882
510.65478171762675 0.0007548612148003843
517.6703095051483 0.0007328702288655255
524.7822187070793 0.0007115669477010083
531.9918334400555 0.0006909264501227984
539.300496011822 0.0006709244349807801
546.7095671711463 0.0006515383994828966
554.2204263611694 0.000632745292359583
561.8344719762339 0.0006145222131725685
569.55312162224 0.0005968470222287477
577.3778123805847 0.0005796982640696128
585.310001075713 0.0005630548935130579
593.3511645463639 0.0005468979136795722
601.5027999205237 0.0005312092095301421
609.7664248941713 0.0005159720913645333
618.143578013845 0.0005011715515336536
626.6358189630976 0.00048679319342558676
635.2447288528756 0.00047282243299533167
643.971910515904 0.00045924674589022617
652.8189888050989 0.00044605353460285045
661.7876108960919 0.0004332315191764632
670.8794465939033 0.00042076961056591666
680.0961886438369 0.0004086580607790941
689.4395530466318 0.000396886926634578
698.9112793779632 0.0003854467492971504
708.5131311123108 0.0003743286314475048
718.2468959512952 0.0003635238992274475
728.114386156515 0.00035302421997481285
738.1174388869584 0.000342821637024006
748.2579165410543 0.0003329083579801514
758.5377071034181 0.0003232768716998717
768.958724496357 0.00031391983420961595
779.5229089362167 0.00030482998604847313
790.2322272946132 0.0002960003321462659
801.0886734646313 0.0002874240116829655
812.0942687320552 0.000279094196278421
823.251062151699 0.0002710041598798663
834.5611309288977 0.00026314954820719005
846.0265808062566 0.0002555204095412798
857.6495464557 0.000248110813322465
869.4321918759116 0.00024091481417002594
881.376710795239 0.00023392659230914902
893.4853270801179 0.00022714047330566592
905.760295149132 0.00022055094289430598
918.2039003927352 0.00021415252675178323
930.8184595987584 0.0002079398240306996
943.606321383754 0.00020190754285064066
956.5698666302748 0.00019605050442162344
969.711508930141 0.00019036367047203055
983.0336950338262 0.00018484209948462746
996.5389053059847 0.0001794809403951509
1010.2296541872636 0.000174275511166606
1024.1084906624462 0.00016922137097940166
1038.1779987350249 0.0001643139633028593
1052.440797908315 0.0001595491183211595
1066.8995436731398 0.00015492267910515055
1081.5569280022494 0.00015043055118151607
1096.4156798515214 0.00014606882099975937
1111.4785656680413 0.00014183374679815005
1126.748389905172 0.00013772163958717006
1142.2279955446895 0.00013372891732610928
1157.9202646261133 0.00012985211157062293
1173.82811878327 0.00012608788263126242
1189.9545197882678 0.00012243280724073542
1206.3024701029242 0.00011888368569804413
1222.8750134377676 0.00011543744590046938
1239.6752353187505 0.00011209110563681252
1256.7062636616663 0.0001088417718388872
1273.9712693545846 0.00010568663248827157
1291.473466848161 0.0001026229542025924
1309.2161147541392 9.964808566532449e-05
1327.202516452043 9.675945298593167e-05
1345.4360207042046 9.395455857756979e-05
1363.9200222792683 9.123097420935966e-05
1382.6579625842087 8.858634098352433e-05
1401.65333030508 8.601837026967664e-05
1420.9096620565465 8.352484075683286e-05
1440.4305430403351 8.110359589834704e-05
1460.2196077127678 7.875253908124051e-05
1480.280540461371 7.646963458259538e-05
1500.6170762909255 7.425290684151854e-05
1521.2330015188022 7.21004388268841e-05
1542.132154479934 7.001036846284291e-05
1563.3184262414445 6.798088546577352e-05
1584.7957613270924 6.60102330121657e-05
1606.5681584517001 6.409670578575023e-05
1628.6396712656112 6.223864935580687e-05
1651.014409109429 6.043445591004337e-05
1673.6965377791066 5.868256239291604e-05
1696.690280301546 5.698145267208508e-05
1719.9999177208535 5.5329654841534146e-05
1743.629789895387 5.372574080759296e-05
1767.5842963057964 5.2168322125823214e-05
1791.8678968740905 5.065604982881019e-05
1816.4851127940217 4.918761521060071e-05
1841.440527372852 4.7761747992190036e-05
1866.7387868846797 4.63772150836405e-05
1892.3846014355354 4.503281765759888e-05
1918.3827458402343 4.3727391558840015e-05
1944.7380605114786 4.245980710387124e-05
1971.4554523609759 4.122896801917855e-05
1998.5398957130537 4.003380958985763e-05
2025.9964332307982 3.887329670924233e-05
2053.8301768548918 3.7746424714148264e-05
2082.0463087554112 3.665221845453547e-05
2110.650082296608 3.558973182724833e-05
2139.6468230150263 3.4558045502221576e-05
2169.0419296110204 3.355626573569897e-05
2198.8408749539035 3.25835255068299e-05
2229.049207100899 3.1638983090775884e-05
2259.6725503300854 3.072182191862089e-05
2290.7166061875823 2.9831248088024184e-05
2322.187154549024 2.896649017374928e-05
2354.090054695709 2.8126799819310447e-05
2386.4312464054888 2.7311450602872862e-05
2419.2167510586505 2.6519737457027778e-05
2452.452672759026 2.575097490146434e-05
2486.14519947042 2.500449719861045e-05
2520.3006041687404 2.4279658362508006e-05
2554.9252460099083 2.3575831478248213e-05
2590.025571513831 2.2892407753451287e-05
2625.608115764624 2.2228795321973428e-05
2661.679503627332 2.1584419653747515e-05
2698.246450981406 2.095872312935767e-05
2735.3157659710155 2.035116471007216e-05
2772.894350272663 1.9761218732699118e-05
2810.98920038014 1.9188374161056308e-05
2849.6074089071444 1.863213517743843e-05
2888.7561659078688 1.8092020441566265e-05
2928.442760215531 1.7567563027918528e-05
2968.6745807995953 1.7058309000081864e-05
3009.4591181413507 1.6563817207879655e-05
3050.803965628561 1.6083659718862457e-05
3092.7168209692236 1.5617421121156707e-05
3135.205487624725 1.5164698264671875e-05
3178.277876262777 1.4725099196811364e-05
3221.9420062301638 1.429824320655901e-05
3266.2060070458647 1.3883760900164952e-05
3311.0781199146136 1.3481293769992028e-05
3356.566699261279 1.3090493715113561e-05
3402.6802142863025 1.27110223109081e-05
3449.427250542527 1.2342551004656854e-05
3496.816511533715 1.1984760933212303e-05
3544.8568203349246 1.1637342698084112e-05
3593.557121235262 1.1299995730669362e-05
3642.9264814031503 1.0972427824247043e-05
3692.974092574461 1.0654355438754333e-05
3743.709272763921 1.0345503329632368e-05
3795.1414679998807 1.0045604480733268e-05
3847.2802540830608 9.754399353262712e-06
3900.1353383693904 9.471635669398068e-06
3953.716561577351 9.197068724662686e-06
4008.033899620154 8.930460961459769e-06
4063.097465463063 8.671581862830686e-06
4118.917511006329 8.42020731316617e-06
4175.504428993817 8.176119597732382e-06
4232.868754948027 7.93910748632945e-06
4291.021169131606 7.708965962734896e-06
4349.97249853583 7.485495986588522e-06
4409.733718896468 7.268504049230891e-06
4470.315956737112 7.057802263385821e-06
4531.730491440973 6.853208293746556e-06
4593.988757350727 6.6545452076451585e-06
4657.102345897475 6.461641143163218e-06
4721.083007758859 6.274329018652656e-06
4785.942655046823 6.092446687891945e-06
4851.6933635255145 5.915836757929025e-06
4918.347374859474 5.744346532840616e-06
4985.917098892902 5.577827618187117e-06
5054.4151159601415 5.416135750444202e-06
5123.854179227926 5.259130998008147e-06
5194.247217069801 5.10667751110106e-06
5265.6073354731325 4.958643482569342e-06
5337.947820479333 4.814900764765338e-06
5411.282140657344 4.675324854588646e-06
5485.623949611348 4.539794964415572e-06
5560.987088522818 4.408193853656321e-06
5637.385588727485 4.280407713192433e-06
5714.833674327851 4.156325896240719e-06
5793.3457648412195 4.03584095695978e-06
5872.936477884689 3.9188486306852235e-06
5953.620631896454 3.805247736689439e-06
6035.413248894853 3.6949400061763595e-06
6118.3295572752 3.587829903103773e-06
6202.38499464502 3.4838247019691964e-06
6287.595210698377 3.3828344008484537e-06
6373.976070129422 3.2847716790131173e-06
6461.543655586239 3.1895516860922654e-06
6550.314270665125 3.0970919332563586e-06
6640.304442946055 3.0073123987209774e-06
6731.530927069826 2.9201353953733653e-06
6824.010707857463 2.8354855572747434e-06
6917.761003472615 2.753289610543971e-06
7012.799268627118 2.6734763564051296e-06
7109.1431978308765 2.595976724952576e-06
7206.810728686253 2.5207236709786665e-06
7305.820045227716 2.447652119671276e-06
7406.18958130751 2.376698804049217e-06
7507.938024027558 2.307802279788848e-06
7611.084317218802 2.240902925317422e-06
7715.64766496817 2.175942879431617e-06
7821.647535194075 2.1128659531059263e-06
7929.10366327102 2.0516175195565084e-06
8038.036055703918 1.992144552466034e-06
8148.46499385312 1.9343955860924485e-06
8260.411037710268 1.8783206851869258e-06
8373.895029726327 1.823871333205625e-06
8488.93809869208 1.7710003636347184e-06
8605.561663671911 1.7196620149238104e-06
8723.787437991836 1.669811861549709e-06
8843.637433281778 1.6214068085536722e-06
8965.133963574253 1.5744049593007704e-06
9088.299649458473 1.5287655977875845e-06
9213.157422292088 1.4844492277921114e-06
9339.73052847058 1.4414175088157862e-06
9468.042533755317 1.3996332317689885e-06
9598.117327661244 1.3590602210574986e-06
9729.979127904471 1.3196633389155457e-06
9863.652484911367 1.2814084919761455e-06
9999.162286389377 1.2442625917244394e-06
10136.533761960702 1.2081935098807423e-06
10275.792487859611 1.173170011259781e-06
10416.964391694297 1.1391617720513468e-06
10560.07575727427 1.1061393626336759e-06
10705.153229503749 1.0740742270278835e-06
10852.223819342635 1.0429386239919986e-06
11001.31490883546 1.0127055840611606e-06
11152.454256209405 9.833489378736822e-07
11305.670001042601 9.548432816059876e-07
11460.990669502966 9.27163970963964e-07
11618.445179659464 9.002870514865692e-07
11778.062846866129 8.741892391647907e-07
11939.873389220073 8.488479488865584e-07
12103.906933094495 8.2424125523934e-07
12270.19401874765 8.003478824591528e-07
12438.76560600913 7.771471456075379e-07
12609.653080043745 7.546189506788131e-07
12782.88825719513 7.327438020839976e-07
12958.503390909325 7.115027778208259e-07
13136.531177739798 6.908775072850443e-07
13317.004763435243 6.708501304320687e-07
13499.957749110157 6.51403306184563e-07
13685.42419750154 6.325202058210222e-07
13873.438639310265 6.141844993149963e-07
14064.036079630272 5.963803245204774e-07
14257.252004465994 5.790922604963563e-07
14453.12238733906 5.623053419390503e-07
14651.68369598631 5.460050421934247e-07
14852.972899149016 5.301772681670864e-07
15057.027473456139 5.148083236656383e-07
15263.88541040172 4.998848937659344e-07
15473.585223418317 4.853940634649676e-07
15686.165955047498 4.7132329448790426e-07
15901.667184208869 4.576604215782982e-07
16120.129033569208 4.4439361724118783e-07
16341.592177012311 4.315113904488099e-07
16566.097847211964 4.1900259305133905e-07
16793.68784330875 4.068564043110981e-07
17024.404538692215 3.9506232011557234e-07
17258.290888890504 3.8361012822644565e-07
17495.390439567094 3.724899119173325e-07
17735.74733462931 3.6169204803245165e-07
17979.406324446336 3.5120719808144193e-07
18226.41277418138 3.410262922595677e-07
18476.81267223778 3.3114051298729026e-07
18730.652638821215 3.215413021538454e-07
18987.979934619896 3.1222035298999546e-07
19248.84246960324 3.031696062164044e-07
19513.288811942202 2.943812304940128e-07
19781.368197051754 2.858476124471207e-07
20053.130536757613 2.7756136645636085e-07
20328.626428589392 2.6951532237870453e-07
20607.907165200082 2.617025242492349e-07
20891.024743917045 2.5411620919375425e-07
21178.031876422046 2.467498059135112e-07
21468.981998565836 2.395969395698362e-07
21763.929280316795 2.3265142221565155e-07
22062.928635846372 2.2590724771435313e-07
22366.035733753604 2.1935857678675776e-07
22673.307007429077 2.129997384221478e-07
22984.799665562226 2.0682522981989273e-07
23300.571702792517 2.008297106717578e-07
23620.681910507123 1.9500799496245847e-07
23945.18988778676 1.8935504086700588e-07
24274.156052502098 1.8386595431546485e-07
24607.64165256279 1.7853598525335248e-07
24945.708777320247 1.7336052489957862e-07
25288.420369128038 1.6833509537731856e-07
25635.84023506057 1.6345534341354378e-07
25988.03305879276 1.58717045440862e-07
26345.064412643584 1.5411610118510624e-07
26707.00076978338 1.4964853319080645e-07
27073.909516611435 1.4531047455509668e-07
27445.858965301137 1.4109816739002324e-07
27822.91836651896 1.3700796637363106e-07
28205.157922317718 1.3303633286409758e-07
28592.64879920685 1.2917983261600532e-07
28985.463141402906 1.2543512677249224e-07
29383.674084260845 1.2179897228953944e-07
29787.35576789109 1.1826822250407536e-07
30196.583350963025 1.1483982350677566e-07
30611.433024698268 1.1151080998994701e-07
31031.982027056118 1.0827829907587747e-07
31458.308657113994 1.0513949202508516e-07
31890.492289645717 1.0209167261701027e-07
32328.613389899052 9.913220527340795e-08
32772.75352857749 9.625852959209829e-08
33222.99539702721 9.346815640365972e-08
33679.42282263263 9.075867040393987e-08
34142.120784424194 8.812772693531722e-08
34611.17542889925 8.557305144909234e-08
35086.67408606153 8.309243303800814e-08
35568.70528568043 8.068372270192659e-08
36057.35877377374 7.834483593755451e-08
36552.72552931687 7.607374913579271e-08
37054.897781181324 7.386849863142541e-08
37563.96902530686 7.172717529067887e-08
38080.0340421079 6.964792453505379e-08
38603.18891412063 6.762894701014938e-08
39133.53104389179 6.566849630699644e-08
39671.159172113235 6.376487689459651e-08
40216.17339600653 6.191644036510335e-08
40768.67518795762 6.012158622182948e-08
41328.76741441152 5.837876125013618e-08
41896.5543550225 5.6686458267846247e-08
42472.14172207 5.5043213264326045e-08
43055.63668014032 5.344760295085763e-08
43647.14786607863 5.189824610307934e-08
44246.78540921624 5.0393801976652256e-08
44854.660951872786 4.893296984756977e-08
45470.88767014471 4.7514485613609113e-08
46095.58029497464 4.6137120362754615e-08
46728.85513351335 4.479968210336031e-08
47370.83009077441 4.350101361354339e-08
48021.62469158451 4.223999209032705e-08
48681.36010283937 4.101552590511195e-08
49350.15915606092 3.982655449218856e-08
50028.1463702674 3.867204892789151e-08
50715.447975156494 3.75510105106267e-08
51412.19193460685 3.646246975410686e-08
52118.50797050403 3.540548411117036e-08
52834.52758689002 3.4379138316406514e-08
53560.38409445008 3.3382544196168035e-08
54296.2126353306 3.241483985309314e-08
55042.15020830108 3.147518818159798e-08
55798.33569426194 3.056277535574629e-08
56564.909882099266 2.9676811503735292e-08
57342.01549490042 2.8816529948454645e-08
58129.797216524275 2.798118685754489e-08
58928.40171853993 2.7170059430731163e-08
59737.97768753427 2.638244498511778e-08
60558.675852794695 2.5617661864156485e-08
61390.64901437342 2.487504829848406e-08
62234.052071533755 2.4153962281264775e-08
63089.04205159299 2.3453779627363365e-08
63955.778139155576 2.277389383804795e-08
64834.42170575184 2.2113716544655212e-08
65725.13633988229 2.1472676629720317e-08
66628.08787747489 2.0850219751620984e-08
67543.4444327621 2.0245806969179243e-08
68471.376429578 1.9658914875826922e-08
69412.05663309203 1.9089035588035016e-08
70365.66018197202 1.8535676221272843e-08
71332.36462099312 1.7998358127721013e-08
72312.34993409464 1.7476615967899038e-08
73305.79857788702 1.6969998043070274e-08
74312.89551562606 1.647806594475815e-08
75333.82825164682 1.60003943048381e-08
76368.78686627514 1.5536569833753933e-08
77417.96405121712 1.5086190742513784e-08
78481.55514543469 1.4648867216494354e-08
79559.75817151606 1.4224220818998988e-08
80652.77387254055 1.3811884450198155e-08
81760.80574945807 1.341150120940505e-08
82884.06009897409 1.3022724261943002e-08
84022.74605195966 1.2645217161148001e-08
85177.07561238963 1.2278653307564233e-08
86347.2636968102 1.1922715734512272e-08
87533.52817435811 1.15770962793929e-08
88736.08990731844 1.1241495625095916e-08
89955.17279225074 1.0915623348897873e-08
91191.00380167091 1.0599197589790579e-08
92443.81302631098 1.0291944662105226e-08
93713.83371795966 9.993598488217065e-09
95001.30233288562 9.703900758150155e-09
96306.45857586709 9.422600777070895e-09
97629.54544481641 9.149455293899958e-09
98970.80927602427 8.884227994079874e-09
100330.49979002282 8.626689137627158e-09
101708.87013807886 8.376615803775904e-09
103106.17694932868 8.133791591269092e-09
104522.68037855318 7.898006570304306e-09
105958.64415462028 7.669056682402122e-09
107414.3356295821 7.446743585361596e-09
108890.02582845304 7.230874888993844e-09
110385.98949967172 7.0212638240062126e-09
111902.50516624976 6.817729152203002e-09
113439.85517763418 6.620094668478487e-09
114998.32576227108 6.4281892043028915e-09
116578.20708089892 6.241846687429722e-09
118179.79328057094 6.0609059327874785e-09
119803.38254941991 5.8852104498586575e-09
121449.27717217807 5.7146080974536736e-09
123117.78358645209 5.548951157550508e-09
124809.21243978344 5.388096275485186e-09
126523.87864748019 5.231904345658488e-09
128262.10145125142 5.08024024592905e-09
130024.20447864402 4.932972612668645e-09
131810.51580329632 4.7899739656209686e-09
133621.36800602218 4.6511205601684735e-09
135457.0982367262 4.51629234580041e-09
137318.0482771828 4.3853726510980704e-09
139204.56460466428 4.258248052594851e-09
141116.99845645102 4.134808535288535e-09
143055.7058952283 4.014947293218616e-09
145021.0478753728 3.898560696303002e-09
147013.3903101642 3.78554799176158e-09
149033.1041399057 3.675811294562053e-09
151080.56540098958 3.569255639716835e-09
153156.15529590845 3.4657888519137125e-09
155260.26026422778 3.365321451564572e-09
157393.27205453772 3.267766445482987e-09
159555.5877973829 3.1730393591418473e-09
161747.61007921054 3.081058218140418e-09
163969.7470173179 2.9917434735331227e-09
166222.41233583953 2.905017863925693e-09
168506.0254427782 2.8208062765674816e-09
170821.01150808437 2.7390358101508776e-09
173167.80154282486 2.6596357038571796e-09
175546.8324794224 2.5825373055705767e-09
177958.5472530084 2.507673903808706e-09
180403.3948838895 2.4349806438643866e-09
182881.83056114637 2.364394612171769e-09
185394.31572738607 2.2958547306341417e-09
187941.31816464677 2.2293017446717846e-09
190523.3120815011 2.1646780445951405e-09
193140.77820133764 2.1019276535379674e-09
195794.203851867 2.0409962677441507e-09
198484.08305585332 1.981831175845183e-09
201210.91662309208 1.9243812143970292e-09
203975.21224365672 1.8685966413708805e-09
206777.48458241223 1.8144291488990371e-09
209618.25537484925 1.7618318616362633e-09
212498.0535242127 1.7107592887326397e-09
215417.4151999783 1.6611672529687625e-09
218376.88393768153 1.6130128054456684e-09
221377.01074010486 1.5662542565775191e-09
224418.35417987796 1.5208511432510718e-09
227501.48050346415 1.476764206053089e-09
230626.96373659064 1.4339553000626906e-09
233795.38579112155 1.3923873418272535e-09
237007.3365733985 1.3520243533626749e-09
240263.41409407678 1.3128314066793974e-09
243564.22457945347 1.274774620245382e-09
246910.3825843504 1.237821053460712e-09
250302.5111065227 1.2019386951812857e-09
253741.24170265513 1.1670964929076657e-09
257227.2146059502 1.1332643030961635e-09
260761.0788453183 1.1004128710303307e-09
264343.49236623105 1.068513754584158e-09
267975.12215320265 1.0375393282515092e-09
271656.6443539873 1.0074627873328386e-09
275388.74440545426 9.782581174250951e-10
279172.1171612094 9.499000584699502e-10
283007.467020969 9.223640526090964e-10
286895.50806169497 8.956262590941875e-10
290836.9641705597 8.6966353992954e-10
294832.56917970895 8.444534442212256e-10
298883.0670028946 8.199741611105756e-10
302989.2117739778 7.962044865527732e-10
307151.7679873344 7.731238460508869e-10
311371.510640197 7.507122667510224e-10
315649.225376933 7.28950373151623e-10
319985.7086353352 7.078193314174293e-10
324381.76779489144 6.873008355334828e-10
328838.2213271097 6.6737712875892e-10
333355.8989479097 6.480309731950541e-10
337935.6417720859 6.292456413043482e-10
342578.30246992887 6.110048700885263e-10
347284.7454259623 5.932928615290085e-10
352055.8468998841 5.760942879110006e-10
356892.4951897092 5.593942726347358e-10
361795.5907971542 5.431783722709322e-10
366766.0465953034 5.274325448204594e-10
371804.787998553 5.121431566318116e-10
376912.75313492905 4.972969767199492e-10
382090.89302073454 4.828811663132546e-10
387340.17173761956 4.68883254195577e-10
392661.56661207555 4.5529111605044694e-10
398056.06839739543 4.4209298607340884e-10
403524.6814581432 4.2927744319789324e-10
409068.42395713145 4.1683340734458437e-10
414688.32804500853 4.0475011022300913e-10
420385.44005241024 3.930170833190479e-10
426160.8206847747 3.81624172785773e-10
432015.54521983466 3.705615209516715e-10
437950.70370779734 3.598195631877309e-10
443967.401174317 3.493890004313418e-10
450066.75782621355 3.392607983723536e-10
456249.90926004347 3.294261921731317e-10
462518.00667352864 3.1987667449952596e-10
468872.2170798858 3.1060398675438206e-10
475313.7235251161 3.016000998280826e-10
481843.72530824575 2.928572171343475e-10
488463.4382046425 2.843677728076772e-10
495174.09469235135 2.7612442486625305e-10
501976.94418156834 2.6812004240192226e-10
508873.2532472677 2.6034769282005246e-10
515864.30586499424 2.5280064768619446e-10
522951.40364994673 2.4547237609784214e-10
530135.8660992933 2.3835654179797584e-10
537419.0308378504 2.314469875920927e-10
544802.2538671232 2.2473772766060536e-10
552286.9098177678 2.1822295538905572e-10
559874.392205536 2.118970335658898e-10
567566.1136906985 2.057544932381004e-10
575363.5063410908 1.997900172711662e-10
583268.0218987141 1.9399843927414085e-10
591281.132050037 1.88374747256905e-10
599404.3286999962 1.8291407621612791e-10
607639.1242497605 1.776117039770683e-10
615987.0518783282 1.724630395573881e-10
624449.6658279498 1.67463624377035e-10
633028.5416935378 1.6260913205434666e-10
641725.2767159878 1.5789536400466406e-10
650541.4900795672 1.5331824285285925e-10
659478.8232133903 1.4887380459415693e-10
668538.9400969966 1.4455820148353192e-10
677723.5275701912 1.4036769895922157e-10
687034.2956470774 1.3629867356794106e-10
696472.9778344453 1.323476046908735e-10
706041.3314545183 1.2851106967959662e-10
715741.1379721342 1.2478574794206005e-10
725574.2033264381 1.2116841578334586e-10
735542.3582670857 1.176559461025393e-10
745647.4586951381 1.1424529860534324e-10
755891.3860085674 1.1093351881973963e-10
766276.0474525525 1.0771774074102759e-10
776803.3764745882 1.0459518226651183e-10
787475.3330844253 1.0156314330659135e-10
798293.9042190365 9.861899877135189e-11
809261.1041125148 9.576019896161676e-11
820378.9746711048 9.298426992524399e-11
831649.5858533691 9.028881065909652e-11
843075.0360555758 8.767148976398244e-11
854657.4525023996 8.513004065170124e-11
866398.9916429389 8.266226293769573e-11
878301.8395522583 8.026602108994743e-11
890368.2123383597 7.793924299991948e-11
902600.3565548013 7.567991561534408e-11
915000.5496189652 7.348608189108684e-11
927571.1002360688 7.135584290166093e-11
940314.3488290261 6.9287355243299e-11
953232.6679741526 6.727883065127358e-11
966328.4628429526 6.53285308329567e-11
979604.1716498788 6.34347662327122e-11
993062.2661063015 6.159589798398485e-11
1006705.2518807154 5.98103351124387e-11
1020535.6690652079 5.80765337353905e-11
1034556.0926484396 5.639299284575044e-11
1048769.132995016 5.47582543636281e-11
1063177.4363315152 5.317090361049949e-11
1077783.6852391658 5.16295675484098e-11
1092590.599153293 5.013291310841291e-11
1107600.9348696547 4.8679644272380056e-11
1122817.4870576598 4.7268502720910015e-11
1138243.0887807508 4.5898267294114606e-11
1153880.6120238237 4.4567753035692937e-11
1169732.9682279595 4.327580890384527e-11
1185803.1088325048 4.202131587459631e-11
1202094.0258245277 4.0803188021712666e-11
1218608.7522959455 3.9620371232584895e-11
1235350.363008158 3.847184286968535e-11
1252321.9749645912 3.735660906172999e-11
1269526.7479909721 3.627370361298573e-11
1286967.885323658 3.522218937090873e-11
1304648.634206043 3.420115652028896e-11
1322572.2864930846 3.320972228533662e-11
1340742.1792642614 3.2247028401250357e-11
1359161.6954448263 3.131224104535965e-11
1377834.2644356727 3.040455126291519e-11
1396763.362751828 2.952317386825777e-11
1415952.514669714 2.8667346626925594e-11
1435405.2928833377 2.783632848547884e-11
1455125.3191694007 2.7029399857098506e-11
1475116.2650616963 2.6245862446716763e-11
1495381.8525346199 2.548503862503995e-11
1515925.8546961623 2.4746270238657605e-11
1536752.096490422 2.402891743791473e-11
1557864.4554096789 2.3332359221199408e-11
1579266.8622164014 2.2655992815848005e-11
1600963.301675021 2.1999233416098177e-11
1622957.8132938587 2.1361512738307227e-11
1645254.4920772058 2.0742278316231524e-11
1667857.4892877385 2.0140994227745912e-11
1690771.0132194455 1.9557140185604326e-11
1713999.329981066 1.8990211428017124e-11
1737546.7642904634 1.843971720558864e-11
1761417.7002797371 1.7905180685691336e-11
1785616.582311508 1.7386139284379458e-11
1810147.915806379 1.688214398545712e-11
1835016.2680817565 1.639275895166916e-11
1860226.2692022475 1.5917560454431294e-11
1885782.612841615 1.5456136988588465e-11
1911690.0571567665 1.5008089248735104e-11
1937953.4256735584 1.457302972587814e-11
1964577.6081848836 1.4150582095106976e-11
1991567.5616611035 1.3740380495261522e-11
2018928.3111728583 1.3342069798279658e-11
2046664.9508267664 1.295530532105508e-11
2074782.6447137715 1.2579752636438908e-11
2103286.6278706463 1.2215086805842123e-11
2132182.207254662 1.1860991933055943e-11
2161474.7627316434 1.1517161543670623e-11
2191169.748077654 1.1183298105892518e-11
2221272.691994295 1.0859113002135231e-11
2251789.1991381873 1.0544325625368853e-11
2282724.9511643574 1.0238663292277667e-11
2314085.707784107 9.941861483641353e-12
2345877.307837404 9.653663424891671e-12
2378105.6703798804 9.373819908901425e-12
2410776.795784984 9.102088650791415e-12
2443896.7668610476 8.839694310036396e-12
2477471.74998385 8.586587141675668e-12
2511507.9962446797 8.34274109947643e-12
2546011.842614172 8.108151461868062e-12
2580989.713122199 7.882831703436023e-12
2616448.1200537984 7.66680987331222e-12
2652393.665161796 7.460124146780025e-12
2688833.0408958276 7.262817920934444e-12
2725773.0316484096 7.0749340990575436e-12
2763220.515018066 6.896509393790402e-12
2801182.4630898107 6.72756856378397e-12
2839665.94373329 6.568118707741821e-12
2878678.1219185707 6.418144038795917e-12
2918226.2610502965 6.277600698796699e-12
2958317.7243198873 6.146412772054143e-12
2998959.9760764833 6.0244689610370744e-12
3040160.5832167286 5.9116202105121985e-12
3081927.2165934667 5.8076783640957905e-12
3124267.6524440916 5.712415559893372e-12
3167189.7738382206 5.62556503366879e-12
