"t (day)" "dm/dt (M_sun/yr)"
13.56943224542331 0.0005396159155112553
13.75277209848355 0.0007944788261811334
13.93858910026399 0.0011775554223575771
14.126916720114952 0.0017516824400757673
14.317788879599302 0.002607327766433063
14.511239958602161 0.0038722879566658467
14.70730480152363 0.005721615963740056
14.906018723554745 0.00838781704389063
15.10741751703867 0.012168845918625621
15.311537457917392 0.01743174042664234
15.518415312265923 0.024612785761978152
15.728088342914548 0.03420844990686068
15.940594316160517 0.04674634363163983
16.155971508570577 0.06274111966762938
16.37425871387541 0.08265461854088225
16.595495249957114 0.10686101415225593
16.81972096593099 0.13561915972518926
17.046976249323457 0.16906019789474602
17.277302033346334 0.2071466369532056
17.51073980427002 0.2495872371938606
17.747331608895724 0.29572204346022785
17.98712006212923 0.34433563536075645
18.230148354656347 0.39414308440961887
18.47646026072279 0.4447193175265066
18.726100146018418 0.496077158046597
18.979112975668706 0.5482564943144862
19.235544322333705 0.6012593250883984
19.495440374416496 0.6550406033269792
19.758847944382907 0.7096183373027806
20.02581447719305 0.7650921523889433
20.29638805884744 0.8216561393996956
20.570617425047917 0.8795171523487687
20.848551969976228 0.9387367718885368
21.1302417551906 0.999244807528079
21.415737518643144 1.0609846632831617
21.705090683818426 1.1238831283841366
21.998353368996177 1.1877444842494063
22.29557839663873 1.2523436757555004
22.596819302905253 1.3175860310183287
22.902130347294804 1.3833644484956054
23.21156652241965 1.4494763872295302
23.525183563910417 1.515510896758727
23.84303796045507 1.5809408261313262
24.165186963973962 1.6452901056309728
24.491688599931695 1.708180484700505
24.822601677789013 1.7691825209580845
25.1579858015952 1.8277397142768987
25.49790138072435 1.8832354898848347
25.842409640755882 1.9352400592155587
26.19157263450291 1.9836054127866818
26.545453253188786 2.0282622420454546
26.9041152377754 2.069015368815911
27.267623190444088 2.1056492387946375
27.636042586231575 2.138252440892359
28.009439784823723 2.1671222814380475
28.38788204250782 2.1923997534704824
28.77143752428717 2.2138693209109253
29.160175316158597 2.2311604518395574
29.554165437556588 2.243979430453056
29.953478853964796 2.252327635145985
30.358187489698768 2.2563257482093064
30.76836424086047 2.2560598215957866
31.184082988468802 2.2514466220446265
31.605418611766773 2.2422985598984106
32.03244700170874 2.2284466991064273
32.465245074629884 2.209804190670469
32.903890786100604 2.186725211252003
33.34846314496769 2.1599286248167737
33.799042227585176 2.1302874716886975
34.255709192238285 2.0984658493335493
34.7185462937609 2.0647280079532044
35.18763689835205 2.0290918115442746
35.663065498591166 1.9916553267335764
36.144917728657454 1.9526153627034468
36.63328037975376 1.9121835917379342
37.12824141573997 1.8704300328333174
37.62988998897656 1.8273623197841684
38.13831645638304 1.7829895294454545
38.65361239571296 1.7373911777545472
39.175870622048684 1.6906977035419828
39.705185204519665 1.6431324220220027
40.24165148324564 1.5949883425438827
40.78536608650984 1.546580416330786
41.33642694816313 1.498253241404897
41.89493332526441 1.4502244610626498
42.460985815958225 1.4026222928481777
43.03468637759502 1.3555382541252121
43.6161383450952 1.3090508791662696
44.2054464495623 1.263253552612165
44.80271683714685 1.2181897849032524
45.40805708816537 1.1738356612786875
46.02157623647782 1.130137050730553
46.643384789126905 1.0870639341187176
47.27359474624256 1.0446424301902615
47.91231962121504 1.0029556770898462
48.5596744611416 0.9621256710985612
49.21577586754803 0.9222962545745944
49.88074201739169 0.8835897283150711
50.55469268434673 0.8460589806870353
51.23774926037848 0.8096949826054016
51.93003477760821 0.7744663807870191
52.63167393047348 0.7403988205519304
53.342793098188274 0.7075609841518572
54.06352036750666 0.6760581693221491
54.79398555579355 0.6459445767729237
55.534320234407154 0.617200140430497
56.28465775239818 0.5897420540381098
57.04513326052794 0.563466687778969
57.81588373561255 0.5382967948745647
58.597048005194296 0.5141899569418212
59.38876677254815 0.49112244045539866
60.19118264202421 0.4690875193701627
61.00444014473473 0.4480929830059832
61.82868576458596 0.4281408907903076
62.664067964663666 0.4092191532627911
63.51073721397401 0.3912980871552066
64.36884601454574 0.3743414498413059
65.23854892889902 0.35830268779723684
66.12000260788561 0.343137503013054
67.01336581890448 0.32879506906596206
67.91879947449858 0.3152243249732376
68.83646666133939 0.30236402922872313
69.76653266960095 0.2901505798472047
70.70916502273296 0.2785319881600107
71.6645335076342 0.2674662625116061
72.63281020523534 0.2569273688871681
73.61416952149364 0.24688838082759798
74.60878821880699 0.23731720074395704
75.61684544785226 0.22817962546337964
76.6385227798544 0.21944345445963678
77.67400423929085 0.2110843083249775
78.72347633703727 0.2030835041060977
79.7871281039632 0.19542383133949837
80.86515112497891 0.18808386651119954
81.95773957354501 0.18103885623503063
83.06509024664568 0.1742630128966007
84.18740260023692 0.16773592527929776
85.32487878517139 0.16144274069466263
86.47772368361105 0.15537498732072147
87.64614494592915 0.1495298946164239
88.83035302811352 0.14390440808169053
90.03056122967322 0.13849190951347945
91.24698573205795 0.13328267634510318
92.47984563759658 0.12826785978445343
93.72936300896262 0.12343828662344244
94.99576290917155 0.11878849004234512
96.27927344211865 0.11431588308996704
97.58012579366647 0.11002019128840287
98.8985542732843 0.1059005038264968
100.23479635625372 0.10195309385876858
101.589092726441 0.0981719956143844
102.96168731965037 0.09454945288336308
104.35282736756129 0.09107768942084271
105.7627634422593 0.08774936016560408
107.19174950136942 0.08455903971787344
108.64004293379945 0.0815029268038269
110.10790460610059 0.07857767655423219
111.5955989094538 0.07577861857133024
113.1033938072936 0.07310079824843309
114.63156088357184 0.07053853440686719
116.18037539167712 0.06808601765626662
117.75011630401175 0.06573668272430833
119.34106636224172 0.06348435150959204
120.95351212822351 0.061323547279918726
122.58774403561898 0.05925010896577555
124.24405644220899 0.057259701750500866
125.9227476829133 0.05534852942785635
127.6241201235265 0.053512521477035946
129.34848021517922 0.05174847519760119
131.09613854953693 0.05005350726228404
132.8674099147441 0.048424427545495766
134.66261335212332 0.04685759233244717
136.48207221364004 0.04534979067471978
138.32611422014693 0.043898104321403994
140.19507152041055 0.04250023375675687
142.08928075094008 0.041153750337300135
144.00908309662032 0.039856323108667685
145.95482435216766 0.0386053864889637
147.92685498441386 0.03739852640354058
149.9255301954314 0.03623370383802546
151.95120998651333 0.0351088808625938
154.00425922301693 0.034022246253220874
156.08504770008284 0.032971932740019395
158.1939502092417 0.03195631909261827
160.33134660592356 0.030974182992250108
162.49762187787496 0.030024468735278666
164.69316621450565 0.029106398088234727
166.91837507716656 0.02821915768782726
169.173649270383 0.02736191986624673
171.45939501404618 0.026533720257657257
173.77602401658092 0.025733515980780972
176.12395354910348 0.024960289804219094
178.50360652058075 0.024213121262111916
180.91541155400427 0.023491000978217203
183.3598030635928 0.022792729959707055
185.83722133303976 0.02211708572238346
188.34811259481782 0.021462943338433033
190.89292911055378 0.02082917532328954
193.47212925248837 0.020214881228251658
196.08617758604143 0.01961926425029926
198.73554495348557 0.019041567696109294
201.42070855875826 0.018481111520762157
204.14215205341202 0.01793727225716587
206.90036562373274 0.01740948561446563
209.6958460790308 0.01689721908746902
212.52909694112532 0.0163998449729914
215.40062853503952 0.01591672787454123
218.31095808092144 0.015447307325575298
221.26060978720434 0.014991077318085699
224.25011494502607 0.014547477210985019
227.28001202392826 0.014116015397772816
230.35084676884188 0.013696280367361133
233.46317229839028 0.013287913397808895
236.61754920451338 0.012890532960969652
239.81454565344447 0.012503788970217627
243.05473748804738 0.012127316340876071
246.33870833153574 0.011760858255615568
249.66704969259644 0.011404086941165724
253.04036107193318 0.011056798597090587
256.45925007024726 0.010718813842011676
259.92433249767726 0.01038995406393452
263.4362324847225 0.010070059030329929
266.99558259465675 0.009758999459131605
270.6030239374702 0.00945667688289729
274.2592062853415 0.00916303091273316
277.9647881896795 0.008877951219632522
281.72043709973656 0.008601360319591033
285.52682948283433 0.008333171890439332
289.3846509462044 0.008073265261676848
293.2945963604837 0.007821522123442042
297.2573699848731 0.007577807262299888
301.2736855939871 0.007341986754060718
305.3442666064203 0.007113883892702725
309.46984621505055 0.0068933241197602175
313.6511675191006 0.0066801378594486885
317.88898365798286 0.006474154556258473
322.1840579469599 0.006275234534866891
326.5371640146269 0.006083204737656131
330.9490859422632 0.005897888725704407
335.42061840505585 0.005719097699930861
339.95256681524086 0.005546641297759259
344.54574746717196 0.0053803291790847484
349.20098768435037 0.0052199748671850075
353.9191259684435 0.005065376846442262
358.7010121503174 0.004916332430339818
363.54750754310663 0.004772647647599916
368.45948509735183 0.004634135205261072
373.43782955824076 0.004500607589037221
378.48343762496256 0.004371856734976861
383.5972181122274 0.004247676195151209
388.78009211395533 0.004127838378540568
394.03299316919083 0.004012104708343615
399.35686743024485 0.0039002403770367782
404.7526738331226 0.0037920125500646956
410.22138427024015 0.0036872007996462787
415.7639837654874 0.0035855919490857583
421.3814706516484 0.00348699229544584
427.07485675021945 0.0033911980280367576
432.84516755365905 0.0032980351616331686
438.69344241010276 0.003207328171656704
444.6207347105671 0.003118921409691193
450.62811207868555 0.0030326815077192566
456.7166565630134 0.002948491379670954
462.8874648319202 0.0028662465612066825
469.1416483711282 0.0027858613084979556
475.48033368390634 0.0027072628625374163
481.9046624939819 0.0026304006459780603
488.41579195118567 0.0025552343362302376
495.014894839875 0.002481738261142462
501.7031597901777 0.0024099000176531623
508.481791492091 0.0023396258133282443
515.352010912467 0.0022709963569578855
522.3150555149318 0.0022040155452409
529.3721794827793 0.002138690327570611
536.5246539448768 0.0020750248489633857
543.7737672046185 0.0020130169813736194
551.1208249719717 0.001952663031132198
558.567150598667 0.0018939570039162364
566.1140853165577 0.0018368933033821844
573.7629884792007 0.0017814655400761443
581.5152378067039 0.0017276643381214673
589.3722296338844 0.0016754751755242245
597.3353791617747 0.0016248760971391432
605.4061207125243 0.0015758405670350357
613.585907987754 0.0015283377223720784
621.8762143303979 0.0014823337571054033
630.2785329900801 0.0014377922152400086
638.7943773920742 0.0013946734847396576
647.4252814099098 0.0013529363938363447
656.1727996416495 0.0013125382269556574
665.0385076899005 0.0012734359758162926
674.0240024456144 0.0012355873076424803
683.1309023757227 0.0011989496997857991
692.3608478146514 0.0011634811844638548
701.7155012597751 0.001129140213028805
711.1965476708697 0.0010958848035694001
720.8056947736092 0.0010636739213007254
730.5446733671585 0.0010324672189845317
740.4152376359233 0.0010022258952832876
750.4191654655139 0.0009729127629713671
760.5582587629832 0.0009444924976848866
770.8343437813828 0.0009169316328127968
781.2492714487014 0.0008901978520523099
791.8049177012656 0.0008642602902651584
802.5031838216267 0.0008390898322741999
813.3459967810179 0.0008146589670099653
824.3353095864423 0.000790941617415724
835.4731016324521 0.0007679134468707001
846.7613790576752 0.0007455519314139183
858.2021751061544 0.0007238353472608157
869.7975504935815 0.0007027427979993022
881.5495937784755 0.0006822751730043153
893.4604217383702 0.0006623866901431332
905.5321797510833 0.0006430618149492682
917.7670421811514 0.0006242855099988331
930.1672127714722 0.0006060434781153296
942.7349250402387 0.0005883218887587006
955.4724426832435 0.0005711071573862555
968.3820599816195 0.0005543858495953235
981.4661022150822 0.0005381449879260022
994.7269260807558 0.0005223716113163882
1008.1669201176653 0.00050705306843596
1021.7885051369565 0.0004921770119617367
1035.5941346579457 0.0004777313717762968
1049.5862953500268 0.0004637044298733601
1063.767507480578 0.0004500849974910101
1078.1403253689277 0.0004368620588043498
1092.7073378464147 0.00042402465299045306
1107.4711687226957 0.00041156223661665116
1122.434477258363 0.0003994642764233692
1137.5999586439043 0.0003877205069252116
1152.9703444851755 0.0003763209074352467
1168.5484032954146 0.00036525566008188025
1184.3369409939016 0.0003545153284296384
1200.3388014113782 0.0003440905341023584
1216.5568668022518 0.0003339721572263836
1232.9940583637592 0.00032415140006037156
1249.6533367621491 0.00031461943460297614
1266.5377026659266 0.0003053677657166961
1283.650197286349 0.0002963881510956405
1300.993902925223 0.00028767258983495057
1318.5719435300584 0.0002792133164307348
1336.3874852567756 0.0002710027962281934
1354.4437370399853 0.0002630337142151087
1372.7439511709774 0.0002552989709978977
1391.2914238835476 0.00024779167280163854
1410.0894959476796 0.00024050513429631944
1429.1415532713008 0.00023343286343003637
1448.45102751017 0.00022656855953260766
1468.021396685953 0.00021990610633895264
1487.8561858127064 0.00021343956786990182
1507.9589675317895 0.0002071631842748098
1528.3333627553955 0.0002010713637357199
1548.9830413187105 0.00019515867925924295
1569.9117226409533 0.0001894198610121274
1591.1231763952967 0.00018384979850420352
1612.6212231878953 0.0001784435290137368
1634.4097352460078 0.00017319623611613416
1656.4926371154834 0.00016810324425292476
1678.8739063676737 0.0001631600159402271
1701.557574315829 0.00015836214807261518
1724.5477267412462 0.00015370536609426275
1747.8485046291942 0.00014918552144559208
1771.464104914778 0.00014479858568894262
1795.3987812389219 0.00014054065219446194
1819.6568447144925 0.00013640792730686382
1844.2426647028337 0.00013239672920418245
1869.160669600802 0.0001285034836713177
1894.4153476383617 0.0001247247222392266
1920.0112476870293 0.00012105707896344826
1945.9529800792407 0.00011749728624341646
1972.245217438711 0.00011404217279341983
1998.8926955221061 0.00011068865914031107
2025.9002140720345 0.00010743375892538471
2053.2726376815704 0.0001042745721632665
2081.014896670496 0.00010120828435686841
2109.1319879733014 9.823216320936321e-05
2137.628976039258 9.534355741050354e-05
2166.5109937446473 9.253989387129627e-05
2195.783243317255 8.981867473842068e-05
2225.4509972734045 8.717747578417026e-05
2255.519599367685 8.461394295576586e-05
2285.994465555406 8.212579338058867e-05
2316.8810849681595 7.971081022169932e-05
2348.1850209025047 7.736684199161676e-05
2379.911911822032 7.509179999513398e-05
2412.0674723729912 7.288365756113324e-05
2444.6574944135577 7.074044769727762e-05
2477.6878480570936 6.866026096846628e-05
2511.164482729499 6.66412442209593e-05
2545.0934282407666 6.468159793768831e-05
2579.480795871093 6.277957701436094e-05
2614.332779471682 6.093348683345772e-05
2649.655656580312 5.914168273227738e-05
2685.455789552095 5.740256801472946e-05
2721.739626705443 5.571459348609794e-05
2758.513703483538 5.4076255483330145e-05
2795.7846436315303 5.248609437612016e-05
2833.559160389551 5.09426935571184e-05
2871.8440577019232 4.944467741499214e-05
2910.6462314427345 4.7990711933568955e-05
2949.9726706578413 4.657950169572213e-05
2989.8304588237734 4.520978947108118e-05
3030.226775123651 4.388035467064083e-05
3071.1688957402184 4.259001308436931e-05
3112.664195166486 4.133761524028731e-05
3154.720147534004 4.012204535256335e-05
3197.3443279590956 3.894222052324862e-05
3240.544413907336 3.779708918880249e-05
3284.328186576339 3.668563158258015e-05
3328.7035322973447 3.560685744836485e-05
3373.6784439557473 3.455980572088524e-05
3419.2610224306914 3.3543543324944674e-05
3465.4594780542557 3.255716504612007e-05
3512.2821320902844 3.159979217303559e-05
3559.7374182331982 3.0670571765040705e-05
3607.83388412713 2.976867602184998e-05
3656.5801929054383 2.889330109294668e-05
3705.985124751152 2.8043667434550372e-05
3756.057578478506 2.7219018064716516e-05
3806.806573135702 2.6418618315815286e-05
3858.241249629462 2.564175490162322e-05
3910.370872371543 2.4887735872967058e-05
3963.2048309473385 2.4155889500830826e-05
4016.7526418072 2.344556377142014e-05
4071.023949980522 2.275612588889863e-05
4126.028530812987 2.208696136291136e-05
4181.776291727367 2.1437474284081327e-05
4238.277274007948 2.0807085992406107e-05
4295.541654609217 2.019523488552341e-05
4353.579747988987 1.9601375694157964e-05
4412.402007966127 1.9024979489862976e-05
4472.019029603561 1.8465532770841574e-05
4532.441551116705 1.7922537117903447e-05
4593.680455807524 1.7395508801539836e-05
4655.746774024901 1.6883978086548007e-05
4718.651685151412 1.638748943897304e-05
4782.406519616927 1.590560051352525e-05
4847.022760939534 1.5437882004217388e-05
4912.512047793828 1.4983917081772863e-05
4978.886176107327 1.4543301431380358e-05
5046.157101185214 1.4115642507703558e-05
5114.336939863605 1.3700559303947548e-05
5183.4379726921 1.3297682034737552e-05
5253.472646145805 1.2906651632830167e-05
5324.453574867075 1.2527119866305064e-05
5396.39354393775 1.2158748592994831e-05
5469.305511181968 1.1801209638317898e-05
5543.202609500117 1.1454184358549693e-05
5618.098149234422 1.1117363694018934e-05
5694.005620566262 1.0790447564326461e-05
5770.938695946093 1.0473144716320539e-05
5848.911232556195 1.0165172468869927e-05
5927.937274806497 9.866256349748073e-06
6008.031056864308 9.576130153876283e-06
6089.207005218268 9.294535395154117e-06
6171.479741276685 9.021221206962709e-06
6254.864084001247 8.75594400321859e-06
6339.375052576186 8.498467537638957e-06
6425.027869113513 8.24856241445369e-06
6511.837961394914 8.00600599092569e-06
6599.82096565046 7.770582172455832e-06
6688.992729375075 7.542081151527497e-06
6779.369314183071 7.32029942827158e-06
6870.966998700997 7.105039408069137e-06
6963.802281499851 6.896109320824486e-06
7057.891884066797 6.69332295796942e-06
7153.252753816975 6.496499731987297e-06
7249.902067146211 6.305464281768211e-06
7347.85723252465 6.120046412413944e-06
7447.135893632439 5.940080931126108e-06
7547.75593253782 5.765407460277957e-06
7649.735472917853 5.595870434822651e-06
7753.092883322941 5.431318807408942e-06
7857.846780485476 5.271605983102997e-06
7964.016032672886 5.116589615616677e-06
8071.61976308632 4.966131662635792e-06
8180.677353305081 4.820098070036492e-06
8291.208446777606 4.678358735644559e-06
8403.232952359775 4.540787378374908e-06
8516.771047900691 4.407261404991984e-06
8631.843183877214 4.277661894130108e-06
8748.470087077614 4.151873380597534e-06
8866.67276433465 4.029783802747782e-06
8986.47250630944 3.911284346294161e-06
9107.89089132644 3.796269487068581e-06
9230.949789259916 3.6846367500259187e-06
9355.671365473281 3.5762866810936194e-06
9482.078084811488 3.4711227451164606e-06
9610.192715647363 3.369051231383508e-06
9740.038333982791 3.2699812307124766e-06
9871.638327604931 3.173824477997054e-06
10005.016400298953 3.080495309890662e-06
10140.196576117663 2.9899105450954877e-06
10277.203203708488 2.901989517403292e-06
10416.060960699271 2.81665389177611e-06
10556.794858143325 2.7338276424856236e-06
10699.430245024172 2.6534369735537284e-06
10843.992812821578 2.5754102521753255e-06
10990.508600139055 2.4996779830215153e-06
11139.003997393876 2.426172693558984e-06
11289.505751570712 2.3548289001081933e-06
11442.040971039027 2.285583016089401e-06
11596.637130435953 2.2183733775514143e-06
11753.32207561518 2.1531401028111545e-06
11912.124028662263 2.0898250754816025e-06
12073.071592978125 2.0283718824729326e-06
12236.193758431238 1.968725767410796e-06
12401.519906578991 1.910833604740499e-06
12569.079815960096 1.8546438164042381e-06
12738.903667458246 1.8001063446764865e-06
12911.022049738223 1.7471725818385867e-06
13085.465964755764 1.6957953899010053e-06
13262.266833341306 1.6459289934857639e-06
13441.456500859653 1.597528966652891e-06
13623.06724294614 1.5505521846036992e-06
13807.131771319782 1.5049567913682519e-06
13993.68323967552 1.4607021752305723e-06
14182.755249655798 1.4177489083536362e-06
14374.381856903034 1.3760587250824783e-06
14568.597577193443 1.3355944680432533e-06
14765.437392654238 1.2963201033780092e-06
14964.936758064461 1.2582006389969663e-06
15167.13160724138 1.2212021143557e-06
15372.058359512484 1.1852915628454367e-06
15579.753926275538 1.150436989611868e-06
15790.255717647238 1.1166073491161245e-06
16003.601649201153 1.0837725015196757e-06
16219.830148797311 1.0519031953865944e-06
16438.980163503787 1.0209710263714394e-06
16661.091166611754 9.909484489863312e-07
16886.203164745693 9.618087142146228e-07
17114.356705068985 9.335258615796179e-07
17345.592882587447 9.060746898670366e-07
17579.953347551585 8.794307420948818e-07
17817.480312958236 8.535702855677939e-07
18058.21656215413 8.284702804759353e-07
18302.205456542284 8.041083661278499e-07
18549.490943391826 7.804628292871929e-07
18800.117563754025 7.575126132604502e-07
19054.130460484987 7.352372702865169e-07
19311.575386376688 7.136169553846453e-07
19572.498712398286 6.926324035705182e-07
19836.947436047998 6.722649198388958e-07
20104.96918981849 6.524963617819157e-07
20376.612249776714 6.333091170677411e-07
20651.925544258887 6.146860925005316e-07
20930.958662683715 5.966106897526276e-07
21213.761864484688 5.790668123822425e-07
21500.386088162282 5.620388294994661e-07
21790.88296045937 5.455115709953031e-07
22085.30480566013 5.294703098166647e-07
22383.704655014582 5.139007554341099e-07
22686.136256290974 4.987890389230289e-07
22992.65408345625 4.841216968809405e-07
23303.313346488205 4.698856627466102e-07
23618.170001320137 4.5606824820047785e-07
23937.280759919122 4.4265714858331575e-07
24260.703100501192 4.2964041516790893e-07
24588.495277884656 4.170064514599098e-07
24920.716333982342 4.0474399941264566e-07
25257.42610843661 3.9284213529385757e-07
25598.685249397593 3.812902570340091e-07
25944.555224447002 3.7007807279848217e-07
26295.098331670117 3.5919559410857336e-07
26650.377710876255 3.4863312158633475e-07
27010.457354971844 3.383812491381174e-07
27375.402121487143 3.284308427937584e-07
27745.277744257743 3.1877303783900773e-07
28120.150845264805 3.0939922809760494e-07
28500.08894663542 3.003010634291917e-07
28885.160482804014 2.914704391045617e-07
29275.434812839136 2.82899487732093e-07
29670.982232936378 2.7458057381342557e-07
30071.873989079937 2.665062828180395e-07
30478.182289875967 2.586694244128976e-07
30889.98031955806 2.5106301631364784e-07
31307.342251169517 2.4368028206213456e-07
31730.343259923804 2.3651464269559536e-07
32159.05953674434 2.2955971533660435e-07
32593.568301988493 2.2280930434239132e-07
33033.947819356436 2.1625739563934712e-07
33480.27740998778 2.0989815241918815e-07
33932.63746674952 2.0372590676556305e-07
34391.10946871553 1.9773516214705982e-07
34855.775995842974 1.9192058109334153e-07
35326.72074384707 1.8627698347294726e-07
35804.02853927547 1.8079934001972183e-07
36287.785354787666 1.754827716391206e-07
36778.07832464079 1.703225420853879e-07
37274.995760383405 1.65314054017608e-07
37778.62716676268 1.6045284560115568e-07
38289.06325784594 1.5573458409025569e-07
38806.39597335983 1.5115506775218951e-07
39330.7184952512 1.4671021646243535e-07
39862.125264470036 1.4239607037038023e-07
40400.711997980616 1.3820878487027829e-07
40946.575706002615 1.3414463036464374e-07
41499.81470948354 1.3019998624062424e-07
42060.528657808754 1.2637133815089314e-07
42628.81854675092 1.2265527533270732e-07
43204.78673666028 1.1904848568955803e-07
43788.536970902496 1.1554775727621577e-07
44380.17439454468 1.1214997112150442e-07
44979.80557329402 1.0885210019474037e-07
45587.538512693056 1.0565120549987905e-07
46203.48267757258 1.0254443611913452e-07
46827.749011768945 9.952902428282362e-08
47460.449958107834 9.660228351688095e-08
48101.69947865639 9.376160652400292e-08
48751.61307525052 9.100446143725793e-08
49410.30781029995 8.832839293306773e-08
50077.90232787129 8.573101677508987e-08
50754.516875060996 8.321001900867698e-08
51440.27332365207 8.07631529281193e-08
52135.29519206638 7.838823928158538e-08
52839.7076676135 7.608316225353963e-08
53553.63762903802 7.384586822146413e-08
54277.21366937378 7.167436404582163e-08
55010.566119106545 6.95667143586146e-08
55753.82706964785 6.752104219318891e-08
56507.13039712801 6.55355249669095e-08
57270.6117865107 6.360839382231956e-08
58044.408756030105 6.173793127287333e-08
58828.66068196385 5.992247149076767e-08
59623.50882373498 5.8160397045577927e-08
60429.096349356376 5.645013808595652e-08
61245.56836121911 5.479017096338296e-08
62073.07192222668 5.317901627595442e-08
62911.7560822847 5.161523918089122e-08
63761.77190514861 5.009744644089909e-08
64623.27249563172 4.862428588760501e-08
65496.41302718308 4.719444459440895e-08
66381.35076983862 4.580664919676861e-08
67278.24511854547 4.4459663253716885e-08
68187.25762187607 4.3152286723299466e-08
69108.55201112317 4.1883354857747026e-08
70042.29422979242 4.065173679713926e-08
70988.6524634927 3.945633567916398e-08
71947.79717022816 3.829608647095289e-08
72919.90111110194 3.7169955533755076e-08
73905.13938143472 3.6076939205213316e-08
74903.6894423012 3.501606412084563e-08
75915.73115249518 3.3986385085976754e-08
76941.44680092696 3.2986984751938727e-08
77981.02113945392 3.2016972731168984e-08
79034.64141616221 3.107548459024248e-08
80102.49740909056 3.0161681835072495e-08
81184.78146041423 2.927475032206348e-08
82281.68851109075 2.8413899906100386e-08
83393.41613597077 2.7578363342197493e-08
84520.16457938592 2.6767396583743315e-08
85662.13679121819 2.598027708045549e-08
86819.53846345308 2.5216303583016116e-08
87992.57806722968 2.44747954376155e-08
89181.46689039224 2.3755091868230422e-08
90386.41907554305 2.30565518898581e-08
91607.65165861913 2.2378553146359456e-08
92845.38460798052 2.172049162666652e-08
94099.84086403261 2.108178082292593e-08
95371.24637938316 2.046185196098967e-08
96659.83015953861 1.9860152701469186e-08
97965.82430415378 1.927614698798432e-08
99289.46404883913 1.8709314496995688e-08
100630.98780752702 1.815915012893042e-08
101990.63721542021 1.7625163884181575e-08
103368.65717251244 1.7106880014777016e-08
104765.2958876976 1.6603836796201436e-08
106180.80492348238 1.611558588213997e-08
107615.43924129318 1.5641692482584898e-08
109069.45724740125 1.518173437252593e-08
110543.12083946838 1.4735301774106245e-08
112036.69545371705 1.430199692772782e-08
113550.45011274227 1.3881433733457192e-08
115084.65747396961 1.3473237612148491e-08
116639.59387876128 1.30770448875744e-08
118215.53940219717 1.2692502603407064e-08
119812.7779035169 1.2319268028655094e-08
121431.59707725023 1.1957008795274676e-08
123072.28850503829 1.16054021416395e-08
124735.14770815017 1.126413482104942e-08
126420.4742007136 1.093290276750381e-08
128128.57154366511 1.0611410844822079e-08
129859.74739942436 1.0299372706782035e-08
131614.31358731163 9.996510348207847e-09
133392.586139715 9.702553958498012e-09
135194.88535900813 9.417241542563457e-09
137021.53587525064 9.140319027140011e-09
138872.86670465465 8.871539683433768e-09
140749.21130884907 8.610664056106753e-09
142650.90765494472 8.357459702917148e-09
144578.29827640514 8.111701020704631e-09
146531.73033474584 7.873169112715799e-09
148511.55568206654 7.641651463333831e-09
150518.1309244231 7.416941821090618e-09
152551.81748606166 7.198839908134386e-09
154612.98167452012 6.987151502352598e-09
156701.99474660124 6.78168799675848e-09
158819.2329752517 6.582266344383323e-09
160965.0777173299 6.388708855529302e-09
163139.9154822979 6.20084307832741e-09
165344.13800184196 6.018501677625578e-09
167578.14230042705 5.84152220001884e-09
169842.33076681083 5.669746980582571e-09
172137.11122652414 5.503022920195541e-09
174462.89701532412 5.3412015489699205e-09
176820.1070536466 5.184138689994215e-09
179209.16592206468 5.031694416578709e-09
181630.50393775626 4.883732894425661e-09
184084.5572320231 4.740122300704584e-09
186571.7678288384 4.60073471641871e-09
189092.58372446735 4.465445957241202e-09
191647.45896816248 4.334135499285952e-09
194236.85374394228 4.20668630843893e-09
196861.23445348183 4.082984889345147e-09
199521.0738001243 3.962921028792642e-09
202216.8508740154 3.846387762548952e-09
204949.05123840764 3.73328125253756e-09
207718.16701711505 3.623500732911464e-09
210524.69698314948 3.516948416269042e-09
213369.1466485706 3.413529372331436e-09
216252.02835552918 3.3131514689571953e-09
219173.86136855354 3.2157252413358767e-09
222135.17196808255 3.121163929816811e-09
225136.49354525332 3.029383284071845e-09
228178.36669797866 2.940301537376872e-09
231261.33932832308 2.853839311060254e-09
234385.96674118063 2.769919579345008e-09
237552.8117443097 2.6884675888626405e-09
240762.44474969542 2.6094107720188235e-09
244015.44387629593 2.5326787001892266e-09
247312.3950541763 2.458202983465717e-09
250653.89213004027 2.385917299865427e-09
254040.53697419664 2.315757245877436e-09
257472.93958897152 2.2476603165221165e-09
260951.71821857555 2.181565831038364e-09
264477.49946046504 2.1174149106443846e-09
268050.91837820923 2.0551504102886946e-09
271672.618615866 1.9947168570935797e-09
275343.25251392985 1.9360604132663733e-09
279063.4812268199 1.8791287992626396e-09
282833.97484197124 1.8238713163372435e-09
286655.4125005342 1.770238732489462e-09
290528.4825196947 1.7181832670049335e-09
294453.8825166572 1.6676585326780912e-09
298432.3195343031 1.6186195223556578e-09
302464.5101685361 1.5710225516261579e-09
306551.18069735885 1.5248252153335398e-09
310693.0672116955 1.4799863582238539e-09
314890.9157479621 1.4364660160560828e-09
319145.48242246074 1.3942254330113392e-09
323457.533567557 1.3532269746522137e-09
327827.8458697166 1.3134341159422337e-09
332257.2065094067 1.2748113963366606e-09
336746.4133028741 1.2373244122051045e-09
341296.2748458525 1.2009397690933983e-09
345907.6106592105 1.1656250512095872e-09
350581.25133655564 1.1313487982198762e-09
355318.0386938446 1.098080460115126e-09
360118.8259210172 1.0657904106492576e-09
364984.47773565707 1.0344498809146864e-09
369915.8705387645 1.004030950058632e-09
374913.8925725981 9.745065103858516e-10
379979.44408067083 9.458502636370967e-10
385113.4374699056 9.180366814938868e-10
390316.79747497005 8.910409843382187e-10
395590.4613248434 8.648391229295045e-10
400935.37891163497 8.394077438138944e-10
406352.51296166994 8.147241996965353e-10
411842.83920889883 7.907664987502438e-10
417407.3465706548 7.675132974228554e-10
423047.03732575825 7.449438733271128e-10
428762.9272950712 7.230381239787084e-10
434556.0460244479 7.017765343096328e-10
440427.4369701834 6.811401620256634e-10
446378.15768696653 6.611106231523394e-10
452409.28001835546 6.416700655245474e-10
458521.8902898441 6.228011767915185e-10
464717.0895045376 6.044871457322387e-10
470995.993541445 5.867116566839185e-10
477359.7333564962 5.694588684867129e-10
483809.45518623706 5.527134147290179e-10
490346.32075427903 5.364603771592067e-10
496971.5074805737 5.206852757110044e-10
503686.20869346784 5.053740570775437e-10
510491.6338446538 4.905130745273879e-10
517389.00872702175 4.760890938903738e-10
524379.5756954374 4.620892641583186e-10
531464.5938905211 4.485011131405958e-10
538645.3394654524 4.35312531115482e-10
545923.1058158075 4.2251177194256713e-10
553299.2038125556 4.100874313967336e-10
560774.9620381494 3.980284404747534e-10
568351.7270258367 3.863240561740939e-10
576030.8635022072 3.7496384688521056e-10
583813.7546329909 3.6393769577613944e-10
591701.8022722019 3.532357791461427e-10
599696.4272146472 3.428485628725916e-10
607799.0694518259 3.32766789719875e-10
616011.1884313077 3.229814808967537e-10
624334.2633196181 3.1348391846900736e-10
632769.7932686388 3.0426564095480346e-10
641319.2976856697 2.953184359035886e-10
649984.3165070772 2.866343293574125e-10
658766.4104756766 2.7820558752768346e-10
667667.1614218623 2.7002470088040975e-10
676688.1725485097 2.620843812426224e-10
685831.0687197531 2.5437755195283337e-10
695097.4967536643 2.468973495919072e-10
704489.1257188598 2.39637109755072e-10
714007.6472351436 2.3259036422911957e-10
723654.7757782108 2.2575083503500524e-10
733432.2489884292 2.1911242685174196e-10
743341.8279838624 2.126692276021438e-10
753385.2976774509 2.0641549677052896e-10
763564.4670985222 2.0034566305515146e-10
773881.1697186412 1.9445431672574906e-10
784337.2637818381 1.8873621135979764e-10
794934.632639324 1.831862523672005e-10
805675.1850887287 1.777994952485147e-10
816560.8557178954 1.7257114082351705e-10
827593.6052533477 1.6749652980673782e-10
838775.4209134678 1.6257114272321653e-10
850108.3167663993 1.5779059134774618e-10
861594.3340928673 1.5315061680666496e-10
873235.5417538163 1.486470836576229e-10
885034.0365630665 1.4427598149726605e-10
896991.9436650041 1.400334157873602e-10
909111.41691734 1.3591560680163476e-10
921394.6392790717 1.3191888582273484e-10
933843.8232036956 1.2803969127606534e-10
946461.2110376706 1.242745682587075e-10
959249.0754243596 1.2062016227777658e-10
972209.719713355 1.1707321772012065e-10
985345.4783753342 1.1363057331462011e-10
998658.7174225954 1.102891633746428e-10
1012151.8348351807 1.070460107968353e-10
1025827.2609928147 1.0389822624308441e-10
1039687.4591126791 1.0084300517461684e-10
1053734.9256930598 9.787762511098279e-11
1067972.1909630303 9.499944495907305e-11
1082401.8193382127 9.220590044244511e-11
1097026.4098826335 8.94945028709329e-11
1111848.5967769271 8.686283566264568e-11
1126871.049792756 8.430855530404849e-11
1142096.4747737092 8.182938600688653e-11
1157527.6141226885 7.942311907292442e-11
1173167.2472958476 7.70876105818322e-11
1189018.1913032378 7.482077945974286e-11
1205083.3012162223 7.262060672871048e-11
1221365.470681705 7.04851321777871e-11
1237867.632443346 6.841245337616713e-11
1254592.7588698287 6.640072300743495e-11
1271543.8624901872 6.444814961135614e-11
1288723.996536493 6.255299350624304e-11
1306136.2554937487 6.071356629575513e-11
1323783.7756572845 5.892822906713355e-11
1341669.735697686 5.719539104001466e-11
1359797.3572333027 5.551350881104942e-11
1378169.9054105417 5.388108393533765e-11
1396790.6894920038 5.229666213664069e-11
1415663.0634525125 5.075883126420293e-11
1434790.4265832503 4.926622186582214e-11
1454176.224104061 4.7817504075958435e-11
1473823.9477839386 4.641138723291891e-11
1493737.1365700462 4.504661847530069e-11
1513919.3772250882 4.3721981804860124e-11
1534374.304973379 4.243629737022862e-11
1555105.6041556387 4.1188419714521664e-11
1576117.0088925804 3.997723714454669e-11
1597412.3037575171 3.8801670164803354e-11
1618995.324458059 3.766067192016252e-11
1640869.9585269617 3.655322582099795e-11
1663040.1460223682 3.547834524611996e-11
1685509.8802375197 3.4435072449800834e-11
1708283.2084199507 3.342247791859945e-11
1731364.2325005769 3.243965971767599e-11
1754757.1098324577 3.1485742224928474e-11
1778466.0539396484 3.055987562811052e-11
1802495.3352761576 2.9661234724580314e-11
1826849.281995101 2.8789019263214384e-11
1851532.2807283092 2.7942452132014287e-11
1876548.7773764695 2.7120779127629186e-11
1901903.277909878 2.6323268104527223e-11
1927600.3491800735 2.554920853928231e-11
1953644.6197424552 2.479791094974791e-11
1980040.7806898863 2.4068705983740902e-11
2006793.5864977688 2.336094401881248e-11
2033907.855880328 2.2673994242327332e-11
2061388.4726585937 2.2007244915524367e-11
2089240.3866400965 2.1360101990378793e-11
2117468.614510379 2.0731988930829684e-11
2146078.2407366266 2.0122346050663696e-11
2175074.4184835125 1.9530630223211552e-11
2204462.3705412922 1.8956314375331183e-11
2234247.3902666485 1.8398886833842482e-11
2264434.8425360727 1.7857851007494783e-11
2295030.164712136 1.733272468190733e-11
2326038.867622984 1.6823040223481878e-11
2357466.5365548446 1.6328343523857912e-11
2389318.832258087 1.584819386127296e-11
2421601.491966866 1.5382163385465795e-11
2454320.330432453 1.493233920535372e-11
2487481.240970619 1.4498621168671537e-11
2521090.196523176 1.4080949466636302e-11
2555153.250733716 1.367930080429325e-11
2589676.5390381324 1.3293683240686363e-11
2624666.2797696223 1.2924129770135583e-11
2660128.7752787736 1.25706903624282e-11
2696070.413068778 1.2233423612794229e-11
2732497.66694588 1.1912387413683161e-11
2769417.098185474 1.1607629347982087e-11
2806835.3567139525 1.131917650210237e-11
2844759.182306425 1.1047025920554141e-11
2883195.4058007183 1.0791135620348949e-11
2922150.950327792 1.055141649125318e-11
2961632.8325586105 1.0327725360300987e-11
3001648.16396814 1.0119859194267702e-11
3042204.1521161445 9.927551325666965e-12
3083308.101945458 9.750469185259486e-12
3124967.417097784 9.588213908090554e-12
3167189.6012471635 9.440321257315209e-12
