"t (day)" "dm/dt (M_sun/yr)"
11.869408733501016 0.0006938434585290518
12.032239658773435 0.0010509883718238923
12.197304386151753 0.0015983390069162907
12.364633560133322 0.0024322644398434377
12.534258245613062 0.003691752718151039
12.706209933650868 0.005571343741416951
12.880520547317952 0.008333230148982218
13.057222447623262 0.012320316391676649
13.23634843952149 0.01796236810033624
13.417931778003368 0.02577153951147331
13.602006174269428 0.03632359469772102
13.78860580198852 0.05024121545495559
13.977765303642332 0.06816852017689527
14.169519796956596 0.09071023244351178
14.363904881421 0.11834885605260159
14.560956644898054 0.15140613719940066
14.76071167032306 0.19003667267761404
14.963207042495547 0.23421642470725032
15.168480354964379 0.2836910778791168
15.376569717006792 0.3378432594334696
15.58751376070369 0.3954981781381068
15.801351648111485 0.4549805533006387
16.01812307853285 0.5155899429543739
16.23786829588666 0.577510544215528
16.46062809617968 0.6411011235868715
16.686443835080013 0.7066109601202998
16.9153574355952 0.7742026321749056
17.147411395855 0.8440176890236527
17.382648797001462 0.9162728660400498
17.621113311186733 0.9912794026264047
17.86284920968113 1.069336061700834
18.107901371092044 1.1506083312537785
18.356315289695612 1.2350687712619564
18.60813708388293 1.3224660006485078
18.863413504721994 1.412509582101717
19.12219194463709 1.505046462262841
19.384520446207127 1.6000415911467778
19.650447711085025 1.6974616107025775
19.92002310903906 1.7971607937715661
20.193296687118643 1.8988686658830747
20.470319178945275 2.002147332600513
20.751142014131798 2.1063903153410526
21.03581732782984 2.2109134346791532
21.32439797040931 2.3151418369965358
21.61693751726963 2.4185414586463416
21.91349027878656 2.5207576477138125
22.214111310394582 2.6214169859950887
22.51885642280838 2.7199839332647504
22.827782192383793 2.815745498811523
23.14094597162173 2.9081838496650594
23.458405899815304 2.9970997106844357
23.780220913843863 3.082267293728031
24.106450759114466 3.1630067733879317
24.437156000653708 3.2386042167643083
24.77239803435173 3.30887895758846
25.112239098360643 3.3740686196718834
25.456742284648833 3.434226841203718
25.805971550714183 3.4890730367070613
26.15999173145801 3.538115305637451
26.518868551221438 3.5809045351177957
26.882668635987702 3.6171005310968987
27.251459525750725 3.646280331332661
27.625309687054653 3.6679521746000825
28.004288525704233 3.681614112097229
28.38846639965053 3.6869380389877047
28.777914632052568 3.683784860337396
29.172705524518985 3.6723117066037574
29.572912370530535 3.6529919350252587
29.978609469047527 3.626619250077239
30.389872138303048 3.5941065663054808
30.806776729786485 3.5561992234486044
31.229400642417694 3.513419435494347
31.65782233691662 3.466215109634704
32.09212135036962 3.415004800498373
32.53237831099532 3.360172395782077
32.978674953113575 3.3019499665139604
33.43109413231972 3.2403507061982575
33.88971984086664 3.1752109511339484
34.354637223257825 3.106406997828694
34.82593259205511 3.0341676492543757
35.303693443902155 2.959218038169512
35.788008475768834 2.8824891230502447
36.278967601417435 2.80472421219966
36.77666196809583 2.726233937909507
37.281183973458475 2.647074468426244
37.79262728272084 2.5673909120756306
38.31108684604778 2.4875570171666226
38.83665891618187 2.4079886381798157
39.36944106631216 2.3289746671177287
39.909532208189496 2.2506154011126016
40.45703261048888 2.172980096810818
41.01204391742524 2.0962296668412774
41.57466916762306 2.020600328064558
42.14501281324631 1.946315104379052
42.723180739389875 1.8734912143193547
43.30928028373706 1.8021356383504794
43.903420256487166 1.7322285120625625
44.50571096055642 1.6637769709244261
45.11626421205579 1.5968725141347289
45.73519336104947 1.5316825383598514
46.3626133125987 1.4683832059005708
46.99864054809434 1.4071219208939896
47.643393146881486 1.3480186263801603
48.29699080818087 1.2911549332090897
48.959554873311845 1.2365253116604498
49.631208348218685 1.1840943963292623
50.312075926307784 1.133807399008612
51.00228401159621 1.0856152605918348
51.701960742179644 1.0394604760756576
52.41123601402065 0.9952634476010739
53.130241505064724 0.9529268198581672
53.85911069968579 0.9123878853991628
54.59797891346853 0.8736194110347837
55.34698331832908 0.8366184579339523
56.10626296798192 0.8013677211917721
56.8759588237551 0.7678037131975343
57.65621378075969 0.7358367761657194
58.44717269441861 0.7053623243745702
59.24898240735955 0.6762993398584228
60.06179177667629 0.6485852850231223
60.88575170156384 0.6221761478827499
61.72101515133354 0.597032910484495
62.5677371938121 0.5731182599576112
63.426075024129986 0.5503911934479286
64.29618799390458 0.5287978068203194
65.17823764082482 0.5082651809092554
66.07238771863992 0.48870687473275853
66.97880422756154 0.47003183631042494
67.89765544508086 0.4521554743633787
68.82911195721069 0.4350156826623046
69.77334669015374 0.4185833609376392
70.73053494240794 0.40284547355270983
71.70085441730956 0.38779293385594904
72.68448525602527 0.37340622199995144
73.68161007099444 0.3596599252970247
74.69241397983265 0.3465236005162292
75.7170846396977 0.33396125752958655
76.75581228212972 0.321938013829875
77.8087897483667 0.31042568311974567
78.87621252514677 0.2993924699272693
79.95827878100017 0.28880193065517606
81.0551894030392 0.27861884603640713
82.16714803425337 0.26881417454490947
83.29436111131662 0.25936378898450324
84.4370379029119 0.25024584001284667
85.5953905485822 0.2414475965521737
86.76963409811461 0.23296012252355244
87.9599865514651 0.22477575859403753
89.16666889923016 0.21688215694230464
90.38990516367342 0.2092661581475616
91.6299224403171 0.2019134390002676
92.88695094010096 0.194809536497598
94.16122403212285 0.1879422128153555
95.45297828696252 0.18130232496354548
96.76245352060285 0.1748845046645084
98.08989283895032 0.16868633212817463
99.43554268296973 0.1627075269799767
100.79965287443451 0.1569467322355599
102.18247666230829 0.1514005146890883
103.5842707697592 0.14606108286061686
105.00529544182226 0.14091869498881493
106.4458144937137 0.13596367505338444
107.90609535980828 0.13118686430772988
109.38640914328901 0.1265804445364478
110.88703066647855 0.12214100057145784
112.40823852185987 0.11786836278090841
113.9503151237967 0.11376310089278105
115.51354676096476 0.10982524859331096
117.0982236495022 0.10605310286920011
118.70463998688788 0.10244434445409333
120.33309400655914 0.09899401770581631
121.9838880332807 0.09569488071842516
123.6573285392699 0.09253897711802919
125.35372620109557 0.0895178239023195
127.07339595735354 0.08662333898503766
128.81665706713758 0.08384715649873747
130.58383316930818 0.08118139746143127
132.3752523425786 0.0786199557601108
134.19124716642105 0.07615768927720458
136.03215478281268 0.07378894928455906
137.89831695882435 0.07150877608742602
139.79008015007196 0.06931227742491616
141.70779556503575 0.06719424379932773
143.651819230262 0.06514876333843697
145.62251205646027 0.06317053783996525
147.62023990550784 0.06125552285670111
149.6453736583716 0.05940045507209579
151.69828928396242 0.057601887420560376
153.77936790893455 0.055856938299502855
155.88899588844293 0.05416375085746945
158.02756487787016 0.05252054571914172
160.19547190553698 0.05092599891970378
162.3931194464129 0.049379263603778534
164.62091549683413 0.047879175207231256
166.87927365025112 0.04642489685339527
169.16861317401018 0.045015693389717754
171.4893590871935 0.043650984892647404
173.8419422395221 0.0423298586247865
176.22679939134633 0.041051295868758136
178.64437329472815 0.03981451676389767
181.09511277564172 0.03861880635478915
183.57947281729543 0.03746328858575463
186.0979146446029 0.036346664868731934
188.65090580980888 0.03526765120293396
191.23892027929034 0.03422479537348676
193.86243852154942 0.033216329774881904
196.52194759641424 0.032240823125422
199.21794124546116 0.031296808170924575
201.95091998367803 0.030382705268675467
204.72139119238602 0.029497007876406595
207.52986921343688 0.028637942758223605
210.37687544470012 0.027803911300556032
213.26293843686025 0.02699333898293703
216.18859399154428 0.02620482210203845
219.15438526079447 0.025437153345717462
222.1608628479048 0.024689177505982925
225.2085849096394 0.023959914000495918
228.29811725985874 0.02324858869335725
231.43003347455993 0.022554392174752788
234.60491499836536 0.021876550772297446
237.82335125246567 0.021214593256804647
241.0859397440495 0.02056823996377542
244.39328617722836 0.019937350377171276
247.74600456549018 0.019321853177656806
251.14471734568752 0.018721839387130762
254.59005549359833 0.01813744733466908
258.08265864106306 0.01756883285610965
261.62317519473703 0.01701608234249214
265.21226245646625 0.016479301995183052
268.8505867453156 0.01595861493049326
272.5388235212726 0.015453984593684796
276.2776575106492 0.014965413008672948
280.0677828332005 0.014492831500346876
283.9099031309882 0.0140361198131886
287.8047316990139 0.013595171555531622
291.75299161764417 0.013169810763647701
295.75541588685064 0.012759735038236554
299.8127475622905 0.012364559442892102
303.9257398932599 0.01198391523954068
308.09515646253146 0.011617367538846332
312.32177132811836 0.011264415942839069
316.6063691669754 0.010924559792611244
320.9497454206796 0.010597272690867132
325.3527064431005 0.010282028322751924
329.81606965010565 0.009978317121909447
334.3406636713099 0.00968559370672993
338.92732850391735 0.009403325603058565
343.57691566866174 0.009130945242903182
348.29028836789814 0.00886791759213433
353.06832164585506 0.00861374396318977
357.91190255108654 0.008367964175943435
362.8219303011549 0.008130159095572029
367.7993164495739 0.007899924881486492
372.84498505503774 0.0076768756792843056
377.9598728529731 0.007460631332658017
383.14492942944594 0.007250857644989854
388.4011173974559 0.007047267866209881
393.7294125756449 0.006849611767263836
399.13080416945724 0.006657645536232575
404.6062949547894 0.0064711510418358695
410.15690146415744 0.006289926062723672
415.78365417541704 0.006113763782144765
421.4875977030706 0.005942467479168529
427.26979099220364 0.005775865995989868
433.131307515081 0.005613799801757234
439.0732354704357 0.005456114361847254
445.09667798549646 0.005302655510230715
451.2027533207821 0.00515326389314293
457.3925950777102 0.005007807758320081
463.6673524090533 0.004866172671727049
470.0281902322788 0.004728240394750216
476.476289445816 0.004593906424068442
483.01284714829325 0.004463055918925068
489.63907686078284 0.0043355811664703104
496.35620875209094 0.0042113810648682195
503.1654898671385 0.004090368312837275
510.06818435847873 0.003972468093441447
517.06557372099 0.0038576204598210232
524.1589570297866 0.00374576428681454
531.3496511813905 0.003636840368471205
538.638991138218 0.003530634744298765
546.028330176419 0.0034272287907929845
553.5190401371124 0.003326572770577994
561.1125116810683 0.003228613748130779
568.8101545468888 0.003133300922016186
576.6133978127295 0.003040586856358831
584.5236901616062 0.002950429827887011
592.5425001503481 0.0028627892168324033
600.6713164822339 0.0027776247688766176
608.911648283373 0.00269489524359538
617.26502538288 0.00261455238405494
625.7329985968876 0.0025365472773700823
634.3171400164543 0.0024608315988313995
643.0190432994285 0.0023873598407733354
651.8403239663154 0.002316082459385657
660.7826197001989 0.002246951075642938
669.8475906507758 0.002179912955776033
679.0369197425691 0.0021149157088443727
688.3523129873665 0.0020519072128170244
697.7954998009423 0.001990834451913708
707.3682333241227 0.0019316456336324515
717.072290748261 0.0018742857959199947
726.9094736451793 0.0018187002078856867
736.8816083016303 0.001764834462664425
746.9905460583458 0.0017126343676949166
757.2381636537449 0.0016620462586518763
767.6263635723548 0.0016130192149111497
778.1570743980083 0.0015655026078228607
788.832251171882 0.0015194440653668317
799.653875755464 0.0014747930813399069
810.6239571984769 0.0014315003797235912
821.744532111871 0.0013895185144925555
833.01766504592 0.0013488023517781755
844.4454488735046 0.001309308347139177
856.0300051786587 0.0012709948564129077
867.7734846504499 0.0012338216857713472
879.6780674822537 0.0011977496549740963
891.7459637765062 0.0011627407328406033
903.9794139550154 0.0011287579720362774
916.3806891749032 0.0010957675083964693
928.9520917502452 0.0010637374675988925
941.6959555794942 0.0010326752337297624
954.614646578776 0.001002506809962749
967.7105631211281 0.0009732068242953422
980.9861364817586 0.0009447505179590471
994.4438312894106 0.0009171139439967883
1008.0861459839278 0.0008902740000220526
1021.9156132800988 0.0008642087192815062
1035.934800637856 0.0008388971909095526
1050.1463107389134 0.0008143185002936
1064.5527819699842 0.0007904522296793566
1079.1568889125836 0.0007672785649669184
1093.9613428395717 0.0007447780153178465
1108.9688922185078 0.0007229315876073047
1124.1823232219094 0.0007017207766639571
1139.6044602444915 0.0006811276313922542
1155.2381664275474 0.0006611347879992284
1171.0863441904803 0.0006417257643213236
1187.151935769628 0.0006228840237323159
1203.4379237645207 0.0006045935896328659
1219.9473316915878 0.0005868388714983839
1236.6832245454798 0.0005696041587876278
1253.6487093680962 0.0005528748400068645
1270.8469358253908 0.0005366365622040347
1288.281096792143 0.0005208752609024988
1305.9544289447024 0.0005055771625668633
1323.8702133618692 0.0004907289194058741
1342.03177613406 0.0004763168592233643
1360.4424889807813 0.0004623280583445841
1379.1057698766003 0.0004487500860583674
1398.0250836856987 0.00043557087753834145
1417.2039428051123 0.0004227787321615596
1436.6459078168411 0.00041036227850114456
1456.3545881488567 0.00039831047619573034
1476.333642745209 0.0003866126159894151
1496.5867807452896 0.00037525830589487443
1517.117762172475 0.00036423746309146015
1537.930398632156 0.00035354028841788295
1559.0285540193743 0.00034315727257079587
1580.4161452361648 0.0003330791893407625
1602.0971429187107 0.00032329708767977897
1624.075572174534 0.0003138022787421852
1646.355513329745 0.0003045863183121764
1668.941102686537 0.0002956410158150506
1691.8365332911426 0.0002869584227092487
1715.0460557122456 0.00027853082908673853
1738.5739788301155 0.00027035074646278317
1762.424670636563 0.0002624108998499735
1786.6025590458357 0.0002547042337737586
1811.1121327167093 0.0002472239006202816
1835.957941885791 0.00023996325910174981
1861.144599212257 0.00023291585465179694
1886.676780634242 0.00022607542117436926
1912.5592262369044 0.0002194358802638084
1938.796741132437 0.0002129913337942213
1965.3941963521434 0.00020673605865693
1992.3565297507594 0.00020066449277190933
2019.6887469231403 0.00019477123901374697
2047.3959221336042 0.00018905106073050163
2075.4831992579548 0.00018349887762279557
2103.9557927384208 0.0001781097578164762
2132.8189885517772 0.000172878908309786
2162.0781451906582 0.00016780168043906954
2191.7386946583792 0.00016287356273727972
2221.806143477404 0.00015809017933283471
2252.286073711603 0.0001534472795077699
2283.1841440026237 0.00014894073425289112
2314.506090620402 0.00014456653899286805
2346.257728528075 0.00014032080726449262
2378.4449524615993 0.00013619976940799745
2411.073738024073 0.00013219976176198495
2444.150142795131 0.00012831722792476023
2477.6803074555496 0.0001245487178886135
2511.6704569272297 0.00012089088408507074
2546.126901528927 0.00011734047802107761
2581.056038147741 0.00011389434261683284
2616.4643514266722 0.00011054941466552584
2652.358414968568 0.00010730272192554235
2688.744892556483 0.00010415138099799867
2725.630539390826 0.0001010925925026829
2763.022203343474 9.812363589498274e-05
2800.926826229099 9.524187276738499e-05
2839.351445093884 9.244474248221556e-05
2878.303193522028 8.972976144926022e-05
2917.789302960064 8.709451681682995e-05
2957.8171040593634 8.453666511462065e-05
2998.3940280371444 8.205393340925285e-05
3039.5276080560443 7.964411588178979e-05
3081.225480622671 7.730507283656379e-05
3123.4953870053473 7.503472475125491e-05
3166.3451746712312 7.283105314530811e-05
3209.7827987432943 7.069209984845786e-05
3253.8163234771555 6.861596489876216e-05
3298.453923758187 6.660080441945861e-05
3343.7038866192647 6.464482642754833e-05
3389.574612779229 6.274629236124503e-05
3436.074618202485 6.090351522276299e-05
3483.21253568003 5.911485849650934e-05
3530.997116432089 5.737873322678312e-05
3579.4372317328593 5.569359521156917e-05
3628.541874557439 5.405794698950171e-05
3678.3201612513953 5.2470335182944894e-05
3728.7813332231854 5.0929350193775196e-05
3779.9347586599083 4.943362240555163e-05
3831.7899342664787 4.7981821752675706e-05
3884.3564870287073 4.6572658154244565e-05
3937.6441760005864 4.5204879665512656e-05
3991.6628941159993 4.3877271774341964e-05
4046.422670025462 4.258865412791104e-05
4101.9336699579135 4.1337881112165415e-05
4158.206199608023 4.0123841300372156e-05
4215.250706049571 3.894545634106017e-05
4273.077779674887 3.7801679631558435e-05
4331.698156160997 3.669149402840963e-05
4391.122718462725 3.561391278887039e-05
4451.362498833064 3.456797839941895e-05
4512.428680871435 3.3552762031474936e-05
4574.332601599882 3.2567361744503725e-05
4637.085753567755 3.161090109889641e-05
4700.699786985418 3.068253016336011e-05
4765.18651188707 2.9781424023663646e-05
4830.5579003233 2.8906782641738426e-05
4896.826088583718 2.805782857694508e-05
4964.003379450094 2.7233806934192837e-05
5032.1022444803075 2.6433985484181438e-05
5101.1353263238325 2.5657653667551695e-05
5171.115441068791 2.4904122115547198e-05
5242.055580621236 2.4172720851046167e-05
5313.968915117222 2.346279966656393e-05
5386.868795367786 2.2773727733911706e-05
5460.76875533757 2.2104893018962604e-05
5535.682514657418 2.1455701459864885e-05
5611.623981171393 2.0825575718237743e-05
5688.6072535188905 2.0213955755852663e-05
5766.646623752016 1.9620298103095755e-05
5845.756579988856 1.9044075589618033e-05
5925.951809103356 1.8484776243300792e-05
6007.247199451858 1.794190262991485e-05
6089.657843637182 1.7414972341869526e-05
6173.199041310595 1.6903517170719844e-05
6257.8863020121435 1.6407083042978e-05
6343.735348050132 1.592522865685684e-05
6430.762117419949 1.5457525562174596e-05
6518.982766762881 1.5003558157095362e-05
6608.41367436578 1.456292315318838e-05
6699.071443201606 1.4135229257957647e-05
6790.972904011826 1.3720096187209652e-05
6884.1351184310615 1.3317154907482312e-05
6978.575382154628 1.2926047370595215e-05
7074.311228149394 1.2546426207562529e-05
7171.360429908966 1.2177954223049662e-05
7269.741004753303 1.1820303715361661e-05
7369.471217173538 1.1473156827763739e-05
7470.5695822229845 1.1136205095459367e-05
7573.054868954391 1.0809149315169562e-05
7676.946103904447 1.0491698874144715e-05
7782.262574626126 1.0183571447422822e-05
7889.023833269321 9.884493228108515e-06
7997.249700210901 9.594198476521354e-06
8106.960267734341 9.312429458627462e-06
8218.17590375974 9.03893568671002e-06
8330.917255625349 8.773473988475643e-06
8445.205253920705 8.51580847484157e-06
8561.06111637237 8.265710253502414e-06
8678.506351783157 8.022957222969152e-06
8797.562764025039 7.787333530981225e-06
8918.252456087364 7.558629727928754e-06
9040.597834180106 7.3366425912734665e-06
9164.6216118937 7.121174966621665e-06
9290.346814415716 6.912035458588996e-06
9417.796782805715 6.709038061176043e-06
9546.995178328427 6.5120023707964104e-06
9677.96598684651 6.320753307688035e-06
9810.733523273626 6.135121054633907e-06
9945.322436088349 5.954940649979039e-06
10081.757711910454 5.780051856695145e-06
10220.064680139587 5.610299266335743e-06
10360.269017657583 5.445532054465867e-06
10502.396753595647 5.285603928732521e-06
10646.474274166572 5.130372710385538e-06
10792.528327563381 4.9797003839286956e-06
10940.586028925201 4.833453062418604e-06
11090.674865371107 4.6915008346462516e-06
11242.82270110336 4.553717633611156e-06
11397.057782580294 4.41998093989461e-06
11553.408743760232 4.290171877720558e-06
11711.90461141763 4.164175101159605e-06
11872.574810531809 4.041878712326071e-06
12035.449169749723 3.923174073319869e-06
12200.557926923771 3.807955605707031e-06
12367.93173472549 3.6961209191635843e-06
12537.601666336057 3.587570641172757e-06
12709.599221215438 3.4822083894777343e-06
12883.956330950083 3.379940526248225e-06
13060.70536518095 3.2806761069742917e-06
13239.87913761326 3.1843269242890453e-06
13421.510912108259 3.090807375582359e-06
13605.63440885867 3.0000344238871473e-06
13792.283810649007 2.9119273674539706e-06
13981.493769201415 2.8264078738503455e-06
14173.29941160915 2.7433999509470878e-06
14367.736346857819 2.66282986571835e-06
14564.840672436001 2.584626061288725e-06
14764.648981037242 2.508718994685219e-06
14967.19836735324 2.435041196456896e-06
15172.52643496059 2.3635271980609246e-06
15380.671303302011 2.294113490200748e-06
15591.671614763056 2.226738408937352e-06
15805.566541846447 2.1613420271408045e-06
16022.395794444332 2.09786623189501e-06
16242.199627210346 2.036254620923731e-06
16465.018847033214 1.9764524910607024e-06
16690.89482061247 1.9184066902981226e-06
16919.869482138245 1.8620656019529057e-06
17151.9853410764 1.8073791609239074e-06
17387.285490060574 1.754298782199807e-06
17625.813612892063 1.7027773331879141e-06
17867.613992650266 1.6527690069561559e-06
18112.73151991364 1.6042293449461578e-06
18361.21170109347 1.5571152152171883e-06
18613.100666882703 1.5113847695010223e-06
18868.445180819803 1.4669973914080925e-06
19127.292647970597 1.4239136078072228e-06
19389.69112372914 1.3820951255577122e-06
19655.689322738952 1.3415047857399816e-06
19925.33662793746 1.3021065427153452e-06
20198.683099723756 1.2638653940193766e-06
20475.7794852521 1.226747327114891e-06
20756.67722785378 1.1907193581045906e-06
21041.428476587196 1.1557494739458518e-06
21330.086095919585 1.1218066270553369e-06
21622.703675541416 1.0888606465550618e-06
21919.335540315064 1.0568822367619599e-06
22220.036760360817 1.025842981525276e-06
22524.86316128036 9.957153057191579e-07
22833.871334521053 9.664724564317806e-07
23147.11864788189 9.380884333052267e-07
23464.66325616437 9.105380033331196e-07
23786.564111968783 8.83796685510449e-07
24112.880976638793 8.578407282419453e-07
24443.6744313564 8.326470772704765e-07
24779.00588838854 8.081933273462735e-07
25118.937602488862 7.844577447170273e-07
25463.53268245519 7.614192385646575e-07
25812.855102845442 7.390573506557924e-07
26166.969715855223 7.173522124012853e-07
26525.942263357203 6.962845195613354e-07
26889.83938910648 6.758355509959949e-07
27258.72865111304 6.559871366014134e-07
27632.67853418363 6.367216548600722e-07
28011.75846263668 6.18021979753444e-07
28396.038813190753 5.998714841484011e-07
28785.59092802963 5.822540394840415e-07
29180.487128047927 5.65153995090931e-07
29580.800726276993 5.485561657522649e-07
29986.606041495656 5.324457934634177e-07
30397.978412027813 5.168085569127995e-07
30814.994209728993 5.016305610657901e-07
31237.730854164478 4.868983253542814e-07
31666.26682698316 4.725987639555815e-07
32100.681686487347 4.5871915947788687e-07
32541.05608240247 4.4524717665687926e-07
32987.471770850614 4.321708446762811e-07
33440.01162952814 4.1947855216514277e-07
33898.75967309218 4.071590210380805e-07
34363.80106875818 3.9520129493466626e-07
34835.222152110815 3.835947480330078e-07
35313.11044313307 3.723290676053096e-07
35797.5546624541 3.613942515504261e-07
36288.644747819875 3.5078057898352955e-07
36786.471870791116 3.404786129659327e-07
37291.12845366883 3.3047919917946096e-07
37802.70818665283 3.207734548555211e-07
38321.30604523555 3.113527607149392e-07
38847.01830783379 3.0220873999970945e-07
39379.94257366385 2.9333326446827145e-07
39920.17778086055 2.8471844751664145e-07
40467.824224844655 2.763566380494677e-07
41022.983576943916 2.6824040842524534e-07
41585.75890326783 2.6036254015469107e-07
42156.25468384208 2.527160322034452e-07
42734.57683200555 2.452940901246546e-07
43320.83271407332 2.3809012371413465e-07
43915.13116926876 2.3109773114804667e-07
44517.58252993088 2.2431069400835297e-07
45128.298641996254 2.1772298124725753e-07
45747.392885764646 2.1132873972554926e-07
46374.98019694754 2.0512229215300396e-07
47011.177088006196 1.9909812088080218e-07
47656.10166978241 1.932508698555944e-07
48309.87367342599 1.8757534322997454e-07
48972.61447262318 1.8206649945741335e-07
49644.44710612902 1.7671944614985602e-07
50325.49630061112 1.715294285944341e-07
51015.888493803664 1.6649183350480846e-07
51715.751857982286 1.6160218456809552e-07
52425.216323758475 1.5685613929221656e-07
53144.41360420168 1.5224948167489685e-07
53873.47721929198 1.4777811444617524e-07
54612.5425207085 1.4343806408096403e-07
55361.74671695676 1.3922547415819087e-07
56121.22889884313 1.351366043106322e-07
56891.130065295474 1.3116782064595337e-07
57671.59314954142 1.2731559382398053e-07
58462.76304564311 1.2357650071773618e-07
59264.78663539732 1.1994721929260386e-07
60077.8128156042 1.1642452706325355e-07
60901.99252571041 1.1300529216988131e-07
61737.47877583034 1.0968647471697722e-07
62584.42667515429 1.0646512562304468e-07
63442.993460742735 1.0333838348387147e-07
64313.33852671939 1.0030347133164672e-07
65195.62345386194 9.73576903544421e-08
66090.01203959995 9.44984222232203e-08
66996.67032842418 9.172312625290155e-08
67915.76664271286 8.902933779801317e-08
68847.4716139813 8.641466381309965e-08
69791.95821455878 8.387677865837837e-08
70749.40178970306 8.141342710873811e-08
71719.98009015115 7.902242032028429e-08
72703.8733051211 7.67016353926349e-08
73701.26409576308 7.444900960527675e-08
74712.33762907109 7.226253983748212e-08
75737.28161225941 7.014028317672527e-08
76776.28632761104 6.80803541537584e-08
77829.5446678026 6.608092365447309e-08
78897.25217171741 6.414021401122639e-08
79979.60706074483 6.22564998930513e-08
81076.8102755828 6.042810744754718e-08
82189.06551354131 5.865341264248268e-08
83316.57926635952 5.6930839243493696e-08
84459.56085854117 5.525885538399015e-08
85618.22248621633 5.363597499819485e-08
86792.77925653454 5.206075603305004e-08
87983.44922760186 5.053179964263859e-08
89190.45344896251 4.9047747453021284e-08
90414.01600263616 4.760727951850488e-08
91654.36404472089 4.6209115809170085e-08
92911.72784756403 4.4852013971735855e-08
94186.34084251251 4.3534769122992666e-08
95478.43966324991 4.225621039298987e-08
96788.26418972822 4.1015200885936626e-08
98116.0575927003 3.98106378357608e-08
99462.06637886759 3.86414511171307e-08
100826.54043664128 3.750660250734032e-08
102209.73308253728 3.6405082988926286e-08
103611.90110820306 3.5335913328907335e-08
105033.30482809195 3.429814347524133e-08
106474.20812779073 3.32908516847521e-08
107934.87851301087 3.231314327152215e-08
109415.58715924958 3.1364148736424536e-08
110916.60896213706 3.04430246441971e-08
112438.22258846748 2.9548952508220572e-08
113980.71052793726 2.868113839288547e-08
115544.35914558782 2.7838811238948793e-08
117129.45873496999 2.7021221894761317e-08
118736.3035720374 2.6227643835518322e-08
120365.19196977947 2.545737192113577e-08
122016.42633360381 2.4709722301602993e-08
123690.31321747648 2.3984030351569384e-08
125387.16338083746 2.3279650811520672e-08
127107.29184628963 2.2595957768734233e-08
128851.0179580868 2.1932343857773323e-08
130618.66544141815 2.128821977316565e-08
132410.5624625091 2.0663012788764368e-08
134227.04168954532 2.0056167128504372e-08
136068.44035443437 1.9467143557730466e-08
137935.1003154102 1.889541892750288e-08
139827.36812050414 1.8340485405305043e-08
141745.5950718772 1.780184945675207e-08
143690.13729104394 1.7279032379557607e-08
145661.35578498454 1.677156961360318e-08
147659.6165131669 1.6279010549069953e-08
149685.2904554874 1.5800917506571585e-08
151738.7536811448 1.5336865295813426e-08
153820.38741845498 1.4886441552852621e-08
155930.57812563132 1.4449246065141505e-08
158069.71756252612 1.4024890672739138e-08
160238.20286336547 1.3612998129196012e-08
162436.43661047565 1.3213202209353026e-08
164664.8269090236 1.2825147654966871e-08
166923.78746278194 1.244848974681338e-08
169213.73765093414 1.2082893989280663e-08
171535.1026059332 1.1728035298561393e-08
173888.31329242542 1.1383598236918856e-08
176273.80658726432 1.104927674320996e-08
178692.0253606121 1.0724773896534468e-08
181143.4185581639 1.0409801446167052e-08
183628.44128449215 1.0104079258199723e-08
186147.55488753854 9.807335639130888e-09
188701.22704426362 9.519306911951188e-09
191289.93184747236 9.239737326437284e-09
193914.14989382724 8.968378440922653e-09
196574.36837307722 8.70498893339028e-09
199271.08115849848 8.449334752613352e-09
202004.78889858883 8.201188752117903e-09
204775.99911001007 7.960330608533381e-09
207585.2262718104 7.726546193880201e-09
210432.99192093784 7.499627652459174e-09
213319.82474906527 7.2793733452636954e-09
216246.26070073957 7.065587621805886e-09
219212.84307288518 6.85808061907031e-09
222220.12261566587 6.656667816964444e-09
225268.6576347291 6.461170184809746e-09
228359.01409486192 6.271414007095657e-09
231491.76572505946 6.087230761983175e-09
234667.49412503952 5.908456835529569e-09
237886.78887321716 5.7349332215769814e-09
241150.24763616174 5.566505717061934e-09
244458.47627955093 5.403024663064923e-09
247812.08898065708 5.244344904788548e-09
251211.70834236237 5.090325418316902e-09
254657.9655087528 4.940829238350324e-09
258151.50028228675 4.795723521128376e-09
261692.9612425769 4.6548793463533426e-09
265283.0058667989 4.5181716563302135e-09
268922.3006517552 4.3854789103749224e-09
272611.5212376056 4.256683137368477e-09
276351.3525333094 4.131669890173223e-09
280142.48884377 4.010328124464338e-09
283985.6339987424 3.89255007211791e-09
287881.5014834946 3.7782309980972455e-09
291830.81457126926 3.6672692912753676e-09
295834.3064575595 3.5595663534492894e-09
299892.7203962285 3.455026537562058e-09
304006.80983749614 3.3535569744218235e-09
308177.33856781357 3.255067411478715e-09
312405.0808516698 3.159470328583609e-09
316690.82157532487 3.066680781689997e-09
321035.35639253416 2.9766163860599926e-09
325439.4918722572 2.8891970917376835e-09
329904.04564840015 2.8043451623717143e-09
334429.84657160996 2.7219851979539474e-09
339017.73486315354 2.642044027888372e-09
343668.56227090047 2.5644506682088778e-09
348383.1922274605 2.489136131492589e-09
353162.5000104703 2.416033461747324e-09
358007.3729050996 2.345077700574392e-09
362918.71036877105 2.276205823128299e-09
367897.4241981481 2.2093566591585012e-09
372944.4386984098 2.1444707602466696e-09
378060.6908548523 2.081490455712703e-09
383247.1305068345 2.0203597827614297e-09
388504.7205241283 1.9610244554940456e-09
393834.43698566395 1.903431758200556e-09
399237.2693607514 1.8475304669267686e-09
404714.2206927709 1.7932709066266703e-09
410266.30778539064 1.7406048643977158e-09
415894.5613913372 1.6894855815738458e-09
421600.02640375757 1.639867619090325e-09
427383.7620502053 1.591706856723905e-09
433246.8420892817 1.5449604986344009e-09
439190.3550099924 1.4995870157906234e-09
445215.40423381265 1.4555461170113304e-09
451323.10831955174 1.4127986445175202e-09
457514.60117100796 1.3713065966045427e-09
463791.0322474808 1.3310331039158811e-09
470153.5667771698 1.2919423957806407e-09
476603.3859735034 1.2539997513706448e-09
483141.6872544239 1.217171427311203e-09
489769.6844647045 1.181424691884709e-09
496488.60810128483 1.146727781489416e-09
503299.70554172876 1.1130498853638176e-09
510204.2412757939 1.080361080278481e-09
517203.4971401868 1.0486322934393289e-09
524298.7725565395 1.0178353300736835e-09
531491.3847726497 9.87942825364469e-10
538782.6691070216 9.589282405698964e-10
546173.9791967827 9.307657830220957e-10
553666.6872489816 9.034304117330753e-10
561262.1842953332 8.768978364553185e-10
568961.8804504807 8.511444867738387e-10
576767.2051737742 8.26147493015811e-10
584679.6075346553 8.018846289218452e-10
592700.5564816785 7.783343261437524e-10
600831.5411152267 7.554756582123925e-10
609074.0709639541 7.332883229557088e-10
617429.6762650497 7.117526124905157e-10
625899.9082483083 6.908493738180954e-10
634486.3394241361 6.705600296406062e-10
643190.563875479 6.508665514378135e-10
652014.1975537693 6.317514521093765e-10
660958.8785789292 6.131977462150639e-10
670026.2675434927 5.95188933130614e-10
679218.0478208859 5.777090099507407e-10
688535.9258779668 5.607424453740692e-10
697981.6315918117 5.442741757517263e-10
707556.9185708878 5.282895609674851e-10
717263.5644806031 5.127743886934258e-10
727103.3713733344 4.977148721660806e-10
737078.166022981 4.830976336482794e-10
747189.8002641076 4.689096920876532e-10
757440.1513357441 4.5513843168680984e-10
767831.1222298837 4.417716110568892e-10
778364.6420447994 4.2879735266181793e-10
789042.6663431575 4.1620413370426203e-10
799867.1775150928 4.039807677961277e-10
810840.1851462303 3.921163835482088e-10
821963.7263907697 3.80600437181541e-10
833239.8663496869 3.694226959918653e-10
844670.698454125 3.5857323491845087e-10
856258.3448540303 3.480424124492578e-10
868004.9568121564 3.3782086345064615e-10
879912.71510342 3.278995049276597e-10
891983.8304197908 3.1826952186346345e-10
904220.543780695 3.0892236398394784e-10
916625.1269490668 2.9984972144680687e-10
929199.8828531053 2.9104352786642086e-10
941947.1460138188 2.8249595809208414e-10
954869.2829784186 2.74199419391454e-10
967968.6927596963 2.6614654359090333e-10
981247.8072813743 2.5833016986590007e-10
994709.0918296234 2.5074335046131324e-10
1008355.0455107297 2.4337934387371824e-10
1022188.2017150626 2.36231610169435e-10
1036211.1285874014 2.292937998447073e-10
1050426.4295037144 2.2255974221552713e-10
1064836.7435544855 2.16023453027549e-10
1079444.7460346452 2.0967912435892432e-10
1094253.148940276 2.0352112309559113e-10
1109264.7014720603 1.9754397638832068e-10
1124482.1905457065 1.9174236893952722e-10
1139908.4413093259 1.861111453854769e-10
1155546.3176679283 1.8064530263465893e-10
1171398.7228151113 1.7533998746805993e-10
1187468.5997720466 1.7019048315543268e-10
1203758.9319338372 1.651922115180581e-10
1220272.743623422 1.6034073112312576e-10
1237013.1006530067 1.5563173260322697e-10
1253983.1108932712 1.510610337101887e-10
1271185.9248503295 1.4662456990443166e-10
1288624.736250631 1.4231839789961336e-10
1306302.7826338806 1.3813869132398075e-10
1324223.3459540915 1.340817383416468e-10
1342389.7531888913 1.301439348895278e-10
1360805.376957157 1.263217784807694e-10
1379473.6361451847 1.2261187265775882e-10
1398397.996541369 1.1901092093550638e-10
1417581.9714796657 1.1551572615738356e-10
1437029.1224918296 1.1212318174864509e-10
1456743.0599686203 1.0883027094638432e-10
1476727.4438300778 1.0563406764808105e-10
1496985.9842049975 1.025317322762026e-10
1517522.442119696 9.952051009640754e-11
1538340.6301962938 9.659772385655115e-11
1559444.4133604858 9.376077515378936e-11
1580837.7095591119 9.100714310064073e-11
1602524.4904875052 8.833438185208372e-11
1624508.7823268492 8.57401175228405e-11
1646794.6664916435 8.322204304879314e-11
1669386.2803874312 8.077792036794567e-11
1692287.818178888 7.84055776916599e-11
1715503.531568519 7.610290831270384e-11
1739037.730585942 7.386786644236123e-11
1762894.7843880968 7.169846420075301e-11
1787079.1220703595 6.959277381247419e-11
1811595.2334888133 6.754892424453771e-11
1836447.670093802 6.556510090376461e-11
1861641.0457749085 6.363954039311599e-11
1887180.0377175396 6.177053051160256e-11
1913069.3872712213 5.995641045011433e-11
1939313.9008298898 5.819556856524846e-11
1965918.450724145 5.6486441243267295e-11
1992887.9761258585 5.482750885570876e-11
2020227.4839651065 5.321729664673368e-11
2047942.0498597226 5.165437380056625e-11
2076036.8190575924 5.0137352142139295e-11
2104517.0073918845 4.8664884231098125e-11
2133387.902249342 4.723566056027985e-11
2162654.863551956 4.5848410889528603e-11
2192323.3247519713 4.4501902545797796e-11
2222398.793840675 4.3194939836371665e-11
2252886.8543709307 4.1926361502024454e-11
2283793.1664937767 4.069503929675089e-11
2315123.468009247 3.9499879045649675e-11
2346883.575431606 3.833981878496278e-11
2379079.3850691584 3.7213828603445853e-11
2411716.874118971 3.6120907543618214e-11
2444802.101776473 3.506595248110733e-11
2478341.210360421 3.404873153339293e-11
2512340.4264531876 3.3069107847956246e-11
2546806.062056751 3.212703047401765e-11
2581744.5157645214 3.122252122664859e-11
2617162.273949251 3.0355660198662334e-11
2653065.9119672477 2.952656788443548e-11
2689462.095379059 2.87353853475777e-11
2726357.581187016 2.7982251868594238e-11
2763759.219089591 2.7267281807165014e-11
2801673.952753137 2.659054179425996e-11
2840108.821100937 2.5952028095970108e-11
2879070.959620008 2.535164577933558e-11
2918567.60168581 2.478918869045884e-11
2958606.079905145 2.4264323406144324e-11
2999193.8274774174 2.37765763396403e-11
3040338.379574705 2.332532444661396e-11
3082047.3747405726 2.2909790297017833e-11
3124328.556308268 2.2529039776575848e-11
3167189.7738382267 2.218198547872232e-11
