"t (day)" "dm/dt (M_sun/yr)"
10.326496164306327 0.0008518982526655414
10.469123907444807 0.0012114693174985684
10.613721599807965 0.0017371079998122513
10.76031644998699 0.002504602188975399
10.908936042373226 0.0036205016363069346
11.059608342348847 0.00523207880922755
11.21236170154892 0.0075375644527855105
11.367224863196322 0.01079560968167018
11.52422696751018 0.01533320140298748
11.683397557189247 0.021552036324163373
11.844766582970848 0.02992697450794006
12.008364409266505 0.04099152068156903
12.17422181987572 0.05530678825965102
12.342370023778411 0.0734263769760582
12.512840661007322 0.0958661120928468
12.685665808601854 0.1230638596911891
12.860877986643795 0.15533877338789584
13.038510164376492 0.19293093311768705
13.218595766408745 0.23600114549466564
13.401168679004126 0.28467100192453376
13.586263256457332 0.33897127647073666
13.773914327558428 0.39843719755708623
13.964157202146701 0.461490362093431
14.157027677754593 0.5264988289053663
14.35256204634383 0.5931102669910467
14.550797101134284 0.6615346316901018
14.751770143527327 0.7320170206987557
14.9555189901246 0.8047915775310637
15.162081979844073 0.8801682566363954
15.371497981134091 0.9584712702880199
15.58380639928706 1.0400802061477912
15.7990471838544 1.125525458627946
16.01726083616372 1.215356377849569
16.238488416939713 1.309993770327703
16.462771554030645 1.4096308416969738
16.690152450241285 1.514115482675456
16.920673891274 1.6232329890542863
17.15437925377983 1.736962719272107
17.391312513520415 1.85531038588397
17.63151825364292 1.97799480213307
17.875041673068946 2.1043947792641764
18.121928594999734 2.2339101853164225
18.372225475538507 2.366342980279946
18.625979412431867 2.5018376939148284
18.883238153932307 2.640463806553082
19.144050107782746 2.781884334393111
19.408464350325193 2.925423076202249
19.676530635735567 3.070473519233469
19.94829940538568 3.216500287362907
20.223821797334537 3.362808173739526
20.503149655951127 3.508329830004131
20.786335541669732 3.6519104454591482
21.073432740879912 3.792833044087498
21.364495275953605 3.9306913250293802
21.659577915410203 4.064981906544214
21.958736184222097 4.194789223653492
22.26202637426293 4.319281498879932
22.569505554899724 4.438083963824108
22.881231583731587 4.55106744118379
23.197263117476442 4.6579164085260905
23.517659623008562 4.7580554262258685
23.842481388548237 4.850840520508286
24.171789535005843 4.935741892428184
24.505646027483145 5.012149818325261
24.844113686932975 5.07934531459562
25.187256201979903 5.136560565602556
25.535138140904714 5.183011933079883
25.887824963793893 5.21816058909619
26.245383034856943 5.2417031435579835
26.607879634914262 5.253801025339258
26.975382974057027 5.255002247766131
27.347962204482215 5.245909362214127
27.725687433504568 5.226891370291144
28.10862973674894 5.198274073766009
28.49686117152393 5.160863930517338
28.89045479038114 5.115806901773352
29.289484654861074 5.064234422052765
29.694025849429224 5.0067055263699505
30.104154495604302 4.9433026871090675
30.519947766282172 4.874104779062062
30.941483900257154 4.7994541120099115
31.368842216943754 4.719844971250348
31.80210313130245 4.635544861938342
32.241348168971 4.546413275434561
32.68665998160464 4.4521412788847785
33.13812236242891 4.3528274325705985
33.59582026200658 4.249212074636803
34.05983980422245 4.1423990716896215
34.530268302489354 4.033406937598592
35.007194276177586 3.922912412458441
35.49070746727137 3.811234009554768
35.9808988572552 3.698470781795419
36.477860684234095 3.58480926754801
36.98168646028916 3.470649622373809
37.49247098907415 3.3565192872646192
38.010310383654016 3.242844212338177
38.53530208459055 3.129953181065056
39.06754487827708 3.01817551870936
39.60713891552751 2.9078786279493674
40.15418573042102 2.799461548793959
40.70878825940739 2.6931647877478255
41.271050860676716 2.589160917845507
41.84107933379594 2.487595448642143
42.418980939616965 2.3886500947286433
43.00486442045949 2.292616607670256
43.59884002057325 2.1998177212914185
44.20101950688179 2.110502038336597
44.811516190013904 2.024840291018218
45.430444945624735 1.9428555237245169
46.05792223601181 1.8645016778943513
46.69406613202903 1.789698241809241
47.338996335304586 1.718375887549258
47.992834200763916 1.6504287600106502
48.6557027594657 1.5857138850658992
49.32772674175171 1.5240570691887252
50.00903260071728 1.4652643250037767
50.6997485360054 1.4091486547063126
51.40000451793008 1.3555558874769482
52.10993231193245 1.3043568020102956
52.82966550337434 1.2554312796045575
53.55933952267535 1.208661885641557
54.299091670796045 1.1639416145251054
55.04906114507367 1.1211618623497235
55.80938906541434 1.0802190435356254
56.580218500847735 1.0409988364402856
57.361694496447335 1.0033904423025164
58.15396410062392 0.9672735960506411
58.95717639279484 0.9325477107850427
59.771482511436226 0.8991265497598256
60.5970356825218 0.8669407012139351
61.43399124835583 0.835931488581494
62.28250669680263 0.8060388521166545
63.142741690921525 0.7772025062281996
64.01485809900967 0.7493738472867779
64.89902002506071 0.7225018886294663
65.79539383964332 0.6965430757005617
66.70414821120751 0.6714712968635063
67.62545413782217 0.6472696665669496
68.55948497935096 0.6239269875297364
69.50641649007378 0.6014441692967759
70.46642685175746 0.5798281008628439
71.43969670718415 0.559093265102049
72.42640919414184 0.5392443067044157
73.42674997988581 0.5202623821645316
74.44090729607423 0.502113655620033
75.4690719741881 0.484747541583559
76.51143748143906 0.4681060171348141
77.56819995717387 0.45213286069872044
78.63955824978089 0.4367712359322259
79.72571395410802 0.42197710188017457
80.82687144939483 0.4077204197432843
81.94323793773158 0.3939780327696641
83.07502348304693 0.38073011204787666
84.22244105063568 0.36796399792959344
85.38570654723124 0.35567224141443554
86.5650388616332 0.34384377392511595
87.76065990589461 0.33246188438892244
88.97279465707815 0.32150676378113
90.20167119959055 0.310956298684323
91.44752076809995 0.3007870958181765
92.71057779104702 0.29097827606002896
93.99107993475629 0.2815062899105711
95.2892681481582 0.2723484883195622
96.60538670812672 0.2634857935657095
97.93968326544531 0.25490193823793883
99.2924088914064 0.2465859927603848
100.66381812505477 0.2385298195403817
102.05416902108313 0.2307286250284158
103.46372319839061 0.2231796824963994
104.8927458893105 0.21588182281707796
106.34150598951751 0.20883264063539894
107.8102761086268 0.20202868056076162
109.29933262148904 0.19546618812812278
110.80895572019593 0.18913939360520637
112.33942946680217 0.18303994691877745
113.89104184677835 0.17715935655762394
115.46408482319869 0.17148799447726143
117.05885439168054 0.16601451566883585
118.67565063608028 0.16072644160524907
120.31477778495977 0.15561305785692026
121.97654426883145 0.15066494013288254
123.66126277819653 0.14587363420410687
125.3692503223812 0.14123163342406322
127.10082828918934 0.13673314377773757
128.8563225053762 0.1323746653570895
130.63606329795897 0.1281541014882138
132.44038555637258 0.12406980958627409
134.26962879548645 0.1201189375907212
136.1241372194895 0.1162979759367026
138.00425978665746 0.11260312484280967
139.91035027501687 0.10902968879626312
141.8427673489138 0.10557179376487874
143.8018746265032 0.10222450369696148
145.7880407481691 0.09898405348710243
147.80163944589236 0.09584670314223542
149.84304961357319 0.09280847809408307
151.9126553783281 0.0898670759134996
154.0108461727694 0.08702120277953937
156.13801680828428 0.08427005113477919
158.29456754932414 0.08161300947656575
160.48090418872368 0.07904890521477705
162.69743812405528 0.07657561871168164
164.94458643504305 0.07419189686042335
167.22277196204234 0.07189603016920315
169.5324233856052 0.0696856724662064
171.8739753071428 0.0675581488633286
174.24786833070544 0.06551002615813119
176.65454914588867 0.06353749592751182
179.094470611885 0.06163638950764218
181.56809184269923 0.05980246281405717
184.07587829353747 0.058031255428495014
186.61830184839133 0.056318460542290644
189.1958409088298 0.054660222805747206
191.8089804840214 0.05305306551194684
194.45821228199418 0.05149384738627126
197.1440348021619 0.049979896758955096
199.86695342912398 0.0485087134800573
202.62748052776294 0.04707773582629484
205.42613553965373 0.045684543120517423
208.26344508080803 0.044327092988059924
211.1399430407636 0.0430037908659963
214.05617068304724 0.041713386826555864
217.01267674702194 0.0404546541152223
220.01001755114234 0.039226630690276904
223.048757097634 0.03802855313044703
226.12946717862306 0.03685986911705762
229.2527274837278 0.03572022679388052
232.41912570913556 0.03460945528349012
235.6292576681914 0.033527613692320185
238.88372740350863 0.0324751183860757
242.18314730063102 0.031452441498522096
245.52813820326185 0.030459969357867427
248.9193295300904 0.029498042349913437
252.3573593932235 0.02856680409610444
255.84287471826153 0.027666060827890637
259.37653136602654 0.026795570048030452
262.958994255975 0.025954913365438023
266.5909374913123 0.025143485843255507
270.2730444858396 0.02436065442720066
274.0060080925491 0.023605738290589113
277.7905307339946 0.02287796042282682
281.62732453446813 0.02217644548691736
285.51711145399605 0.021500256760719618
289.46062342418963 0.02084836391278215
293.4586024859692 0.02021972075099284
297.5118009291952 0.019613374681894627
301.62098143422077 0.019028300187899857
305.7869172154073 0.01846347072665435
310.01039216661593 0.01791795392237188
314.2922010087121 0.017390904370824804
318.63314943910376 0.016881482522238228
323.03405428335185 0.0163888960378418
327.49574364886524 0.015912475498141312
332.01905708072826 0.015451638987772617
336.60484571967305 0.01500574125848005
341.2539724622382 0.01457418507534558
345.9673121231349 0.0141563323344681
350.74575159986273 0.013751609719831503
355.59019003959355 0.013359575756478202
360.5015390083586 0.012979781089307188
365.48072266258083 0.012611824993160036
370.52867792296786 0.012255299013994992
375.6463546508114 0.011909798966921806
380.8347158267179 0.011574955126713554
386.0947377318146 0.011250420195968292
391.42741013144865 0.010935840233858577
396.83373646143394 0.010630863924420824
402.3147340168615 0.010335119567468097
407.8714341435241 0.010048211481504957
413.504882431978 0.009769776848358511
419.21613891429485 0.009499437617038442
425.00627826351905 0.009236854795786717
430.87638999589217 0.008981675808971797
436.827578675861 0.008733554577828236
442.8609641239212 0.008492160231549558
448.9776816273328 0.008257190619636668
455.1788821537413 0.008028348075567205
461.46573256775446 0.007805357285943825
467.83941585050957 0.007587969125022247
474.30113132226995 0.00737594120142828
480.85209486809885 0.007169065001226958
487.4935391666504 0.0069671475562463935
494.2267139221158 0.006770028339235308
501.05288609938435 0.006577570083183
507.97334016243644 0.006389648708780432
514.9893783160455 0.006206165601647422
522.1023207508069 0.006027031298757435
529.3135058915562 0.005852192117707261
536.6242906492135 0.00568162047473806
544.0360506761176 0.0055152911239354134
551.5501806248703 0.005353185139636206
559.1680944107723 0.005195291835280744
566.8912254778721 0.005041601024235244
574.7210270686941 0.004892083059208541
582.6589724976935 0.004746623324291975
590.7065554284828 0.004605153849814823
598.8652901548918 0.004467694450246646
607.1367118859129 0.004334205911048528
615.5223770345726 0.004204643502729705
624.0238635107995 0.004078957343310507
632.6427710183372 0.003957084414391686
641.3807213557513 0.003838948038220843
650.2393587216081 0.0037244654534866256
659.2203500238492 0.003613543564227128
668.3253851934585 0.003506087186206121
677.5561775024474 0.00340199726411474
686.9144638862396 0.0033011725525950684
696.4020052704993 0.0032035115059613106
706.0205869024925 0.0031089146179374824
715.772018686998 0.003017278828392708
725.6581355268855 0.002928501599982313
735.6807976683782 0.0028424825672996776
745.8418910510907 0.0027591231469294834
756.1433276629057 0.0026783291172241693
766.5870458997414 0.0026000091771905143
777.1750109302985 0.002524075304370046
787.9092150658441 0.0024504407739134853
798.7916781350964 0.0023790218203110025
809.8244478642894 0.0023097377707777126
821.0096002624946 0.0022425114765665167
832.3492400122484 0.002177271964134822
843.8455008655975 0.002113952950264482
855.5005460455891 0.0020524900154027734
867.3165686533307 0.001992821526467367
879.2957920806532 0.001934889196318256
891.4404704284836 0.001878638103133907
903.7528889309951 0.0018240158234707217
916.2353643856082 0.0017709711991061776
928.8902455889403 0.0017194551665675782
941.7199137787776 0.001669421390457046
954.7267830821403 0.0016208252308197234
967.9133009695453 0.0015736247306550272
981.2819487155425 0.0015277803445362622
994.8352418656016 0.001483254096677791
1008.575730709471 0.001440009449185767
1022.5060007610438 0.0013980279190071155
1036.6286732448787 0.0013572759774834954
1050.946405589426 0.0013176983379822368
1065.461891927067 0.0012792623248987656
1080.1778636010656 0.0012419365012836083
1095.0970896795206 0.0012056895131514294
1110.2223774763984 0.0011704925072916208
1125.556573079802 0.0011363169430114455
1141.1025618874985 0.0011031348054922748
1156.8632691498594 0.0010709193466056305
1172.8416605203035 0.0010396442640819882
1189.0407426133152 0.0010092833030655828
1205.4635635702243 0.00097981041678202
1222.1132136327449 0.0009511998229537969
1238.9928257244653 0.0009234258588370713
1256.10557604036 0.0008964647552225201
1273.45468464445 0.0008702926390924642
1291.0434160757113 0.0008448862681887672
1308.8750799623622 0.0008202231267696435
1326.9530316446053 0.0007962810990875468
1345.2806728060268 0.0007730390247469499
1363.861452113661 0.0007504762688501309
1382.6988658669288 0.0007285729530274533
1401.7964586555038 0.0007073099978284111
1421.157824026325 0.0006866688973615537
1440.786605159761 0.0006666314139589826
1460.6864955551457 0.0006471791801993479
1480.8612397257734 0.0006282945517048136
1501.3146339034965 0.0006099609663127581
1522.0505267530516 0.000592162359218306
1543.072820096259 0.0005748831201983734
1564.3854696461951 0.0005581080919115609
1585.9924857515675 0.0005418225494464332
1607.897934151305 0.0005260122108777602
1630.105936739605 0.0005106632226964813
1652.620672341549 0.0004957621219395073
1675.44637749939 0.00048129583556903304
1698.5873472697788 0.0004672516670873991
1722.0479360319202 0.00045361730181245753
1745.8325583069409 0.0004403807911124212
1769.9456895885498 0.00042753052510237637
1794.3918671851904 0.0004150552284461277
1819.1756910738056 0.0004029439536503633
1844.3018247654168 0.000391186082312794
1869.7749961826173 0.00037977130876675565
1895.5999985492508 0.00036868962115197134
1921.781691292319 0.00035793129463547517
1948.325000956371 0.0003474868897990826
1975.2349221305287 0.00033734725086911416
2002.516518388273 0.00032750348923209845
2030.1749232402906 0.00031794697109127976
2058.2153411004088 0.00030866930889713603
2086.643048264896 0.0002996623635529124
2115.4633939052965 0.000290918240433892
2144.6818010749657 0.00028242927312027195
2174.3037677295183 0.00027418801618514933
2204.3348677613676 0.000266187235456771
2234.7807520485226 0.0002584199130217439
2265.647149517945 0.00025087924167664904
2296.9398682235183 0.00024355860913123558
2328.6647964389426 0.0002364515947490833
2360.827903765722 0.00022955195912603484
2393.435242256417 0.0002228536510789431
2426.492947553498 0.00021635080103687336
2460.0072400438385 0.00021003770589349193
2493.9844260291957 0.00020390882798332187
2528.4308989128567 0.0001979587872724463
2563.3531404026644 0.00019218236559534027
2598.7577217306794 0.00018657450164930378
2634.651304889627 0.00018113027662669962
2671.0406438865343 0.00017584491435179985
2707.9325860135687 0.00017071377591018898
2745.334073136489 0.00016573236190386382
2783.2521430008956 0.00016089630696530308
2821.6939305564474 0.0001562013693236092
2860.6666692995095 0.00015164342958425505
2900.17769263421 0.0001472184878650182
2940.2344352523587 0.000142922664534601
2980.844434532419 0.00013875219447333318
3022.0153319577944 0.00013470341976207326
3063.754874554711 0.0001307727874758034
3106.0709163499646 0.00012695684873748712
3148.971419848747 0.00012325225831494118
3192.464457533007 0.00011965576880187555
3236.558213380372 0.00011616422576735069
3281.2609844041276 0.00011277456485795139
3326.581182214458 0.00010948381229573662
3372.527334601178 0.00010628908363389623
3419.108087138478 0.00010318757798902937
3466.332204811674 0.00010017657511232735
3514.208573666516 9.725343203276256e-05
3562.74620248125 9.441558461957306e-05
3611.9542244617764 9.166054573620095e-05
3661.8418989602255 8.89858996202048e-05
3712.41861321728 8.638930043905295e-05
3763.693884128491 8.386846865579469e-05
3815.677360035134 8.142119335355198e-05
3868.3788225396597 7.904532997709694e-05
3921.808188346284 7.673879492911e-05
3975.975511127013 7.449956504903814e-05
4030.8909834133387 7.232567463673937e-05
4086.564938514257 7.021521715845955e-05
4143.007852460586 6.816634345320155e-05
4200.230345976232 6.617725641745e-05
4258.243186476666 6.424621109713671e-05
4317.057290095004 6.237151257421963e-05
4376.683723736064 6.055151691032427e-05
4437.1337071588205 5.878462924251014e-05
4498.418615087527 5.706929980371086e-05
4560.549979352169 5.5404023591462605e-05
4623.539491058325 5.378733917021022e-05
4687.3990027870705 5.221782904441289e-05
4752.1405308251915 5.0694117647970135e-05
4817.776257426357 4.9214868528674063e-05
4884.318533103357 4.777878364087553e-05
4951.779878952088 4.638460286937268e-05
5020.172989007614 4.503110397115808e-05
5089.510732632767 4.3717100523855165e-05
5159.806156939751 4.2441440029045925e-05
5231.072489245207 4.120300293870922e-05
5303.3231395590665 4.0000702724681705e-05
5376.571703108026 3.883348550078389e-05
5450.831962893626 3.7700327979710016e-05
5526.117892285795 3.660023629560493e-05
5602.443657652208 3.5532244851057674e-05
5679.823621023838 3.449541679097341e-05
5758.272342797565 3.3488843394267614e-05
5837.804584475881 3.2511642075838096e-05
5918.435311444545 3.156295576633366e-05
6000.179695788583 3.0641951647628464e-05
6083.053119147182 2.974782191845474e-05
6167.071175608021 2.8879783026319395e-05
6252.249674641585 2.8037073740898176e-05
6338.604644075904 2.7218954909880758e-05
6426.152333112615 2.6424708326526085e-05
6514.90921538444 2.5653637423703284e-05
6604.891992055004 2.490506657653778e-05
6696.117594961491 2.4178339223449536e-05
6788.603189800543 2.347281785341023e-05
6882.366179358467 2.2787883194988315e-05
6977.4242067857485 2.2122934604857484e-05
7073.795158916959 2.147738940864186e-05
7171.497169636471 2.085068138576494e-05
7270.548623290673 2.02422606902727e-05
7370.9681581473 1.9651593357971947e-05
7472.774669902577 1.9078161480469495e-05
7575.987315236673 1.852146250213376e-05
7680.625515418522 1.798100813865939e-05
7786.708959960176 1.7456324154734335e-05
7894.25761032175 1.6946950142432272e-05
8003.291703667562 1.6452439532460217e-05
8113.831756673964 1.5972358871801202e-05
8225.898569390132 1.550628708526581e-05
8339.513229151815 1.5053815150916903e-05
8454.697114549319 1.4614546084354476e-05
8571.471899450275 1.4188094828701646e-05
8689.859557077938 1.3774087531584234e-05
8809.88236414586 1.3372161075725662e-05
8931.56290504966 1.2981962684516074e-05
9054.924076116533 1.2603150059706576e-05
9179.989089913817 1.2235391183335435e-05
9306.781479616702 1.1878363607943222e-05
9435.325103436473 1.153175419614118e-05
9565.644149109714 1.119525868173627e-05
9697.763138449867 1.0868581918902113e-05
9831.706931961298 1.055143762239753e-05
9967.500733517274 1.0243547681092428e-05
10105.170095102516 9.944642049123838e-06
10244.740921621242 9.654458315703503e-06
10386.239475771645 9.372741984540885e-06
10529.692382987712 9.099246203700277e-06
10675.126636449097 8.833731102131146e-06
10822.569602160615 8.575963768080724e-06
10972.04902410148 8.325717938628338e-06
11123.593029445834 8.08277415761216e-06
11277.230133855448 7.846919548164148e-06
11432.989246845236 7.617947236781338e-06
11590.899677223375 7.3956563396911e-06
11750.991138606072 7.179851762584345e-06
11913.293755008777 6.970344277984528e-06
12077.83806651451 6.766950279911257e-06
12244.655035020538 6.569491369495048e-06
12413.77605006439 6.377794286934651e-06
12585.232934730398 6.191690813119296e-06
12759.05795163757 6.0110177856233715e-06
12935.283809010662 5.8356168447249384e-06
13113.943666834619 5.665334146989138e-06
13295.071143094243 5.500020258053351e-06
13478.700320100064 5.339530131871512e-06
13664.865750901306 5.183723080766446e-06
13853.602465787988 5.032462519835042e-06
14044.94597888224 4.8856157811161e-06
14238.932294821 4.743053979284423e-06
14435.597915530889 4.604652049010284e-06
14634.979847096707 4.470288681424573e-06
14837.115606724756 4.339846072177751e-06
15042.043229802446 4.213209813930158e-06
15249.801277055056 4.090268744456462e-06
15460.42884180198 3.970915026517019e-06
15673.965557312593 3.855044060560212e-06
15890.451604264055 3.7425542402809595e-06
16109.927718301744 3.633346905392199e-06
16332.435197704794 3.5273261795333346e-06
16558.01591115681 3.4243990802393684e-06
16786.712305624278 3.3244754156296423e-06
17018.567414343685 3.2274675501766075e-06
17253.62486491899 3.133290390632285e-06
17491.92888753093 3.0418612674173342e-06
17733.524323259757 2.9530999981603157e-06
17978.456632522608 2.8669288094736153e-06
18226.771903628072 2.783272118365056e-06
18478.516861448286 2.7020565328439335e-06
18733.73887621106 2.6232107713728177e-06
18992.48597241351 2.5466656961707993e-06
19254.806837858396 2.4723542277881543e-06
19520.750832816066 2.400211186665262e-06
19790.367999312126 2.3301732730912924e-06
20063.709070543817 2.2621790248992215e-06
20340.825480426345 2.196168827652233e-06
20621.769373271076 2.1320848254802882e-06
20906.593613597415 2.069870810363669e-06
21195.35179608026 2.0094721871159237e-06
21488.098255634453 1.9508359603149735e-06
21784.888077639334 1.8939107271053629e-06
22085.77710830371 1.838646586944694e-06
22390.821965174382 1.7849950684721975e-06
22700.080047789794 1.7329090840206006e-06
23013.609548480417 1.6823429385349431e-06
23331.4694633192 1.6332523095869777e-06
23653.71960322235 1.585594158024551e-06
23980.420605203897 1.5393266841766746e-06
24311.633943785615 1.4944092754449804e-06
24647.421942564517 1.450802531405897e-06
24987.847785940154 1.4084682346983549e-06
25332.975531003955 1.3673692640414639e-06
25682.870119592277 1.3274695730858507e-06
26037.597390506984 1.2887341338547612e-06
26397.224091903743 1.2511289734049397e-06
26761.817893851985 1.214621138480609e-06
27131.447401068286 1.1791786119414476e-06
27506.18216582517 1.1447703053603848e-06
27886.092701039164 1.1113660137956472e-06
28271.250493538693 1.078936441207854e-06
28661.7280175156 1.0474531733725111e-06
29057.59874816252 1.0168885954948006e-06
29458.937175498457 9.872158941448576e-07
29865.818818385425 9.584090252199243e-07
30278.32023873877 9.304427279515426e-07
30696.51905593311 9.032924952328175e-07
31120.493961408556 8.769345131574103e-07
31550.324733477395 8.513456554575771e-07
31986.092252336002 8.265034657230651e-07
32427.878515283366 8.023861627092505e-07
32875.76665215109 7.78972609087036e-07
33329.84094094524 7.562422687731698e-07
33790.1868237048 7.341751956545473e-07
34256.890922579136 7.127520268091862e-07
34730.041056127455 6.919539812445677e-07
35209.726255843416 6.717628280666034e-07
35696.03678290796 6.52160857847619e-07
36189.06414517368 6.331308673158024e-07
36688.90111438305 6.146561608855669e-07
37195.6417436259 5.967205445351061e-07
37709.38138503678 5.793082941474987e-07
38230.21670773661 5.624041378602588e-07
38758.245716023666 5.459932380457924e-07
39293.567767814064 5.300611989922709e-07
39836.28359333802 5.145940572839401e-07
40386.49531409384 4.995782508714269e-07
40944.30646206399 4.850006099223418e-07
41509.82199919641 4.70848337129781e-07
42083.14833715492 4.571090198214758e-07
42664.39335734251 4.437706179224521e-07
43253.66643120123 4.308214341542277e-07
43851.078440791636 4.182501105043709e-07
44456.7417996583 4.0604561101051425e-07
45070.77047398186 3.9419723213381833e-07
45693.280004023145 3.826945922163977e-07
46324.387525865255 3.7152760234952563e-07
46964.21179345401 3.6068646636862135e-07
47612.8732009438 3.501616685517439e-07
48270.49380535181 3.399439794093854e-07
48937.19734952523 3.300244454052494e-07
49613.1092854256 3.2039436592615205e-07
50298.356797734865 3.1104529189306425e-07
50993.06882778728 3.0196901841529865e-07
51697.376097832355 2.931575873095137e-07
52411.411135631555 2.846032761668932e-07
53135.30829939709 2.762985819528515e-07
53869.20380307303 2.682362174420229e-07
54613.23574196584 2.604091080092163e-07
55367.54411873057 2.528103916683155e-07
56132.27086971408 2.454334078604804e-07
56907.55989166294 2.382716862943035e-07
57693.557068800306 2.3131894183022102e-07
58490.410300276366 2.245690744081985e-07
59298.26952799838 2.1801616724179207e-07
60117.28676484471 2.116544756115951e-07
60947.616123269036 2.0547841981378489e-07
61789.41384429835 1.994825789887935e-07
62642.83832693382 1.9366169338303116e-07
63508.05015795576 1.8801066120573212e-07
64385.21214213993 1.8252452763910902e-07
65274.48933289373 1.7719848097577848e-07
66176.04906331285 1.7202784577973076e-07
67090.06097766814 1.6700808684093558e-07
68016.6970633272 1.6213480509768862e-07
68956.13168311687 1.57403727016426e-07
69908.5416081325 1.528107030000674e-07
70874.1060510007 1.4835170084532488e-07
71853.00669960117 1.440228099299353e-07
72845.42775125495 1.3982023712483953e-07
73851.55594738304 1.3574029650443966e-07
74871.58060864687 1.3177940908458834e-07
75905.69367057146 1.279340981102987e-07
76954.08971966058 1.242009914166697e-07
78016.96603001333 1.205768178786207e-07
79094.52260044352 1.1705839865313323e-07
80186.96219211335 1.136426469067794e-07
81294.49036668641 1.1032656482153982e-07
82417.31552500771 1.0710724472692671e-07
83555.64894631796 1.0398186528266793e-07
84709.70482800949 1.009476851905623e-07
85879.70032593116 9.800204209463215e-08
87065.85559525053 9.514235114111838e-08
88268.3938318784 9.236610517532816e-08
89487.54131446918 8.967087079801224e-08
90723.52744699814 8.705428403266546e-08
91976.58480192666 8.451404863123976e-08
93246.94916396705 8.204793581701612e-08
94534.85957444813 7.965378378224447e-08
95840.55837629533 7.732949372537102e-08
97164.29125963185 7.507302705451928e-08
98506.30730800945 7.28824032833733e-08
99866.85904527808 7.075570065855317e-08
101246.20248310243 6.869105514696717e-08
102644.59716913568 6.668665653405111e-08
104062.30623585601 6.474074682264336e-08
105499.59645008233 6.285161786414587e-08
106956.73826316933 6.101761263180319e-08
108434.00586189855 5.92371238479241e-08
109931.67722006961 5.750859020154971e-08
111450.03415080857 5.58304956566636e-08
112989.36235959423 5.4201366969444323e-08
114549.95149801907 5.2619775363229236e-08
116132.09521829225 5.1084334948766524e-08
117736.0912284954 4.959369909404042e-08
119362.24134860169 4.8146560233482104e-08
121010.85156726849 4.674164806670539e-08
122682.23209941502 4.537773051081815e-08
124376.69744459276 4.4053612478322696e-08
126094.566446167 4.276813255188763e-08
127836.16235131132 4.1520162970656826e-08
129601.81287183071 4.030860842291493e-08
131391.85024582932 3.913240653709928e-08
133206.61130022496 3.79905265518097e-08
135046.43751412924 3.688196691017652e-08
136911.67508310312 3.580575493206526e-08
138802.67498429958 3.476094619020489e-08
140719.79304250603 3.3746624648836585e-08
142663.38999709915 3.276190127866928e-08
144633.83156992422 3.180591238059439e-08
146631.48853411272 3.0877819030505507e-08
148656.7367838474 2.997680690106126e-08
150709.9574050969 2.9102086135673174e-08
152791.53674732216 2.825288994876901e-08
154901.86649617273 2.7428473523603708e-08
157041.34374719323 2.6628113298536e-08
159210.37108054117 2.5851107123551725e-08
161409.35663674015 2.5096773939875335e-08
163638.71419347878 2.4364452395888467e-08
165898.86324347003 2.3653500192760503e-08
168190.22907338612 2.2963293266420588e-08
170513.242843884 2.22932261900741e-08
172868.3416707354 2.1642711715404498e-08
175255.9687070786 2.1011179426415036e-08
177676.57322680284 2.039807543048355e-08
180130.61070909107 1.9802861478310788e-08
182618.54292412454 1.9225015541735744e-08
185140.83801997043 1.8664031260726417e-08
187697.97061067674 1.811941665094228e-08
190290.42186557606 1.7590693999297065e-08
192918.67959982716 1.7077399176771603e-08
195583.23836620548 1.6579082019131475e-08
198284.59954816225 1.609530590783223e-08
201023.2714541685 1.5625646509259928e-08
203799.76941336217 1.5169691801096124e-08
206614.6158725171 1.472704158977852e-08
209468.34049434727 1.4297307718164035e-08
212361.4802571774 1.3880113603241586e-08
215294.57955598165 1.3475093317674532e-08
218268.19030481938 1.3081891497087812e-08
221282.8720406919 1.2700163076412005e-08
224339.19202882604 1.2329573364917076e-08
227437.72536941592 1.1969797560558902e-08
230579.05510583794 1.1620520103444571e-08
233763.77233436098 1.1281434496319445e-08
236992.4763153712 1.0952243208650537e-08
240265.77458613334 1.063265765160739e-08
243584.28307510982 1.0322397684233602e-08
246948.62621785924 1.0021191181358572e-08
250359.43707453104 9.728773792945185e-09
253817.3574489927 9.44488897472012e-09
257323.0380095935 9.169287889240107e-09
260877.13841159618 8.901728915357871e-09
264480.32742130844 8.641977383794243e-09
268133.2830419195 8.389805295602478e-09
271836.69264107884 8.144991446329382e-09
275591.25308023667 7.907321274011976e-09
279397.6708457707 7.676586380409051e-09
283256.66218192346 7.452584396266599e-09
287168.95322557725 7.235118674731127e-09
291135.28014288825 7.023998482711384e-09
295156.3892678113 6.819038812302279e-09
299233.0372425304 6.620059919844521e-09
303365.99115984153 6.4268872750762515e-09
307556.028707491 6.2393512994368546e-09
311803.9383145075 6.057287520991568e-09
316110.51929956605 5.880536415091965e-09
320476.5820213887 5.708942952747312e-09
324902.94803122955 5.542356603478386e-09
329390.45022746344 5.380631148746181e-09
333939.9330123108 5.2236247681508205e-09
338552.25245072634 5.0711998791669405e-09
343228.27643148304 4.923222787130403e-09
347968.8848304819 4.7795636612478526e-09
352774.9696763102 4.640096425216659e-09
357647.43531810126 4.50469879354591e-09
362587.19859569747 4.373252101566202e-09
367595.18901217286 4.245641056757522e-09
372672.34890872927 4.121753681685569e-09
377819.63364202395 4.00148126770584e-09
383038.0117639297 3.8847183735033355e-09
388328.4652037874 3.771362651090352e-09
393691.9894531723 3.6613146772001216e-09
399129.593753214 3.5544778727111735e-09
404642.30128450214 3.450758504135689e-09
410231.1493596165 3.350065654095157e-09
415897.189618317 3.252311047635802e-09
421641.48822542076 3.157408946356373e-09
427465.12607143086 3.0652760518815186e-09
433369.1989759191 2.97583154285762e-09
439354.8178937187 2.888997025125318e-09
445423.1091239801 2.8046963615694875e-09
451575.21452209755 2.722855614906512e-09
457812.2917145702 2.6434029411314615e-09
464135.5143168304 2.5662686522182817e-09
470546.07215407945 2.491385152143546e-09
477045.17148517474 2.4186867725928828e-09
483634.03522960824 2.348109749745794e-09
490313.90319761983 2.279592124780162e-09
497086.03232349193 2.2130738065785344e-09
503951.6969020554 2.1484965098857413e-09
510912.18882848264 2.0858035957389494e-09
517968.81784137426 2.0249400685127056e-09
525122.9117692029 1.965852504406017e-09
532375.8167801804 1.908489086709697e-09
539728.897635554 1.8527995504071978e-09
547183.5379464127 1.7987350490160515e-09
554741.1404340379 1.7462481494335892e-09
562403.1271938495 1.6952927872055554e-09
570170.9399629987 1.6458242830505725e-09
578046.040391656 1.5977992834737687e-09
586029.9103180456 1.5511756653616556e-09
594124.0520472829 1.5059125182473768e-09
602329.9886340488 1.4619701232849447e-09
610649.2641691943 1.4193099555221169e-09
619083.4440702806 1.3778946226735515e-09
627634.1153761329 1.337687799595334e-09
636302.8870454838 1.2986542015309316e-09
645091.3902597179 1.2607595811099778e-09
654001.2787298091 1.2239707199806828e-09
663034.2290074956 1.1882553673755082e-09
672191.9408007519 1.1535821980460438e-09
681476.1372936203 1.1199207793108435e-09
690888.5654704559 1.0872415815147833e-09
700430.996444657 1.0555159619098549e-09
710105.2257919194 1.0247161042330953e-09
719913.073888121 9.948149948852744e-10
729856.3862518485 9.657863859964581e-10
739937.0338916683 9.376048156976505e-10
750156.913658178 9.10245586544774e-10
760517.9486009497 8.836847069960689e-10
771022.0883303744 8.578988812359387e-10
781671.3093845177 8.32865471404784e-10
792467.6156010403 8.085625227392975e-10
803413.0384942547 7.849687396528011e-10
814509.6376373916 7.620634294213886e-10
825759.5010501426 7.398264996436081e-10
837164.7455915632 7.182384308896232e-10
848727.5173583822 6.972802909652032e-10
860449.9920888479 6.769337158239149e-10
872334.3755721218 6.571808589879743e-10
884382.9040633253 6.380043909843996e-10
896597.8447043513 6.193874812597535e-10
908981.4959504539 6.013138054065176e-10
921536.1880027453 5.837675244599484e-10
934264.2832466636 5.66733248378333e-10
947168.1766964986 5.501960307011841e-10
960250.2964460549 5.341413593652338e-10
973513.1041255401 5.185551585601697e-10
986959.0953647639 5.034237672162254e-10
1000590.8002627384 4.887339136302534e-10
1014410.7838637456 4.744727066719275e-10
1028421.646640018 4.606276333919644e-10
1042626.0249810524 4.471865568489524e-10
1057026.5916896788 4.3413769440283684e-10
1071626.0564850217 4.2146960110977267e-10
1086427.1665123638 4.091711585284136e-10
1101432.7068600734 3.9723157742431166e-10
1116645.5010836683 3.856403926426609e-10
1132068.4117371168 3.7438744166963104e-10
1147704.3409114778 3.634628548629085e-10
1163556.2307809792 3.5285704268642487e-10
1179627.0641566415 3.425607021535763e-10
1195919.8650475482 3.325648096012232e-10
1212437.6992298493 3.2286059985729526e-10
1229183.674823668 3.134395617397984e-10
1246160.942877935 3.0429342436538967e-10
1263372.6979632974 2.9541416625066515e-10
1280822.178773263 2.8679400666274145e-10
1298512.6687335996 2.784253856325971e-10
1316447.4966201698 2.7030096249324393e-10
1334630.037185305 2.624136054400609e-10
1353063.7117928162 2.547563972459758e-10
1371751.98906179 2.4732262870876844e-10
1390698.385519268 2.401057794668826e-10
1409906.466261948 2.33099518275428e-10
1429379.8456269966 2.2629769576198283e-10
1449122.1878721865 2.196943475011957e-10
1469137.207865371 2.132836868139254e-10
1489428.671783486 2.0706009081689736e-10
1510000.397821255 2.010180988867045e-10
1530856.2569096305 1.9515240875548803e-10
1552000.1734441766 1.8945787756357125e-10
1573436.1260235196 1.8392951431292162e-10
1595168.1481979864 1.7856247007277035e-10
1617200.3292285905 1.7335203512515917e-10
1639536.8148564952 1.6829363761785363e-10
1662181.808083112 1.6338284309336116e-10
1685139.5699609704 1.5861534682832872e-10
1708414.4203954872 1.539869673150425e-10
1732010.738957871 1.4949364248072262e-10
1755932.9657091938 1.4513143026752358e-10
1780185.6020358491 1.4089650703768948e-10
1804773.2114966044 1.3678515997357246e-10
1829700.420681289 1.3279378311875187e-10
1854971.920081375 1.289188729805447e-10
1880592.4649725752 1.2515703053216294e-10
1906566.8763096314 1.2150495881269554e-10
1932900.0416334618 1.1795945551652156e-10
1959596.9159908378 1.1451741101294801e-10
1986662.5228667622 1.1117580357363546e-10
2014101.9551297347 1.0793170239437669e-10
2041920.3759900308 1.0478226464196205e-10
2070123.019971301 1.0172472832495723e-10
2098715.193895514 9.875641156459423e-11
2127702.2778815003 9.587470861728465e-11
2157089.726357367 9.307709218642449e-11
2186883.0690868148 9.036111101483713e-11
2217087.912209662 8.772438288372336e-11
2247709.939296742 8.516459470157344e-11
2278754.912419366 8.267949967499289e-11
2310228.673233558 8.026691859073751e-11
2342137.1440792633 7.792473731750877e-11
2374486.3290947513 7.565090148708715e-11
2407282.315346363 7.344341608500568e-11
2440531.273973951 7.131220088600291e-11
2474239.4613520573 6.925682000778438e-11
2508413.2202671715 6.727702983010515e-11
2543058.981111204 6.537275837906842e-11
2578183.263091533 6.354408231831401e-11
2613792.6754576676 6.179119633605911e-11
2649893.9187449054 6.011437760057089e-11
2686493.7860351573 5.851394450383286e-11
2723599.1642351816 5.6990211149253427e-11
2761217.035372477 5.5543441966831395e-11
2799354.4779090756 5.4173804609281985e-11
2838018.6680734893 5.2881324601629453e-11
2877216.8812109963 5.166584106505606e-11
2916956.493152697 5.0526967255257855e-11
2957244.981603369 4.946405787940581e-11
2998089.9275484933 4.84761823790213e-11
3039499.0166808185 4.7562106537567157e-11
3081480.040846518 4.672028002612361e-11
3124040.899511366 4.594883378771916e-11
3167189.6012471635 4.52455859576418e-11
