"t (day)" "dm/dt (M_sun/yr)"
9.08179246846611 0.0007432164826649747
9.208790399708036 0.0010176303050802357
9.33756424408558 0.0014104431050614933
9.468138835605366 0.001973813175480895
9.600539355547673 0.002781477202327011
9.734791337322742 0.003935930122955233
9.870920671394655 0.005576926272518687
10.008953610274611 0.007891248081269264
10.148916773583489 0.011122634531049214
10.29083715318552 0.015578950949070603
10.434742118393654 0.02163480701399724
10.580659421247729 0.0297307435177513
10.728617201866426 0.040364006426433036
10.878643993874109 0.054074213404149224
11.03076872990353 0.07140985220691463
11.185020747175432 0.09289472378623664
11.341429793156353 0.11899512404038466
11.500026031295171 0.15006211325598237
11.660840046840434 0.18626718860036962
11.823902852738476 0.22754782904057153
11.989245895614337 0.2737420284339752
12.156901061836262 0.32473319988839616
12.326900683664961 0.38040063934765567
12.49927754548886 0.4405291443450528
12.674064890146592 0.5044704699630737
12.85129642533783 0.570625149506446
13.03100633012388 0.6384037720854299
13.213229261519015 0.7080905956923975
13.398000361174113 0.7799565725774904
13.585355262153815 0.8542697858113389
13.77533009580817 0.931390718622074
13.96796149874064 1.011732854456565
14.163286619873531 1.0958027546876326
14.36134312761206 1.1841832892205193
14.562169217108698 1.2773917668133603
14.765803617629194 1.375799764456844
14.972285600021394 1.4796330710083072
15.181654984288684 1.5889811899419723
15.393952147269209 1.7038835399241643
15.609218030422598 1.8243707131611837
15.827494147725526 1.950386870764559
16.048822593677592 2.0816146890993714
16.273246051419306 2.2176800525859006
16.50080780096345 2.3582976910258773
16.731551727541735 2.503282857180067
16.965522330067948 2.6525499510729733
17.202764729719615 2.806124061786966
17.44332467863959 2.964042931400009
17.68724856875933 3.1261294872435577
17.934583440745623 3.2921052881555095
18.18537699307226 3.4616965130904087
18.439677591218913 3.6347202461549193
18.69753427699808 3.810762638202278
18.958996778013013 3.9890183524907203
19.224115517247622 4.16857297834541
19.49294162279048 4.348463871990184
19.765526937694954 4.527548646054864
20.041924029977086 4.704720044576995
20.322186202753304 4.879362600737261
20.6063675045199 5.051431015357389
20.89452273957636 5.220636265073182
21.186707478594222 5.386065670688031
21.48297806933408 5.546249077886569
21.78339164751199 5.699852393823101
22.08800614781822 5.845897541875975
22.396880315089927 5.983646537472838
22.710073715640032 6.112278632288416
23.0276467487447 6.2308613882267485
23.349660658291167 6.338274464438012
23.6761775445887 6.433693088281243
24.007260376344615 6.5165905979663865
24.342973002807764 6.586745248167629
24.683380166081825 6.644015482765674
25.02854751361094 6.68798157691115
25.37854161083959 6.718165415376774
25.733429954049882 6.734615946439134
26.093280983378172 6.737875011989806
26.458164096013626 6.728571232983019
26.828149659581634 6.707075417638724
27.20330902571403 6.67387221789322
27.583714543809286 6.629802126823119
27.96943957498511 6.575923525311929
28.360558506226134 6.513089445537082
28.757146764729264 6.441561859435083
29.159280832450115 6.361174540340187
29.567038260852236 6.271750764256298
29.980497685863014 6.173394660385588
30.399738843038563 6.066521113706337
30.824842582940782 5.951629707299743
31.25589088672925 5.8293328114163305
31.69296688197147 5.700418282614442
32.13615485867371 5.56593431640747
32.58554028553659 5.4270005079770565
33.04120982643752 5.28475347005904
33.50325135714385 5.140286768718392
33.97175398225996 4.994523781563521
34.44680805241036 4.848234452118663
34.9285051816647 4.702050410081167
35.416938265204806 4.556386464722372
35.912201497239835 4.411552160114748
36.41439038917154 4.267686490324278
36.92360178801356 4.124964515032107
37.43993389506846 3.983638203779399
37.96348628486571 3.844215366272622
38.494359924364694 3.7073660641528194
39.03265719242607 3.5737688507432157
39.57848189955586 3.4438979753163586
40.131939307924476 3.318018423095418
40.69313615166756 3.1961675150236344
41.2621806574688 3.078396753383895
41.83918256543182 2.9647142768468453
42.424253150243416 2.855151577245582
43.01750524263291 2.749679775743363
43.61905325113146 2.6481795662501932
44.22901318413582 2.550512585849241
44.84750267228042 2.45659181854701
45.4746409911224 2.3663781076951524
46.11054908414425 2.2798574209845315
46.75534958607686 2.196973839278801
47.40916684655073 2.1175788661083295
48.072126954075856 2.0414635502986305
48.7443577603583 1.9683926771325515
49.425988904956256 1.8981792795691257
50.117151840281075 1.830698299297889
50.81797985694771 1.7658687715685408
51.528608109479904 1.7036082183073007
52.24917364237466 1.643852734548354
52.97981541653112 1.5865033018223553
53.720674336049655 1.5314499959549719
54.47189327540412 1.478578075991691
55.23361710699655 1.4277824611809187
56.00599272909461 1.3789656644874368
56.78916909416152 1.3320648581046077
57.58329723758126 1.287020322614918
58.38853030678581 1.2437615970688145
59.20502359078954 1.2022077471583614
60.0329345501367 1.1622564172723282
60.87242284726766 1.1238181482273988
61.72365037730965 1.0868094459058821
62.58678129929849 1.0511676065836737
63.461982067836075 1.0168454521069092
64.34942146519202 0.983806257945731
65.24927063385228 0.9520260664428672
66.16170310952447 0.9214613567875866
67.08689485460418 0.8920597686694693
68.02502429210918 0.8637503678523709
68.97627234008827 0.8364487765838885
69.9408224465113 0.8100712137167261
70.91886062464705 0.7845411684552613
71.91057548893595 0.7598115613535611
72.9161582913641 0.7358554219564848
73.93580295834631 0.7126583619831579
74.96970612812528 0.6902082347340176
76.01806718869173 0.6684805472702546
77.08108831623836 0.6474471196430349
78.1589745141479 0.6270758342404927
79.25193365252865 0.6073282175078354
80.36017650830192 0.5881688701498328
81.48391680585068 0.5695707813956558
82.62337125823589 0.5515138879326998
83.77875960898972 0.5339891952812847
84.95030467449298 0.5169883946361632
86.13823238694515 0.5005111274117167
87.34277183793604 0.48455433175810675
88.56415532262444 0.46911254529105556
89.80261838453819 0.45417353550739714
91.05839986099717 0.43972292658254913
92.33174192917372 0.4257398122910499
93.62289015279622 0.41220240093529575
94.93209352950619 0.3990906685056534
96.25960453887728 0.38638916740365903
97.60567919110592 0.3740891976354137
98.97057707638288 0.36218643325493394
100.35456141495484 0.35067487303069705
101.75789910788764 0.3395506852443059
103.1808607885356 0.3288106812579352
104.62372087473598 0.3184485275852289
106.08675762172834 0.3084572308707851
107.5702531758167 0.29882596008048473
109.07449362878164 0.28953921854329423
110.59976907305253 0.2805804896075611
112.14637365765219 0.27193058351071947
113.71460564492322 0.2635702523980264
115.30476746804797 0.2554790570877887
116.91716578937235 0.2476410298292051
118.55211155954689 0.24004114736742066
120.20992007749079 0.23266731911406072
121.89091105120073 0.22551125731633234
123.59540865940367 0.21856636757887327
125.32374161407597 0.21182743666896442
127.07624322383509 0.20529046836823908
128.85325145821815 0.19894978849086623
130.65510901285938 0.19279928372501223
132.48216337557858 0.18683281691739334
134.33476689339437 0.1810441928061653
136.2132768404738 0.17542636141844573
138.11805548703407 0.169973443751667
140.04947016920318 0.1646800322473266
142.0078933598644 0.1595409040823973
143.99370274048468 0.15455205085576
146.00728127395178 0.1497108859704698
148.04901727842812 0.14501539212860445
150.11930450223826 0.14046295771391373
152.2185421998027 0.1360512019601892
154.3471352086343 0.1317779294034776
156.50549402741106 0.12763988469503768
158.69403489514033 0.12363361013196644
160.9131798714319 0.11975580663294738
163.1633569178889 0.11600249208047982
165.4449999806443 0.11236946514452754
167.7585490740438 0.10885235361945353
170.10445036550428 0.10544720438754518
172.4831562615565 0.10215003289581194
174.89512549509212 0.09895748658528648
177.34082321382942 0.09586677298425836
179.82072107001773 0.09287539799113045
182.33529731139495 0.08998107016594702
184.88503687341736 0.08718160985583995
187.4704314727811 0.08447425143260545
190.0919797022455 0.08185625555643725
192.750187126792 0.07932498189490758
195.4455663811179 0.07687716501355525
198.17863726849973 0.07450977851281132
200.94992686103697 0.0722199774643514
203.7599696012977 0.0700048454795021
206.6093074053857 0.06786133682779734
209.49848976744894 0.06578651141016252
212.42807386564928 0.06377747165949736
215.39862466961412 0.06183124645580393
218.41071504939094 0.059945136666020485
221.46492588592457 0.05811654437969355
224.56184618308134 0.056342853172091256
227.70207318123644 0.05462182938606604
230.88621247245266 0.05295147552060853
234.11487811726857 0.05132974090695463
237.38869276312016 0.049754891321280616
240.7082877644176 0.048225237321624204
244.07430330430256 0.04673902906056189
247.4873885181068 0.045294766651119894
250.94820161853812 0.04389123058900829
254.4574100226164 0.04252736909405437
258.01569048038414 0.0412021647058251
261.62372920542066 0.039914739595793565
265.28222200717175 0.038664396431076026
268.9918744251445 0.03745039481375437
272.75340186496396 0.03627199630862766
276.567529736342 0.0351285177782626
280.43499359297175 0.03401952660363546
284.356539274379 0.032944533086495885
288.3329230497571 0.03190304425491258
292.36491176381327 0.03089471970925709
296.4532829846548 0.02991917729658433
300.59882515374176 0.028975953188363327
304.80233773794106 0.028064471168200766
309.06463138369685 0.027184143508071558
313.3865280733716 0.02633434341633952
317.76886128375924 0.025514372062594496
322.21247614682335 0.024723466270183833
326.7182296126803 0.023960843315675148
331.2869906148619 0.02322569775415836
335.9196402378891 0.022517148808793075
340.617071887188 0.02183427275990873
345.38019146138674 0.021176065254284775
350.2099175270097 0.02054142547849682
355.10718149563394 0.01992925109234688
360.07292780349974 0.019338416081473003
365.108114093657 0.018767887997453537
370.2137114006345 0.01821667384843953
375.3907043377145 0.017683766174831507
380.6400912868077 0.0171681498165704
385.96288459099407 0.01666886271225539
391.3601107497527 0.016184998188723664
396.8328106169206 0.015715737230214077
402.3820396014261 0.015260317935937904
408.0088678708141 0.014818023836106031
413.71438055764065 0.014388212418581271
419.4996779687278 0.01397031353312896
425.3658757973694 0.013563832955338806
431.3141053384802 0.013168332577217477
437.3455137067777 0.012783414503015718
443.4612640579944 0.012408719186993308
449.6625358131951 0.012043925269891535
455.9505248862288 0.011688767684434824
462.32644391435775 0.011343022466490526
468.7915224921207 0.011006493684233083
475.3470074084478 0.01067901383682259
481.99416288711916 0.010360442517562327
488.7342708305543 0.010050660801040893
495.5686310670424 0.00974954638752355
502.4985616013972 0.009456981900704
509.52539886915054 0.009172844876873828
516.6504979942716 0.008896999370219757
523.8752330505072 0.008629305207988335
531.2009973263707 0.00836962138856936
538.6292035938379 0.008117815800675682
546.1612843807992 0.007873736010413527
553.7986922473212 0.007637225005520839
561.5429000657788 0.007408117078367894
569.3954013048848 0.007186234368219422
577.3577103177233 0.006971398819915269
585.4313626337731 0.00676342261027014
593.6179152550518 0.006562117058808051
601.9189469563706 0.006367285273560395
610.3360585898065 0.0061787387013783
618.870873393425 0.005996279970670753
627.5250373043212 0.005819708067291596
636.3002192760382 0.005648820686047013
645.1981116004238 0.005483257043887271
654.2204302339945 0.005322792999266075
663.3689151288426 0.005167285366020254
672.6453305682062 0.0050165376395742735
682.0514655066892 0.004870362844658147
691.5891339152805 0.0047285844279589175
701.260175131164 0.004591017390830637
711.0664542124397 0.0044574821505356434
721.0098622978003 0.004327806222056113
731.0923169712343 0.004201827610199815
741.3157626318346 0.004079392756966122
751.6821708687714 0.0039603577005817
762.1935408415221 0.003844588638902826
772.8518996653903 0.003731962982205143
783.6593028024595 0.0036223644008980807
794.6178344579615 0.0035156907611611434
805.7296079822407 0.003411845310527908
816.996766278294 0.0033107422942379124
828.421482215038 0.0032123076155710804
840.0059590463442 0.0031164761538625832
851.7524308359373 0.0030231908669908856
863.6631628882315 0.0029324024408082703
875.7404521851947 0.0028440648737527038
887.9866278293281 0.002758133579830161
900.4040514928142 0.002674567017233574
912.9951178729915 0.0025933269898973325
925.7622551541427 0.0025143740032800587
938.7079254757958 0.00243767098684782
951.8346254075284 0.002363179972159368
965.1448864304393 0.0022908629628584755
978.6412754253411 0.0022206808955682416
992.3263951677843 0.0021525932559637757
1006.2028848300005 0.0020865586188744457
1020.2734204898659 0.002022532967093681
1034.54071564699 0.0019604723626077034
1049.007521745994 0.0019003311726389905
1063.676628707153 0.0018420622143332298
1078.5508654644027 0.0017856170594328976
1093.6331005109255 0.0017309468945711222
1108.9262424523265 0.0016780014697997338
1124.4332405675493 0.0016267307390424733
1140.157085377651 0.0015771196428708144
1156.100809222534 0.001529107677614995
1172.2674868457232 0.001482619591994723
1188.6602359873143 0.0014376031915462955
1205.2822179852628 0.0013940073524426272
1222.1366383850097 0.001351782357054935
1239.2267475577084 0.001310880986682418
1256.5558413270187 0.0012712573608748435
1274.1272616047452 0.0012328670378039146
1291.9443970352852 0.0011956672350821014
1310.0106836491675 0.0011596173474438083
1328.3296055256476 0.0011246784563782412
1346.9046954646521 0.0010908131318588617
1365.7395356680604 0.0010579856030328294
1384.8377584305122 0.0010261613104121051
1404.2030468399387 0.0009953059146782489
1423.8391354877972 0.0009653878769647845
1443.7498111893317 0.0009363764156977161
1463.9389137138141 0.0009082415847121808
1484.4103365250908 0.000880954549592802
1505.1680275323845 0.0008544878532029172
1526.2159898517014 0.000828815430105257
1547.558282577778 0.0008039132656724697
1569.1990215669227 0.0007797584044985469
1591.142380230737 0.0007563286335519659
1613.3925903409395 0.0007336022056508821
1635.9539428455062 0.0007115586552746045
1658.8307886961259 0.0006901774775336082
1682.0275396873353 0.0006694387688017441
1705.5486693072774 0.0006493232246746075
1729.3987136004669 0.0006298121195867137
1753.5822720425117 0.0006108872929209764
1778.1040084271751 0.0005925311264366164
1802.9686517657308 0.0005747265323514598
1828.1809971990028 0.0005574569373415193
1853.7459069220852 0.0005407062663933022
1879.668311122001 0.0005244589259461188
1905.9532089284994 0.000508699791665144
1932.605669378157 0.0004934141932435473
1959.6308323919218 0.0004785879020594551
1987.033909766323 0.00046420711780595527
2014.8201861786195 0.0004502584523330651
2042.9950202058862 0.00043672892163313705
2071.5638453584793 0.00042360593086565243
2100.5321711278184 0.00041087726439653616
2129.9055840489523 0.0003985310743181041
2159.6897487778965 0.0003865558667543766
2189.8904091840413 0.00037494049478133514
2220.513389457872 0.00036367414540396456
2251.564595234184 0.00035274633119373756
2283.0500147309635 0.00034214688043124303
2314.9757199041846 0.00033186592550112965
2347.3478676188547 0.0003218938966429139
2380.172700836283 0.000312221510627402
2413.456549818114 0.00030283976373929935
2447.2058333470395 0.0002937399233129462
2481.427059964729 0.00028491351789952456
2516.126829226966 0.00027635233175490404
2551.311832976358 0.0002680483949950769
2586.9888566328696 0.00025999397771056304
2623.164780502414 0.00025218158269829524
2659.8465811036995 0.00024460393713190417
2697.041332513614 0.000237253987703149
2734.756207731534 0.0002301248920646052
2772.998480062551 0.00022321001389623057
2811.7755245202165 0.00021650291666453357
2851.0948192487167 0.00020999735656766243
2890.963946965115 0.00020368727825602803
2931.3905964216433 0.0001975668073952528
2972.3825638884477 0.00019163024653351637
3013.9477546571266 0.00018587206974300107
3056.0941845652833 0.0001802869166459675
3098.829981542363 0.00017486958864804664
3142.16338717707 0.00016961504247583163
3186.1027583068594 0.0001645183867172183
3230.656568629443 0.00015957487722041442
3275.833410337039 0.0001547799120363302
3321.6419957732796 0.00015012902810506928
3368.091159113465 0.0001456178956411626
3415.1898580682023 0.00014124231523912292
3462.9471756108665 0.00013699821392281983
3511.3723217292804 0.00013288164102005543
3560.4746352018788 0.00012888876459286273
3610.2635853986712 0.00012501586760160633
3660.748774107356 0.00012125934474712681
3711.939937385129 0.00011761569927542219
3763.84694743617 0.00011408153969211822
3816.4798145155933 0.00011065357576754684
3869.8486888598263 0.000107328616594049
3923.963862644174 0.00010410356692824769
3978.835771967609 0.00010097542471757682
4034.474998865367 9.794127827917744e-05
4090.8922733496875 9.499830291375048e-05
4148.098475479151 9.214375918880071e-05
4206.104637456854 8.937498975751899e-05
4264.921945757914 8.668941728169926e-05
4324.561743286903 8.408454200941812e-05
4385.035531565186 8.155793890536485e-05
4446.3549729491215 7.910725613495991e-05
4508.531892879012 7.673021229816706e-05
4571.578282159752 7.442459468611759e-05
4635.506299273198 7.218825720115773e-05
4700.328272722909 7.001911792524617e-05
4766.056703411713 6.791515778241028e-05
4832.704267052541 6.58744181336946e-05
4900.2838166129195 6.389499931459255e-05
4968.808384793584 6.19750588490253e-05
5038.291186541967 6.0112809389253486e-05
5108.7456216005585 5.830651753652159e-05
5180.185277091189 5.6554501750304554e-05
5252.623930135139 5.4855131121993453e-05
5326.075550510203 5.320682384127804e-05
5400.554303344698 5.16080454511567e-05
5476.074551849165 5.005730780881429e-05
5552.650860086338 4.8553167268421716e-05
5630.297995779877 4.709422365355654e-05
5709.030933162278 4.567911894037832e-05
5788.864855862575 4.430653577987074e-05
5869.815159834664 4.297519658292876e-05
5951.897456326213 4.16838619411986e-05
6035.127574889505 4.0431329766585966e-05
6119.521566433926 3.921643416060631e-05
6205.095706321604 3.8038044163189e-05
6291.866497505979 3.6895062947631785e-05
6379.850673714389 3.5786426448493135e-05
6469.065202675199 3.471110264147032e-05
6559.527289390055 3.366809057258386e-05
6651.25437945186 3.265641930574135e-05
6744.264162409029 3.16751471863135e-05
6838.574575177114 3.0723360694216225e-05
6934.203805497727 2.9800173809667643e-05
7031.170295446265 2.8904727188123505e-05
7129.492744988218 2.8036187326809535e-05
7229.190115585656 2.719374567673519e-05
7330.281633853867 2.6376618028864467e-05
7432.786795269154 2.5584043712097247e-05
7536.725367928567 2.4815284957197052e-05
7642.117396362239 2.4069626203536564e-05
7748.983205398942 2.334637326186914e-05
7857.343404085595 2.2644852898110348e-05
7967.21888966195 2.1964412056311647e-05
8078.63085159037 2.130441734280908e-05
8191.600775642443 2.0664254430965504e-05
8306.150448042285 2.00433273515867e-05
8422.301959668222 1.9441058125267754e-05
8540.077710312908 1.8856886086670546e-05
8659.500413003047 1.8290267451450302e-05
8780.593098379679 1.774067480513635e-05
8903.379119139685 1.7207596501825483e-05
9027.882154539308 1.6690536339673098e-05
9154.12621496055 1.6189012973349747e-05
9282.135646541852 1.5702559550638303e-05
9411.935135872905 1.5230723273548554e-05
9543.549714755822 1.4773064888843306e-05
9677.004765032145 1.4329158401813116e-05
9812.326023478025 1.3898590565478129e-05
9949.53958676744 1.3480960575805699e-05
10088.67191650484 1.3075879694846631e-05
10229.749844328358 1.2682970819146734e-05
10372.800577084354 1.2301868227469206e-05
10517.851702074155 1.1932217136791722e-05
10664.931192374177 1.1573673446839651e-05
10814.067412230781 1.1225903416490078e-05
10965.289122529977 1.0888583298238743e-05
11118.625486344326 1.0561399116005415e-05
11274.10607455664 1.0244046279260513e-05
11431.76087156306 9.936229369032546e-06
11591.620281055413 9.637661860059568e-06
11753.715131884437 9.34806581126869e-06
11918.076684005231 9.067171670206848e-06
12084.736634505807 8.794717937739717e-06
12253.727123719791 8.5304509889134e-06
12425.080741424528 8.27412483438672e-06
12598.830533126331 8.0255008583889e-06
12775.010006432958 7.784347646686151e-06
12953.653137515883 7.550440695261914e-06
13134.794377662227 7.323562260450417e-06
13318.468659919048 7.103501154090487e-06
13504.711405829989 6.8900525305539645e-06
13693.558532266206 6.683017698237526e-06
13885.046458353057 6.4822039256191795e-06
14079.212112493617 6.287424274081418e-06
14276.092939490227 6.0984974331957e-06
14475.726907765507 5.915247550362754e-06
14678.15251668499 5.737504023814826e-06
14883.408803981207 5.565101401724204e-06
15091.535353282654 5.397879192412159e-06
15302.572301746937 5.235681736249137e-06
15516.56034780172 5.078358059376673e-06
15733.540758992933 4.92576169825468e-06
15953.555379943677 4.777750610508018e-06
16176.646640423472 4.634187009867095e-06
16402.857563531263 4.494937258599433e-06
16632.23177399223 4.359871741908953e-06
16864.813506570586 4.228864719245705e-06
17100.647614600737 4.101794245587258e-06
17339.779578636688 3.978542027909836e-06
17582.255515223467 3.8589933349045105e-06
17828.12218579023 3.7430368891284156e-06
18077.42700566862 3.6305647410136833e-06
18330.21805323637 3.521472199412653e-06
18586.544079189694 3.4156577068079897e-06
18846.45451594429 3.3130227635734874e-06
19109.999487168876 3.2134718353657825e-06
19377.229817451345 3.116912246384281e-06
19648.1970421 3.0232541181329847e-06
19922.953417082685 2.9324102609395993e-06
20201.55192910371 2.8442961104527553e-06
20484.046305822947 2.7588296481216375e-06
20770.49102621661 2.675931310783229e-06
21060.941331084043 2.595523936707926e-06
21355.4532337004 2.517532671313195e-06
21654.08353061931 2.441884913953732e-06
21956.889812625504 2.3685102496423916e-06
22263.93047584173 2.2973403724841585e-06
22575.264732990203 2.2283090381728687e-06
22890.952624811536 2.161351982056275e-06
23211.05503164383 2.096406874579891e-06
23535.633685163622 2.033413262661127e-06
23864.751180290532 1.9723125048627037e-06
24198.470987258494 1.9130477295950033e-06
24536.85746385666 1.855563763924625e-06
24879.97586783994 1.799807096287707e-06
25227.89236951472 1.7457258261517025e-06
25580.674064499108 1.693269609675386e-06
25938.38898666286 1.642389620685277e-06
26301.106121247572 1.5930384924235318e-06
26668.895418170072 1.5451702838168463e-06
27041.827805512585 1.498740436933045e-06
27419.975203201357 1.4537057339624163e-06
27803.410536876218 1.4100242504540007e-06
28192.20775195384 1.367655324532794e-06
28586.44182788907 1.3265595145886795e-06
28986.188792633584 1.2866985664989877e-06
29391.525737298954 1.2480353776822601e-06
29802.53083102256 1.2105339537172594e-06
30219.283336043434 1.1741593867277065e-06
30641.863622987574 1.1388778150643717e-06
31070.35318636717 1.1046563965897757e-06
31504.834660297012 1.0714632778132337e-06
31945.3918344307 1.0392675571240773e-06
32392.109670119273 1.0080392656993527e-06
32845.07431679556 9.777493324425758e-07
33304.37312858884 9.483695615560012e-07
33770.09468117073 9.198726060383174e-07
34242.32878883667 8.922319365285078e-07
34721.166521826824 8.654218244546679e-07
35206.700223889326 8.394173115483617e-07
35699.02353008842 8.141941910254474e-07
36198.231384861654 7.897289848291621e-07
36704.42006033022 7.659989172324227e-07
37217.687174865285 7.429818999752196e-07
37738.13171191337 7.206565057612273e-07
38265.85403908488 6.990019524748017e-07
38800.955927510804 6.779980836400376e-07
39343.54057146887 6.57625346058769e-07
39893.712608284186 6.378647767113033e-07
40451.57813850885 6.186979797189877e-07
41017.24474638373 6.001071131154545e-07
41590.82152058577 5.820748720677063e-07
42172.41907526536 5.645844699369304e-07
42762.149571378526 5.476196267416834e-07
43360.12673831761 5.311645491367523e-07
43966.4658958435 5.152039193324524e-07
44581.28397632478 4.997228806877909e-07
45204.69954728813 4.84707021673629e-07
45836.83283428547 4.7014236571864457e-07
46477.80574407717 4.56015353812306e-07
47127.741888143 4.423128352292462e-07
47786.76660652083 4.290220551591936e-07
48455.00699197799 4.1613064113020003e-07
49132.59191452076 4.036265940768526e-07
49819.65204624723 3.9149827322531406e-07
50516.31988654789 3.797343883336255e-07
51222.72978765758 3.6832398907014833e-07
51939.01798056497 3.572564540192614e-07
52665.32260128486 3.4652148072994354e-07
53401.78371749911 3.361090759163478e-07
54148.543355566195 3.260095466112203e-07
54905.74552791235 3.162134916752476e-07
55673.536260804656 3.0671179296366617e-07
56452.06362251167 2.974956046006273e-07
57241.47775185793 2.885563477395382e-07
58041.93088717861 2.798857007152485e-07
58853.5773956792 2.7147559240983815e-07
59676.5738032046 2.633181946678879e-07
60511.07882442473 2.554059132054387e-07
61357.25339344276 2.4773138298014856e-07
62215.26069483302 2.402874596268005e-07
63085.26619510807 2.330672138865649e-07
63967.43767463064 2.2606392509439716e-07
64861.94525997031 2.1927107347475546e-07
65768.96145671188 2.126823360538149e-07
66688.6611827225 2.0629157921219376e-07
67621.221801885 2.0009285400946476e-07
68566.82315830313 1.940803905920153e-07
69525.64761098383 1.8824859166496407e-07
70497.88006900459 1.8259202888556693e-07
71483.70802717343 1.7710543638831682e-07
72483.32160218913 1.7178370686277073e-07
73496.91356930189 1.6662188675166713e-07
74524.67939949191 1.616151707203622e-07
75566.81729716623 1.5675889847703152e-07
76623.52823838188 1.520485491440413e-07
77695.01600960341 1.4747973796954914e-07
78781.48724700362 1.4304821220426562e-07
79883.15147631407 1.3874984641691117e-07
81000.22115323128 1.3458063969275169e-07
82132.91170438829 1.3053671074150422e-07
83281.44156890005 1.266142951420501e-07
84446.03224049027 1.2280974180206615e-07
85626.90831020563 1.1911950899097604e-07
86824.29750972705 1.1554016187352241e-07
88038.43075528993 1.1206836825857272e-07
89269.54219221504 1.0870089629200358e-07
90517.86924006284 1.0543461141686767e-07
91783.65263842043 1.0226647301461969e-07
93067.13649332883 9.919353223499862e-08
94368.56832435816 9.621292830228443e-08
95688.19911234092 9.332188658465914e-08
97026.28334777414 9.051771598409663e-08
98383.07907989898 8.779780613069905e-08
99758.84796646438 8.515962531576458e-08
101153.85532418666 8.260071753445491e-08
102568.37017991803 8.011870069298268e-08
104002.66532252742 7.771126441499032e-08
105457.01735550664 7.537616782121971e-08
106931.70675031432 7.311123706740464e-08
108427.01790046548 7.091436380232415e-08
109943.239176376 6.878350293630767e-08
111480.66298097392 6.671667095224951e-08
113039.58580609006 6.471194404174218e-08
114620.30828963744 6.276745585729215e-08
116223.13527358812 6.088139638978931e-08
117848.3758627608 5.905200987651312e-08
119496.34348443418 5.727759341758367e-08
121167.35594879 5.555649537557007e-08
122861.7355102018 5.38871134704365e-08
124579.80892938236 5.226789378807875e-08
126321.9075364006 5.069732896110054e-08
128088.36729457743 4.917395700734211e-08
129879.5288652753 4.7696359955698054e-08
131695.7376735954 4.6263162231787265e-08
133537.3439749942 4.4873029782906776e-08
135404.7029228289 4.3524668496232956e-08
137298.1746368471 4.221682322425457e-08
139218.12427263905 4.094827660478987e-08
141164.9220920562 3.971784769322567e-08
143138.94353461504 3.852439119076006e-08
145140.56928990144 3.736679606924232e-08
147170.18537098804 3.6243984753859963e-08
149228.18318887535 3.5154912109908995e-08
151314.95962797428 3.409856428415106e-08
153430.91712264612 3.307395802464559e-08
155576.4637348135 3.208013948543494e-08
157752.0132326535 3.111618354152759e-08
159957.98517039104 3.0181192918885236e-08
162194.80496921367 2.927429721313707e-08
164462.90399931185 2.8394652290565774e-08
166762.7196630673 2.754143924930567e-08
169094.69547940753 2.671386384557558e-08
171459.28116933926 2.5911155746665577e-08
173856.93274267614 2.5132567700037207e-08
176288.1125859785 2.437737500612462e-08
178753.2895517257 2.3644874615690886e-08
181252.93904873615 2.2934384649548217e-08
183787.5431338479 2.2245243757151078e-08
186357.59060488126 2.1576810413164385e-08
188963.57709490764 2.0928462453738178e-08
191606.00516783015 2.029959629227413e-08
194285.38441530126 1.9689626517651827e-08
197002.23155499913 1.9097985343483677e-08
199757.07053027794 1.852412204056583e-08
202550.43261120876 1.796750241170372e-08
205382.85649703318 1.742760829691526e-08
208254.8884200531 1.690393710548108e-08
211167.0822509729 1.6396001378289927e-08
214119.99960571184 1.5903328329814204e-08
217114.20995370892 1.5425459292359207e-08
220150.29072775005 1.4961949443949187e-08
223228.82743532347 1.4512367297348192e-08
226350.4137715326 1.4076294356478116e-08
229515.65173359204 1.3653324723139766e-08
232725.15173692416 1.3243064625963086e-08
235979.53273287622 1.284513217997418e-08
239279.42232808273 1.2459156942207546e-08
242625.45690550108 1.2084779623208843e-08
246018.2817471399 1.1721651749347222e-08
249458.5511585 1.136943526362245e-08
252946.92859475338 1.1027802313390621e-08
256484.0867886967 1.0696434863948607e-08
260070.70788048484 1.037502445640624e-08
263707.4835491792 1.0063271917724988e-08
267395.11514613987 9.760887022472622e-09
271134.3138302832 9.467588305543402e-09
274925.80070522666 9.183102726198704e-09
278770.30695835134 8.90716546495685e-09
282668.5740018132 8.639519674607955e-09
286621.3536155267 8.379916193656738e-09
290629.40809214325 8.128113381212025e-09
294693.5103840552 7.88387682493974e-09
298814.44425246713 7.646979170778656e-09
302993.0044185401 7.417199909144689e-09
307229.99671665137 7.194325132211884e-09
311526.2382498013 6.978147388452032e-09
315882.5575471943 6.76846542880679e-09
320299.7947240182 6.5650840640142866e-09
324778.8016434574 6.367813981036316e-09
329320.4420809767 6.1764715375171315e-09
333925.5918909038 5.990878633723613e-09
338595.13917533413 5.810862491972352e-09
343329.9844553976 5.636255537167299e-09
348131.0408449317 5.466895239180429e-09
352999.2342265712 5.302623938827904e-09
357935.50343030214 5.143288735198769e-09
362940.800414517 4.98874129400629e-09
368016.09044960304 4.838837747623221e-09
373162.35230409156 4.6934385597436154e-09
378380.57843340986 4.552408380524499e-09
383671.77517127973 4.415615937156827e-09
389036.96292379085 4.282933883796305e-09
394477.17636618356 4.154238706332375e-09
399993.46464238054 4.029410609283967e-09
405586.89156732376 3.908333401204191e-09
411258.53583212604 3.790894365079685e-09
417009.4912120932 3.676984181188487e-09
422840.8667776615 3.566496809443828e-09
428753.78710828506 3.4593294023658297e-09
434749.3925093076 3.355382208437478e-09
440828.8392318662 3.254558455635538e-09
446993.29969587777 3.156764293135236e-09
453243.96271614364 3.0619086827621084e-09
459582.0337316085 2.969903327339973e-09
466008.7350378231 2.8806625877082113e-09
472525.30602267594 2.794103384012484e-09
479133.00340540207 2.7101451442180992e-09
485833.10147893825 2.628709709715883e-09
492626.8923556731 2.5497212751729624e-09
499515.686216635 2.4731063172792083e-09
506500.81156415655 2.3987935111024348e-09
513583.61547807127 2.3267136846488634e-09
520765.46387550223 2.256799736789103e-09
528047.7417742825 2.188986586789323e-09
535431.8535600521 2.1232111131273333e-09
542919.2232570885 2.0594120826238245e-09
550511.2948029314 1.997530110368262e-09
558209.532326862 1.937507588366917e-09
566015.4204322326 1.8792886432189843e-09
573930.4644827879 1.8228190835790308e-09
581956.1908929766 1.7680463401240805e-09
590094.147422315 1.714919430236675e-09
598345.9034738678 1.6633888959850986e-09
606713.0503969118 1.6134067686515074e-09
615197.2017938318 1.5649265236204884e-09
623799.9938312989 1.5179030295362964e-09
632523.0855557998 1.472292517200806e-09
641368.1592135859 1.4280525256751515e-09
650336.9205751122 1.3851418725696462e-09
659431.0992639635 1.343520615310176e-09
668652.4490904306 1.3031500080876952e-09
678002.7483897341 1.2639924744859815e-09
687483.8003649716 1.2260115606481865e-09
697097.433434859 1.189171910408477e-09
706845.5015863461 1.1534392320341544e-09
716729.884732163 1.1187802617799647e-09
726752.4890733559 1.0851627398120646e-09
736915.2474668912 1.052555369518501e-09
747220.1197984093 1.0209277967065808e-09
757669.093360209 9.902505810458738e-10
768264.1832344614 9.604951667706477e-10
779007.432681837 9.316338549729344e-10
789900.9135355534 9.03639778637123e-10
800946.7266009205 8.764868778968582e-10
812147.0020604745 8.501498774767399e-10
823503.8998847889 8.246042629430902e-10
835019.6102490309 7.998262519076066e-10
846696.3539553304 7.757927798956312e-10
858536.3828610542 7.524814738325815e-10
870541.9803130786 7.298706342501802e-10
882715.4615881576 7.07939214894324e-10
895059.1743393812 6.86666798317789e-10
907575.4990489448 6.660335833943275e-10
920266.8494872272 6.460203622605996e-10
933135.6731782799 6.266085053755359e-10
946184.4518718227 6.077799440107172e-10
959415.7020218577 5.895171495664799e-10
972831.9752719724 5.718031225487508e-10
986435.8589474184 5.546213725191513e-10
1000229.9765540665 5.379559055560574e-10
1014216.9882843577 5.217912092196464e-10
1028399.5915303295 5.061122350260864e-10
1042780.5214037987 4.90904388722673e-10
1057362.5512638143 4.761535128561214e-10
1072148.493251525 4.61845876254482e-10
1087141.1988324875 4.479681611168775e-10
1102343.55934656 4.345074481660332e-10
1117758.5065655087 4.214512080749042e-10
1133389.0132584057 4.08787286313604e-10
1149238.093764919 3.96503894331492e-10
1165308.8045766177 3.8458959847156336e-10
1181604.2449264238 3.730333073945347e-10
1198127.5573863103 3.618242645261235e-10
1214881.9284733348 3.5095203488709815e-10
1231870.5892641433 3.404064977054316e-10
1249096.8160181132 3.301778368978134e-10
1266563.930809164 3.202565304201128e-10
1284275.3021664084 3.106333436183967e-10
1302234.3457237815 3.0129931778449806e-10
1320444.5248787578 2.92245763970307e-10
1338909.3514602524 2.8346425481495784e-10
1357632.3864058708 2.7494661552839717e-10
1376617.2404486407 2.6668491804154945e-10
1395867.5748133552 2.5867147106268817e-10
1415387.1019226268 2.508988149014717e-10
1435179.5861128115 2.43359714451454e-10
1455248.8443599914 2.3604715171108663e-10
1475598.7470160653 2.2895431999270112e-10
1496233.2185551287 2.2207461631091038e-10
1517156.238330322 2.1540163632697782e-10
1538371.8413412601 2.089291685173048e-10
1559884.1190121674 2.0265118825905535e-10
1581697.219980898 1.965618510097838e-10
1603815.350899009 1.9065548845317798e-10
1626242.7772430272 1.8492660229732272e-10
1648983.8241370332 1.793698597905701e-10
1672042.8771867382 1.739800887104096e-10
1695424.3833252883 1.6875227132862212e-10
1719132.8516708356 1.6368154138390037e-10
1743172.8543961055 1.5876317844954732e-10
1767549.0276101523 1.5399260422274364e-10
1792266.072252447 1.4936537822176359e-10
1817328.7549994383 1.4487719267141108e-10
1842741.9091837914 1.4052386982932438e-10
1868510.4357265069 1.3630135708815676e-10
1894639.3040820789 1.3220572386061936e-10
1921133.55319684 1.282331578848757e-10
1947998.2924806941 1.2437996089057014e-10
1975238.7027925139 1.2064254623925322e-10
2002860.037439245 1.1701743466583395e-10
2030867.6231889897 1.1350125166502619e-10
2059266.8612982845 1.1009072431885422e-10
2088063.2285537522 1.0678267762469546e-10
2117262.278328283 1.0357403241439104e-10
2146869.6416519806 1.0046180165206997e-10
2176891.028298124 9.744308824243865e-11
2207332.227884314 9.451508230662835e-11
2238199.1109889797 9.167505807170377e-11
2269497.630283495 8.892037203687084e-11
2301233.821680202 8.624845975554607e-11
2333413.805496407 8.365683399852969e-11
2366043.787634668 8.114308241491616e-11
2399130.0607796116 7.870486489780637e-11
2432679.005611506 7.635299063296655e-11
2466697.092036745 7.408681364137614e-11
2501190.8804355557 7.190589943424915e-11
2536167.0229271813 6.981000398359664e-11
2571632.26465276 6.779904626036332e-11
2607593.445076111 6.587307498480969e-11
2644057.499302683 6.403222649110732e-11
2681031.4594170563 6.227668153891642e-11
2718522.4558390486 6.06066170307653e-11
2756537.718698786 5.902215568504092e-11
2795084.579231061 5.752331638933984e-11
2834170.471189177 5.610996248934511e-11
2873802.932278527 5.478175716344094e-11
2913989.605610212 5.3538122166767035e-11
2954738.241175038 5.2378202811495756e-11
2996056.6973381257 5.130084122004038e-11
3037952.9423543676 5.030455492142478e-11
3080435.0559050664 4.9387527050627154e-11
3123511.23065618 4.854760452615869e-11
3167189.7738382267 4.778230485521015e-11
