"t (day)" "dm/dt (M_sun/yr)"
7.008972990660077 0.000889761771809517
7.1102092444639355 0.0011479187483042442
7.212907735188638 0.0015019165710762606
7.317089583102225 0.0019896320220100724
7.42277621352975 0.002662950472739514
7.529989361259599 0.0035918638620658304
7.638751075013194 0.0048710994404905315
7.749083721979434 0.006627660742568544
7.8610099924146235 0.009027078876728713
7.974552904308741 0.012277633138526197
8.089735808119144 0.016635168338788156
8.206582391572688 0.02240468480377187
8.32511668453724 0.02993545983316029
8.445363063963375 0.03962128453166281
8.567346258897706 0.051892217438422365
8.691091355568352 0.06717621066895457
8.816623802544152 0.08586631464263071
8.943969415968086 0.10830617244829142
9.073154384866593 0.13479002388527409
9.204205276535289 0.16554007963633838
9.33714904200276 0.2006732971997634
9.472013021572987 0.24018013164250507
9.608824950448032 0.28393101164272166
9.74761296443192 0.331685049608196
9.88840560571672 0.3830666130366305
10.031231828752512 0.437464909878207
10.17612100620177 0.4940690902812201
10.323102934980128 0.5524428347386976
10.472207842384037 0.6127049150078009
10.623466392307272 0.6751208382985063
10.776909691546885 0.7399181820700915
10.932569296200597 0.8073763186396614
11.090477218156256 0.8778699583386889
11.250665931675224 0.9518247221185924
11.41316838007091 1.0296969424871938
11.5780179824835 1.1118971960246753
11.745248640752871 1.1988477700028195
11.91489474639046 1.2908662675862212
12.086991187652146 1.3879323451759915
12.261573356712944 1.4899626427787507
12.43867715694573 1.5970916977797787
12.618339010304656 1.709711109951491
12.800595864815666 1.8281874680286427
12.985485202174786 1.9524580438716252
13.173045045456426 2.0823287845195417
13.363313966933026 2.2178697709553576
13.556331096007375 2.3591750873585773
13.752136127259941 2.505716827001444
13.95076932861191 2.6568058441739573
14.152271549606693 2.812466273608669
14.356684229810503 2.9731727645687847
14.564049407334762 3.139175398794193
14.774409727481155 3.3106924059414897
14.987808451511999 3.4881503240428784
15.204289465546838 3.6717524603153224
15.423897289587872 3.860796586380839
15.646677086675675 4.0545859754082985
15.87267467217708 4.253140573239719
16.101936523207165 4.456580714013365
16.334509788187507 4.664197244939506
16.570442296542456 4.875373636721097
16.809782568535255 5.090181439790694
17.052579825246564 5.308847990544387
17.298883998696724 5.530526507187008
17.548745742114658 5.753887013023016
17.802216440354655 5.978237401104668
18.059348220464035 6.203751339454089
18.320193962403003 6.430238715893424
18.584807309919853 6.656373522745064
18.853242681582728 6.8804901193525465
19.125555281971057 7.101354281517152
19.401801113028682 7.318307494447507
19.682036985580577 7.530432245524688
19.96632053101646 7.736118158874049
20.254710213142562 7.933584084136759
20.54726534020523 8.12201215622653
20.844046077087487 8.301364962980632
21.145113457682527 8.471180161514383
21.450529397445113 8.63004466464942
21.760356706125094 8.776247472437678
22.074659100684084 8.908778848037997
22.393501218399223 9.027469785371768
22.71694863015606 9.132320804758471
23.045067853933404 9.222747054551672
23.377926368482797 9.297839317615125
23.71559262720588 9.35716358908216
24.058136072232145 9.401166085330345
24.405627148699622 9.430597908303346
24.75813731924251 9.445624856501837
25.11573907868734 9.445622299210324
25.478505968962093 9.429747415855958
25.84651259422005 9.397382400664101
26.219834636182483 9.348399790492897
26.59854886970294 9.283064900134303
26.982733178556156 9.201745447073442
27.37246657145498 9.104836640283002
27.767829198298845 8.993218208455817
28.168902366657065 8.868201330358396
28.57576855848955 8.731245387883364
28.988511447109975 8.5835504505434
29.40721591439298 8.425847605344927
29.83196806823086 8.258751685944517
30.26285526024152 8.083342009903495
30.69996610373277 7.901098723310553
31.143390491926095 7.713650622046741
31.593219616443292 7.522399341833887
32.04954598606027 7.328256537595739
32.51246344573181 7.131714143660618
32.98206719589133 6.93322540258532
33.4584538120287 6.733588125185806
33.941721264551745 6.533940674532019
34.43196893893379 6.335648544623556
34.92929765615292 6.139895513597877
35.43380969342577 5.947410226365738
35.94560880524165 5.75852371385536
36.46480024469939 5.573424000478645
36.99149078515356 5.392285632193306
37.52578874217225 5.215524573257421
38.06780399581276 5.043735914764293
38.61764801321882 4.877466862172379
39.175433871544136 4.7170905380737995
39.741276281206844 4.562782840533185
40.315291609480234 4.414542962753245
40.897597904424245 4.272182615871803
41.488314919161944 4.1354060446190175
42.08756413650772 4.003930964506928
42.695468793949956 3.8775778215590364
43.3121539089959 3.756223505535097
43.93774630488128 3.639738930833385
44.57237463665218 3.5279959283251565
45.21616941762354 3.420852551410667
45.86926304621944 3.318113336454721
46.53178983320108 3.2195861884943264
47.203886029288356 3.1251124587481147
47.88568985318058 3.0344890938130424
48.57734151998096 2.947491641682934
49.27898327003291 2.8639179316228245
49.990759398171555 2.783584560260588
50.71281628339924 2.7063031025508826
51.445302418988035 2.6318923784681627
52.188368443018135 2.5601898273573176
52.942167169357425 2.4910159063963615
53.706853619087724 2.424193873129613
54.48258505238528 2.3595544092568486
55.26952100086203 2.296955869491252
56.06782330037397 2.236283140979814
56.877656124302604 2.1774543981072396
57.699186017318546 2.120400219385785
58.532581929630986 2.065047808729376
59.37801525173392 2.0113323203167033
60.23565984965206 1.9591975867679103
61.10569210069764 1.9085844807877903
61.988290929742796 1.8594313702165652
62.88363784601618 1.811669984301941
63.79191698043038 1.765237888601789
64.71331512344943 1.7200803627488301
65.64802176350307 1.6761329306803774
66.59622912595496 1.6333201837051519
67.5581322126353 1.591578689355032
68.53392884194264 1.5508786839361164
69.52381968952672 1.511180855828572
70.52800832955727 1.4724475650720052
71.54670127659048 1.4346501311562665
72.5801080280385 1.3977695886368147
73.62844110725415 1.3618017285348292
74.69191610723621 1.3267427207594669
75.77075173496708 1.2925874225912288
76.86516985639103 1.25932504753352
77.97539554204108 1.2269443170941945
79.10165711332543 1.1954440057470315
80.24418618948262 1.1648214428409878
81.40321773521521 1.1350692018650903
82.57899010901 1.106171974106677
83.7717451121584 1.0781116799490833
84.98172803848252 1.0508617524227275
86.20918772478161 1.0244089102304677
87.45437660200523 0.9987527372026347
88.71755074716678 0.9738863427672365
89.99896993600717 0.9498049069005949
91.29889769641782 0.92649841741476
92.6176013626359 0.9039498156263105
93.95535213022279 0.8821382711257172
95.3124251118367 0.8610589655557559
96.68909939380923 0.8407017443065019
98.08565809354195 0.8210421178119166
99.50238841772885 0.8020492872182382
100.93958172142268 0.7836862746165608
102.39753356795175 0.7659051412617509
103.87654378970419 0.7486571834275781
105.37691654978958 0.7318988434911684
106.89896040459092 0.7155905853672452
108.44298836721953 0.6996892581328101
110.00931797188782 0.6841528486247421
111.5982713392117 0.6689429226540905
113.21017524245428 0.6540229388432433
114.84536117472953 0.6393621790736447
116.50416541717308 0.6249342795433749
118.18692910810137 0.6107219082317572
119.89399831316587 0.5967126789467624
121.62572409652465 0.5828919099288603
123.38246259303759 0.5692420139913394
125.16457508150901 0.5557559572124703
126.97242805898362 0.542431756956249
128.80639331611886 0.5292678799631867
130.66684801364514 0.5162675501614982
132.5541747599298 0.5034359947279882
134.46876168966114 0.4907844604540572
136.41100254366972 0.4783283328896964
138.381296749904 0.46608175691948184
140.3800495055712 0.45405501261058334
142.40767186047 0.4422577710502973
144.46458080152206 0.43070051597357517
146.55119933852882 0.4193929621269306
148.6679565911628 0.4083466506979153
150.81528787721822 0.39757137424380423
152.99363480213628 0.3870727196395274
155.2034453498219 0.37685271043503454
157.44517397477244 0.36690903352706644
159.71928169553848 0.3572411328090896
162.02623618953444 0.3478468403652091
164.3665118892159 0.33872168350240117
166.74059007965056 0.3298626293516475
169.14895899749354 0.3212639186664746
171.59211393139722 0.31291657329299905
174.07055732386684 0.3048121729892974
176.5847988745903 0.2969449546383932
179.13535564525998 0.28930928047860754
181.72275216590776 0.28189966075983497
184.34752054277536 0.2747105649512393
187.01020056774436 0.26773609431804496
189.71133982934737 0.2609688975933275
192.45149382537852 0.2544030284020886
195.2312260771364 0.24803321003472673
198.05110824531113 0.2418546429828452
200.91172024755113 0.23586343769252707
203.81365037772213 0.23005488028672996
206.757495426893 0.22442434386016222
209.74386080606862 0.21896768873596772
212.77336067069356 0.21367948630138833
215.84661804695432 0.20855352902627713
218.9642649599074 0.2035856061922945
222.12694256345827 0.198771165422491
225.33530127221567 0.19410547198310743
228.5900008952506 0.18958326615730842
231.8917107717889 0.1851992560395374
235.2411099088647 0.1809472371859882
238.638887120957 0.17682097260667684
242.08574117164855 0.17281420699193537
245.58238091732932 0.16892071733415986
249.12952545297426 0.16513412366112398
252.72790426002643 0.16144842448563881
256.37825735641815 0.15785728213468647
260.081335448759 0.15435428071062912
263.83790008671997 0.15093281154754473
267.64872381964767 0.14758595519575346
271.51459035544224 0.14430756479657247
275.43629472173086 0.14109180003861568
279.41464342936683 0.13793329896261428
283.4504546382872 0.13482730757879546
287.5445583257769 0.1317697849736864
291.6977964571519 0.12875723249331428
295.9110231589118 0.125787502592491
300.1851048943944 0.12285830550504867
304.5209206419681 0.11996814426852871
308.91936207579533 0.11711646894569722
313.3813337492068 0.11430280810395002
317.9077532807272 0.11152716434354112
322.49955154278706 0.10878993682098022
327.1576728531593 0.10609192837446349
331.8830751691587 0.10343423449410594
336.676730284651 0.10081783563851399
341.53962402990726 0.09824397632593825
346.4727564743384 0.0957137472996116
351.477142132165 0.0932283650138432
356.5538101710571 0.09078891004701775
361.70380462378387 0.08839628284055606
366.92818460292057 0.08605166498132091
372.2280245186608 0.08375600835839225
377.60441429977277 0.08150976625955014
383.0584596177458 0.07931344017617892
388.59128211417345 0.07716745102315681
394.2040196314239 0.07507164408263228
399.89782644664325 0.07302594228393336
405.67387350913174 0.07103001631486536
411.5333486811557 0.06908347335988545
417.4774569822364 0.06718575432442614
423.5074208369642 0.06533601743430444
429.62448032639315 0.06353332606245893
435.82989344306884 0.061776810340501934
442.12493634974015 0.06006542262317017
448.51090364180436 0.058398148808511595
454.98910861354375 0.05677392501914595
461.5608835282089 0.05519172687555997
468.22757989200744 0.05365044095962368
474.9905687320386 0.052149046855909126
481.8512408782528 0.05068658748909862
488.8110072494818 0.049262033740564475
495.8712991435969 0.047874438501610786
503.03356853185767 0.04652292833803034
510.29928835751616 0.0452066422222039
517.6699528387356 0.043924728751495945
525.1470777758768 0.04267639449291338
532.7322008632276 0.041460841705807286
540.4268820052349 0.04027735298385308
548.2327036373068 0.03912521858873009
556.1512710512434 0.03800368344379947
564.1842127253675 0.03691211591506066
572.3331806594284 0.03584988050953485
580.5998507143448 0.03481630009673298
588.9859229568439 0.03381072809130129
597.4931220090886 0.03283252513472222
606.1231974033534 0.03188109212258773
614.877923941821 0.030955844925858646
623.7591020615703 0.030056206757348304
632.7685582048471 0.029181609240523168
641.9081451946788 0.028331490238323084
651.1797426159114 0.027505281886901187
660.5852572017494 0.026702400045573352
670.1266232258831 0.025922254866622717
679.8058029002835 0.025164316395004202
689.6247867787287 0.024428016367528078
699.5855941661715 0.023712837322178958
709.6902735340187 0.023018256562262092
719.9409029414027 0.022343754262952976
730.3395904625384 0.0216888238431013
740.8884746202585 0.021052955193999634
751.5897248258093 0.020435683664006134
762.4455418249946 0.01983653970848932
773.4581581507636 0.019255070446506723
784.6298385823399 0.018690805061184375
795.9628806109871 0.01814331871812005
807.4596149124836 0.017612206011684624
819.12240582644 0.017097057150991034
830.9536518425346 0.016597482400230547
842.9557860937686 0.016113115813486307
855.1312768568431 0.015643565787200057
867.482628059772 0.015188446462796436
880.0123797968256 0.014747389649042037
892.7231088509062 0.014320035555864363
905.6174292234678 0.013906010662592068
918.6979926720963 0.013504935917962648
931.967489255857 0.01311644610585717
945.4286478885114 0.012740173838170268
959.0842368997133 0.01237575164987952
972.9370646043468 0.012022830373077675
986.9899798800544 0.011681060764227442
1001.2458727531119 0.011350084765380554
1015.7076749927782 0.011029559752277849
1030.378360714225 0.010719139090581815
1045.2609469901724 0.01041849236470004
1060.3584944713446 0.010127292816275335
1075.674108015927 0.009845224256938238
1091.2109373280725 0.009571968935657604
1106.9721776056545 0.009307222741081575
1122.9610701973718 0.009050687399368186
1139.1809032693259 0.008802071722553095
1155.6350124812668 0.008560786167942772
1172.3267816725731 0.00832668633602951
1189.2596435581306 0.008099516793655899
1206.4370804343114 0.007879021182161158
1223.862624895106 0.007664947456057467
1241.5398605585935 0.007457059250470896
1259.4724228039597 0.007255124086307538
1277.6639995190983 0.007058931356518799
1296.1183318590445 0.0068682762737340515
1314.8392150153627 0.006682964518419956
1333.8304989966139 0.006502809033325713
1353.0960894201567 0.006327621282630935
1372.6399483153336 0.006157228049193915
1392.466094938259 0.005991454498566039
1412.5786065984223 0.00583014791089833
1432.9816194971852 0.005673163179815221
1453.679329578388 0.005520373133153113
1474.6759933912895 0.005371670006636798
1495.9759289659223 0.005226953645759735
1517.5835167011085 0.0050861283474486554
1539.5032002653136 0.00494909692093668
1561.739487510474 0.004815767951037297
1584.29695139909 0.004686054139052095
1607.1802309446482 0.004559866712048128
1630.394032165633 0.004437114942058174
1653.9431290533714 0.004317700100784703
1677.8323645537998 0.004201538111821599
1702.0666515634118 0.004088546737703356
1726.6509739396497 0.0039786447993675695
1751.5903875258264 0.0038717459457843803
1776.8900211908776 0.0037677681841438945
1802.5550778841427 0.0036666300452166145
1828.5908357053322 0.003568247902460185
1855.002648990037 0.0034725405049991914
1881.7959494108347 0.0033794272832958832
1908.9762470943135 0.0032888265477130758
1936.549131754289 0.0032006604680750116
1964.5202738413245 0.003114853121063607
1992.895425708855 0.003031329740057146
2021.6804227962218 0.0029500191983950477
2050.8811848287187 0.0028708533554358947
2080.50371703501 0.0027938493830203413
2110.5541113821314 0.002718878737249127
2141.038547828291 0.0026458690093161996
2171.9632955938478 0.002574758537015834
2203.3347144505683 0.0025054910866816795
2235.1592560295107 0.0024380140982835762
2267.443465147872 0.0023722779902120533
2300.1939811549296 0.002308236307651647
2333.4175392974107 0.0022458457827007226
2367.1209721046757 0.0021850667241342355
2401.3112107938155 0.0021258625974940864
2435.995286695076 0.002068199736144544
2471.180332697897 0.0020120466089707098
2506.873584717764 0.0019573728511797675
2543.082383184363 0.0019041454997858033
2579.8141745511275 0.0018523323679639932
2617.0765128265984 0.0018018983625092814
2654.8770611279892 0.001752807585646176
2693.223593257104 0.0017050253753854772
2732.1239952990004 0.0016585196306623732
2771.58626724387 0.0016132611827939687
2811.618524632199 0.0015692203052099188
2852.2290002237814 0.0015263678148596282
2893.4260456908137 0.0014846752577848436
2935.2181333353997 0.001444115176896286
2977.61385783198 0.0014046631758231672
3020.621937994809 0.0013662889700337734
3064.2512185709784 0.0013289631112072314
3108.5106720594385 0.0012926569582231804
3153.4094005561697 0.001257342654815673
3198.9566376260723 0.0012229931078898634
3245.1617502018885 0.0011895819721870278
3292.0342405104907 0.0011570835999250063
3339.5837480271234 0.001125473052187745
3387.820051457753 0.0010947260736311338
3436.753070750046 0.0010648190735623572
3486.392869133523 0.0010357291075800755
3536.749655189047 0.0010074338640057865
3587.833784948215 0.0009799116218781512
3639.6557640231863 0.0009531412611448108
3692.226249767143 0.0009271022406273059
3745.556053466022 0.000901774582001729
3799.656142561902 0.0008771388542540436
3854.537642908433 0.0008531761616974913
3910.211841058996 0.0008298681089443338
3966.690186587773 0.0008071968100007171
4023.984294444337 0.0007851448690865164
4082.1059473424007 0.0007636953670731206
4141.0670981829235 0.0007428318483227876
4200.879872512208 0.0007225383101248286
4261.556571015659 0.0007027991734930258
4323.109672047391 0.0006835992912604987
4385.551834196462 0.0006649239313966043
4448.89589889016 0.0006467587655246552
4513.154893034823 0.0006290898583176045
4578.342031694963 0.0006119036559298653
4644.470720810937 0.0005951869652560965
4711.554559955859 0.000578926958571484
4779.607345132513 0.000563111159709389
4848.643071610483 0.0005477274343396408
4918.675936804274 0.0005327639823521905
4989.72034319316 0.0005182093220196448
5061.790901283032 0.0005040522818692497
5134.9024326111075 0.0004902819984486703
5209.069972794052 0.00047688790602265144
5284.30877462001 0.00046385972834195506
5360.634311185524 0.0004511874733486071
5438.062279077553 0.00043886141464758116
5516.608601601471 0.00042687209261595247
5596.2894320558635 0.0004152103072904045
5677.121157054449 0.0004038671108293637
5759.12039989596 0.0003928338005440177
5842.304023982927 0.0003821019145532472
5926.689136289581 0.00037166321496525284
6012.293090879997 0.00036150969099023577
6099.133492477019 0.0003516335514294229
6187.228200082645 0.00034202721859401573
6276.595330650926 0.0003326833224047983
6367.253262813704 0.00032359469652592853
6459.220640660148 0.0003147543643285288
6552.516377571146 0.0003061555417023959
6647.159660108801 0.0002977916304979966
6743.16995196214 0.0002896562133778694
6840.566997950045 0.0002817430488208152
6939.370828081721 0.00027404606768956035
7039.601761675963 0.0002665593615184824
7141.280411539914 0.0002592771850432902
7244.4276882080485 0.0002521939504800188
7349.064804242643 0.0002453042231656654
7455.213278596137 0.0002386027173280812
7562.894941036483 0.00023208429304510684
7672.1319366366715 0.000225743946473676
7782.9467303288675 0.0002195768121178475
7895.362111524276 0.00021357815784222642
8009.401198800066 0.0002077433811809019
8125.087444653635 0.00020206800575579581
8242.44464032574 0.00019654767858801324
8361.496920693256 0.00019117816194859255
8482.26876923246 0.00018595533538594186
8604.785023054344 0.00018087519138312792
8729.070878012342 0.00017593383223290498
8855.151893883827 0.00017112746700532412
8983.053999626767 0.00016645240917493104
9112.803498711972 0.00016190506982580077
9244.427074532536 0.000157481959459009
9377.951795891231 0.0001531796842136092
9513.405122567507 0.00014899494322097442
9650.814910964527 0.00014492452603744545
9790.209419838018 0.0001409653105536554
9931.617316107595 0.00013711425733012493
10075.067680752449 0.00013336841120452998
10220.590014791835 0.0001297248980054627
10368.214245351903 0.00012618092231247107
10517.970731820576 0.00012273376550211285
10669.890272090875 0.00011938078298215907
10824.004108894636 0.00011611940094006067
10980.343936227751 0.00011294711672898657
11138.941905867918 0.00010986149628927129
11299.83063398706 0.00010686017225191205
11463.043207858796 0.00010394084254996942
11628.613192662797 0.00010110126689774732
11796.574638387854 9.83392658783556e-05
11966.962086834239 9.56527200680414e-05
12139.81057871716 9.30395681261036e-05
12315.155660873323 9.049780518917717e-05
12493.033393571024 8.802548190243174e-05
12673.48035792612 8.562070050941072e-05
12856.5336634251 8.328161553879264e-05
13042.230955556573 8.100643210806406e-05
13230.610423553457 7.879340452236198e-05
13421.710808246611 7.664083491497103e-05
13615.571410031793 7.45470723839026e-05
13812.232096952283 7.251050972809367e-05
14011.733312897668 7.052958406948208e-05
14214.116085921125 6.860277537103912e-05
14419.422036677277 6.672860525049187e-05
14627.693386981386 6.490563582927689e-05
14838.972968492482 6.313246896494643e-05
15053.304231521888 6.140774352744845e-05
15270.731253968628 5.9730135960205394e-05
15491.298750384602 5.809835898659747e-05
15715.052081170072 5.651116060557002e-05
15942.037261901969 5.496732311703499e-05
16172.300972797548 5.34656624409428e-05
16405.890568314106 5.200502584471815e-05
16642.854086887393 5.058429244738305e-05
16883.240260811264 4.920237209147211e-05
17127.09852625934 4.785820449259311e-05
17374.47903345181 4.655075841419559e-05
17625.432656969057 4.527903106474284e-05
17880.011006213834 4.4042046201995906e-05
18138.266436025402 4.2838854584476344e-05
18400.252057446218 4.166853298850104e-05
18666.021748644147 4.053018348813376e-05
18935.630165993156 3.9422932756472703e-05
19209.132755313345 3.8345931533022844e-05
19486.585763273208 3.729835304276152e-05
19768.04624895785 3.627939339930602e-05
20053.5720956022 3.528827074912969e-05
20343.222022495826 3.432422466195988e-05
20637.05559705837 3.338651553922991e-05
20935.133247089532 3.247442414431628e-05
21237.51627319677 3.158725028445551e-05
21544.26686140167 3.072431316983356e-05
21855.448095928477 2.988495066908008e-05
22171.123972178044 2.906851879316354e-05
22491.359409888457 2.8274391199332924e-05
22816.220266485645 2.750195875730204e-05
23145.773350628082 2.675062848249786e-05
23480.086435944988 2.601982383249258e-05
23819.228274975198 2.5308984065763344e-05
24163.268613305954 2.4617563804722657e-05
24512.278203916 2.3945032676930184e-05
24866.328821726755 2.3290874676212067e-05
25225.493278362766 2.265458768340429e-05
25589.845437125336 2.203568344035816e-05
25959.460228183336 2.1433687069923368e-05
26334.413663982556 2.0848136705978935e-05
26714.782854877456 2.0278583241511336e-05
27100.646024990358 1.9724589557628116e-05
27492.082528296913 1.918573047690839e-05
27889.172864946766 1.8661592506761627e-05
28291.99869781818 1.8151773486297804e-05
28700.64286931193 1.76558822730853e-05
29115.189418388803 1.7173538550521303e-05
29535.723597852135 1.670437206898299e-05
29962.331891879938 1.6248022783222192e-05
30395.102033811345 1.580414051759366e-05
30834.123024188964 1.5372384692721615e-05
31279.48514906154 1.4952424060288946e-05
31731.279998552985 1.4543936531521838e-05
32189.60048569641 1.4146608543828659e-05
32654.54086554333 1.3760135185051335e-05
33126.1967545471 1.3384219901097334e-05
33604.665150226225 1.3018574264520444e-05
34090.04445111309 1.2662917749972448e-05
34582.4344769895 1.2316977581846785e-05
35081.93648941453 1.1980488205761195e-05
35588.65321255007 1.1653191400462059e-05
36102.688854286 1.133483602271342e-05
36624.14912767029 1.102517781135628e-05
37153.141272650806 1.072397919717817e-05
37689.774078127484 1.0431009167861381e-05
38234.15790432676 1.0146042827044007e-05
38786.40470549688 9.868861494738852e-06
39346.6280529312 9.599252484920935e-06
39914.9431583254 9.337008939622792e-06
40491.466897470644 9.08192966794755e-06
41076.31783428904 8.833819026596139e-06
41669.61624521755 8.592486552082949e-06
42271.484143942835 8.357747050569935e-06
42882.04530649301 8.129420404127326e-06
43501.42529669447 7.907331430270226e-06
44129.75149199208 7.691309745657034e-06
44767.15310964666 7.481189660600473e-06
45413.7612333082 7.276809872382392e-06
46069.70883997309 7.0780135453979676e-06
46735.1308273324 6.884648142530282e-06
47410.16404151341 6.696565306231723e-06
48094.94730522165 6.5136207431261395e-06
48789.621446292476 6.335674131024291e-06
49494.32932665009 6.1625888632500425e-06
50209.21587168876 5.994232119955054e-06
50934.42810007846 5.8304747214560896e-06
51670.11515399699 5.671191027553505e-06
52416.428329803835 5.516258845916879e-06
53173.521109153946 5.365559324577563e-06
53941.549190560974 5.218976779540176e-06
54720.67052141859 5.076398729277388e-06
55511.04533048215 4.937715774936094e-06
56312.83616081928 4.802821515093481e-06
57126.207903239956 4.671612480133072e-06
57951.327830203845 4.543987988230823e-06
58788.3656302217 4.4198500821153335e-06
59637.49344275384 4.29910350423082e-06
60498.885893608065 4.181655607584548e-06
61372.720130854614 4.0674162835734135e-06
62259.17586125632 3.956297916539515e-06
63158.43538722501 3.848215216948117e-06
64070.6836443142 3.7430852379157586e-06
64996.108239250854 3.6408273084004186e-06
65934.89948851625 3.5413629681157204e-06
66887.25045748806 3.444615906423918e-06
67853.35700014114 3.3505119240482313e-06
68833.41779932854 3.258978785806487e-06
69827.63440764006 3.1699462480815692e-06
70836.21128885131 3.083345992762566e-06
71859.35585997421 2.999111573923631e-06
72897.27853391196 2.917178366086977e-06
73950.19276273019 2.8374835301627766e-06
75018.31508155596 2.7599658905450072e-06
76101.8651531079 2.684565959915711e-06
77201.06581286936 2.611225881572509e-06
78316.14311491861 2.5398893842834745e-06
79447.32637841319 2.4705017384816306e-06
80594.84823475356 2.40300972603336e-06
81758.9446754234 2.3373615376865397e-06
82939.85510052065 2.273506795378696e-06
84137.82236799327 2.2113965019292625e-06
85353.0928435825 2.1509830028145494e-06
86585.91645148776 2.09221994907612e-06
87836.54672576647 2.035062270542409e-06
89105.24086247309 1.9794660902771783e-06
90392.25977255082 1.9253887445741453e-06
91697.86813549272 1.8727887391109323e-06
93022.33445376884 1.8216257165843e-06
94365.93110804856 1.771860425304584e-06
95728.93441321519 1.723454695523522e-06
97111.62467518967 1.6763713680833358e-06
98514.28624857882 1.6305743122854754e-06
99937.2075951525 1.5860283877091903e-06
101380.68134316558 1.5426994168106703e-06
102845.00434754012 1.5005541583338475e-06
104330.4777509135 1.4595602864227128e-06
105837.40704556761 1.4196863311293125e-06
107366.10213625875 1.380901694339919e-06
108916.8774039449 1.3431766165519167e-06
110490.0517704436 1.3064821536756778e-06
112085.9487640176 1.2707901545230382e-06
113704.89658590815 1.2360732424057396e-06
115347.22817783327 1.2023047655430573e-06
117013.28129045694 1.1694588112204312e-06
118703.39855284717 1.1375101769005283e-06
120417.92754294153 1.1064343505823483e-06
122157.22085902632 1.0762074939352357e-06
123921.63619224739 1.046806416862324e-06
125711.53640017618 1.0182085508392982e-06
127527.2895814252 9.903919510908896e-07
129369.26915135443 9.633352742555204e-07
131237.8539188633 9.370177617559229e-07
133133.42816429219 9.11419227849576e-07
135056.38171845433 8.86520027752888e-07
137007.11004280398 8.623010512074082e-07
138986.0143107627 8.387437137778956e-07
140993.50149022523 8.158299403363542e-07
143029.98442725206 7.935421509824676e-07
145095.8819309703 7.718632525053404e-07
147191.61885970933 7.507766041446148e-07
149317.6262083661 7.30266023653092e-07
151474.34119704727 7.103157723766537e-07
153662.20736098217 6.909105429683869e-07
155881.67464173576 6.720354474678652e-07
158133.19947974384 6.536760096936012e-07
160417.2449081801 6.358181366644815e-07
162734.2806481771 6.184481240889557e-07
165084.78320543384 6.015526433315515e-07
167469.23596820142 5.851187310110783e-07
169888.12930669772 5.691337789077546e-07
172341.96067395748 5.535855272014062e-07
174831.2347081263 5.384620406224556e-07
177356.46333624874 5.237517134009122e-07
179918.1658795446 5.094432578912003e-07
182516.8691602072 4.95525695765159e-07
185153.10760975012 4.819883494662968e-07
187827.42337891264 4.688208362126723e-07
190540.36644915177 4.560130480986274e-07
193292.49474575592 4.435551565399019e-07
196084.374252574 4.314376023541209e-07
198916.57912841652 4.1965108830376783e-07
201789.69182513794 4.0818657186019833e-07
204704.30320740916 3.9703525989543217e-07
207661.0126742397 3.8618859208395454e-07
210660.42828224294 3.7563824488235727e-07
213703.16687068192 3.6537612288662996e-07
216789.8541883296 3.553943525185172e-07
219921.1250221537 3.456852758989428e-07
223097.62332785863 3.36241446158808e-07
226320.0023623273 3.270556135972467e-07
229588.92481795253 3.1812072923459154e-07
232905.06295893187 3.0942993728847054e-07
236269.09875951745 3.009765698285787e-07
239681.72404426284 2.9275414158975475e-07
243143.64063030508 2.847563458368748e-07
246655.56047169247 2.769770428247294e-07
250218.20580579736 2.6941026296173823e-07
253832.30930185216 2.6205020026482155e-07
257498.61421162265 2.548912078339698e-07
261217.87452225538 2.479277935641055e-07
264990.8551113492 2.411546160682893e-07
268818.3319042401 2.345664757500027e-07
272701.0920335841 2.2815831712405143e-07
276639.9340012296 2.219252232571159e-07
280635.6678424282 2.158624119362137e-07
284689.1152924278 2.0996523257480157e-07
288801.109955462 2.042291603796056e-07
292972.4974761792 1.9864979250918158e-07
297204.1357135598 1.9322284761019797e-07
301496.8949173337 1.8794416166199707e-07
305851.6579069453 1.8280968473254567e-07
310269.32025312126 1.7781547881361985e-07
314750.79046203033 1.7295771086462025e-07
319296.99016213417 1.6823265270924742e-07
323908.85429371824 1.6363667858542163e-07
328587.3313011612 1.5916626209425042e-07
333333.38332799316 1.5481797345339655e-07
338147.9864147598 1.50588477799549e-07
343032.13069974445 1.46474528543703e-07
347986.82062260044 1.4247296858385216e-07
353013.075130914 1.3858072736060348e-07
358111.9278897478 1.34794818460482e-07
363284.42749423365 1.3111233729045405e-07
368531.6376851987 1.2753045956683561e-07
373854.6375679435 1.2404643576949257e-07
379254.52183415747 1.2065759223807197e-07
384732.40098704066 1.1736132860078897e-07
390289.4015696922 1.1415511574525029e-07
395926.66639678215 1.1103649384950715e-07
401645.3547895706 1.0800307104005069e-07
407446.64281433483 1.0505251876411966e-07
413331.72352422687 1.0218257277662641e-07
419301.8072046216 9.93910308967866e-08
425358.1216220343 9.66757512900136e-08
431501.91227659065 9.403465080076481e-08
437734.442658187 9.146570376318922e-08
444056.9945063241 8.896693814035621e-08
450470.8680736957 8.653643640959982e-08
456977.3823935992 8.417233360685146e-08
463577.87555119535 8.187281587191431e-08
470273.70495868305 7.963611903685996e-08
477066.2476344664 7.746052757407948e-08
483956.90048633824 7.534437137612306e-08
490947.08059875004 7.328602654750596e-08
498038.22552426154 7.128391370130595e-08
505231.7935791503 6.933649672752965e-08
512529.2641433411 6.744228159796721e-08
519932.1379646371 6.559981543753594e-08
527441.9374673467 6.380768383914295e-08
535060.2070653877 6.206451156990336e-08
542788.5134798946 6.036896108864979e-08
550628.4460614114 5.8719731503212496e-08
558581.6171167697 5.711555755856294e-08
566649.662240637 5.5555208818359456e-08
574834.240651894 5.403748742648297e-08
583137.0355348731 5.2561228735296546e-08
591559.7543854805 5.112530001632816e-08
600104.1293623727 4.972859957745283e-08
608771.917643172 4.83700559715796e-08
617564.9017858279 4.7048627000732283e-08
626484.8900952205 4.5763298287595115e-08
635533.716995037 4.451308352366997e-08
644713.2434050158 4.329702343120727e-08
654025.3571236794 4.2114185015750675e-08
663471.9732165325 4.096366100088616e-08
673055.0344099159 3.9844568520356346e-08
682776.5114905519 3.8756048633963485e-08
692638.4037108058 3.7697266063781854e-08
702642.7391998707 3.666740842287766e-08
712791.5753808457 3.5665685582463336e-08
723086.9993938439 3.469132928203352e-08
733531.1285252365 3.374359162838484e-08
744126.1106430701 3.282174530019276e-08
754874.1246387716 3.1925082923221625e-08
765777.3808752764 3.1052916508475506e-08
776838.1216415542 3.020457691638617e-08
788058.6216137763 2.9379413519440163e-08
799441.1883230981 2.8576792912674442e-08
810988.1626302002 2.7796099156105235e-08
822701.9192067131 2.7036733193743848e-08
834584.867023566 2.6298112386057518e-08
846639.4498463896 2.5579670056318015e-08
858868.146738104 2.4880855190548383e-08
871273.4725687368 2.4201131361365237e-08
883857.9785325978 2.3539976946788534e-08
896624.2526729807 2.2896884623061242e-08
909574.9204143519 2.227136096879772e-08
922712.6451023174 2.166292608087719e-08
936040.1285513334 2.107111330817294e-08
949560.111600331 2.0495468353617663e-08
963275.3746764021 1.9935549470922538e-08
977188.7383665906 1.9390927022198865e-08
991303.0639979444 1.8861183142783128e-08
1005621.2542259785 1.8345911415999155e-08
1020146.2536316052 1.784471663734699e-08
1034881.0493266784 1.735721406543747e-08
1049828.6715683485 1.688302959825577e-08
1064992.1943821863 1.642179938763499e-08
1080374.7361944118 1.597316955546774e-08
1095979.4604731924 1.5536795918328458e-08
1111809.5763792058 1.5112343779055073e-08
1127868.3394256404 1.4699487302036133e-08
1144159.0521476902 1.4297909670692792e-08
1160685.0647817154 1.3907302751786462e-08
1177449.7759542586 1.3527366855158764e-08
1194456.6333809693 1.3157810500587628e-08
1211709.1345756156 1.2798350233915074e-08
1229210.8275694156 1.2448710106179522e-08
1246965.311640631 1.2108621813941065e-08
1264976.2380548234 1.1777824407204986e-08
1283247.3108157313 1.1456064086011902e-08
1301782.2874269923 1.1143094003047071e-08
1320584.979664917 1.0838674101678691e-08
1339659.2543623787 1.0542570681771713e-08
1359009.0342040227 1.0254556524411525e-08
1378638.2985330094 9.97441063794603e-09
1398551.0841693662 9.70191808576603e-09
1418751.4862401467 9.436869840758941e-09
1439243.659021669 9.179062551880191e-09
1460031.816793778 8.928298326594677e-09
1481120.2347065862 8.684384739365107e-09
1502513.2496596496 8.447134638212347e-09
1524215.2611938473 8.216365998902063e-09
1546230.7323961956 7.991901822149754e-09
1568564.1908176797 7.77356984531825e-09
1591220.229404338 7.561202499742853e-09
1614203.5074418553 7.3546368254525215e-09
1637518.7515137405 7.1537143283896135e-09
1661170.7564733343 6.958280856954275e-09
1685164.3864299636 6.7681865267569284e-09
1709504.5757491635 6.583285420810028e-09
1734196.3300675205 6.403435643045395e-09
1759244.7273220702 6.228499187085743e-09
1784654.9187945698 6.058341828517163e-09
1810432.1301709192 5.892833020363643e-09
1836581.6626158163 5.731845826058336e-09
1863108.8938629292 5.575256669204206e-09
1890019.2793209278 5.422945382008637e-09
1917318.3531953057 5.274795090658511e-09
1945011.729626553 5.130692124112901e-09
1973105.1038447695 4.990525925604222e-09
2001604.2533408043 4.854188993074356e-09
2030515.0390545016 4.721576670352054e-09
2059843.4065799904 4.592587190803799e-09
2089595.3873883898 4.467121577301637e-09
2119777.1000682483 4.345083564999245e-09
2150394.75158383 4.2263795263985175e-09
2181454.638551554 4.110918418532508e-09
2212963.1485350183 3.998611608739123e-09
2244926.7613584925 3.889372913854856e-09
2277352.050439615 3.783118512990958e-09
2310245.6841412005 3.679766882146808e-09
2343614.4271425814 3.579238730761646e-09
2377465.141830842 3.4814569549741157e-09
2411804.7897120626 3.3868732221524867e-09
2446640.4328429434 3.295481789951314e-09
2481979.2352832016 3.2072854843314334e-09
2517828.464568848 3.1222949371989825e-09
2554195.493206742 3.040527535553875e-09
2591087.8001908837 2.962006144301248e-09
2628512.9725403446 2.8867573785020785e-09
2666478.7068596794 2.8148098134478227e-09
2704992.810921714 2.7461919756205193e-09
2744063.2052732063 2.680930192548413e-09
2783697.9248637967 2.6190463898561345e-09
2823905.1206983877 2.560555970646275e-09
2864693.061513391 2.5054656123845885e-09
2906070.1354772863 2.4537714328023236e-09
2948044.85191564 2.4054573410114428e-09
2990625.843061028 2.360493684767751e-09
3033821.865828415 2.3188362463740264e-09
3077641.8036158676 2.2804256661782578e-09
3122094.6681315913 2.245187089196243e-09
3167189.6012471635 2.21303039975483e-09
