"t (day)" "dm/dt (M_sun/yr)"
3.3042909626354615 0.00083114109358404
3.352648187180838 0.0008994260288076046
3.401713103994284 0.0009760604330302384
3.4514960699221997 0.0010627552763084584
3.5020075933800388 0.0011615621454247646
3.5532583365705306 0.0012749327306831933
3.605259117734245 0.001405815302309817
3.658020913433219 0.001557626973678386
3.7115548608678863 0.0017343761587844924
3.7658722602279884 0.0019410093949060792
3.8209845770778945 0.0021835947664147187
3.8769034447767545 0.0024693435947661284
3.9336406669341772 0.002806948323218988
3.991208219901733 0.0032075202777686472
4.049618255301038 0.0036853941553827694
4.108883102588717 0.004256450299398916
4.169015271658986 0.004938754866324991
4.230027455484323 0.005753345961375229
4.291932532794702 0.006724309440656932
4.354743570796157 0.007880370492440378
4.4184738279290015 0.009256693322592041
4.4831367566665525 0.010895651979605082
4.5487460063546745 0.012847643823520312
4.615315426092973 0.015171648065369506
4.682859067658154 0.017928767742058992
4.751391188470072 0.02117476092722955
4.8209262546013285 0.02496405497106957
4.891478943830755 0.029364639530880553
4.963064148741749 0.034450402927164885
5.035696979865785 0.04029230700431888
5.1093927688720955 0.04696666477320122
5.184167071803882 0.05455329362328295
5.260035672361983 0.06312529272724547
5.3370145852365996 0.072740554090722
5.41512005948768 0.0834519386784434
5.494368581974924 0.09530287977647635
5.574776880837828 0.1083295311824511
5.656361929026814 0.12256698888148759
5.739140947885889 0.1380543948720834
5.823131410787826 0.1548200454545585
5.908351046822574 0.17287905400648423
5.994817844539501 0.19221981420360082
6.082550055744598 0.21280718666696755
6.171566199353056 0.23463355360966587
6.261885065298425 0.25771805508573287
6.353525718498791 0.28211108870976087
6.446507502881112 0.30788978124283944
6.540850045464481 0.33514857939231957
6.636573260502979 0.36393813441299433
6.733697353689376 0.39431456755584327
6.8322428264201465 0.4262843095717475
6.932230480123082 0.45984511095688296
7.033681420648078 0.49505450865344036
7.136617062722283 0.531976035303079
7.24105913447046 0.5706604885290973
7.34702968200136 0.611068405301826
7.454551074061433 0.6533235004042156
7.563646006756405 0.6975432769956162
7.674337508342187 0.7437669828298284
7.7866489440857025 0.7920291105270167
7.900604021196949 0.842303177718303
8.01622679383329 0.8945018557310307
8.13354166817681 0.9485162931154667
8.252573407586192 1.0042441305721121
8.373347137823766 1.061520172012173
8.495888352359298 1.1204443879519412
8.620222917751144 1.181565996963309
8.746377079106342 1.245203816617935
8.87437746562059 1.3110485992601904
9.004251096199148 1.3787185824265509
9.136025385160242 1.4481072968157447
9.269728148021661 1.519292080163648
9.405387607372347 1.5924610840679618
9.543032398829588 1.667944271933126
9.682691577083633 1.7462022732933917
9.824394622030741 1.8275473397341166
9.968171444995795 1.9120359204959914
10.114052395046272 1.999405007649227
10.262068265398314 2.0891036599645094
10.412250299916863 2.180599306231191
10.564630199710608 2.2738188570563236
10.719240129823635 2.369099163698985
10.876112726025111 2.4670951488169073
11.035281101697953 2.568235443834727
11.196778854828791 2.6724074888956126
11.360640075099765 2.7791069653715503
11.52689935108454 2.8878559024241097
11.695591777549236 2.998349500401317
11.866752962860485 3.1105150673668716
12.04041903650185 3.2247272074023767
12.216626656700063 3.341211254962785
12.395413018163186 3.4596760401101365
12.576815859931648 3.579435895052859
12.760873473344569 3.6999043522543555
12.947624710122303 3.8208527962079395
13.137108990567501 3.941982948420777
13.329366311886222 4.0631581092022255
13.524437256630527 4.184270532132569
13.722363001265048 4.305630975153453
13.923185324858482 4.427333572527971
14.126946617902746 4.549214524072923
14.33368989126073 4.67101056911868
14.543458785245342 4.792595291372894
14.756297578831367 4.913733814959647
14.972251199001882 5.034216879684458
15.19136523023188 5.15426562433269
15.41368592411022 5.274448074944399
15.63926020910285 5.395711725039741
15.868135700458478 5.518816633738917
16.100360710259512 5.644052422656563
16.335984257620055 5.771169307055678
16.57505607903293 5.899134239743164
16.81762663886847 6.026553567666241
17.06374714002655 6.152147321420891
17.313469534744975 6.275499027890613
17.56684653556558 6.396973453918043
17.8239316264611 6.517330560509688
18.08477907412496 6.637866438434833
18.34944393942585 6.75964981189964
18.617982089030534 6.883282050928813
18.890450207196146 7.008424306659596
19.166905807735645 7.13368517679793
19.44740724615785 7.257244360176166
19.73201373198549 7.377639903319401
20.020785341253525 7.494223080965526
20.313783029190017 7.606944537744473
20.611068643083147 7.715635930536157
20.91270493533589 7.819849677184869
21.21875557671241 7.918733558076957
21.52928516977771 8.011349702880313
21.844359262534322 8.097212013688878
22.164044362258586 8.176380857878774
22.488407949539216 8.249139824208573
22.81751849252135 8.3154060971857
23.151445461359142 8.374239330334872
23.49025934288005 8.424310556739078
23.83403165546319 8.464334672642856
24.18283496413593 8.494025989417983
24.53674289589132 8.514494077633184
24.895830155229525 8.527183945442697
25.26017253992672 8.533457427478188
25.629846957034875 8.534159901713021
26.00493143911585 8.529078977124572
26.38550516071253 8.517604366042889
26.77164845506149 8.499312082176898
27.16344283105027 8.474410344249009
27.560970990422447 8.443830395646717
27.964316845234656 8.408730121203472
28.373565535569202 8.36947185926042
28.788803447506034 8.325907360481365
29.21011823135709 8.278044090739646
29.63759882016817 8.225956133255119
30.071335448491407 8.170256377448663
30.51141967143229 8.11154662102522
30.95794438397542 8.050128096364073
31.411003840593292 7.985652881933533
31.87069367514218 7.917499459781794
32.33711092104855 7.845011368050455
32.810354031791576 7.767275304774979
33.29052290168521 7.683832088240995
33.777718886964244 7.594608399635503
34.27204482717889 7.499753021648454
34.773605066902746 7.399589250639391
35.28250547775859 7.294511627898757
35.798853480765764 7.184836868353581
36.32275806901529 7.0707775437043425
36.854329830676846 6.952696651332692
37.39368097234204 6.831039920931006
37.94092534270931 6.706287338440511
38.49617845661582 6.578946343175789
39.059557519421084 6.449636241222815
39.63118145174672 6.31883196200949
40.21117091457895 6.186962385743634
40.79964833473859 6.054480582375321
41.39673793072312 5.921813740921281
42.00256573892723 5.789409615702893
42.61725964024727 5.657664098652497
43.24094938707525 5.52700104569193
43.873766630686944 5.397762089336025
44.51584494903186 5.2701111316841365
45.16731987492949 5.144264168794707
45.82832892467818 5.0204543307316944
46.49901162708234 4.898849596115501
47.17950955290519 4.779627334087036
47.86996634475225 4.662890768772869
48.57052774739163 4.5487389259769895
49.28134163851902 4.4372205219928755
50.002558059971875 4.328296150326365
50.73432924940148 4.2218175534915074
51.47680967240744 4.1175988524900005
52.23015605514319 4.015527745098409
52.994527417398814 3.915443564082472
53.77008510616692 3.817240982665989
54.55699282970137 3.72087020547933
55.35541669207266 3.6263502649934143
56.16552522823088 3.5337220713898247
56.987489439579974 3.4430607866939877
57.821482830073855 3.3543830759717785
58.667681442840795 3.2676758787638893
59.52626389734258 3.182939130709493
60.39741142707926 3.1001805907575295
61.281307917843776 3.0193773609102164
62.178139946538344 2.9404738453393127
63.088096820557226 2.863398090303856
64.01137061774683 2.7881062655590396
64.9481562269508 2.7146117330216675
65.89865138914723 2.642950502349003
66.86305673918966 2.5731415673437708
67.84157584815696 2.505194610396056
68.8344152663252 2.439135168029746
69.84178456676612 2.374942899902769
70.86389638958536 2.3126027726895924
71.90096648680777 2.25209915910228
72.9532137679184 2.193370324592848
74.02086034607214 2.136338790355507
75.10413158497705 2.080926495551129
76.20325614646649 2.027049566757993
77.31846603876497 1.974629560119053
78.44999666546194 1.9235940252491226
79.59808687520243 1.873863914036853
80.76297901210312 1.8253740261561417
81.9449189669087 1.7780585865671346
83.14415622889435 1.7318640738642783
84.36094393853044 1.6867518328971352
85.59553894091536 1.6426884987791788
86.84820183999203 1.5996500907750852
88.11919705355793 1.5576207041846168
89.40879286907833 1.5165796313421036
90.71726150031915 1.476495871140176
92.04487914480556 1.4373453738373974
93.3919260421246 1.3991214262543163
94.75868653307793 1.3618063502477045
96.14544911970242 1.3253831905353683
97.55250652616921 1.289831906908182
98.98015576057169 1.2551350225339863
100.42869817762106 1.2212807463633704
101.89843954225589 1.188258324881551
103.38969009418614 1.1560486804615233
104.90276461337852 1.1246441743670181
106.43798248650226 1.0940357092233797
107.99566777434733 1.0642253649486655
109.57614928022714 1.0352066884754523
111.17976061938579 1.0069763204974198
112.806840289417 0.9795327095879452
114.45773174171785 0.9528743949294687
116.13278345398415 0.9270024117542353
117.83234900376978 0.9019101089345369
119.55678714312167 0.87759131882778
121.30646187430564 0.8540377740660975
123.08174252664334 0.8312399360987436
124.88300383446987 0.8091803925598381
126.71062601623679 0.7878471031182942
128.56499485476826 0.7672158206289739
130.44650177869477 0.7472542478943285
132.35554394507827 0.7279331224945287
134.29252432324444 0.7092237454934344
136.25785177984503 0.6910945361769525
138.25194116516124 0.6735144984776371
140.27521340067455 0.6564522556704488
142.32809556791463 0.6398753087437217
144.41102099861067 0.6237525293844636
146.52442936616166 0.6080562119267575
148.66876677844277 0.5927654925347604
150.84448587197417 0.577862803237624
153.0520459074633 0.5633318542476629
155.2919128667499 0.5491591900496223
157.56455955116567 0.5353322115040784
159.87046568133613 0.5218405108099771
162.2101179984429 0.5086772502634088
164.58401036696682 0.49583775786644696
166.99264387893393 0.48331982317076244
169.43652695968956 0.4711190207349557
171.9161754752196 0.4592341094241264
174.43211284104012 0.44766282322247064
176.984870132683 0.43640355956385757
179.5749861977988 0.42545212177177993
182.20300776989848 0.4148013926092166
184.86948958375922 0.4044458720186059
187.57499449252168 0.3943780210829099
190.3200935865004 0.3845890483823775
193.1053663137299 0.3750692676260318
195.93140060227842 0.3658074719233685
198.79879298435122 0.35679299835784495
201.70814872220873 0.3480149713681939
204.66008193592683 0.33946268255330175
207.65521573302914 0.3311254495570192
210.69418234001694 0.3229935110813002
213.77762323581942 0.31505893314833633
216.90618928720144 0.3073144763180882
220.0805408861526 0.2997523406760802
223.30134808928437 0.2923647281619326
226.5692907592683 0.28514506347304486
229.88505870834518 0.27808847667194075
233.2493518439352 0.27119108840788797
236.66288031637467 0.264449946551394
240.12636466881955 0.25786242774170953
243.64053598934146 0.25142531359988435
247.20613606524864 0.24513745879292045
250.82391753966442 0.23899693727452614
254.4946440703997 0.23300179809115493
258.21909049115084 0.22715014862603095
261.998042975052 0.2214406141574366
265.8322992006257 0.21587135315383305
269.7226685201615 0.2104403540519398
273.6699721305569 0.20514556472410056
277.67504324665765 0.19998480616856246
281.7387272771385 0.1949553184658969
285.8618820029568 0.190054637975044
290.0453777584139 0.18528019585899014
294.2900976148709 0.18062908086675317
298.59693756715245 0.17609853424183755
302.9668067226761 0.17168564248802767
307.40062749335027 0.1673871086583968
311.8993357902816 0.1631995493896321
316.46388122133374 0.15912008328457508
321.09522729157067 0.15514594627149877
325.79435160664025 0.15127439957333166
330.5622460791324 0.1475029226271958
335.3999171379556 0.14382899438837685
340.30838594077693 0.14025029793986427
345.2886885895743 0.13676443863706597
350.34187634934324 0.13336876207442075
355.46901586999894 0.130060870606846
360.6711894115314 0.12683826726797925
365.94949507245536 0.12369885442622218
371.3050470216007 0.12064054064926341
376.7389757332944 0.11766143318376421
382.2524282259881 0.11475940953608998
387.8465683043777 0.11193226255459494
393.5225768050605 0.10917807278382965
399.28165184579393 0.10649514950649604
405.1250090784007 0.10388186427695568
411.05388194537323 0.10133650370469502
417.0695219402321 0.0988572358006787
423.1731988716994 0.09644221084782742
429.3662011317372 0.09408967032333797
435.6498359675031 0.09179781698724276
442.02542975729204 0.0895652018987081
448.49432829051557 0.08738990536296672
455.05789705177693 0.0852702853595168
461.71752150910027 0.08320475536623238
468.47460740638434 0.08119182342094333
475.3305810601346 0.07922989205738008
482.2868896605369 0.07731754036928833
489.3450015769285 0.07545338199510296
496.5064066677611 0.07363601131404927
503.7726165950797 0.0718640533307117
511.1451651436101 0.07013616156888872
518.625608544519 0.06845098958933903
526.2155258039129 0.06680721603688315
533.9165190361405 0.06520361630089708
541.7302138019671 0.0636389510442941
549.6582594517179 0.06211204957191521
557.702329473423 0.06062186271368805
565.8641218460643 0.05916731111629043
574.145359397994 0.057747391708279805
582.5477901705996 0.05636126058342432
591.0731877872877 0.055008025266751984
599.7233518278599 0.0536867296601478
608.5001082083908 0.05239650926763951
617.4053095666421 0.051136533222942315
626.4408356531249 0.04990600928695463
635.6085937278878 0.04870422532591445
644.9105189631131 0.04753057033181017
654.3485748516009 0.046384393439859506
663.9247536212223 0.045265055448194216
673.6410766554636 0.04417194447747582
683.4995949201008 0.04310439870565113
693.5023893961245 0.042061807843595755
703.6515715190061 0.04104363572911164
713.9492836243915 0.04004933298605365
724.3976994003144 0.0390783998239988
734.9990243460179 0.03813035101717144
745.7554962375185 0.03720469950070825
756.6693855999563 0.03630096503336961
767.7429961868656 0.03541868269971429
778.9786654664655 0.03455738914764951
790.3787651150661 0.0337166647902473
801.945701517689 0.032896048834149504
813.6819162760164 0.032095100387550105
825.5898867237771 0.03131337537625331
837.6721264496792 0.03055044434661354
849.9311858279799 0.029805862501746317
862.3696525568345 0.029079193973370093
874.9901522045234 0.02836999603075985
887.7953487636667 0.027677844237273902
900.7879452135459 0.027002350203826304
913.9706840906666 0.026343131751068033
927.3463480676708 0.025699828163119557
940.9177605407043 0.025072080873369096
954.6877862253986 0.024459535067008046
968.6593317615707 0.023861841777164997
982.8353463267673 0.023278657743061995
997.2188222587865 0.022709650409298072
1011.8127956873177 0.022154484102325792
1026.620347174829 0.02161283097577174
1041.6446023668066 0.021084370697968032
1056.888732651552 0.020568762642924444
1072.3559558296042 0.020065717718766876
1088.0495367929632 0.0195749759093334
1103.9727882142702 0.01909625441911255
1120.1290712460393 0.01862928704248586
1136.5217962301729 0.018173807588043503
1153.1544234178193 0.01772953580164515
1170.0304636997641 0.017296188321426247
1187.153479347552 0.016873509065849005
1204.5270847654162 0.01646122923297171
1222.1549472532047 0.016059104580569555
1240.0407877805233 0.015666914181419852
1258.188381772158 0.01528443822164991
1276.6015599049954 0.0149114370131842
1295.2842089166484 0.014547674591197428
1314.2402724258664 0.014192921404685638
1333.4737517649787 0.013846950436045816
1352.9887068245184 0.013509540014410059
1372.7892569101803 0.013180476845607584
1392.8795816123752 0.012859556615396676
1413.263921688465 0.012546577628011557
1433.946579957896 0.012241339975658877
1454.9319222104987 0.01194364844485567
1476.2243781280201 0.01165331241685444
1497.8284422191398 0.011370146291340031
1519.7486747682315 0.01109396913561653
1541.9897027979491 0.010824604062486063
1564.556221045898 0.010561879170051273
1587.4529929556659 0.0103056271098583
1610.6848516822804 0.010055684199922355
1634.2567011124238 0.00981188961826039
1658.1735168995722 0.009574087439143956
1682.4403475142528 0.009342125941383485
1707.062315309742 0.009115854958770112
1732.0446176032895 0.008895130435994183
1757.3925277731723 0.008679812196310603
1783.1113963718688 0.008469761727585488
1809.2066522554528 0.008264843066515072
1835.6838037295213 0.008064925860614929
1862.5484397119549 0.007869884131488591
1889.8062309126321 0.007679595110190173
1917.4629310304065 0.0074939385977984925
1945.5243779676653 0.007312714940321999
1973.996495062595 0.007135838703069199
2002.8852923395082 0.0069631912138468565
2032.1968677774828 0.0067946574846310835
2061.937408597512 0.0066301295904478965
2092.113192568582 0.006469495542346576
2122.7305893327903 0.006312653999805202
2153.7960617498493 0.006159502048256246
2185.316167261351 0.006009937106480231
2217.297559274912 0.005863861454597621
2249.7469885685837 0.005721172962348128
2282.6713047158846 0.0055817844069751725
2316.077457531619 0.00544560853012372
2349.9724985388416 0.0053125606418795955
2384.3635824573867 0.005182565055268169
2419.2579687140774 0.005055555820484807
2454.663022975089 0.0049314665510968875
2490.5862187007406 0.004810208212551274
2527.0351387229816 0.004691730650177528
2564.017476846076 0.004575982749471699
2601.541039470609 0.004462908140062052
2639.6137472412756 0.004352446461303563
2678.2436367188607 0.004244542148868747
2717.4388620766053 0.0041391698571320345
2757.2076968213955 0.004036282533015441
2797.558535540232 0.003935836603206518
2838.499895672172 0.0038377901226457874
2880.0404193061886 0.0037421019741700288
2922.188875005456 0.0036487317562373675
2964.9541596582085 0.0035576395170856777
3008.3453003557456 0.003468785417667261
3052.371456297934 0.003382129718501195
3097.041920726511 0.0032976329156170813
3142.366122886827 0.003215254215589048
3188.3536300181727 0.003134952389970597
3235.014149373242 0.003056685705091946
3282.357530267254 0.0029804123836685353
3330.393766156954 0.002906089819567786
3379.1329967500433 0.0028336744972460477
3428.5855101455886 0.0027631224915600273
3478.76174500563 0.0026943895420738916
3529.6722927586507 0.0026274553292501127
3581.327899835203 0.0025622573276470623
3633.7394699364017 0.0024987489659306274
3686.9180663354714 0.0024368839042688242
3740.874914213061 0.002376614952350186
3795.6214030266424 0.0023178986380393432
3851.1690889147453 0.0022606898713730793
3907.52969713623 0.002204946302907066
3964.7151245452637 0.0021506271562044717
4022.7374421026566 0.00209769220860653
4081.608897423808 0.0020461044595115664
4141.3419173639395 0.001995823628922015
4201.949110641311 0.001946812341251071
4263.443270498659 0.001899034906480204
4325.83737740369 0.0018524551870686646
4389.144601788985 0.0018070370957797345
4453.378306832175 0.001762747988642904
4518.552051276642 0.0017195644022182284
4584.679592293583 0.0016774509207994133
4651.774888385876 0.0016363761831971902
4719.852102334605 0.0015963136370691494
4788.925604188555 0.001557239507337686
4859.009974297449 0.001519129276457387
4930.120006389745 0.0014819505939766505
5002.270710695314 0.0014456816665674983
5075.477317113801 0.0014103003808551553
5149.755278429546 0.0013757850078236255
5225.120273573345 0.0013421143524088605
5301.588210932074 0.0013092677413786276
5379.175231706615 0.0012772250107810498
5457.897713319146 0.0012459664904918948
5537.772272870078 0.0012154729876823348
5618.815770645707 0.0011857257772526129
5701.045313677068 0.0011567065900576186
5784.478259351116 0.0011283976086853577
5869.132219074513 0.0011007814529106568
5955.025061991071 0.0010738411720343833
6042.174918753783 0.0010475602244835198
6130.600185351861 0.0010219224738076875
6220.319526993763 0.0009969121728763226
6311.351882047287 0.0009725139656012573
6403.716466037065 0.0009487128719938838
6497.432775700681 0.0009254942830362374
6592.520593104174 0.0009028439431871873
6688.999989817606 0.0008807479452486118
6786.891331152024 0.0008591927187122982
6886.215280458192 0.0008381650275207305
6986.992803488208 0.0008176519610406566
7089.245172821228 0.0007976409270974106
7192.993972353688 0.0007781196409999554
7298.261101855253 0.0007590761166563614
7405.0687815916845 0.0007404986596064215
7513.439557015114 0.0007223758609921932
7623.39630352295 0.0007046965936663962
7734.9622312867 0.0006874500038601965
7848.160890151156 0.0006706255052581294
7963.016174605445 0.0006542127674988447
8079.552328826799 0.0006382017128195886
8197.793951798016 0.0006225825073277137
8317.766002500108 0.0006073455609953093
8439.49380518067 0.000592481518671333
8563.003054699324 0.0005779812571759992
8688.319821951718 0.0005638358734154044
8815.47055937259 0.0005500366822196353
8944.482106519356 0.0005365752083452175
9075.38169573774 0.0005234431860365377
9208.196957909997 0.0005106325524785151
9342.955928287256 0.0004981354439916707
9479.687052407551 0.0004859441883507717
9618.41919210008 0.00047405130013579314
9759.181631577536 0.0004624494757603378
9902.004083617585 0.0004511315905329778
10046.916695834625 0.00044009069544281507
10193.95005704371 0.0004293200124256128
10343.13520371727 0.00041881292995087945
10494.503626536289 0.00040856299661536316
10648.087277037768 0.00039856391851322023
10803.918574359077 0.0003888095544973481
10962.03041208098 0.00037929391550072504
11122.45616517125 0.00037001115920323724
11285.22969702947 0.0003609555881295138
11450.385366634928 0.0003521216420599485
11617.958035799556 0.00034350389702642443
11787.983076526521 0.00033509705994968976
11960.496378476771 0.0003268959689650552
12135.53435654482 0.0003188955887650492
12313.133958545191 0.00031109100856378997
12493.332673011813 0.00030347743678316483
12676.168537111122 0.000296050198711274
12861.680144670987 0.00028880473301017045
13049.906654327546 0.0002817365903970586
13240.887797790856 0.00027484143114708825
13434.66388823149 0.0002681150224303659
13631.275828790322 0.00026155323511089146
13830.765121212416 0.0002551520402296126
14033.173874607213 0.0002489075070283245
14238.544814337456 0.0002428158004352378
14446.921291037635 0.00023687318021932305
14658.347289764693 0.0002310759979124637
14872.867439282638 0.00022542069523814239
15090.527021482772 0.0002199037997890294
15311.371980942326 0.00021452192421418203
15535.44893462251 0.00020927176286489937
15762.80518170841 0.00020415009219122877
15993.488713593519 0.00019915376759405853
16227.548224009766 0.00019427972233885567
16465.03311930584 0.00018952496391436586
16705.99352887649 0.0001848865729212184
16950.480315743847 0.00018036170064894905
17198.545087293594 0.00017594756857496185
17450.240206169212 0.00017164146649908967
17705.618801324024 0.00016744075106375626
17964.734779236336 0.0001633428434768285
18227.64283528867 0.00015934522761754238
18494.398465312188 0.00015544544859393287
18765.057977301818 0.00015164111145044395
19039.67850330167 0.00014792988037631404
19318.31801146455 0.00014430947694131388
19601.035318288577 0.00014077767887496264
19887.890101032182 0.00013733231762758446
20178.942910310874 0.00013397127768316933
20474.25518287897 0.00013069249470408517
20773.88925459773 0.00012749395555175524
21077.90837359314 0.00012437369639298356
21386.376713607573 0.00012132980208401077
21699.359387544653 0.00011836040369489634
22016.922461214544 0.00011546367803463845
22339.132967279085 0.00011263784598684457
22666.058919401043 0.00010988117239830687
22997.76932660133 0.0001071919647229414
23334.33420782547 0.00010456857221206055
23675.82460672318 0.00010200938431858563
24022.312606645246 9.951282970298338e-05
24373.87134585882 9.707737520214077e-05
24730.575032985562 9.470152519580874e-05
25092.498962666486 9.238382094763827e-05
25459.719531455212 9.012283960197832e-05
25832.3142539437 8.791719327188525e-05
26210.36177912548 8.576552767864579e-05
26593.941906995828 8.366652161049709e-05
26983.135605397434 8.161888591352188e-05
27378.025027111078 7.962136336280221e-05
27778.693527196436 7.76727275347205e-05
28185.22568058775 7.577178242003367e-05
28597.707299945927 7.391736081733325e-05
29016.22545377196 7.21083241271479e-05
29440.86848478639 7.034356123047751e-05
29871.726028576784 6.862198854507076e-05
30308.889032518036 6.694254905921863e-05
30752.44977497069 6.530421189756968e-05
31202.50188475909 6.370597121606993e-05
31659.14036093455 6.214684569909716e-05
32122.461592829477 6.0625877834176724e-05
32592.563380401934 5.9142133624725594e-05
33069.54495488114 5.769470207571566e-05
33553.50699971311 5.628269462874302e-05
34044.55167181293 5.4905244499037326e-05
34542.7826231294 5.35615059274256e-05
35048.305022523906 5.225065377223804e-05
35561.22557796948 5.0971882972508325e-05
36081.652559076145 4.972440837895875e-05
36609.69581994447 4.8507464102801235e-05
37145.46682235363 4.732030319361949e-05
37689.078659290186 4.616219672359856e-05
38240.64607881982 4.50324336226996e-05
38800.2855083082 4.393031996682703e-05
39368.11507899883 4.2855179068390435e-05
39944.25465094643 4.180635081316471e-05
40528.825838319295 4.0783191430245955e-05
41121.95203506958 3.978507273417863e-05
41723.758440979356 3.881138188457487e-05
42334.37208808927 3.786152088236332e-05
42953.92186751268 3.693490645810712e-05
43582.53855664191 3.603096968657955e-05
44220.35484675452 3.5149155672422244e-05
44867.50537102176 3.4288923077733975e-05
45524.12673292705 3.344974371837082e-05
46190.35753510199 3.263110226532674e-05
46866.33840858261 3.183249596783159e-05
47552.21204249373 3.1053434492489285e-05
48248.12321417048 3.029343954974066e-05
48954.2188197159 2.955204464242685e-05
49670.647905010504 2.8828794548553473e-05
50397.56169717289 2.8123245180667515e-05
51135.11363648078 2.7434963191567844e-05
51883.459408761075 2.6763525983221585e-05
52642.756978252255 2.6108521307787677e-05
53413.16662094736 2.5469547137057818e-05
54194.85095842721 2.484621114684041e-05
54987.974992186624 2.423813061285217e-05
55792.70613846279 2.364493206438994e-05
56609.21426357668 2.3066251256877136e-05
57437.67171978632 2.2501732891051995e-05
58278.25338166903 2.195103044068108e-05
59131.13668303616 2.141380582107422e-05
59996.50165438356 2.088972917660247e-05
60874.53096089586 2.0378478666870765e-05
61765.4099410033 1.987974033022163e-05
62669.32664550309 1.9393207948724974e-05
63586.47187725549 1.8918582835597077e-05
64517.03923145868 1.8455573646773345e-05
65461.22513651278 1.800389609203617e-05
66419.22889548459 1.7563272823651963e-05
67391.25272817649 1.713343322152394e-05
68377.50181381089 1.6714113369004024e-05
69378.1843343434 1.6305055814452873e-05
70393.51151840316 1.590600949261516e-05
71423.69768588175 1.55167293845483e-05
72468.96029317434 1.513697647543369e-05
73529.51997907787 1.4766517520051678e-05
74605.60061136744 1.4405125052056924e-05
75697.42933405038 1.4052577183559196e-05
76805.23661531182 1.370865751253702e-05
77929.2562961648 1.3373154893051458e-05
79069.7256398096 1.3045863327305894e-05
80226.88538171543 1.2726581815034581e-05
81400.97978043782 1.2415114291016208e-05
82592.25666917684 1.2111269519176955e-05
83800.9675080896 1.1814860972758812e-05
85027.36743737334 1.1525706697028922e-05
86271.71533111707 1.1243629150202904e-05
87534.27385194795 1.0968455119190902e-05
88815.30950647745 1.0700015605028606e-05
90115.0927015523 1.0438145789183872e-05
91433.89780133689 1.0182684895786727e-05
92772.00318522607 9.933476125633528e-06
94129.69130660554 9.690366462183016e-06
95507.24875247566 9.453206638173299e-06
96904.96630394443 9.221850984571066e-06
98323.13899760571 8.996157451120782e-06
99762.06618781916 8.775987466648494e-06
101222.05160989834 8.561205890348193e-06
102703.40344422271 8.351680854055364e-06
104206.43438129434 8.147283710300585e-06
105731.46168773678 7.947888927586798e-06
107278.80727326733 7.753374065579556e-06
108848.79775865021 7.563619695493642e-06
110441.76454463517 7.378509333331029e-06
112058.04388191608 7.197929341889464e-06
113697.97694210648 7.021768844737995e-06
115361.90988975417 6.849919664413793e-06
117050.19395541411 6.682276263118317e-06
118763.18550978618 6.518735710064878e-06
120501.2461389384 6.359197602397483e-06
122264.74272063468 6.203564013422905e-06
124054.04750177584 6.051739382930418e-06
125869.53817697319 5.903630488432052e-06
127711.5979682795 5.759146361379874e-06
129580.61570607463 5.618198289998419e-06
131476.98591114467 5.480699735225783e-06
133401.10887796248 5.346566303042256e-06
135353.39075917666 5.215715637085508e-06
137334.24365134997 5.0880673958680665e-06
139344.0856819446 4.963543180715941e-06
141383.34109758044 4.842066529152484e-06
143452.44035359067 4.7235628567591955e-06
145551.82020488224 4.607959420524823e-06
147681.92379812663 4.495185249995092e-06
149843.20076530453 4.385171101869239e-06
152036.10731861467 4.277849415664595e-06
154261.10634677048 4.1731542843286444e-06
156518.66751271588 4.071021426594306e-06
158809.2673527547 3.971388141937794e-06
161133.38937714737 3.874193271657024e-06
163491.52417216994 3.7793771375432642e-06
165884.1695036672 3.686881518978457e-06
168311.83042212727 3.596649607201626e-06
170775.0193692882 3.5086260008314285e-06
173274.25628630407 3.422756655453179e-06
175810.06872350106 3.338988867659377e-06
178382.99195173295 3.2572712030688023e-06
180993.5690753664 3.1775534876870824e-06
183642.35114692603 3.0997867588625667e-06
186329.89728341126 3.0239232667007147e-06
189056.77478431404 2.949916432497205e-06
191823.5592513754 2.877720828999552e-06
194630.8347100754 2.8072921326295937e-06
197479.19373292036 2.7385871003253984e-06
200369.23756452277 2.671563538269278e-06
203301.576248512 2.6061802883116677e-06
206276.82875631045 2.5423972061765037e-06
209295.623117786 2.4801751360454433e-06
212358.59655381698 2.4194758821333694e-06
215466.39561080496 2.360262174865005e-06
218619.676297148 2.302497653484789e-06
221819.104221711 2.2461468416113405e-06
225065.3547343313 2.1911751405392397e-06
228359.11306837152 2.1375488000938575e-06
231701.07448535823 2.0852349051180847e-06
235091.94442175102 2.0342013343766128e-06
238532.43863783628 1.984416753750618e-06
242023.28336882344 1.935850584390359e-06
245565.21547813818 1.8884730070627086e-06
249158.98261296013 1.8422549329077831e-06
252805.3433620452 1.7971679930799408e-06
256505.06741584977 1.7531845059246978e-06
260258.93572899615 1.710277465762256e-06
264067.7406851275 1.66842052111923e-06
267932.28626416385 1.6275879692338944e-06
271853.38821200695 1.5877547396156328e-06
275831.8742127381 1.5488963798673996e-06
279868.58406332607 1.5109890353624676e-06
283964.3698508909 1.4740094309175869e-06
288120.0961325786 1.4379348580044777e-06
292336.64011804055 1.4027431620538607e-06
296614.8918546103 1.3684127358352177e-06
300955.7544151754 1.3349225027157755e-06
305360.14408879785 1.3022519060062118e-06
309828.99057413614 1.2703808857051153e-06
314363.23717568634 1.239289872621327e-06
318963.8410028957 1.208959770573484e-06
323631.77317220083 1.1793719571863004e-06
328368.0190120122 1.1505082661807267e-06
333173.57827069727 1.1223509815096839e-06
338049.46532761987 1.0948828149949658e-06
342996.7094072562 1.0680869013499561e-06
348016.35479644313 1.0419467831868077e-06
353109.46106482524 1.0164464094485357e-06
358277.1032884953 9.915701233742144e-07
363520.3722769405 9.673026547035226e-07
368840.3748032909 9.436291053780252e-07
374238.23383793683 9.205349398423077e-07
379715.08878558024 8.98005975852792e-07
385272.0957257406 8.760283781543949e-07
390910.42765678075 8.545886528236283e-07
396631.274743518 8.336736377257128e-07
402435.84456844523 8.132704944771298e-07
408325.3623866264 7.933666954269916e-07
414301.0713843462 7.739500189490152e-07
420364.2329415071 7.550085397082221e-07
426516.1268978964 7.365306278470122e-07
432758.051823351 7.185049383425876e-07
439091.3252918435 7.009204077054853e-07
445517.28415962006 6.837662388490186e-07
452037.2848473842 6.670318992475134e-07
458652.70362660993 6.507071106999495e-07
465364.9369100622 6.347818495150188e-07
472175.40154655394 6.192463378914435e-07
479085.53512001364 6.040910397109651e-07
486096.7962529495 5.893066506052794e-07
493210.66491433606 5.748840929898917e-07
500428.6427320049 5.60814509571782e-07
507752.25330963754 5.470892604031533e-07
515183.04254834756 5.336999183976968e-07
522722.57897300925 5.206382639405565e-07
530372.4540633609 5.078962790045218e-07
538134.2825899156 4.9546613995952e-07
546009.7029548361 4.833402139843612e-07
554000.3775377686 4.7151105385211485e-07
562107.9930467388 4.599713966027274e-07
570334.2608742028 4.487141573777001e-07
578680.9174582894 4.377324266549138e-07
587149.7246493279 4.2701946154402223e-07
595742.4700817621 4.1656868438631703e-07
604460.9675514848 4.063736760939067e-07
613307.0573986927 3.9642817699248133e-07
622282.6068963804 3.8672608074878606e-07
631389.5106444613 3.7726143215636793e-07
640629.6909697024 3.680284203055678e-07
650005.0983315145 3.5902137616350384e-07
659517.7117336289 3.5023476804960714e-07
669169.5391418651 3.4166320042200846e-07
678962.6179079686 3.333014104833847e-07
688899.0151996589 3.251442651706473e-07
698980.8284369906 3.171867569405371e-07
709210.1857350798 3.094239998660743e-07
719589.2463533074 3.018512269908712e-07
730120.2011511215 2.944637876121662e-07
740805.2730504876 2.872571459402442e-07
751646.7175050987 2.802268775547127e-07
762646.8229765019 2.7336866721262703e-07
773807.9114171163 2.6667830391809794e-07
785132.3387603807 2.601516797219462e-07
796622.495418073 2.5378478594037755e-07
808280.8067848474 2.475737133644625e-07
820109.733750236 2.4151464852902107e-07
832111.773218087 2.3560387246994842e-07
844289.4586336168 2.298377560673621e-07
856645.3605181986 2.2421275895987793e-07
869182.087011951 2.1872542642551995e-07
881902.2844242656 2.133723890150047e-07
894808.637792422 2.0815036006103503e-07
907903.871448348 2.0305613402053462e-07
921190.7495936699 1.9808658350545989e-07
934672.0768832321 1.932386572115962e-07
948350.6990170687 1.8850937801343816e-07
962229.5033411095 1.8389584160441688e-07
976311.4194566763 1.793952153401094e-07
990599.419838828 1.7500473621660064e-07
1005096.5204638442 1.7072170921117073e-07
1019805.7814458398 1.6654350451907845e-07
1034730.3076826907 1.6246755658617038e-07
1049873.249511458 1.5849136203777667e-07
1065237.8033733624 1.5461247953429046e-07
1080827.2124884897 1.5082852752865993e-07
1096644.7675404106 1.4713718356606995e-07
1112693.8073707817 1.435361811312202e-07
1128977.719684103 1.4002330923615908e-07
1145499.9417628618 1.3659641028907503e-07
1162263.9611930253 1.3325338010966733e-07
1179273.3166002666 1.2999216614196234e-07
1196531.5983968955 1.2681076655784003e-07
1214042.449539726 1.2370722819212085e-07
1231809.5662990739 1.206796454780701e-07
1249836.699038972 1.1772615909970306e-07
1268127.6530087963 1.1484495535308577e-07
1286686.2891465253 1.120342652242822e-07
1305516.524893712 1.092923632463974e-07
1324622.335022377 1.0661756628187582e-07
1344007.7524740528 1.0400823199411956e-07
1363676.8692110628 1.0146275810730986e-07
1383633.8370802456 9.897958129433313e-08
1403882.8686894095 9.655717691465372e-08
1424428.2382964687 9.419405771019199e-08
1445274.2827117366 9.188877323987002e-08
1466425.4022133364 8.963990803601399e-08
1487886.0614760139 8.744608131640662e-08
1509660.7905135963 8.530594559120722e-08
1531754.1856351933 8.321818682519961e-08
1554170.9104153842 8.118152317694961e-08
1576915.6966786662 7.91947045256627e-08
1599993.345498251 7.725651105006424e-08
1623408.7282094776 7.536575270664916e-08
1647166.787438113 7.352126828938373e-08
1671272.5381436478 7.172192516231161e-08
1695731.068677847 6.996661855903472e-08
1720547.5418588999 6.825427094361099e-08
1745727.196061112 6.658383113675407e-08
1771275.3463207227 6.495427348456452e-08
1797197.3854578014 6.336459731130943e-08
1823498.7852145643 6.181382633819436e-08
1850185.0974104186 6.030100841226602e-08
1877261.9551138447 5.8825214756333157e-08
1904735.0738314276 5.738553951822277e-08
1932610.252714356 5.598109872559577e-08
1960893.3757825128 5.46110300409999e-08
1989590.4131664764 5.327449195871845e-08
2018707.4223677688 5.1970663857632523e-08
2048250.5495374813 5.0698745215155975e-08
2078226.0307735926 4.9457955343929934e-08
2108640.1934374114 4.8247532422148965e-08
2139499.45748906 4.706673325706422e-08
2170810.336842728 4.591483263614254e-08
2202579.4407416214 4.479112324219623e-08
2234813.475153048 4.36949151380176e-08
2267519.2441839934 4.2625535413898767e-08
2300703.6515173367 4.1582327571140926e-08
2334373.701869089 4.056465107987471e-08
2368536.502467029 3.9571880984237045e-08
2403199.2645509047 3.860877865863196e-08
2438369.304894587 3.767548412562048e-08
2474054.047350584 3.677222724837936e-08
2510261.0244170725 3.58993209182162e-08
2546997.8788278517 3.5057150809219414e-08
2584272.3651657184 3.4246162322974893e-08
2622092.351499197 3.346684424315951e-08
2660465.8210434807 3.271970957194857e-08
2699400.8738455214 3.2005274011157716e-08
2738905.728493794 3.132403286767383e-08
2778988.723853178 3.067643644373413e-08
2819658.3208251325 3.006286582647973e-08
2860923.1041336246 2.9483609188574696e-08
2902791.784137301 2.8938839658861174e-08
2945273.1986680795 2.8428595580152085e-08
2988376.314896625 2.7952763972855413e-08
3032110.23122532 2.7511067422299888e-08
3076484.1792086326 2.7103055311440597e-08
3121507.5255018324 2.6728099524126837e-08
3167189.7738382206 2.6385394648573595e-08
