"t (day)" "dm/dt (M_sun/yr)"
2.712047796778564 0.000769313089062932
2.752311125480924 0.0008393064572800655
2.7931722075267555 0.0009164177397212622
2.8346399172210797 0.0010013705103598784
2.8767232606177084 0.0010954690047808755
2.91943137747522 0.0012000872432460148
2.962773543241943 0.001316382833773405
3.006759171070443 0.0014461274500929438
3.0513978138618585 0.0015912916973927725
3.0966991663406453 0.0017543123173445253
3.142673067160086 0.0019382523811888994
3.189329501039097 0.002146770019480483
3.236678600930701 0.0023836905813621845
3.2847306502227385 0.0026527140370380376
3.333496084971237 0.00295834592096035
3.3829854961669588 0.0033066102042575117
3.4332096320355374 0.003704507356795057
3.4841794003718296 0.004159573081126131
3.5359058709088815 0.004680911685375646
3.588400277722109 0.005279683868581616
3.6416740216690924 0.0059685724332391825
3.695738672865674 0.006762757354961358
3.750605973198788 0.007679811928879586
3.806287838876566 0.00873865191395344
3.8627963630163418 0.009957341821332795
3.9201438182710544 0.011354830379152398
3.9783426594946616 0.012953585571181028
4.037405526447127 0.014781648050324704
4.097345246539507 0.01687033936827476
4.158174837619872 0.019259635456519365
4.2199075108005735 0.021995290489367107
4.282556673327407 0.025121864886728417
4.346135931491471 0.028674508629990974
4.4106590935841945 0.032684474393409234
4.476140172896281 0.0371874494861467
4.542593390761116 0.04222590059446817
4.6100331796433895 0.04785205705090326
4.678474186273587 0.054128925453181403
4.747931274829028 0.06112835337699407
4.818419530162039 0.06890816039898633
4.889954261076158 0.07749171704483501
4.962551003650923 0.08689314712169763
5.036225524616063 0.0971452689643686
5.110993824775702 0.10829366837518842
5.18687214248349 0.12041728798777959
5.263876957169268 0.13358528274951786
5.342024992918134 0.14784435563274823
5.421333222102577 0.1632132394415475
5.501818869068617 0.17967316464987865
5.583499413876586 0.19722336876980845
5.666392596097554 0.21587119842954383
5.750516418665979 0.23565601697725236
5.835889151789661 0.2566532943804317
5.922529336917721 0.27895668119856737
6.010455790767441 0.30265795554754427
6.0996876094109505 0.3277565027328711
6.190244172422538 0.35416754045754995
6.282145147087562 0.3818417037736826
6.3754104926738675 0.4107767932015931
6.470060464766509 0.44099481344385505
6.56611561966696 0.4725088203615136
6.663596818857616 0.5053640798531315
6.762525233532448 0.5395686995795904
6.862922349195061 0.5751282210352033
6.9648099703249855 0.6120070762954453
7.068210225113162 0.6502528789695922
7.173145570267905 0.6899220299050444
7.279638795891966 0.7310013823629855
7.387713030432209 0.7734037325209919
7.497391745702764 0.8171873097732775
7.608698761982546 0.8623726137775768
7.721658253188728 0.9091105728176121
7.836294752126787 0.9576650785176263
7.952633155818726 1.008298357900354
8.070698730910124 1.0611492712315156
8.190517119157686 1.1162253389541466
8.312114342998145 1.1734491454018074
8.435516811199943 1.2328204775221878
8.560751324598664 1.294312642290802
8.687845081917729 1.3578728622537422
8.816825685675479 1.4238195794952793
8.947721148180026 1.4927443255091362
9.080559897612897 1.564873547393955
9.215370784203216 1.6398952939501743
9.352183086493454 1.7171902782672515
9.491026517698248 1.7960073823394918
9.631931232157488 1.8758864913417657
9.774927831885392 1.9570896804235038
9.920047373216663 2.0402405790820755
10.067321373551485 2.125573918041477
10.21678181820038 2.212917762125358
10.368461167330976 2.3016660175543007
10.522392363017785 2.3909271278367736
10.678608836396545 2.4798450023391343
10.837144514924953 2.5681360047632484
10.998033829751082 2.6560194692555226
11.161311723191185 2.7441120873730234
11.327013656318666 2.832684023312182
11.49517561666546 2.921422893921551
11.665834126037915 3.009747080165159
11.839026248448809 3.0970912307612894
12.014789598166827 3.183362171994492
12.193162347885801 3.268774647675702
12.374183237015155 3.35400994106648
12.557891580093365 3.4400558697763906
12.7443272753265 3.5278296078432576
12.933530813253237 3.617975206998794
13.12554328553879 3.710848971384941
13.320406393899358 3.8065048687560674
13.518162459158845 3.9049205001628895
13.71885443044031 4.005740023205718
13.92252589449369 4.108506639925725
14.129221085162117 4.213126840163552
14.338984892988778 4.320040650676546
14.551862874966186 4.430100525383477
14.767901264430563 4.543984157744396
14.987146981102676 4.661595714372378
15.209647641278169 4.7818323226645365
15.435451568168872 4.902994326321668
15.66460780239772 5.023478606307485
15.897166112649726 5.142663646392076
16.13317700648055 5.260572925153839
16.372691741286026 5.377594431968715
16.615762335434432 5.4941183966775515
16.86244157956374 5.610020296661118
17.11278304804699 5.72458657585284
17.36684111062763 5.836725373311167
17.624670944227663 5.9452864426834555
17.886328544931203 6.049092327916446
18.1518707401456 6.147244164790532
18.421355200943545 6.239475319579296
18.69484045458824 6.325865534463725
18.972385897244287 6.406979378352527
19.254051806877634 6.4835385745796446
19.539899356346865 6.555992418430521
19.829990626688794 6.62427608606542
20.124388620601536 6.688118883643407
20.42315727612737 6.747571331404673
20.726361480539 6.80349813155571
21.034067084432166 6.8571183732605485
21.34634091602687 6.909558193343629
21.663250795681467 6.961192434398139
21.98486555062208 7.011571032851753
22.311255029890553 7.060003972306638
22.642490119514616 7.106105335907054
22.978642757902787 7.150180441634112
23.319785951468326 7.192946585504277
23.665993790484986 7.234947588189167
24.017341465177942 7.276355170203074
24.37390528205386 7.316892969823212
24.735762680473314 7.3559312399297685
25.10299224946923 7.393141290273424
25.475673744815204 7.428214946858967
25.853888106346684 7.460805965856634
26.237717475540077 7.490511210112137
26.627245213352122 7.516784281796268
27.02255591832459 7.5391587041311725
27.42373544495749 7.557248427158602
27.830870922355146 7.570891466494958
28.24405077314935 7.579990049373791
28.663364732702828 7.58457787783072
29.088903868598248 7.584409703907177
29.52076060041689 7.579077329951267
29.959028719809968 7.56805032799411
30.403803410868854 7.55091623722897
30.855181270797377 7.527510729927407
31.313260330890813 7.4979223262575845
31.778140077826997 7.4621352935709995
32.249921475272494 7.419921662050944
32.72870698581047 7.370830209029207
33.21460059319386 7.3145433130313195
33.70770782492845 7.2510306598289995
34.20813577519182 7.180504281855766
34.71599312809228 7.103435673640596
35.23139018127304 7.020400245068482
35.754438869867194 6.93182556341183
36.28525279080764 6.83806949937403
36.823947227498486 6.739402904820592
37.3706391748529 6.636110810129072
37.925447364701796 6.528456138640723
38.488492291580606 6.416917586696059
39.05989623889854 6.302065669452813
39.63978330549621 6.184533223531432
40.22827943259814 6.06490410199219
40.825512431164405 5.943765672137618
41.431612009649164 5.821619671973682
42.04670980217135 5.698900111513902
42.6709393971027 5.5760071178098185
43.304436366081205 5.4533116844127925
43.94733829345461 5.331218836521131
44.59978480616171 5.210169373460365
45.26191760405636 5.090588406080281
45.93388049068235 4.972841874330357
46.615819404505366 4.857288118627421
47.3078824506076 4.744248630472802
48.010219932854014 4.633922153933547
48.72298438653556 4.526397393999891
49.446330611497 4.42159333389004
50.18041570575715 4.319430491239419
50.925399099627235 4.219788128203474
51.681442590336516 4.122553012154224
52.44871037717219 4.027574700365782
53.22736909713994 3.934729517244571
54.01758786115494 3.843902779151227
54.81953829076969 3.755066549447989
55.633394555447005 3.6681758166336675
56.459333410387075 3.583149105306453
57.297534234914856 3.499872272036687
58.14817907143841 3.418221247015306
59.01145266498568 3.338089742856976
59.88754250332716 3.259410779474502
60.77663885769531 3.1820864076865796
61.67893482410811 3.1059952115416185
62.59462636530586 3.031057272931259
63.523912353311445 2.9572245107024573
64.46699461262094 2.884479564892279
65.42407796403681 2.8128363607400653
66.39537026915173 2.7422931764810894
67.38108247549157 2.6729002538793254
68.3814286623302 2.6046831121114535
69.39662608718338 2.537695357737241
70.42689523299326 2.471980535392566
71.4724598560139 2.40758268804932
72.53354703440623 2.344569077037003
73.610387217556 2.2830099186833936
74.70321427612366 2.222952449967193
75.81226555283608 2.1644316256587874
76.93778191403378 2.10747914759589
78.0800078019825 2.052114257186283
79.23919128796246 1.9983443156665628
80.41558412614404 1.9461658696535908
81.60944180826479 1.895558656949273
82.82102361911832 1.8465027157106628
84.05059269286527 1.7989639297836177
85.29841607018213 1.752899698561784
86.5647647562576 1.7082599996538361
87.84991377964988 1.664995591660614
89.15414225201881 1.623048463572048
90.47773342874284 1.5823544111029006
91.82097477043772 1.542840752626902
93.1841580053883 1.5044360645707597
94.56757919290578 1.4670655699224107
95.97153878762724 1.4306509440492727
97.39634170476882 1.3951273316792923
98.84229738634787 1.3604348771081185
100.30971986838898 1.326514579023764
101.7989278491259 1.293317082870313
103.31024475821768 1.2607955878602586
104.8439988269927 1.2289163181678595
106.40052315973317 1.1976456179199573
107.98015580602059 1.1669490111178835
109.5832398341539 1.1367974880111997
111.21012340565744 1.1071617625144596
112.86115985089666 1.078024105661715
114.53670774581346 1.0493709326131524
116.23713098980384 1.0211906937367516
117.9627988847506 0.9934797809290514
119.71408621522785 0.9662313849737975
121.49137332989883 0.9394506857791146
123.2950462241204 0.9131401109156517
125.12549662377427 0.8873132228173404
126.98312207034392 0.861987282886171
128.86832600725188 0.8371900227605247
130.7815178674824 0.8129460750742168
132.7231131625014 0.7892766371685945
134.69353357249932 0.7662043699897421
136.69320703797203 0.7437508443623495
138.72256785266234 0.7219364185793296
140.78205675788035 0.7007780271365849
142.8721210382259 0.6802880015724839
144.99321461872904 0.6604733771212956
147.1457981634365 0.6413370330841175
149.33033917545808 0.6228790970395035
151.54731209850104 0.6050954680817968
153.7971984199106 0.5879767735079634
156.08048677524064 0.5715092859071061
158.39767305437616 0.5556749609115715
160.74926050923324 0.5404529316189238
163.13575986305423 0.5258213563189631
165.55768942133022 0.5117569561023136
168.01557518436587 0.49823625772851415
170.50995096151834 0.4852340188098045
173.04135848713113 0.47272311740483025
175.61034753818885 0.460678138875776
178.21747605372036 0.44907094023462246
180.86331025597084 0.43787559771418627
183.54842477337831 0.42706561503947593
186.27340276536992 0.4166153837157155
189.0388360490155 0.40650074354090443
191.8453252275595 0.3966967191009913
194.6934798208611 0.3871808367007512
197.58391839777107 0.37793357954276563
200.51726871047543 0.36893752660320106
203.4941678308295 0.360176726861952
206.51526228872146 0.3516354900497903
209.58120821248485 0.34329901853866723
212.69267147139956 0.33515601522370464
215.8503278203062 0.327196713346424
219.05486304636833 0.31941312353950546
222.30697311801293 0.3117981868091289
225.60736433608406 0.304345319797514
228.956753487236 0.29704915089620726
232.35586799960993 0.2899052438398035
235.8054461008156 0.2829091173602904
239.30623697826303 0.2760576440851469
242.85900094187224 0.26934717243619527
246.46450958919928 0.26277429205827224
250.12354597301288 0.25633654880534873
253.83690477136207 0.2500321614982388
257.6053924601623 0.24385951383730745
261.4298274883517 0.23781671218915718
265.31104045564075 0.2319017354739962
269.2498742929054 0.22611302139915773
273.24718444525655 0.2204490267820171
277.30383905782713 0.21490809649707546
281.420719164318 0.2094893778659236
285.5987188783441 0.20419147612347416
289.83874558761903 0.1990130749054359
294.14172015102304 0.1939532816607608
298.50857709859815 0.18901057159304158
302.94026483451154 0.1841838350306597
307.43774584303225 0.17947171049440652
312.0019968975646 0.17487288768273315
316.6340092727894 0.1703863425343203
321.33478895994597 0.1660107193605848
326.1053568853218 0.16174451857606187
330.946749131974 0.15758624992607062
335.860017164752 0.15353430671515306
340.84622805865564 0.14958691529694257
345.90646473058536 0.14574260410599918
351.04182617453193 0.14199972243116743
356.2534277002613 0.13835659054445656
361.54240117553485 0.13481107526320965
366.90989527193744 0.13136067339414775
372.3570757143435 0.12800319012041633
377.88512553409385 0.12473652522072969
383.49524532592955 0.12155844120645763
389.18865350873926 0.11846623952295009
394.96658659017754 0.11545737105121123
400.8302994352164 0.11252937711979977
406.7810655386727 0.10967988393730345
412.82017730179655 0.10690672588023903
418.948946312952 0.10420757478171976
425.1687036324734 0.1015800988187241
431.4808000817486 0.09902205761922563
437.8866065365923 0.09653111989326703
444.38751422497575 0.09410524058769291
450.98493502918063 0.09174240945856464
457.6803017924281 0.08944072596406576
464.4750686300749 0.08719824322727283
471.37071124541427 0.08501321215460901
478.3687272501776 0.0828839509224519
485.4706364897867 0.0808088727393147
492.6779813734379 0.07878636344971782
499.9923272090889 0.0768149131509238
507.4152625434097 0.07489310522848498
514.9483995067948 0.0730195750420288
522.5933741634819 0.07119310873577903
530.3518468668808 0.06941256374219973
538.2255026201715 0.06767670069875792
546.2160514422571 0.06598443559178578
554.3252287391487 0.06433479483217161
562.5547956808692 0.06272679123946653
570.906539583941 0.0611594645447077
579.3822742995678 0.05963182338773096
587.9838406075635 0.05814295653188929
596.7131066161415 0.05669194533607933
605.5719681676342 0.05527786187798907
614.5623492502355 0.053899847501644955
623.6862024158563 0.052557083847814115
632.9455092041898 0.051248700596900856
642.3422805730567 0.049973876048975185
651.8785573351611 0.04873171740659284
661.5564106013103 0.0475214103331579
671.3779422302267 0.046342240393972126
681.3452852850352 0.04519339423046485
691.4606044965255 0.04407408220021538
701.7260967332929 0.0429835560633148
712.1439914788637 0.04192108054532089
722.7165513158915 0.04088590176994495
733.4460724175594 0.03987729149268314
744.3348850462602 0.038894529079573296
755.3853540596932 0.03793691052132803
766.5998794244678 0.037003734443568706
777.9808967373335 0.03609435003294586
789.5308777541486 0.035208119257106194
801.2523309267062 0.03434442549367407
813.1478019475157 0.033502654842564185
825.2198743026947 0.0326822270870634
837.4711698330449 0.0318825598717872
849.904349303477 0.031103093414658587
862.5221129808789 0.030343262163923586
875.3272012205659 0.02960253396137701
888.322395061443 0.028880399128358037
901.5105168299849 0.02817634424167912
914.8944307532112 0.02748988324059618
928.4770435807325 0.026820539378198727
942.2613052160514 0.026167836192578925
956.2502093572296 0.025531314382488835
970.4467941470638 0.02491053139923043
984.8541428329173 0.024305056697452504
999.4753844363522 0.023714468626130105
1014.3136944326851 0.02313834589489142
1029.372295440661 0.02257629945701467
1044.6544579223328 0.022027953525904954
1060.1635008933579 0.021492942563551165
1075.9027926438266 0.0209709232190303
1091.8757514697961 0.020461565248891853
1108.0858464156834 0.01996454030032454
1124.5365980276802 0.019479533230082825
1141.2315791183494 0.019006239083919886
1158.174415542595 0.018544367126214135
1175.3687869851065 0.018093622581529904
1192.818427759538 0.01765373333309405
1210.527127619534 0.017224430722054804
1228.4987325817929 0.016805443273891135
1246.7371457613517 0.016396520304036082
1265.2463282192925 0.015997420854298165
1284.0302998229856 0.015607910560348444
1303.093140119153 0.015227628194218296
1322.438989219869 0.014856391614361766
1342.0720487017202 0.014493958070703208
1361.9965825183115 0.014140104205364386
1382.2169179263249 0.013794627447341787
1402.7374464253194 0.013457326610177142
1423.562624711485 0.01312799295328031
1444.696975645578 0.012806409002040674
1466.1450892351752 0.012492374660834353
1487.9116236315622 0.012185705586623706
1510.0013061413986 0.011886223868571237
1532.4189342534032 0.011593758084929828
1555.1693766802794 0.011308146378926433
1578.257574416138 0.01102922745586574
1601.6885418095546 0.01075683905260545
1625.4673676526254 0.010490823562296482
1649.599216286155 0.010231035280298409
1674.0893287212596 0.009977337617865864
1698.9430237776235 0.009729601586128343
1724.1656992386502 0.009487715168186146
1749.76283302377 0.009251573871771739
1775.7399843781425 0.009021076036886289
1802.1027950800208 0.008796111432223658
1828.856990666078 0.008576564616135514
1856.0083816748436 0.008362335846245062
1883.5628649086843 0.008153324677743302
1911.5264247144737 0.007949431799418137
1939.9051342832893 0.00775055939358159
1968.705156969394 0.007556610054257526
1997.9327476288374 0.007367487025089571
2027.594253977856 0.007183093521562319
2057.696117971513 0.007003330814398394
2088.244877202773 0.006828099614282841
2119.2471663223478 0.006657298881179961
2150.7097184796276 0.006490827920749254
2182.639366785002 0.006328586568991168
2215.0430457938905 0.006170474413630193
2247.927793012804 0.006016394022595188
2281.300750427761 0.005866245528941537
2315.169166055435 0.005719928409859354
2349.54039551724 0.005577343231976494
2384.42190363688 0.00543843064674324
2419.821266061567 0.005303067916017213
2455.7461709073073 0.005171160110394591
2492.204420428666 0.005042609642077842
2529.203932713215 0.004917318202918407
2566.752743401247 0.004795192113545208
2604.859007430961 0.004676145531502325
2643.531000809571 0.00456009906615829
2682.7771224107114 0.0044469718513745135
2722.605895798518 0.004336682242914812
2763.0259710788023 0.004229151950076894
2804.046126777697 0.004124306746480693
2845.6752717481886 0.004022074569223631
2887.9224471050065 0.003922388358841723
2930.796828188124 0.0038251847182359266
2974.3077265555276 0.0037304021839166582
3018.46459200551 0.0036379795687902982
3063.277014629003 0.0035478551895546124
3108.754726892355 0.0034599691887880536
3154.9076057511134 0.003374261033676499
3201.745674795035 0.0032906723115024164
3249.2791064250964 0.003209148198868816
3297.5182240627373 0.003129640445939894
3346.4735043919272 0.003052103735445341
3396.1555796345233 0.0029764879953039975
3446.5752398593922 0.0029027456328604056
3497.7434353258245 0.002830830234946392
3549.671278861742 0.0027606965372024756
3602.370048277185 0.002692300397591994
3655.8511888137245 0.0026255987685048
3710.12631563006 0.0025605496695686085
3765.207216324702 0.0024971121611485183
3821.105853496013 0.0024352463152292232
3877.8343673402637 0.002374913193352731
3935.4050782882596 0.0023160748213027034
3993.830489681181 0.0022586941664152096
4053.1232904860003 0.002202735114178394
4113.296358051355 0.002148162445425504
4174.362760904272 0.0020949418130349886
4236.335761588411 0.002043039721036034
4299.228819544471 0.0019924235011873166
4363.055594033325 0.0019430612952895739
4427.829947102579 0.0018949220350448462
4493.565946597153 0.0018479754224271375
4560.277869214625 0.0018021919105506152
4627.980203605776 0.0017575426837990362
4696.687653521343 0.0017139996406506665
4766.415141005401 0.0016715353743329924
4837.177809636157 0.0016301231576453278
4908.991027814841 0.0015897369260636466
4981.870392103563 0.0015503512612742324
5055.83173061245 0.0015119413751244078
5130.891106437339 0.0014744830926805832
5207.064821148374 0.0014379528381161123
5284.369418330411 0.0014023276187362438
5362.821687175988 0.001367585011960611
5442.438666131666 0.0013337031511503413
5523.237646598449 0.0013006607117947708
5605.236176687186 0.0012684368980479537
5688.452065029692 0.0012370114282872677
5772.903384646534 0.0012063645235232917
5858.60847687208 0.001176476894211399
5945.585955337952 0.0011473297290922908
6033.854710015601 0.001118904683303052
6123.433911318846 0.0010911838667898685
6214.343014267324 0.0010641498330140671
6306.601762711898 0.0010377855666456636
6400.230193622507 0.0010120744740493408
6495.248641439941 0.0009870003723998768
6591.677742492106 0.0009625474801201167
6689.538439475854 0.0009387004069081523
6788.851986005385 0.0009154441440174929
6889.639951228153 0.000892764054620368
6991.924224509292 0.0008706458639440869
7095.727020185614 0.0008490756505754127
7201.070882390117 0.000828039838047359
7307.978689948321 0.0008075251865133288
7416.4736613469595 0.000787518784381497
7526.579359776722 0.0007680080401612954
7638.31969824976 0.0007489806740692442
7751.718944793117 0.0007304247106289672
7866.801727719455 0.0007123284703578573
7983.593040975689 0.0006946805633764599
8102.118249571389 0.0006774698822081588
8222.403095087524 0.0006606855947616763
8344.473701267123 0.0006443171374913863
8468.356579688883 0.0006283542082394513
8594.078635524991 0.0006127867601542365
8721.667173384503 0.0005976049948244688
8851.149903243346 0.0005827993567967107
8982.554946462484 0.0005683605275352893
9115.910841895455 0.0005542794195354929
9251.246552086337 0.0005405471705858542
9388.591469560015 0.000527155137665915
9527.9754232057 0.0005140948919502114
9669.428684755227 0.0005013582131392209
9812.98197535751 0.0004889370847580913
9958.666472250768 0.0004768236890897974
10106.51381553346 0.00046501040223686596
10256.556115036114 0.0004534897893081159
10408.82595729495 0.00044225459921775804
10563.35641262912 0.0004312977605831574
10720.181042322994 0.00042061237704533105
10879.333905915053 0.00041019172323962473
11040.849568595082 0.0004000292405454579
11204.763108711031 0.00039011853294390294
11371.11012538746 0.000380453362980103
11539.926746257137 0.0003710276473317692
11711.249635307098 0.00036183545344256683
11885.116000841606 0.0003528709956605577
12061.563603563063 0.000344128631786372
12240.630764772895 0.00033560285950795965
12422.356374694557 0.0003272883129257618
12606.779900919386 0.0003191797590069242
12793.941396978547 0.00031127209439734977
12983.881511041853 0.00030356034184940976
13176.641494745878 0.0002960396475314595
13372.263212153031 0.00028870527795922074
13570.78914884373 0.00028155261700507693
13772.262421143483 0.0002745771629831877
13976.726785487028 0.00026777452562552523
14184.226647921452 0.0002611404234613251
14394.80707375033 0.0002546706808664322
14608.513797321311 0.00024836122575454657
14825.393231958551 0.00024220808700310228
15045.492480043022 0.00023620739194448096
15268.859343242199 0.00023035536392077702
15495.542332892051 0.000224648319705481
15725.5906805324 0.00021908266735020938
15959.054348599444 0.00021365490374806014
16195.984041276593 0.00020836161265335194
16436.43121550659 0.00020319946252226673
16680.448092166997 0.00019816520440828526
16928.0876674117 0.0001932556699109097
17179.403724180665 0.00018846776897786578
17434.450843880713 0.00018379848813657762
17693.28441823959 0.0001792448884825323
17955.9606613361 0.0001748041039816054
18222.536621808675 0.0001704733396586766
18493.07019524576 0.00016624986983221015
18767.620136759117 0.00016213103639351527
19046.2460737448 0.0001581142469338226
19329.008518832943 0.00015419697329249944
19615.96888303039 0.0001503767498967792
19907.189489057637 0.00014665117230705548
20202.733584884474 0.00014301789569743907
20502.66535746629 0.00013947463337485354
20807.049946684336 0.0001360191553203563
21115.95345949297 0.00013264928665161007
21429.44298427684 0.00012936290634837653
21747.58660542146 0.00012615794593576887
22070.45341809978 0.000123032388225533
22398.113543278465 0.0001199842660414706
22730.638142946944 0.00011701166097718372
23068.09943557274 0.00011411270211863901
23410.57071178566 0.00011128556491510588
23758.126350295457 0.00010852846991117188
24110.84183404547 0.00010583968177463188
24468.793766606494 0.00010321750819946065
24832.05988881325 0.00010066029883663849
25200.719095648627 9.81664442520691e-05
25574.851453378145 9.573437483726798e-05
25954.538216939065 9.336255988143423e-05
26339.861847587414 9.104950652422523e-05
26730.906030807153 8.879375892175449e-05
27127.75569448518 8.659389732633679e-05
27530.497027356138 8.444853718958692e-05
27939.217497721183 8.235632828823021e-05
28354.005872444406 8.031595379542539e-05
28774.952236231427 7.832612951844479e-05
29202.14801119463 7.638560303397652e-05
29635.685976707748 7.449315297293882e-05
30075.660289556312 7.264758824850374e-05
30522.166504386645 7.08477473037076e-05
30975.301594459193 6.909249737810906e-05
31435.16397270851 6.738073371626585e-05
31901.853513117498 6.571137894177058e-05
32375.471572407936 6.408338234347333e-05
32856.12101205357 6.249571926249615e-05
33343.906220619654 6.0947390444670144e-05
33838.933136434396 5.943742140940102e-05
34341.30927059685 5.796486183450849e-05
34851.14373032645 5.6528784881787335e-05
35368.54724265913 5.512828668327475e-05
35893.63217849516 5.376248575222662e-05
36426.51257700472 5.24305224579717e-05
36967.30417039431 5.113155848271666e-05
37516.12440904228 4.986477629212625e-05
38073.092487006725 4.8629378595725724e-05
38638.32936791294 4.742458786050382e-05
39211.957811223656 4.6249645766056816e-05
39794.102398900795 4.5103812795331485e-05
40384.8895624624 4.398636776709517e-05
40984.44761044126 4.289660738027587e-05
41592.90675625129 4.183384576985494e-05
42210.39914646755 4.079741404667169e-05
42837.0588895262 3.978665989758487e-05
43473.022084850425 3.880094713542356e-05
44118.426852408884 3.7839655347783474e-05
44773.41336271285 3.6902179504838396e-05
45438.12386725866 3.5987929577106336e-05
46112.70272942293 3.509633016289741e-05
46797.2964558146 3.422682009593286e-05
47492.05372809437 3.3378852116794014e-05
48197.12543526531 3.2551892501265235e-05
48912.66470644409 3.174542075909236e-05
49638.82694411673 3.095892930498644e-05
50375.76985789007 3.0191923137976173e-05
51123.65349874327 2.944391952887963e-05
51882.640293788136 2.8714447685825033e-05
52652.89508154534 2.8003048484397154e-05
53434.58514774452 2.7309274160799256e-05
54227.880261655635 2.6632688053589583e-05
55032.95271296005 2.597286432770184e-05
55849.97734916865 2.5329387705466992e-05
56679.131613595695 2.4701853204445147e-05
57520.59558389615 2.4089865852382494e-05
58374.55201117626 2.349304046567926e-05
59241.186359682506 2.2911001396141457e-05
60120.68684708207 2.234338230967209e-05
61013.2444853399 2.1789825954770203e-05
61919.053122204146 2.124998393690282e-05
62838.30948330496 2.0723516497717694e-05
63771.21321488088 2.0210092275498828e-05
64717.96692713807 1.9709388118653533e-05
65678.7762382538 1.9221088879776e-05
66653.84981903314 1.8744887225361388e-05
67643.39943822837 1.828048344161419e-05
68647.64000853155 1.7827585245179498e-05
69666.78963324979 1.738590758874123e-05
70701.0696536733 1.695517248875505e-05
71750.70469714666 1.6535108832049953e-05
72815.92272585498 1.6125452227955877e-05
73896.95508633151 1.5725944841162272e-05
74994.03655970328 1.5336335228820448e-05
76107.40541268069 1.495637818177407e-05
77237.30344930616 1.4585834558783866e-05
78383.97606346777 1.4224471144944061e-05
79547.67229219578 1.3872060491952949e-05
80728.64486974869 1.3528380791244885e-05
81927.15028250273 1.3193215733781663e-05
83143.4488246561 1.2866354373402223e-05
84377.80465476034 1.2547590993633106e-05
85630.48585309084 1.2236724966355964e-05
86901.76447986915 1.1933560635489477e-05
88191.91663434966 1.1637907185096899e-05
89501.22251478354 1.1349578530588672e-05
90829.96647927238 1.1068393201104737e-05
92178.43710752726 1.0794174224881687e-05
93546.927263541 1.0526749017521676e-05
94935.73415919438 1.0265949261530879e-05
96345.1594188048 1.0011610810803446e-05
97775.50914463498 9.763573581746836e-06
99227.09398337097 9.52168146002832e-06
100700.22919359035 9.285782201912747e-06
102195.2347142307 9.055727338103908e-06
103712.4352340746 8.831372080019538e-06
105252.16026226616 8.612575217146872e-06
106814.74419987478 8.399199038649762e-06
108400.5264125211 8.191109243521332e-06
110009.85130408111 7.988174860691277e-06
111643.06839148464 7.790268166265239e-06
113300.53238062398 7.597264602863467e-06
114982.60324339128 7.409042697504773e-06
116689.64629585546 7.225483987395498e-06
118422.03227760436 7.0464729368263445e-06
120180.13743226163 6.87189687491966e-06
121964.34358920238 6.701645924396868e-06
123775.03824647676 6.53561293215499e-06
125612.61465496951 6.3736934016030525e-06
127477.47190380686 6.215785422628406e-06
129370.01500703147 6.061789610590328e-06
131290.65499156443 5.911609037675819e-06
133239.80898647284 5.765149179475841e-06
135217.9003135631 5.622317855231805e-06
137225.3585793189 5.483025169599193e-06
139262.619768204 5.347183455886219e-06
141330.1263373505 5.214707216339344e-06
143428.32731265208 5.085513072012194e-06
145557.6783862867 4.9595197060777125e-06
147718.64201568178 4.836647818002504e-06
149911.68752395353 4.716820073421561e-06
152137.291201835 4.599961055285086e-06
154395.9364111201 4.485997216242162e-06
156688.1136896377 4.374856827737194e-06
159014.32085779027 4.266469938833676e-06
161375.0631266709 4.160768329411894e-06
163770.8532077864 4.057685470879995e-06
166202.2114244091 3.957156484125946e-06
168669.66582458184 3.859118098536529e-06
171173.75229580078 3.7635086120537086e-06
173715.0146814006 3.6702678477936667e-06
176294.0048986676 3.5793371202427077e-06
178911.28305870664 3.490659196628114e-06
181567.41758808633 3.4041782632499933e-06
184262.98535229434 3.3198398902099875e-06
186998.5717810181 3.237590997034831e-06
189774.77099529156 3.157379819169719e-06
192592.1859365307 3.079155871017699e-06
195451.4284974765 3.002869918201542e-06
198353.1196550908 2.9284739456894885e-06
201297.88960542047 2.8559211289560766e-06
204286.37790046516 2.7851658043953082e-06
207319.23358707628 2.7161634404839797e-06
210397.1153479187 2.648870608197469e-06
213520.69164452527 2.5832449547259245e-06
216690.6408624744 2.519245173976449e-06
219907.65145872356 2.456830984079493e-06
223172.42211113006 2.3959631019234856e-06
226485.6618701908 2.3366032183359826e-06
229848.0903130386 2.2787139738938265e-06
233260.4376997168 2.222258933694839e-06
236723.4451317819 2.1672025657550867e-06
240237.8647132564 2.1135102166459113e-06
243804.45971397593 2.061148092194781e-06
247424.00473535247 2.0100832361233917e-06
251097.28587860774 1.960283509227852e-06
254825.10091549967 1.9117175690861813e-06
258608.25946158436 1.8643548485494658e-06
262447.58315204986 1.8181655379934738e-06
266343.9058201617 1.7731205652012698e-06
270298.07367835566 1.7291915788123686e-06
274310.94550202094 1.6863509304027321e-06
278383.39281601086 1.6445716570194344e-06
282516.30008392216 1.6038274641575427e-06
286710.56490018463 1.5640927074271366e-06
290967.09818500635 1.525342377978533e-06
295286.8243822034 1.487552085895382e-06
299670.68165997666 1.4506980460079888e-06
304119.62211466354 1.4147570628612875e-06
308634.611977521 1.3797065160641969e-06
313216.63182456675 1.345524346009827e-06
317866.67678954796 1.3121890382538644e-06
322585.7567800653 1.2796796115521285e-06
327374.8966969072 1.247975604155734e-06
332235.13665664 1.21705706165662e-06
337167.5322175034 1.1869045243782605e-06
342173.15460865817 1.1574990150861996e-06
347253.09096283914 1.128822026517813e-06
352408.4445524606 1.1008555099496355e-06
357640.3350292262 1.0735818626966698e-06
362949.8986673038 1.0469839185196354e-06
368338.2886100947 1.021044936804946e-06
373806.6751206824 9.957485919874444e-07
379356.2458359897 9.710789632412677e-07
384988.206024719 9.470205238219792e-07
390703.7788491055 9.235581317583372e-07
396504.2056305735 9.006770193823531e-07
402390.7461193271 8.783627852026135e-07
408364.67876794597 8.56601384800348e-07
414427.30100904277 8.353791219566134e-07
420579.9295370426 8.146826400042554e-07
426823.90059414564 7.944989127402773e-07
433160.5702605353 7.748152367767559e-07
439591.3147488947 7.556192228943625e-07
446117.5307032968 7.368987890712953e-07
452740.63550252747 7.186421528462887e-07
459462.06756792334 7.008378238754108e-07
466283.2866757603 6.834745966773611e-07
473205.77427429863 6.665415428865535e-07
480231.03380552336 6.500280049701794e-07
487360.59103167296 6.339235890894191e-07
494595.9943665968 6.182181591225209e-07
501938.81521205074 6.029018302584202e-07
509390.64829897555 5.879649627529305e-07
516953.11203384463 5.733981558429706e-07
524627.8488501539 5.591922411444159e-07
532416.5255651278 5.453382774938162e-07
540320.8337417243 5.318275450561782e-07
548342.490056011 5.186515402029159e-07
556483.2366699977 5.05801970137981e-07
564744.8416100012 4.932707476602987e-07
573129.099150637 4.810499860587551e-07
581637.8302044923 4.69131993487041e-07
590272.8827176037 4.5750926873089077e-07
599036.1320707942 4.461744963460813e-07
607929.481486983 4.351205422709497e-07
616954.8624445164 4.243404493185763e-07
626114.235096661 4.1382743278328117e-07
635409.5886973123 4.035748759384681e-07
644842.942033024 3.935763260263761e-07
654416.3438614552 3.8382548975895006e-07
664131.873356322 3.743162298962438e-07
673991.6405589583 3.6504256136655294e-07
683997.78683658 3.559986474850426e-07
694152.4853473513 3.471787962682267e-07
704457.9415123564 3.3857745659463263e-07
714916.3934945756 3.3018921490865695e-07
725530.1126849856 3.2200879150457463e-07
736301.4041958486 3.1403103759076495e-07
747232.6073613536 3.062509320350409e-07
758326.0962456721 2.9866357819258677e-07
769584.2801585752 2.912642008142192e-07
781009.6041786751 2.8404814277305324e-07
792604.5496844655 2.770108623563788e-07
804371.6348932288 2.7014793019717585e-07
816313.4154079489 2.6345502675633786e-07
828432.4847723448 2.569279395924014e-07
840731.4750341398 2.5056256070057397e-07
853213.0573166967 2.4435488391911044e-07
865879.94239914 2.3830100213924914e-07
878734.8813050872 2.3239710508125203e-07
891780.6659001234 2.2663947676132547e-07
905020.1294981419 2.2102449333340294e-07
918456.1474767036 2.1554862079888814e-07
932091.6379014978 2.1020841277450158e-07
945929.5621601029 2.0500050831663046e-07
959972.9256051615 1.9992162954384593e-07
974224.7782070653 1.949685798115003e-07
988688.2152163717 1.9013824162125063e-07
1003366.3778360314 1.854275747719437e-07
1018262.453903605 1.808336144384854e-07
1033379.6785836021 1.7635346929942665e-07
1048721.3350701039 1.719843196491009e-07
1064290.7552998138 1.677234156118547e-07
1080091.3206756967 1.6356807530112263e-07
1096126.4628013587 1.5951568331372951e-07
1112399.6642263294 1.5556368909375825e-07
1128914.4592024093 1.5170960532100698e-07
1145674.4344512615 1.479510063403045e-07
1162683.2299433597 1.442855265395782e-07
1179944.5396885409 1.4071085892962518e-07
1197462.1125382716 1.37224753547189e-07
1215239.7529998524 1.3382501621875375e-07
1233281.322062657 1.3050950717348538e-07
1251590.738036694 1.2727613969138292e-07
1270171.9774035884 1.2412287878568443e-07
1289029.075680202 1.2104773981986325e-07
1308166.1282950782 1.1804878734052409e-07
1327587.2914778963 1.1512413375857802e-07
1347296.7831621296 1.1227193828879349e-07
1367298.8839011078 1.0949040578623596e-07
1387597.937797677 1.067777856122386e-07
1408198.3534476622 1.0413237052908559e-07
1429104.6048973298 1.0155249552103434e-07
1450321.2326150953 9.903653683561926e-08
1471852.8444775983 9.658291089477276e-08
1493704.1167704754 9.419007338557085e-08
1515879.795203952 9.185651828416854e-08
1538384.695943556 8.95807769044991e-08
1561223.7066560623 8.736141697105711e-08
1584401.787571036 8.51970416141096e-08
1607923.972558098 8.308628858258862e-08
1631795.3702201934 8.102782934532628e-08
1656021.1650030902 7.9020368311827e-08
1680606.6183213484 7.706264201351182e-08
1705557.0697010069 7.515341830573035e-08
1730877.9379392345 7.329149558996607e-08
1756574.7222811957 7.147570195773094e-08
1782653.003614384 6.970489454465526e-08
1809118.4456807189 6.797795878885721e-08
1835976.7963065703 6.629380776344711e-08
1863233.8886511088 6.465138148972244e-08
1890895.6424731568 6.304964626778127e-08
1918968.0654168786 6.148759399138127e-08
1947457.254316494 5.996424153607545e-08
1976369.3965204328 5.8478630072989866e-08
2005710.7712351067 5.7029824548351e-08
2035487.7508886468 5.561691309235255e-08
2065706.8025148776 5.423900644303254e-08
2096374.489157846 5.289523738475263e-08
2127497.471297196 5.158476016391436e-08
2159082.5082947104 5.0306749986036696e-08
2191136.4598623216 4.906040244896877e-08
2223666.28755192 4.7844933096303435e-08
2256679.056267273 4.665957692150108e-08
2290181.9357984336 4.550358788459903e-08
2324182.202378834 4.437623844116064e-08
2358687.2402655957 4.3276819044119964e-08
2393704.5433432385 4.2210583001838766e-08
2429241.71675126 4.1177662948616865e-08
2465306.4785357756 4.017829052264381e-08
2501906.6613257877 3.921278869560043e-08
2539050.2140342756 3.8281560609969644e-08
2576745.2035845676 3.738507488029654e-08
2614999.816662327 3.652384759623683e-08
2653822.3614935614 3.569842099423076e-08
2693221.269649018 3.490933972846451e-08
2733205.0978753758 3.415712536855639e-08
2773782.5299536153 3.344224977021967e-08
2814962.378584975 3.276510831632326e-08
2856753.5873049586 3.212599398504329e-08
2899165.232425642 3.152507330302914e-08
2942206.525006939 3.0962364622622036e-08
2985886.812857051 3.043772013655598e-08
3030215.5825626985 2.995081192873267e-08
3075202.461549366 2.9501122542511215e-08
3120857.220172256 2.908794040874174e-08
3167189.7738382267 2.8710360261575708e-08
