"t (day)" "dm/dt (M_sun/yr)"
26.982829173158983 6.2470592628015554e-06
27.29589962654519 8.35948227711588e-06
27.612602505136124 1.1172187793562941e-05
27.9329799544384 1.485326606251911e-05
28.257074608955318 1.9597832091623017e-05
28.58492959786039 2.567469363098003e-05
28.916588550736876 3.333060700986916e-05
29.252095603383786 4.284327526319475e-05
29.591495403689287 5.4472378484455666e-05
29.934833117572325 6.840310523512799e-05
30.282154434993007 8.4921410448719e-05
30.63350557603292 0.00010418149097880256
30.988933297045868 0.00012621431478605023
31.348484896880024 0.00015106983858371824
31.712208223172258 0.00017873890807448825
32.080151678715545 0.0002090625211698805
32.452364227900134 0.00024176629768660077
32.82889540322957 0.0002762426306128455
33.20979531191229 0.0003105992994175908
33.59511464252961 0.00034392745251685217
33.98490467178127 0.00037690673188731425
34.379217271309024 0.00041009823990072235
34.77810491459953 0.0004436634137382687
35.18162068396732 0.00047736452889359887
35.589818277618754 0.0005108036160837696
36.00275201679796 0.0005437178422010527
36.42047685301574 0.0005757371773363372
36.84304837536217 0.00060654122982118
37.270522817904265 0.0006358441649103724
37.7029570671693 0.0006634873379955077
38.14040866971516 0.0006894047966492701
38.58293583978822 0.0007132872128291957
39.0305974670704 0.0007348820334361456
39.4834531245159 0.0007541184011260442
39.9415630762789 0.000771082043967747
40.40498828573334 0.0007858438711834036
40.87379042358556 0.0007984830497179193
41.34803187608136 0.000809052478042701
41.827775753307876 0.0008174911502226817
42.31308589759219 0.0008237686540110454
42.80402689199709 0.0008280465585414871
43.30066406891563 0.0008304791246587835
43.80306351876517 0.0008311370227401831
44.3112920987825 0.0008300520553355508
44.82541744192088 0.0008272746596928565
45.345507965850366 0.0008229311426594401
45.871632882062556 0.0008171874066754101
46.403862205081005 0.0008102418101637291
46.94226676177839 0.0008022780794377954
47.48691820080189 0.0007934067494156428
48.03788900210788 0.0007836893738873598
48.595252486607365 0.0007732323179708509
49.15908282592305 0.0007621991576106396
49.729455052259915 0.0007506476282731445
50.30644506839013 0.0007385711414562312
50.89012965775395 0.000726071928255842
51.48058649467765 0.0007132554968954966
52.07789415471014 0.0007001680650611816
52.68213212507955 0.0006869034092016558
53.29338081527091 0.000673625988013222
53.91172156772683 0.0006603697343991079
54.537236668672136 0.0006470851029895369
55.1700093590643 0.0006337486636307683
55.81012384567066 0.0006204137847293645
56.45766531227436 0.000607155004159677
57.1127199310103 0.0005939620249562293
57.7753748738325 0.0005808478974667118
58.44571832411463 0.000567851995529891
59.12383948838505 0.0005549583142756024
59.80982860819813 0.0005421539740416918
60.50377697214309 0.0005295208288618105
61.20577692799239 0.0005170931884036749
61.91592189499095 0.0005049051269812081
62.63430637628812 0.0004929415845571929
63.361025971513556 0.0004811095525122519
64.09617738949937 0.00046936438499610916
64.83985846114973 0.0004577351328345945
65.59216815245973 0.00044633328210319566
66.35320657768544 0.00043522776024651776
67.12307501266659 0.0004244079400012613
67.90187590830416 0.0004138216078725754
68.68971290419388 0.00040340237661362546
69.4866908424182 0.00039312174702952723
70.29291578149846 0.0003830185023445701
71.10849501050842 0.00037315470826407776
71.93353706335199 0.00036356574898837544
72.76815173320652 0.00035424285361406593
73.61245008713352 0.00034515569223706664
74.46654448085904 0.0003362798552298
75.3305485737255 0.00032760378147397536
76.20457734381709 0.0003191212317104936
77.08874710326046 0.00031082005133367853
77.98317551370305 0.00030268863399354225
78.88798160197106 0.0002947302380837874
79.80328577590919 0.00028697089553706605
80.72920984040373 0.00027943872250711985
81.66587701359201 0.0002721344957316304
82.61341194325982 0.00026502247915930404
83.57194072342887 0.0002580653958323616
84.54159091113696 0.00025124532681504924
85.5224915434127 0.0002445555922113687
86.51477315444733 0.00023799848193913726
87.51856779296547 0.00023159694986267678
88.53400903979771 0.00022537426545129165
89.56123202565718 0.0002193354245841513
90.60037344912182 0.0002134675254556628
91.65157159482597 0.00020775717578676168
92.71496635186253 0.0002021991119513606
93.79069923239895 0.0001967858138883216
94.87891339050901 0.00019150532891714712
95.97975364122316 0.0001863484280324877
97.0933664797999 0.00018131199989222105
98.21990010122094 0.0001764034659563689
99.35950441991208 0.00017163706624619555
100.51233108969335 0.00016702763207128313
101.67853352396058 0.000162576596427366
102.8582669161008 0.0001582744001992709
104.05168826014489 0.00015410231335224786
105.25895637165961 0.00015003801925122598
106.48023190888217 0.00014607413622746903
107.71567739409997 0.00014221690308822746
108.96545723527834 0.00013847201096989882
110.22973774793927 0.0001348403352852138
111.50868717729409 0.00013131457084929022
112.80247572063271 0.0001278819177722576
114.11127554997276 0.00012453158321376918
115.43526083497191 0.00012125822626637823
116.77460776610504 0.00011806406894620243
118.1294945781113 0.00011495657988517562
119.50010157371284 0.00011194041604914617
120.88661114760865 0.00010901386358981584
122.28920781074697 0.00010616778696986033
123.70807821487907 0.0001033928139939035
125.14341117739859 0.00010068027983439294
126.59539770646789 9.802643907704905e-05
128.06423102643703 9.54333069759856e-05
129.5501066035572 9.290319780560069e-05
131.05322217199256 9.044079635777247e-05
132.57377776013388 8.804950062857845e-05
134.11197571721743 8.573042825752629e-05
135.66802074025284 8.348124612306095e-05
137.2421199012634 8.129490242829177e-05
138.83448267484215 7.916402643865436e-05
140.44532096602805 7.708258996565777e-05
142.07484913850539 7.505079047321779e-05
143.72328404313038 7.307185643020551e-05
145.39084504678868 7.114939864923612e-05
147.07775406158837 6.928332924823891e-05
148.78423557439024 6.747614566098135e-05
150.51051667668213 6.572687330611591e-05
152.25682709479923 6.403211592923885e-05
154.02339922049504 6.238872835773042e-05
155.81046814186715 6.079349509548535e-05
157.6182716746418 5.924431373335107e-05
159.4470503938212 5.773523302585951e-05
161.29704766569893 5.6263868090628474e-05
163.16850968024517 5.483149494981081e-05
165.06168548386924 5.343457861605749e-05
166.97682701256153 5.207478062016595e-05
168.91418912542008 5.075427097664465e-05
170.87402963856624 4.947203220592862e-05
172.85660935945367 4.822872880518474e-05
174.86219212157553 4.702292698827855e-05
176.89104481957446 4.585160291174438e-05
178.9434374447597 4.4713176550696795e-05
181.01964312103638 4.360467528209644e-05
183.11993814125194 4.2524169711102195e-05
185.24460200396354 4.147149550927032e-05
187.39391745063352 4.044527352972437e-05
189.56817050325435 3.944541299064466e-05
191.7676505024119 3.847115180445775e-05
193.99265014578953 3.752133709692652e-05
196.2434655271191 3.6596917153296004e-05
198.5203961755839 3.5696019151888915e-05
200.82374509567873 3.481908616630785e-05
203.15381880753236 3.396655103629287e-05
205.51092738769864 3.313735268289944e-05
207.89538451041903 3.233186905492448e-05
210.307507489366 3.154941156229559e-05
212.7476173198694 3.07897030395164e-05
215.21603872163337 3.0052510083699687e-05
217.71310018194862 2.9337531773619287e-05
220.23913399940616 2.8644580076085865e-05
222.79447632811824 2.7973284639343333e-05
225.37946722245226 2.7323147164744105e-05
227.99445068228397 2.6692989912687023e-05
230.63977469877537 2.608245716908687e-05
233.315791300684 2.549110753780693e-05
236.02285660120955 2.4918387163405e-05
238.76133084538353 2.4363271588179585e-05
241.53157845801024 2.3825459835264717e-05
244.33396809216154 2.3304208036196948e-05
247.16887267823645 2.279905074511762e-05
250.03666947358911 2.230960052544561e-05
252.9377401127325 2.183536825309912e-05
255.87247065812497 2.1375827017262914e-05
258.8412516515453 2.0929717050963584e-05
261.8444781660656 2.049580622124215e-05
264.88254985862443 2.0073071301913415e-05
267.95587102321247 1.9660145946185243e-05
271.0648506446742 1.925601717028179e-05
274.2099024531335 1.8859625263441792e-05
277.3914449790517 1.847021786243301e-05
280.6099016089233 1.808757040346591e-05
283.865700641619 1.771141921315023e-05
287.1592753453817 1.734158498792259e-05
290.49106401548386 1.6978155863879534e-05
293.8615100325544 1.6620832931580987e-05
297.2710619215818 1.6269638349687603e-05
300.7201734116018 1.592428203958279e-05
304.20930349607795 1.5584517329954474e-05
307.7389164939822 1.5250375024594893e-05
311.3094821115857 1.4921281068685443e-05
314.9214755049638 1.459726646961538e-05
318.57537734322864 1.4278537472563176e-05
322.2716738724947 1.396482340537736e-05
326.0108569805862 1.3656545470688787e-05
329.79342426249514 1.3353899238194027e-05
333.6198790866007 1.3057030980491588e-05
337.4907306616531 1.276623290092694e-05
341.40649410453887 1.2481516315936985e-05
345.3676905088294 1.2202922366090764e-05
349.3748470141266 1.1930613283518007e-05
353.42849687621197 1.1664480564388658e-05
357.5291795380104 1.1404488476665746e-05
361.6774407013768 1.1150819664118724e-05
365.87383239971575 1.0903143971204576e-05
370.11891307144424 1.0661126361397095e-05
374.41324763430583 1.0424539978920685e-05
378.75740756054796 1.0193299199111705e-05
383.1519709529709 9.96732118740732e-06
387.59752262185924 9.746519551817004e-06
392.0946541628058 9.53087164595898e-06
396.6439640354401 9.32025286195257e-06
401.2460576430668 9.11450564624842e-06
405.9015474132315 8.913531861471293e-06
410.6110528792199 8.71723300285206e-06
415.3752007625027 8.525508051289744e-06
420.19462505613643 8.33819921595954e-06
425.0699671091348 8.155171154718376e-06
430.0018757118136 7.97628415334067e-06
434.99100718213145 7.801485324130119e-06
440.03802545302875 7.630698395058497e-06
445.1436021607815 7.463845598772932e-06
450.3084167343798 7.300788543148311e-06
455.53315648594355 7.14143647142928e-06
460.8185167021869 6.9857324147655805e-06
466.1652007369442 6.833551105615392e-06
471.57392010476957 6.684787908038252e-06
477.04539457562197 6.539346697741407e-06
482.58035227064966 6.397118241560379e-06
488.17952975908497 6.258010748480188e-06
493.8436721562645 6.121951206106953e-06
499.57353322278556 5.988909753173337e-06
505.36987546481305 5.858815587977088e-06
511.23347023555283 5.731567122007583e-06
517.1650978378971 5.6071064116443885e-06
523.1655476282657 5.485365503815145e-06
529.2356181216501 5.36626783909352e-06
535.376117097876 5.249755995954938e-06
541.5878617091012 5.135773852246257e-06
547.8716785885557 5.024266492962324e-06
554.228403960549 4.915180158099876e-06
560.6588837517506 4.808462303912234e-06
567.1639737037624 4.704061510759313e-06
573.7445394869972 4.60192744926885e-06
580.4014568158788 4.502010924281842e-06
587.1356115653783 4.404263783945866e-06
593.9478998889026 4.308638918843865e-06
600.8392283375508 4.215090264850919e-06
607.8105139807543 4.123572726631313e-06
614.8626845283167 4.034042211325102e-06
621.9966784538693 3.9464555854137506e-06
629.2134451197597 3.860770622984399e-06
636.5139449033886 3.77694604740055e-06
643.8991493250122 3.6949414707644373e-06
651.3700411770313 3.614717359315736e-06
658.9276146547725 3.536235069045147e-06
666.5728754887946 3.4594567829432807e-06
674.3068410787266 3.38434548798496e-06
682.1305406286587 3.310865004761296e-06
690.0450152841039 3.2389799235759607e-06
698.0513182705522 3.168655591659607e-06
706.1505150336252 3.099858136942364e-06
714.3436833808641 3.0325544038961366e-06
722.6319136251591 2.9667119497484946e-06
731.0163087298436 2.9022990625563574e-06
739.4979844554721 2.839284697550004e-06
748.0780695083012 2.7776384812318863e-06
756.7577056904927 2.717330723944988e-06
765.5380480520603 2.6583323573504217e-06
774.4202650445785 2.600614945404754e-06
783.405538676676 2.5441506916446942e-06
792.4950646713313 2.488912378322473e-06
801.6900526249958 2.4348733833552358e-06
810.9917261685614 2.3820076825710416e-06
820.4013231301949 2.3302897909312267e-06
829.9200957000671 2.2796947846367508e-06
839.549310596984 2.2301982985966545e-06
849.2902492369592 2.181776470082351e-06
859.1442079037395 2.1344059652567384e-06
869.112497921308 2.088063972136174e-06
879.1964458283898 2.0427281469455435e-06
889.3973935549847 1.9983766444082383e-06
899.7166986009415 1.9549881064767637e-06
910.1557342166112 1.912541611589938e-06
920.715889585593 1.871016708126763e-06
931.3985700096006 1.830393399181752e-06
942.2051970954747 1.7906520948670087e-06
953.1372089443636 1.7517736483925172e-06
964.1960603431008 1.7137393371617184e-06
975.3832229578012 1.6765308182112351e-06
986.7001855297044 1.6401301685752801e-06
998.1484540732907 1.604519854000309e-06
1009.729552076695 1.5696827017575952e-06
1021.4450207044458 1.5356019372079425e-06
1033.296419002558 1.502261132622117e-06
1045.2853241060031 1.4696442155942257e-06
1057.413331448588 1.4377354822393753e-06
1069.682054975272 1.4065195466039664e-06
1082.0931273569377 1.3759813641888705e-06
1094.6482002076648 1.3461062307149475e-06
1107.3489443045185 1.3168797408020288e-06
1120.1970498098885 1.288287809858577e-06
1133.1942264964139 1.2603166695947239e-06
1146.3422039745046 1.2329528327895737e-06
1159.642731922517 1.2061831134680967e-06
1173.097580319591 1.1799946197754324e-06
1186.708539681193 1.154374724217365e-06
1200.4774212973894 1.129311082073466e-06
1214.4060574738858 1.1047916221681543e-06
1228.496301775862 1.080804522022659e-06
1242.7500292746388 1.057338224477538e-06
1257.1691367972019 1.0343814268265887e-06
1271.7555431786263 1.0119230603679647e-06
1286.511189517425 9.899523052306595e-07
1301.4380394338637 9.684585782757732e-07
1316.5380793312706 9.474315165807822e-07
1331.813318660379 9.268609904832403e-07
1347.2657901867346 9.067370905997965e-07
1362.8975502612143 8.870501148205463e-07
1378.710679093667 8.677905795992947e-07
1394.7072810297468 8.489492063926877e-07
1410.889484830947 8.305169117807299e-07
1427.2594439578884 8.124848170460995e-07
1443.8193368568914 7.948442342924646e-07
1460.5713672498791 7.775866593426358e-07
1477.517764427633 7.607037796594251e-07
1494.660783546461 7.441874603629993e-07
1512.002705928305 7.280297395897994e-07
1529.545839364328 7.122228348147737e-07
1547.2925184220273 6.96759128952495e-07
1565.2451047559073 6.816311678884695e-07
1583.4059874217596 6.668316652682189e-07
1601.7775831945883 6.52353488835623e-07
1620.3623368902247 6.3818965987464e-07
1639.1627216906734 6.243333565350344e-07
1658.1812394732322 6.107779005342939e-07
1677.4204211434326 5.975167587293593e-07
1696.8828269718417 5.845435434642479e-07
1716.571046934771 5.718520013690227e-07
1736.487701058946 5.594360174879947e-07
1756.6354397701587 5.472896096502961e-07
1777.0169442459824 5.354069224873093e-07
1797.6349267725689 5.23782232407895e-07
1818.4921311055898 5.124099372986484e-07
1839.5913328353606 5.012845549458339e-07
1860.9353397562138 4.904007270963137e-07
1882.5269922401362 4.797532082350993e-07
1904.369163614762 4.693368657324359e-07
1926.4647605457415 4.591466830254787e-07
1948.8167234235466 4.491777485038618e-07
1971.428026754768 4.39425256859282e-07
1994.3016795579495 4.2988451141503337e-07
2017.4407257640146 4.2055091322057915e-07
2040.848244621341 4.114199634472502e-07
2064.527351105535 4.0248726489691305e-07
2088.4811963339585 3.9374851138854634e-07
2112.7129679850664 3.8519949105861186e-07
2137.225890722611 3.7683608708350816e-07
2162.023226624765 3.6865426742547463e-07
2187.1082756182277 3.606500889100665e-07
2212.4843759173614 3.5281969719982377e-07
2238.1549044684357 3.4515931695335084e-07
2264.1232773990073 3.376652565652577e-07
2290.3929504725293 3.3033390743082415e-07
2316.9674195482294 3.231617345604657e-07
2343.8502210463216 3.1614528187953446e-07
2371.0449324186293 3.0928117082540124e-07
2398.5551726246404 3.025660914495148e-07
2426.3846026131164 2.9599680818521595e-07
2454.536925809271 2.895701578197067e-07
2483.0158886076088 2.8328304110467914e-07
2511.8252808704783 2.7713242894417605e-07
2540.9689364324126 2.711153596182839e-07
2570.4507336103193 2.6522893129710145e-07
2600.2745957195893 2.594703081560209e-07
2630.4444915962 2.538367169810068e-07
2660.9644361248656 2.4832544092988127e-07
2691.838490773326 2.429338250445868e-07
2723.0707641328254 2.3765927262537743e-07
2754.6654124648776 2.3249924003544575e-07
2786.6266402543474 2.2745124163523296e-07
2818.958700768978 2.2251284600519517e-07
2851.6658966253945 2.176816717310256e-07
2884.7525803616786 2.1295539182567976e-07
2918.2231550165875 2.0833172915192239e-07
2952.082074715489 2.0380845457506134e-07
2986.333845263102 1.9938338967299482e-07
3020.983024743107 1.950544013898878e-07
3056.0342241247185 1.908194034064716e-07
3091.492107876291 1.8667635612652993e-07
3127.361394586058 1.826232619827098e-07
3163.646857590046 1.7865816800034846e-07
3200.353325607299 1.7477916441103123e-07
3237.4856833824656 1.709843809777973e-07
3275.0488723358367 1.6727198931298614e-07
3313.047891220932 1.6364020121363213e-07
3351.487796789712 1.6008726566723475e-07
3390.3737044655104 1.566114709196415e-07
3429.7107890237726 1.5321114259856088e-07
3469.5042852806932 1.4988464132717938e-07
3509.7594887898426 1.4663036454107968e-07
3550.4817565468875 1.4344674445714238e-07
3591.6765077024593 1.4033224622874906e-07
3633.3492242833263 1.3728536951329105e-07
3675.505451921914 1.3430464633573291e-07
3718.150800594295 1.313886397251343e-07
3761.290945366745 1.2853594503653038e-07
3804.93162715095 1.2574518775140765e-07
3849.078653467991 1.2301502254088696e-07
3893.737899221179 1.2034413434768867e-07
3938.9153074778656 1.1773123615961466e-07
3984.6168902603167 1.1517506844993722e-07
4030.848729345784 1.126744000267856e-07
4077.616977075819 1.1022802581030163e-07
4124.927857175015 1.0783476660550142e-07
4172.787665579235 1.0549346972771163e-07
4221.202771273443 1.0320300680917134e-07
4270.179617139269 1.0096227386388583e-07
4319.724720812392 9.87701916986585e-08
4369.844675549889 9.662570377050182e-08
4420.546151107633 9.452777650679409e-08
4471.835894627874 9.247539951206448e-08
4523.720731537137 9.046758349362449e-08
4576.207566454497 8.850336080376327e-08
4629.3033841104325 8.658178545285527e-08
4683.015250276322 8.470193111716235e-08
4737.350312704725 8.286289187294525e-08
4792.3158020805795 8.10637820267583e-08
4847.919032983427 7.930373421637745e-08
4904.16740486081 7.758190039031025e-08
4961.068403012958 7.589745115188442e-08
5018.6295995888995 7.42495743935082e-08
5076.85865459413 7.263747637402832e-08
5135.76331690999 7.106038020903863e-08
5195.351425324829 6.951752561567398e-08
5255.630909577173 6.800816962695306e-08
5316.6097914109805 6.65315846492819e-08
5378.296185643144 6.508705892398388e-08
5440.698301243369 6.367389687881672e-08
5503.8244424266 6.229141723482021e-08
5567.683009758102 6.093895362782269e-08
5632.282501271378 5.961585483377849e-08
5697.631513599044 5.832148294094962e-08
5763.738743116859 5.705521408836474e-08
5830.612987100963 5.581643857073831e-08
5898.263144898612 5.46045590843298e-08
5966.698219112454 5.3418991564591575e-08
6035.927316798564 5.225916517674099e-08
6105.9596506783655 5.112452064169819e-08
6176.80454036463 5.001451115941042e-08
6248.471413601686 4.892860227461334e-08
6320.9698075200295 4.7866270326762924e-08
6394.30936990548 4.682700341809984e-08
6468.4998604830635 4.5810301116958996e-08
6543.551152215826 4.4815673146103225e-08
6619.473232618643 4.3842640269059376e-08
6696.276205087343 4.289073391309556e-08
6773.970290243224 4.1959495058090275e-08
6852.565827293161 4.1048475041982765e-08
6932.073275405517 4.0157235121737685e-08
7012.503215101998 3.928534554234449e-08
7093.866349665666 3.8432386262036094e-08
7176.173506565293 3.7597946466939716e-08
7259.435638896224 3.6781623801622254e-08
7343.663826837977 3.5983025015371024e-08
7428.869279128764 3.520176544407684e-08
7515.063334557068 3.443746838537663e-08
7602.257463470585 3.368976566778972e-08
7690.46326930265 3.2958297111440355e-08
7779.692490116365 3.224271003232883e-08
7869.95700016666 3.1542659736510454e-08
7961.268811480465 3.085780896954089e-08
8053.640075455223 3.018782753576805e-08
8147.083084475945 2.9532392720071528e-08
8241.610273551032 2.8891188734394206e-08
8337.234221967066 2.8263906452716304e-08
8433.967654962844 2.7650243731470298e-08
8531.82344542274 2.7049904844248932e-08
8630.814615589825 2.646260044208115e-08
8730.954338798792 2.5888047621493648e-08
8832.255941229017 2.532596941767231e-08
8934.732903677945 2.4776095010311617e-08
9038.398863355056 2.4238159499842685e-08
9143.267615696666 2.3711903540992892e-08
9249.353116201744 2.3197073611808003e-08
9356.669482289057 2.269342167462311e-08
9465.23099517589 2.2200704918393987e-08
9575.052101778478 2.1718685991393113e-08
9686.147416634574 2.1247132644765834e-08
9798.531723848288 2.0785817548952957e-08
9912.219979057487 2.0334518490360163e-08
10027.227311424027 1.989301800436839e-08
10143.569025647135 1.9461103257331443e-08
10261.260603999937 1.9038566207821608e-08
10380.317708390032 1.8625203234935118e-08
10500.7561824434 1.8220815078130827e-08
10622.59205361312 1.782520696390434e-08
10745.841535312004 1.7438188234330997e-08
10870.521029070316 1.705957233773002e-08
10996.647126718399 1.6689176921841717e-08
11124.236612594641 1.6326823466758446e-08
11253.306465779082 1.5972337320078498e-08
11383.873862352899 1.5625547757844744e-08
11515.95617768414 1.5286287625331385e-08
11649.570988739968 1.4954393410975498e-08
11784.736076425717 1.4629705276489513e-08
11921.469427951093 1.4312066708368157e-08
12059.789239223952 1.4001324625455042e-08
12199.713917271463 1.3697329379751447e-08
12341.262082690018 1.3399934420970545e-08
12484.452572122775 1.3108996433102862e-08
12629.30444076677 1.2824375307512989e-08
12775.836964908296 1.2545933822384276e-08
12924.069644488522 1.2273537804095634e-08
13074.022205698044 1.200705607423751e-08
13225.714603602395 1.1746360145352892e-08
13379.167024797147 1.1491324403350025e-08
13534.39989009467 1.1241826030076687e-08
13691.433857241345 1.0997744716394458e-08
13850.289823666752 1.0758962862220951e-08
14010.988929264584 1.0525365476308377e-08
14173.552559205857 1.0296839907363614e-08
14338.002346784759 1.007327607202676e-08
14504.360176297523 9.854566277991118e-09
14672.648185954693 9.640605059530524e-09
14842.888770827185 9.431289386459743e-09
15015.10458582654 9.226518367042225e-09
15189.318548719732 9.026193284113602e-09
15365.553843178977 8.830217693296962e-09
15543.833921866893 8.638497096449617e-09
15724.182509557631 8.450939090014012e-09
15906.623606293726 8.267453369340007e-09
16091.181490580402 8.087951458456542e-09
16277.880722615939 7.912346849783792e-09
16466.746147560563 7.740554986939333e-09
16657.802898842212 7.572493032973285e-09
16851.07640150172 7.408079999806911e-09
17046.592375575732 7.247236713582278e-09
17244.376839519973 7.089885617510538e-09
17444.456113671127 6.935950890673561e-09
17646.856823749942 6.785358399320871e-09
17851.605904404118 6.6380355308185e-09
18058.73060279279 6.493911301599342e-09
18268.25848221248 6.352916297379249e-09
18480.217425765066 6.214982534997736e-09
18694.635640068376 6.080043559442855e-09
18911.541659009792 5.948034375568628e-09
19130.964347543428 5.818891334909342e-09
19352.932905531357 5.69255222182311e-09
19577.476871629417 5.568956178952734e-09
19804.626127218038 5.448043616362104e-09
20034.410900378934 5.329756286945918e-09
20266.861769917305 5.2140372075736945e-09
20502.009669431725 5.100830588140535e-09
20739.885891430014 4.990081896475387e-09
20980.522091494175 4.881737776833656e-09
21223.950292492314 4.775745996676554e-09
21470.202888840802 4.672055501373603e-09
21719.31265081448 4.570616331464267e-09
21971.31272890831 4.471379585174464e-09
22226.236658248185 4.374297463260127e-09
22484.118363054316 4.279323186233734e-09
22744.99216115525 4.1864109708073186e-09
23008.892768554935 4.095516065258833e-09
23275.85530405257 4.0065946676239115e-09
23545.91529391606 3.919603914418174e-09
23819.108676609685 3.834501906938315e-09
24095.47180757667 3.751247631247247e-09
24375.041464077203 3.6698009604489742e-09
24657.8548500826 3.5901226630935098e-09
24943.949601226253 3.512174334042301e-09
25233.363789811985 3.435918414853e-09
25526.1359298808 3.361318165781374e-09
25822.3049823356 3.2883376247047064e-09
26121.910360126745 3.21694163701525e-09
26424.99193349609 3.147095797974168e-09
26731.590035283632 3.0787664366499863e-09
27041.745466293953 3.011920642531503e-09
27355.49950072671 2.946526200886706e-09
27672.893891668355 2.8825515878021666e-09
27993.970876649328 2.819965991510935e-09
28318.773183263987 2.7587392479172805e-09
28647.344034857444 2.698841843402617e-09
28979.72715627694 2.6402449310136886e-09
29315.966779690825 2.5829202668190726e-09
29656.107650474773 2.5268402194965693e-09
30000.19503316628 2.4719777815544932e-09
30348.274717488293 2.4183065070718456e-09
30700.39302444272 2.365800527175301e-09
31056.59681247463 2.314434556489222e-09
31416.933483707973 2.2641838327117535e-09
31781.450990253685 2.215024137176157e-09
32150.19784059086 2.166931796744379e-09
32523.223106022415 2.1198836255848997e-09
32900.576427204534 2.073856950094461e-09
33282.308020753684 2.0288296064655483e-09
33668.46868592811 1.9847798849583374e-09
34059.109811389106 1.941686558532995e-09
34454.28338203851 1.8995288763342303e-09
34854.04198593775 1.8582865106840583e-09
35258.43882130489 1.8179395888435617e-09
35667.52770359519 1.7784686826641931e-09
36081.36307266151 1.7398547584714466e-09
36499.99999999999 1.7020792114341769e-09
