3.150397934230821662e+01 4.855829952067993761e-05
3.187958440177752806e+01 6.718532329569402300e-05
3.225966553443102924e+01 9.303261382282335297e-05
3.264427608148621829e+01 1.285868702220502140e-04
3.303347001982616860e+01 1.770117563786514740e-04
3.342730196957446509e+01 2.422349137671470434e-04
3.382582720176120006e+01 3.289702410361082172e-04
3.422910164607923633e+01 4.427618382418473109e-04
3.463718189873397790e+01 5.897082070294504264e-04
3.505012523038595162e+01 7.763008943539664863e-04
3.546798959418804742e+01 1.008824298252598145e-03
3.589083363391918624e+01 1.293379411999667772e-03
3.631871669221430921e+01 1.636296402987985621e-03
3.675169881889233636e+01 2.041868462151805175e-03
3.718984077938426225e+01 2.512772266549140321e-03
3.763320406326035084e+01 3.049783025709129625e-03
3.808185089286035918e+01 3.650219313726388304e-03
3.853584423202559606e+01 4.309471670866760196e-03
3.899524779493517457e+01 5.012522637280303339e-03
3.946012605504833459e+01 5.720270900150231652e-03
3.993054425415203212e+01 6.421728508896301646e-03
4.040656841151776746e+01 7.126330143188142063e-03
4.088826533316650114e+01 7.842431951665618239e-03
4.137570262124411613e+01 8.569987365990183736e-03
4.186894868350931631e+01 9.301380705004358429e-03
4.236807274293379066e+01 1.002342989000160056e-02
4.287314484741690990e+01 1.072485140190254649e-02
4.338423587961676731e+01 1.139724214398774027e-02
4.390141756689782682e+01 1.203630901554741950e-02
4.442476249139688349e+01 1.263899417909103429e-02
4.495434410021005078e+01 1.320091955024960129e-02
4.549023671569975136e+01 1.371745204557028863e-02
4.603251554592581840e+01 1.418664078993370214e-02
4.658125669520003242e+01 1.460897026209284633e-02
4.713653717476655913e+01 1.498348221826240056e-02
4.769843491361034893e+01 1.530906628530337432e-02
4.826702876939315701e+01 1.558542178670974110e-02
4.884239853952120569e+01 1.581284987307629564e-02
4.942462497234376428e+01 1.599102340963709512e-02
5.001378977848527541e+01 1.612078933230576272e-02
5.060997564231328738e+01 1.620512633563109262e-02
5.121326623354225660e+01 1.624798723526521549e-02
5.182379778278036753e+01 1.625086047402202194e-02
5.238342798043144199e+01 1.621724528427526124e-02
5.294978287864049804e+01 1.615242509953895844e-02
5.352294328362164322e+01 1.605909513890713125e-02
5.410299097258311463e+01 1.593981046460346551e-02
5.469000870539491643e+01 1.579696076935632743e-02
5.528408023639687485e+01 1.563295089039962171e-02
5.588529032634864535e+01 1.545023309060566952e-02
5.649372475452285869e+01 1.525095799262010665e-02
5.710947033094425507e+01 1.503672692444801839e-02
5.773261490877528956e+01 1.480869706119469775e-02
5.836324739685105811e+01 1.456832882897118875e-02
5.900145777236433986e+01 1.431783221249338656e-02
5.964733709370344883e+01 1.406000147710073644e-02
6.030097751344437995e+01 1.379619664429393433e-02
6.096247229149867053e+01 1.352743511071530236e-02
6.163191580841968431e+01 1.325488418940823365e-02
6.230940357886857583e+01 1.298005454052264529e-02
6.299503226524206667e+01 1.270429012275087199e-02
6.368889969146405150e+01 1.242843541893817738e-02
6.439110485694286012e+01 1.215306498208529318e-02
6.510174795069630704e+01 1.187870786270550649e-02
6.582093036564634758e+01 1.160608945800367664e-02
6.654875471308574220e+01 1.133580921200522118e-02
6.728532483731815717e+01 1.106871833877248745e-02
6.803074583047475699e+01 1.080485411682224894e-02
6.878512404750816245e+01 1.054439939343904120e-02
6.954856712136717078e+01 1.028774579442409687e-02
7.032118397835351686e+01 1.003511617215407936e-02
7.110308485366311970e+01 9.786578384877619996e-03
7.189438130711442909e+01 9.542216504146772138e-03
7.269518623906516552e+01 9.302240285942176001e-03
7.350561390652123350e+01 9.066729940284457001e-03
7.432577993943782246e+01 8.835536187666859220e-03
7.515580135721803856e+01 8.608557069507472015e-03
7.599579658540854155e+01 8.386165659634126079e-03
7.684588547259639313e+01 8.168948857829816390e-03
7.770618930750859477e+01 7.956905045502726814e-03
7.857683083631745546e+01 7.749610245589955149e-03
7.945793428015367965e+01 7.546903566076401670e-03
8.034962535282987517e+01 7.348832102128416421e-03
8.125203127877725251e+01 7.155526807633622033e-03
8.216528081119761850e+01 6.966707766495272569e-03
8.308950425043357768e+01 6.782075835844919576e-03
8.402483346255955610e+01 6.601764211970700957e-03
8.497140189819606348e+01 6.425976856661186343e-03
8.592934461155020642e+01 6.254675074887694475e-03
8.689879827968492521e+01 6.087567647664854364e-03
8.787990122201958343e+01 5.924393956245749271e-03
8.887279342006529248e+01 5.765123407167865865e-03
8.987761653739700307e+01 5.609882206532745830e-03
9.089451393986581706e+01 5.458720391098070834e-03
9.192363071605402070e+01 5.311513733848388652e-03
9.296511369797609348e+01 5.168100678989817620e-03
9.401911148202827917e+01 5.028356902117531169e-03
9.508577445018995888e+01 4.892204073321582136e-03
9.616525479147992428e+01 4.759619666872022536e-03
9.725770652367027935e+01 4.630633204994932806e-03
9.836328551526123931e+01 4.505094060299197345e-03
9.948214950772029397e+01 4.382922849323428460e-03
1.006144581379883647e+02 4.263989435966258901e-03
1.017603729612561381e+02 4.148134363031047434e-03
1.029200574740148539e+02 4.035274939498026403e-03
1.040936771373832670e+02 3.925368121511396691e-03
1.052813994007155998e+02 3.818411034399768478e-03
1.064833937254919363e+02 3.714362279502794739e-03
1.076998316094979202e+02 3.613118653031932581e-03
1.089308866112928484e+02 3.514588341983010400e-03
1.101767343749726251e+02 3.418707792562300507e-03
1.114375526552305615e+02 3.325458533812192252e-03
1.127135213427186784e+02 3.234810249855599174e-03
1.140048224897143569e+02 3.146693603432768049e-03
1.153116403360949107e+02 3.061017531673065895e-03
1.166341613356248246e+02 2.977663247163642168e-03
1.179725741825582190e+02 2.896550496968547384e-03
1.193270698385614850e+02 2.817649537763602940e-03
1.206978415599591301e+02 2.740921606105145569e-03
1.220850849253074415e+02 2.666295904474091927e-03
1.234889978632987635e+02 2.593691081414162269e-03
1.249097806810018056e+02 2.523028978578159554e-03
1.263476360924409505e+02 2.454318211252998205e-03
1.278027692475189099e+02 2.387458829882629918e-03
1.292753877612871918e+02 2.322398148875498558e-03
1.307657017435680018e+02 2.259084107357145488e-03
1.322739238289322543e+02 2.197471153133137567e-03
1.338002692070379283e+02 2.137516836813110888e-03
1.353449556533327325e+02 2.079188297039402666e-03
1.369082035601256564e+02 2.022430479562561945e-03
1.384902359680321808e+02 1.967203009644549749e-03
1.400912785977974977e+02 1.913466996960516697e-03
1.417115598825010920e+02 1.861180153548323835e-03
1.433513110001497637e+02 1.810309827239703351e-03
1.450107659066612769e+02 1.760822186873206574e-03
1.466901613692445494e+02 1.712678982203098832e-03
1.483897370001812419e+02 1.665847025958261396e-03
1.501097352910129530e+02 1.620293542584659574e-03
1.518504016471396199e+02 1.575990676687955006e-03
1.536119844228329896e+02 1.532921620497833259e-03
1.553947349566714422e+02 1.491066622680441156e-03
1.571989076074005141e+02 1.450400571581578202e-03
1.590247597902240670e+02 1.410883589949778194e-03
1.608725520135316742e+02 1.372475989449416234e-03
1.627425479160675081e+02 1.335152391170206509e-03
1.646350143045455638e+02 1.298891740808973128e-03
1.665502211917170428e+02 1.263670733568672544e-03
1.684884418348952977e+02 1.229474722173426460e-03
1.704499527749434549e+02 1.196279664987025260e-03
1.724350338757307668e+02 1.164056147907342742e-03
1.744439683640621013e+02 1.132761852031358152e-03
1.764770428700894342e+02 1.102363627105879679e-03
1.785345474682069948e+02 1.072824659207674558e-03
1.806167757184380775e+02 1.044125598200763144e-03
1.827240247083198881e+02 1.016236013409582695e-03
1.848565950952912260e+02 9.891457769111815235e-04
1.870147911495895698e+02 9.628167794177959482e-04
1.891989207976636749e+02 9.372464848485424771e-04
1.914092956661077096e+02 9.124022843058771093e-04
1.936462311261236664e+02 8.882396930309684191e-04
1.959100463385175601e+02 8.647422910183465150e-04
1.982010642992366911e+02 8.418857629337861415e-04
2.005196118854538554e+02 8.196475020659302335e-04
2.028660199022054940e+02 7.980100119677341342e-04
2.052406231295904036e+02 7.769545186830338623e-04
2.076437603705347783e+02 7.564654917940547008e-04
2.100757744991325069e+02 7.365364251297155940e-04
2.125370125095654146e+02 7.171468235369904409e-04
2.150278255656115789e+02 6.982895007184609926e-04
2.175485690507482559e+02 6.799448721951581454e-04
2.200996026188577730e+02 6.620967896709580025e-04
2.226812902455417316e+02 6.447320166720754697e-04
2.252940002800523018e+02 6.278334574563726456e-04
2.279381054978475163e+02 6.113868354039007913e-04
2.306139831537778377e+02 5.953778077405665059e-04
2.333220150359120453e+02 5.797955879037856863e-04
2.360625875200101689e+02 5.646297656286790312e-04
2.388360916246510044e+02 5.498754417650013326e-04
2.416429230670193249e+02 5.355226856970391608e-04
2.444834823193697275e+02 5.215654018721690988e-04
2.473581746661624265e+02 5.079946295126602090e-04
2.502674102618890686e+02 4.947993768752104865e-04
2.532116041895926344e+02 4.819716873138719243e-04
2.561911765200905506e+02 4.694993100284854809e-04
2.592065523719093108e+02 4.573722413152552652e-04
2.622581619719393302e+02 4.455819308903756493e-04
2.653464407168191883e+02 4.341162407479979418e-04
2.684718292350565321e+02 4.229695873312726284e-04
2.716347734498959881e+02 4.121370580987323423e-04
2.748357246429429210e+02 4.016141785873408865e-04
2.780751395185505999e+02 3.913946939420927945e-04
2.813534802689821390e+02 3.814737972044068837e-04
2.846712146403550605e+02 3.718494648583710316e-04
2.880288159993779686e+02 3.625175394281129893e-04
2.914267634008896266e+02 3.534712834622182748e-04
2.948655416562093023e+02 3.447042046449723396e-04
2.983456414023084449e+02 3.362119143618010064e-04
3.018675591718142641e+02 3.279878249926072853e-04
3.054317974638526607e+02 3.200252485239581807e-04
3.090388648157448301e+02 3.123135569325207611e-04
3.126892758755636237e+02 3.048474016852775054e-04
3.163835514755621148e+02 2.976180472425635215e-04
3.201222187064855120e+02 2.906123542304479140e-04
3.239058109927746614e+02 2.838257166031645309e-04
3.277348681686739269e+02 2.772535809199188142e-04
3.316099365552534550e+02 2.708866096690128872e-04
3.355315690383573610e+02 2.647172649870117508e-04
3.395003251474877857e+02 2.587347647338223214e-04
3.435167711356372706e+02 2.529277084328835495e-04
3.475814800600809349e+02 2.472882278842852485e-04
3.516950318641384001e+02 2.418049074524777214e-04
3.558580134599191069e+02 2.364698588629386700e-04
3.600710188120615385e+02 2.312732268339766709e-04
3.643346490224782883e+02 2.262072997214498865e-04
3.686495124161207855e+02 2.212651315644667896e-04
3.730162246277731128e+02 2.164370865276720596e-04
3.774354086898890728e+02 2.117158965213332064e-04
3.819076951214856877e+02 2.070958422559481676e-04
3.864337220181039356e+02 2.025707941210814003e-04
3.910141351428505345e+02 1.981337721369677216e-04
3.956495880185344163e+02 1.937801845850357918e-04
4.003407420209093175e+02 1.895070105047630751e-04
4.050882664730384590e+02 1.853120115972804044e-04
4.098928387407887612e+02 1.811918997826214919e-04
4.147551443294810269e+02 1.771451570751958124e-04
4.196758769816921131e+02 1.731721368842288611e-04
4.246557387762380813e+02 1.692706901224921498e-04
4.296954402283451486e+02 1.654402853121196212e-04
4.347957003910243543e+02 1.616806013433435933e-04
4.399572469576638696e+02 1.579903310846763817e-04
4.451808163658554349e+02 1.543702254427226778e-04
4.504671539024667481e+02 1.508195581842305608e-04
4.558170138099780502e+02 1.473393034566710530e-04
4.612311593940950161e+02 1.439279300714138392e-04
4.667103631326562549e+02 1.405856314306776385e-04
4.722554067858475833e+02 1.373123225919359140e-04
4.778670815077429097e+02 1.341090340822299713e-04
4.835461879591834986e+02 1.309748509132086652e-04
4.892935364220147676e+02 1.279106680062429453e-04
4.951099469146955698e+02 1.249155077219540715e-04
5.009962493092958766e+02 1.219901962238138793e-04
5.069532834499015053e+02 1.191340927728769608e-04
5.129818992724414102e+02 1.163459879648187992e-04
5.190829569259541358e+02 1.136257356987619045e-04
5.252573268953120760e+02 1.109713595176899971e-04
5.315058901254202510e+02 1.083789908851028223e-04
5.378295381469072254e+02 1.058475430489530869e-04
5.442291732033270364e+02 1.033756648862169981e-04
5.507057083798890744e+02 1.009621214760484179e-04
5.572600677337351271e+02 9.860634654223782852e-05
5.638931864257825737e+02 9.630671482592197477e-05
5.706060108541464615e+02 9.406180036423744326e-05
5.773994987891765049e+02 9.187060108783139112e-05
5.842746195101052535e+02 8.973212036669352826e-05
5.912323539433425594e+02 8.764491648962204409e-05
5.982736948024335106e+02 8.560711019553425213e-05
6.053996467296950641e+02 8.361817128192455470e-05
6.126112264395572993e+02 8.167682116299126473e-05
6.199094628636252082e+02 7.978143487317860584e-05
6.272953972974843282e+02 7.793092786186690997e-05
6.347700835492702254e+02 7.612436002241889169e-05
6.423345880900243401e+02 7.436079925806954490e-05
6.499899902058544967e+02 7.263853751046135676e-05
6.577373821519258854e+02 7.095666894658676609e-05
6.655778693083004782e+02 6.931435398352327366e-05
6.735125703376512547e+02 6.771044655617323819e-05
6.815426173448697682e+02 6.614392354356742054e-05
6.896691560385922912e+02 6.461384238855131558e-05
6.978933458946662540e+02 6.311943291620650785e-05
7.062163603215841476e+02 6.165986103279078902e-05
7.146393868278993295e+02 6.023423823896972319e-05
7.231636271916584064e+02 5.884160768696087944e-05
7.317902976318702031e+02 5.748111268819261314e-05
7.405206289820290522e+02 5.615197912628541906e-05
7.493558668657311728e+02 5.485348600340342676e-05
7.582972718743944824e+02 5.358492844285121272e-05
7.673461197471190189e+02 5.234561826374735556e-05
7.765037015527046833e+02 5.113488485981713440e-05
7.857713238738595010e+02 4.995207178123657957e-05
7.951503089936187507e+02 4.879653789643663246e-05
8.046419950840057709e+02 4.766765723035514338e-05
8.142477363969589987e+02 4.656481790159044606e-05
8.239689034575541200e+02 4.548742117641219398e-05
8.338068832595466802e+02 4.443488288830791527e-05
8.437630794632651714e+02 4.340663242112313084e-05
8.538389125958830164e+02 4.240211086234467290e-05
8.640358202540954835e+02 4.142077319712104098e-05
8.743552573092314333e+02 4.046208700822810297e-05
8.847986961148334331e+02 3.952553079726681563e-05
8.953676267167286369e+02 3.861059600521437717e-05
9.060635570656244226e+02 3.771678597613435831e-05
9.168880132322600502e+02 3.684361412803038426e-05
9.278425396251425354e+02 3.599060590322241023e-05
9.389286992109011862e+02 3.515729799747312201e-05
9.501480737372841077e+02 3.434323652795503827e-05
9.615022639588427182e+02 3.354797860535298475e-05
9.729928898653209899e+02 3.277109189059269814e-05
9.846215909127913619e+02 3.201215339820623774e-05
9.963900262575722309e+02 3.127074962384099148e-05
1.008299874992948276e+03 3.054647714951803233e-05
1.020352836388742162e+03 2.983894178857238871e-05
1.032550630133760933e+03 2.914775753758743881e-05
1.044894996581160058e+03 2.847254804648014035e-05
1.057387696996748900e+03 2.781294566721337087e-05
1.070030513810286266e+03 2.716859030955193991e-05
1.082825250869799902e+03 2.653913085913842378e-05
1.095773733698933256e+03 2.592422444817681863e-05
1.108877809757437490e+03 2.532353517186813983e-05
1.122139348704742133e+03 2.473673547270848014e-05
1.135560242666720114e+03 2.416350560369091892e-05
1.149142406505650797e+03 2.360353223223763623e-05
1.162887778093429461e+03 2.305650976080136439e-05
1.176798318588056873e+03 2.252213992322266546e-05
1.190876012713454202e+03 2.200013068820824052e-05
1.205122869042637149e+03 2.149019683565117113e-05
1.219540920284297044e+03 2.099206008766759399e-05
1.234132223572818930e+03 2.050544838332404862e-05
1.248898860761794595e+03 2.003009550876434569e-05
1.263842938721051496e+03 1.956574186449521607e-05
1.278966589637258494e+03 1.911213385898520535e-05
1.294271971318140231e+03 1.866902313604740628e-05
1.309761267500350414e+03 1.823616755232897830e-05
1.325436688161039683e+03 1.781333065010960118e-05
1.341300469833171292e+03 1.740028079650463542e-05
1.357354875924623911e+03 1.699679213805455709e-05
1.373602197041129784e+03 1.660264419906995730e-05
1.390044751313095276e+03 1.621762094984011441e-05
1.406684884726341807e+03 1.584151173072165329e-05
1.423524971456829235e+03 1.547411092429142087e-05
1.440567414209395793e+03 1.511521716435800921e-05
1.457814644560574607e+03 1.476463390605759233e-05
1.475269123305517724e+03 1.442216934646441476e-05
1.492933340809105403e+03 1.408763590725684023e-05
1.510809817361258183e+03 1.376085016461126714e-05
1.528901103536533128e+03 1.344163322011728695e-05
1.547209780558026068e+03 1.312981030659690239e-05
1.565738460665662160e+03 1.282521029204847750e-05
1.584489787488898173e+03 1.252766633598240056e-05
1.603466436423914502e+03 1.223701550262014121e-05
1.622671115015331452e+03 1.195309820703293171e-05
1.642106563342514619e+03 1.167575886063605857e-05
1.661775554410526411e+03 1.140484554343064276e-05
1.681680894545769661e+03 1.114020946712398976e-05
1.701825423796389487e+03 1.088170553886286729e-05
1.722212016337481373e+03 1.062919209135254530e-05
1.742843580881177104e+03 1.038253041966012203e-05
1.763723061091648333e+03 1.014158519171818630e-05
1.784853436005104868e+03 9.906224295747241299e-06
1.806237720454834061e+03 9.676318516256793116e-06
1.827878965501354969e+03 9.451741573115118129e-06
1.849780258867730481e+03 9.232370275361447345e-06
1.871944725380121099e+03 9.018084247964304901e-06
1.894375527413625605e+03 8.808765675915832720e-06
1.917075865343483429e+03 8.604299689966068152e-06
1.940048978001694195e+03 8.404574083565376783e-06
1.963298143139130161e+03 8.209479007127381579e-06
1.986826677893194983e+03 8.018907353016604695e-06
2.010637939261106794e+03 7.832754497133433309e-06
2.034735324578867676e+03 7.650918043613374889e-06
2.059122272005984996e+03 7.473298122400925947e-06
2.083802261016022840e+03 7.299797181245249724e-06
2.108778812893045597e+03 7.130319773607191958e-06
2.134055491234021247e+03 6.964772766070951183e-06
2.159635902457276643e+03 6.803065207244899911e-06
2.185523696317044141e+03 6.645108154867387842e-06
2.211722566424204160e+03 6.490814728998784647e-06
2.238236250773281427e+03 6.340100143109378070e-06
2.265068532275771304e+03 6.192881529574649014e-06
2.292223239299880333e+03 6.049077845106889018e-06
2.319704246216744195e+03 5.908610051653600897e-06
2.347515473953218134e+03 5.771400910272058132e-06
2.375660890551303964e+03 5.637374860792580887e-06
2.404144511734303705e+03 5.506458212918249103e-06
2.432970401479766679e+03 5.378578954198182994e-06
2.462142672599338766e+03 5.253666657655794775e-06
2.491665487325560207e+03 5.131652620262913949e-06
2.521543057905727892e+03 5.012469703329032250e-06
2.551779647202887645e+03 4.896052264964574933e-06
2.582379569304049710e+03 4.782336250877831842e-06
2.613347190135714754e+03 4.671259069207435118e-06
2.644686928086791340e+03 4.562759537937496738e-06
2.676403254639000806e+03 4.456777921470553164e-06
2.708500695004863246e+03 4.353255887531572534e-06
2.740983828773339155e+03 4.252136416939525008e-06
2.773857290563236347e+03 4.153363795126292584e-06
2.807125770684468989e+03 4.056883663035190614e-06
2.840794015807254254e+03 3.962642876475131349e-06
2.874866829639364823e+03 3.870589488680676346e-06
2.909349073611502263e+03 3.780672825010787880e-06
2.944245667570920887e+03 3.692843341963908269e-06
2.979561590483377586e+03 3.607052624095857698e-06
3.015301881143519950e+03 3.523253430986591421e-06
3.051471638893823183e+03 3.441399575797630212e-06
3.088076024352098557e+03 3.361445933873042984e-06
3.125120260147879435e+03 3.283348470217222696e-06
3.162609631667518897e+03 3.207064128709631145e-06
3.200549487808313188e+03 3.132550844685975846e-06
3.238945241741667360e+03 3.059767566153430906e-06
3.277802371685433627e+03 2.988674170191304058e-06
3.317126421685533842e+03 2.919231446561321825e-06
3.356923002406969317e+03 2.851401113077279518e-06
3.397197791934336692e+03 2.785145789834605915e-06
3.437956536581964428e+03 2.720428926530829973e-06
3.479205051713787725e+03 2.657214828740780022e-06
3.520949222573063707e+03 2.595468662958083205e-06
3.563195005122073326e+03 2.535156356870852746e-06
3.605948426891893632e+03 2.476244639706145047e-06
3.649215587842403238e+03 2.418701043058296934e-06
3.693002661232602804e+03 2.362493805826573832e-06
3.737315894501405637e+03 2.307591915394028865e-06
3.782161610159002976e+03 2.253965113589144356e-06
3.827546206688951770e+03 2.201583793185188712e-06
3.873476159461092720e+03 2.150419044920634851e-06
3.919958021655437733e+03 2.100442667828842193e-06
3.966998425197166398e+03 2.051627068488434257e-06
4.014604081702855638e+03 2.003945297803942562e-06
4.062781783438071216e+03 1.957371060638414388e-06
4.111538404286478908e+03 1.911878656858815109e-06
4.160880900730592657e+03 1.867442961665382066e-06
4.210816312844305685e+03 1.824039454583895384e-06
4.261351765297356906e+03 1.781644199801797943e-06
4.312494468371861331e+03 1.740233772682076653e-06
4.364251718991054986e+03 1.699785314382765822e-06
4.416630901760405322e+03 1.660276519495056943e-06
4.469639490021225356e+03 1.621685552894837974e-06
4.523285046916958891e+03 1.583991106908933400e-06
4.577575226472266877e+03 1.547172396619685505e-06
4.632517774685091354e+03 1.511209068684923862e-06
4.688120530631831571e+03 1.476081261378953900e-06
4.744391427585809652e+03 1.441769606884336674e-06
4.801338494149167673e+03 1.408255133237823465e-06
4.858969855398372601e+03 1.375519326601839582e-06
4.917293734043485529e+03 1.343544130165211790e-06
4.976318451601353445e+03 1.312311875905272499e-06
5.036052429582910008e+03 1.281805301528169739e-06
5.096504190694730823e+03 1.252007566905223010e-06
5.157682360055043318e+03 1.222902225594096730e-06
5.219595666424327646e+03 1.194473179625790872e-06
5.282252943450725070e+03 1.166704727810953664e-06
5.345663130930397529e+03 1.139581550978668910e-06
5.409835276083034842e+03 1.113088641624823346e-06
5.474778534842703266e+03 1.087211364102596525e-06
5.540502173164179112e+03 1.061935444336272274e-06
5.607015568344997519e+03 1.037246893860821538e-06
5.674328210363391008e+03 1.013132070635398548e-06
5.742449703232289721e+03 9.895776745318265013e-07
5.811389766369627068e+03 9.665706670089859506e-07
5.881158235984987186e+03 9.440983324723660030e-07
5.951765066483158989e+03 9.221482729960360091e-07
6.023220331884306688e+03 9.007083445870195593e-07
6.095534227261336127e+03 8.797666918481120770e-07
6.168717070194501503e+03 8.593155287481773981e-07
6.242779302243501661e+03 8.393405644564253231e-07
6.317731490437242428e+03 8.198297491229413191e-07
6.393584328781535987e+03 8.007723070480297797e-07
6.470348639784873740e+03 7.821577245448881022e-07
6.548035376002580961e+03 7.639756967938237606e-07
6.626655621599485130e+03 7.462161797504238408e-07
6.706220593931383519e+03 7.288693763552149139e-07
6.786741645145516486e+03 7.119256827364677279e-07
6.868230263800254761e+03 6.953757370451109810e-07
6.950698076504264463e+03 6.792104090518775452e-07
7.034156849575379965e+03 6.634207495306535001e-07
7.118618490719361034e+03 6.479980324975954741e-07
7.204095050728885326e+03 6.329337480117741094e-07
7.290598725202938112e+03 6.182195577151922367e-07
7.378141856286799339e+03 6.038473276059329488e-07
7.466736934433051829e+03 5.898091220864605739e-07
7.556396600183662486e+03 5.760971805770342252e-07
7.647133645973501189e+03 5.627039165200324307e-07
7.738961017955547504e+03 5.496219306157916099e-07
7.831891817848018036e+03 5.368439993916491180e-07
7.925939304803679079e+03 5.243630475071422433e-07
8.021116897301641984e+03 5.121721780874049319e-07
8.117438175061875882e+03 5.002646607479150815e-07
8.214916880982731527e+03 4.886339016905951913e-07
8.313566923101758221e+03 4.772734727658033146e-07
8.413402376580039345e+03 4.661771010110899130e-07
8.514437485710443070e+03 4.553386427318948027e-07
8.616686665949935559e+03 4.447521066008242643e-07
8.720164505976361397e+03 4.344116460090206085e-07
8.824885769769913168e+03 4.243115366252024620e-07
8.930865398719630321e+03 4.144461937627006161e-07
9.038118513755200183e+03 4.048101674346761924e-07
9.146660417504366706e+03 3.953981268224417131e-07
9.256506596476292543e+03 3.862048643454933763e-07
9.367672723271123687e+03 3.772252996321550259e-07
9.480174658816127703e+03 3.684544694919565826e-07
9.594028454628691179e+03 3.598875178518594150e-07
9.709250355106511051e+03 3.515197095466760869e-07
9.825856799845314526e+03 3.433464209237334724e-07
9.943864425984424088e+03 3.353631259464824108e-07
1.006329007058049137e+04 3.275654113693843357e-07
1.018415077300978555e+04 3.199489678797626854e-07
1.030646377739932359e+04 3.125095784223058402e-07
1.043024653508722986e+04 3.052431298167507985e-07
1.055551670711264524e+04 2.981456057252676183e-07
1.068229216673556584e+04 2.912130769616774401e-07
1.081059100198696069e+04 2.844417098759885338e-07
1.094043151824953566e+04 2.778277612067687078e-07
1.107183224086949122e+04 2.713675702169111091e-07
1.120481191779967776e+04 2.650575630338937254e-07
1.133938952227452501e+04 2.588942512168939822e-07
1.147558425551707842e+04 2.528742251834691767e-07
1.161341554947860459e+04 2.469941525772380148e-07
1.175290306961108763e+04 2.412507826698947444e-07
1.189406671767304761e+04 2.356409394250714964e-07
1.203692663456908667e+04 2.301615165201511649e-07
1.218150320322354673e+04 2.248094843428336674e-07
1.232781705148867877e+04 2.195818828379007766e-07
1.247588905508780408e+04 2.144758177514106224e-07
1.262574034059380756e+04 2.094884655661723288e-07
1.277739228844340869e+04 2.046170675217645564e-07
1.293086653598770317e+04 1.998589268451955866e-07
1.308618498057930265e+04 1.952114122881582255e-07
1.324336978269662723e+04 1.906719527531842771e-07
1.340244336910567472e+04 1.862380350624136469e-07
1.356342843605986127e+04 1.819072068615565928e-07
1.372634795253824086e+04 1.776770724749634085e-07
1.389122516352266939e+04 1.735452903466193052e-07
1.405808359331436804e+04 1.695095741008871599e-07
1.422694704889029344e+04 1.655676918899512148e-07
1.439783962329985843e+04 1.617174620601284335e-07
1.457078569910250008e+04 1.579567532267233438e-07
1.474580995184649328e+04 1.542834857914951856e-07
1.492293735358963750e+04 1.506956266768726124e-07
1.510219317646218406e+04 1.471911896562461427e-07
1.528360299627261702e+04 1.437682367594603051e-07
1.546719269615673511e+04 1.404248732332200178e-07
1.565298847027064767e+04 1.371592481101741219e-07
1.584101682752802117e+04 1.339695556993418490e-07
1.603130459538236755e+04 1.308540301176352918e-07
1.622387892365470543e+04 1.278109463489290500e-07
1.641876728840723808e+04 1.248386217573440947e-07
1.661599749586355392e+04 1.219354108903061314e-07
1.681559768637599700e+04 1.190997061586380942e-07
1.701759633844062046e+04 1.163299389683547702e-07
1.722202227276047051e+04 1.136245767868051564e-07
1.742890465635769579e+04 1.109821214530490413e-07
1.763827300673478385e+04 1.084011105246252027e-07
1.785015719608645668e+04 1.058801166525035622e-07
1.806458745556144640e+04 1.034177435670981146e-07
1.828159437957597038e+04 1.010126281421683721e-07
1.850120893017877097e+04 9.866344047239127665e-08
1.872346244146878598e+04 9.636887927035334768e-08
1.894838662406575531e+04 9.412767416941240239e-08
1.917601356963469880e+04 9.193858611033061467e-08
1.940637575546461812e+04 8.980040232604495051e-08
1.963950604910231777e+04 8.771193889022942886e-08
1.987543771304182883e+04 8.567204139235412252e-08
2.011420440947028328e+04 8.367957956588521588e-08
2.035584020507070818e+04 8.173345003841019054e-08
2.060037957588261634e+04 7.983257670104964585e-08
2.084785741222095385e+04 7.797590706499441600e-08
2.109830902365413931e+04 7.616241265106025763e-08
2.135177014404202055e+04 7.439109000698140747e-08
2.160827693663423634e+04 7.266095940614859388e-08
2.186786599922993264e+04 7.097106204340587974e-08
2.213057436939945910e+04 6.932046248154862954e-08
2.239643952976878427e+04 6.770824815888385896e-08
2.266549941336745906e+04 6.613352541995041124e-08
2.293779240904076869e+04 6.459542244808815752e-08
2.321335736692701539e+04 6.309308904117151853e-08
2.349223360400052843e+04 6.162569234346645348e-08
2.377446090968135104e+04 6.019241985618608966e-08
2.406007955151226633e+04 5.879247948061613436e-08
2.434913028090413354e+04 5.742509502491499790e-08
2.464165433895012393e+04 5.608950928374813641e-08
2.493769346230998417e+04 5.478498396079936028e-08
2.523728988916488379e+04 5.351079621966823713e-08
2.554048636524387621e+04 5.226624020011391280e-08
2.584732614992275921e+04 5.105062742333020104e-08
2.615785302239620796e+04 4.986328523204727266e-08
2.647211128792411910e+04 4.870355542095624804e-08
2.679014578415296637e+04 4.757079607088672897e-08
2.711200188751311725e+04 4.646438101739378588e-08
2.743772551969306733e+04 4.538369657385440622e-08
2.776736315419142920e+04 4.432814447962506552e-08
2.810096182294767277e+04 4.329714137358470440e-08
2.843856912305249352e+04 4.229035676941715885e-08
2.878023322353890399e+04 4.130699761114465051e-08
2.912600287225488137e+04 4.034650298314561364e-08
2.947592740281855004e+04 3.940834037743424874e-08
2.983005674165705204e+04 3.849199057366718677e-08
3.018844141512986607e+04 3.759694733225477029e-08
3.055113255673785170e+04 3.672271458580446468e-08
3.091818191441883755e+04 3.586880838489556315e-08
3.128964185793088836e+04 3.503475665217239308e-08
3.166556538632429874e+04 3.422009778572076434e-08
3.204600613550342314e+04 3.342438045098987883e-08
3.243101838587924431e+04 3.264716447168485550e-08
3.282065707011403720e+04 3.188802027427193563e-08
3.321497778095904505e+04 3.114652696787978174e-08
3.361403677918640460e+04 3.042227430846681474e-08
3.401789100161576789e+04 2.971486205083015674e-08
3.442659806923882570e+04 2.902389800322225521e-08
3.484021629543982272e+04 2.834899983590932111e-08
3.525880469431592064e+04 2.768979453849685415e-08
3.568242298909700912e+04 2.704591671922046900e-08
3.611113162066697259e+04 2.641701005997702735e-08
3.654499175618726440e+04 2.580272693194405110e-08
3.698406529782404687e+04 2.520272690973654915e-08
3.742841489158027980e+04 2.461667788948230213e-08
3.787810393623392156e+04 2.404425582519408073e-08
3.833319659238347231e+04 2.348514375513587197e-08
3.879375779160231468e+04 2.293903201714198949e-08
3.925985324570297234e+04 2.240561853911787549e-08
3.973154945611271251e+04 2.188460826452671641e-08
4.020891372336185304e+04 2.137571245171087168e-08
4.069201415668599657e+04 2.087864956428777277e-08
4.118091968374376302e+04 2.039314474909365988e-08
4.167570006045114133e+04 1.991892891095485584e-08
4.217642588093421364e+04 1.945573967246868667e-08
4.268316858760127070e+04 1.900332088441748515e-08
4.319600048133606469e+04 1.856142183684445953e-08
4.371499473181362555e+04 1.812979800877189902e-08
4.424022538793977583e+04 1.770821068178281093e-08
4.477176738841642509e+04 1.729642627317864223e-08
4.530969657243352412e+04 1.689421689200876387e-08
4.585408969048970903e+04 1.650136006099871268e-08
4.640502441534286481e+04 1.611763818249030658e-08
4.696257935309226741e+04 1.574283881761248080e-08
4.752683405439394119e+04 1.537675463154051307e-08
4.809786902581075992e+04 1.501918298449343314e-08
4.867576574129897926e+04 1.466992580416501106e-08
4.926060665383264131e+04 1.432878988116548754e-08
4.985247520716794679e+04 1.399558647430530577e-08
5.045145584774862800e+04 1.367013095573695799e-08
5.105763403675473091e+04 1.335224326854007718e-08
5.167109626229591231e+04 1.304174751639668098e-08
5.229193005175144208e+04 1.273847168344831228e-08
5.292022398425835127e+04 1.244224797069025076e-08
5.355606770334973407e+04 1.215291245218643597e-08
5.419955192974484817e+04 1.187030485605255513e-08
5.485076847429297777e+04 1.159426881703520646e-08
5.550981025107277674e+04 1.132465156770316836e-08
5.617677129064903420e+04 1.106130375570210566e-08
5.685174675348871824e+04 1.080407965000129544e-08
5.753483294353826932e+04 1.055283690897785893e-08
5.822612732196408615e+04 1.030743639817711998e-08
5.892572852105794300e+04 1.006774225036781011e-08
5.963373635830972489e+04 9.833621856724482045e-09
6.035025185064906691e+04 9.604945598772419148e-09
6.107537722885829862e+04 9.381586823801908588e-09
6.180921595215843990e+04 9.163421968646343815e-09
6.255187272297057643e+04 8.950330248408866108e-09
6.330345350185445568e+04 8.742193641843012650e-09
6.406406552262689365e+04 8.538897005413829102e-09
6.483381730766140390e+04 8.340327776581566434e-09
6.561281868337208289e+04 8.146375976028940827e-09
6.640118079588341061e+04 7.956934321992648272e-09
6.719901612688817841e+04 7.771897912076337912e-09
6.800643850969622144e+04 7.591164255486806655e-09
6.882356314547589864e+04 7.414633380861094840e-09
6.965050661969068460e+04 7.242207545703798020e-09
7.048738691873334756e+04 7.073791243168796551e-09
7.133432344675998320e+04 6.909291278193978256e-09
7.219143704272624745e+04 6.748616615073331757e-09
7.305884999762849475e+04 6.591678256320289767e-09
7.393668607195191726e+04 6.438389316914282966e-09
7.482507051332839183e+04 6.288665005106748422e-09
7.572413007440655201e+04 6.142422382741047241e-09
7.663399303093652998e+04 5.999580468119930863e-09
7.755478920007214765e+04 5.860060259423507274e-09
7.848664995889275451e+04 5.723784462975526110e-09
7.942970826314800070e+04 5.590677610740136268e-09
8.038409866622746631e+04 5.460666098330140224e-09
8.134995733835858118e+04 5.333677892260363710e-09
8.232742208603504696e+04 5.209642662207522619e-09
8.331663237167867192e+04 5.088491832872409241e-09
8.431772933353761618e+04 4.970158272986689949e-09
8.533085580582369585e+04 4.854576439776518405e-09
8.635615633909156895e+04 4.741682408091786858e-09
8.739377722086293215e+04 4.631413669333468044e-09
8.844386649649847823e+04 4.523709133261183488e-09
8.950657399032059766e+04 4.418509191093227319e-09
9.058205132699011301e+04 4.315755654270405374e-09
9.167045195313956356e+04 4.215391575083494313e-09
9.277193115926676546e+04 4.117361387803780182e-09
9.388664610189125233e+04 4.021610889198514684e-09
9.501475582597691391e+04 3.928087004247398844e-09
9.615642128762436914e+04 3.836737948245438971e-09
9.731180537703553273e+04 3.747513222102542456e-09
9.848107294175478455e+04 3.660363362938041351e-09
9.966439081018902652e+04 3.575240110822628664e-09
1.008619278154091007e+05 3.492096417942278773e-09
1.020738548192407034e+05 3.410886187714577909e-09
1.033003447366410692e+05 3.331564445619798029e-09
1.045415725603704486e+05 3.254087338255065413e-09
1.057977153859596729e+05 3.178411940737752820e-09
1.070689524369776918e+05 3.104496328795408069e-09
1.083554650906028401e+05 3.032299608815793018e-09
1.096574369035013224e+05 2.961781834651942755e-09
1.109750536380166013e+05 2.892903914662251791e-09
1.123085032886735717e+05 2.825627722741084716e-09
1.136579761090011598e+05 2.759916069869947135e-09
1.150236646386773791e+05 2.695732511587396374e-09
1.164057637310001883e+05 2.633041515422788622e-09
1.178044705806890415e+05 2.571808434445266409e-09
1.192199847520199255e+05 2.511999304586522310e-09
1.206525082072988735e+05 2.453581011869762646e-09
1.221022453356773476e+05 2.396532484293242824e-09
1.235694029823141609e+05 2.340814105061206703e-09
1.250541904778875614e+05 2.286391105154740121e-09
1.265568196684621362e+05 2.233233420880946199e-09
1.280775049457143905e+05 2.181311594830301374e-09
1.296164632775218925e+05 2.130596885486189616e-09
1.311739142389194167e+05 2.081061257306705795e-09
1.327500800434277626e+05 2.032677300522719027e-09
1.343451855747583322e+05 1.985418210835687383e-09
1.359594584188993613e+05 1.939257846693982760e-09
1.375931288965870335e+05 1.894170701028248471e-09
1.392464300961674016e+05 1.850131777652528598e-09
1.409195979068525776e+05 1.807116713638917944e-09
1.426128710523773625e+05 1.765101741394570194e-09
1.443264911250590812e+05 1.724063570437434946e-09
1.460607026202681882e+05 1.683979495778717480e-09
1.478157529713116819e+05 1.644827367336045879e-09
1.495918925847367500e+05 1.606585486040055935e-09
1.513893748760579911e+05 1.569232691841647073e-09
1.532084563059140055e+05 1.532748342071233530e-09
1.550493964166590595e+05 1.497112220181254274e-09
1.569124578693936346e+05 1.462304604228528705e-09
1.587979064814403828e+05 1.428306251179253959e-09
1.607060112642703170e+05 1.395098339557858230e-09
1.626370444618848560e+05 1.362662479581218941e-09
1.645912815896589018e+05 1.330980732749353590e-09
1.665690014736506564e+05 1.300035578832848308e-09
1.685704862903839967e+05 1.269809870468091812e-09
1.705960216071088216e+05 1.240286888752656786e-09
1.726458964225456002e+05 1.211450312479380750e-09
1.747204032081166515e+05 1.183284161458347539e-09
1.768198379496788548e+05 1.155772854640671947e-09
1.789445001897520851e+05 1.128901181590491284e-09
1.810946930702576647e+05 1.102654253779715599e-09
1.832707233757698268e+05 1.077017550641586216e-09
1.854729015772872954e+05 1.051976896890004554e-09
1.877015418765304203e+05 1.027518420967004925e-09
1.899569622507707099e+05 1.003628589754720582e-09
1.922394844981993374e+05 9.802941922762604094e-10
1.945494342838402081e+05 9.575023069467202332e-10
1.968871411860154767e+05 9.352403178951247258e-10
1.992529387433687516e+05 9.134959130755331819e-10
2.016471645024535537e+05 8.922570595470322897e-10
2.040701600658941607e+05 8.715119945595382325e-10
2.065222711411241326e+05 8.512492446224828120e-10
2.090038475897113676e+05 8.314576019802004909e-10
2.115152434772753331e+05 8.121261024221078398e-10
2.140568171240046213e+05 7.932440535392354475e-10
2.166289311557809706e+05 7.748010103603690959e-10
2.192319525559181639e+05 7.567867575093875796e-10
2.218662527175219147e+05 7.391913305270490236e-10
2.245322074964800850e+05 7.220049952881779470e-10
2.272301972650880634e+05 7.052182337420682542e-10
2.299606069663204253e+05 6.888217603833581868e-10
2.327238261687525082e+05 6.728065036990780771e-10
2.355202491221443051e+05 6.571635941294575681e-10
2.383502748136905720e+05 6.418843773688062285e-10
2.412143070249472221e+05 6.269604010000549473e-10
2.441127543894423288e+05 6.123834027426576904e-10
2.470460304509788984e+05 5.981453136839618110e-10
2.500145537226382294e+05 5.842382592278229115e-10
2.530187477464924450e+05 5.706545423808688377e-10
2.560590411540348141e+05 5.573866414297765185e-10
2.591358677273352514e+05 5.444272187072283447e-10
2.622496664609319414e+05 5.317691016878548409e-10
2.654008816244659829e+05 5.194052813382314408e-10
2.685899628260683385e+05 5.073289199618817510e-10
2.718173650765093043e+05 4.955333332889416570e-10
2.750835488541184459e+05 4.840119898655060573e-10
2.783889801704841084e+05 4.727585187548060976e-10
2.817341306369435042e+05 4.617666905699717875e-10
2.851194775318704778e+05 4.510304185999852866e-10
2.885455038687732304e+05 4.405437657515700298e-10
2.920126984652088140e+05 4.303009279769770520e-10
2.955215560125270858e+05 4.202962334583315512e-10
2.990725771464518039e+05 4.105241473196734515e-10
3.026662685185102164e+05 4.009792636935942933e-10
3.063031428683212143e+05 3.916562974328357968e-10
3.099837190967514180e+05 3.825500884292777726e-10
3.137085223399509559e+05 3.736556013022535721e-10
3.174780840442788322e+05 3.649679107991191593e-10
3.212929420421284158e+05 3.564822074468885465e-10
3.251536406286636484e+05 3.481937996198743045e-10
3.290607306394785992e+05 3.400980972538595333e-10
3.330147695291889249e+05 3.321906183304977908e-10
3.370163214509683312e+05 3.244669916654911981e-10
3.410659573370406870e+05 3.169229395618507468e-10
3.451642549801389687e+05 3.095542851266975920e-10
3.493117991159444209e+05 3.023569556339027894e-10
3.535091815065138508e+05 2.953269646696948669e-10
3.577570010247119935e+05 2.884604196487986169e-10
3.620558637396568083e+05 2.817535238798573167e-10
3.664063830031923717e+05 2.752025654484642323e-10
3.708091795373999630e+05 2.688039162422235609e-10
3.752648815231619519e+05 2.625540358681535278e-10
3.797741246897884994e+05 2.564494688546197512e-10
3.843375524057224393e+05 2.504868331532368691e-10
3.889558157703336910e+05 2.446628285823154693e-10
3.936295737068159506e+05 2.389742360488821792e-10
3.983594930562010850e+05 2.334179035673660689e-10
4.031462486725021736e+05 2.279907555469468223e-10
4.079905235189999221e+05 2.226897928139448616e-10
4.128930087656867108e+05 2.175120778879477146e-10
4.178544038878809079e+05 2.124547445145700588e-10
4.228754167660261155e+05 2.075149984309142526e-10
4.279567637866906589e+05 2.026901020626830949e-10
4.330991699447792489e+05 1.979773842715276839e-10
4.383033689469739911e+05 1.933742403664606490e-10
4.435701033164177206e+05 1.888781212751489314e-10
4.489001244986557867e+05 1.844865369616013570e-10
4.542941929688504315e+05 1.801970585017895797e-10
4.597530783402834204e+05 1.760073136453236508e-10
4.652775594741629902e+05 1.719149806138672081e-10
4.708684245907500153e+05 1.679177949292419110e-10
4.765264713818192249e+05 1.640135478298904529e-10
4.822525071244720020e+05 1.602000748619397798e-10
4.880473487963169464e+05 1.564752655874086238e-10
4.939118231920350227e+05 1.528370621782847022e-10
4.998467670413431479e+05 1.492834474825609940e-10
5.058530271283781040e+05 1.458124546982867121e-10
5.119314604125136393e+05 1.424221664697547140e-10
5.180829341506292112e+05 1.391113538508120227e-10
5.243083260208482388e+05 1.358777307559698437e-10
5.306085242477623979e+05 1.327192733088951114e-10
5.369844277291637845e+05 1.296342320740475632e-10
5.434369461642950773e+05 1.266208998899225270e-10
5.499670001836442389e+05 1.236776115398588875e-10
5.565755214802988339e+05 1.208027391945957869e-10
5.632634529428760288e+05 1.179946907437538941e-10
5.700317487900533015e+05 1.152519134726846599e-10
5.768813747067140648e+05 1.125728924456964890e-10
5.838133079817284597e+05 1.099561429901283270e-10
5.908285376473910874e+05 1.074002180340012803e-10
5.979280646205345402e+05 1.049037059015124912e-10
6.051129018453370081e+05 1.024652232282225411e-10
6.123840744378466625e+05 1.000834214063394565e-10
6.197426198322443524e+05 9.775698482306864363e-11
6.271895879288607975e+05 9.548462460786509514e-11
6.347260412439741194e+05 9.326508390879352495e-11
6.423530550614109961e+05 9.109713663791515035e-11
6.500717175859536510e+05 8.897958195481346608e-11
6.578831300986196147e+05 8.691124841273206451e-11
6.657884071137779392e+05 8.489099300152340988e-11
6.737886765381697332e+05 8.291769781955376645e-11
6.818850798318341840e+05 8.099027049514453449e-11
6.900787721709697507e+05 7.910764548270119760e-11
6.983709226127522998e+05 7.726878216668699065e-11
7.067627142621335806e+05 7.547266196392649594e-11
7.152553444406428607e+05 7.371829177196393567e-11
7.238500248572191922e+05 7.200470212870780110e-11
7.325479817810953828e+05 7.033094379882138373e-11
7.413504562167581171e+05 6.869609126106676205e-11
7.502587040810119361e+05 6.709924102502089615e-11
7.592739963821721030e+05 6.553950867971670880e-11
7.683976194014064968e+05 6.401603169039321078e-11
7.776308748762620380e+05 6.252796804748467085e-11
7.869750801863907836e+05 6.107449373060531584e-11
7.964315685415136395e+05 5.965480484277917389e-11
8.060016891716365935e+05 5.826811663824984084e-11
8.156868075195581187e+05 5.691366155871348436e-11
8.254883054356863722e+05 5.559069015954151359e-11
8.354075813751989044e+05 5.429847107705669369e-11
8.454460505975703709e+05 5.303628954508878690e-11
8.556051453684986336e+05 5.180344678778215858e-11
8.658863151642575394e+05 5.059926123853949353e-11
8.762910268785054795e+05 4.942306712284160923e-11
8.868207650315762730e+05 4.827421310594550032e-11
8.974770319822890451e+05 4.715206401499705836e-11
9.082613481423017802e+05 4.605599938197082762e-11
9.191752521930366056e+05 4.498541234206480550e-11
9.302203013052201131e+05 4.393971096064393569e-11
9.413980713610539678e+05 4.291831699154714140e-11
9.527101571790582966e+05 4.192066498339660949e-11
9.641581727416175418e+05 4.094620332738677438e-11
9.757437514252596302e+05 3.999439313377568612e-11
9.874685462337057106e+05 3.906470747150952038e-11
9.993342300337018678e+05 3.815663220484995543e-11
1.011342495793723385e+06 3.726966521893798177e-11
1.023495056825507083e+06 3.640331568005693026e-11
1.035793647028508014e+06 3.555710420252655212e-11
1.048240021137286560e+06 3.473056298898721571e-11
1.060835954971872503e+06 3.392323478985653354e-11
1.073583245691130636e+06 3.313467272424845610e-11
1.086483712049180409e+06 3.236444087602517150e-11
1.099539194654888241e+06 3.161211314062091699e-11
1.112751556234481512e+06 3.087727309786926709e-11
1.126122681897320086e+06 3.015951452897115112e-11
1.139654479404856451e+06 2.945844033140792064e-11
1.153348879442833597e+06 2.877366245426244292e-11
1.167207835896748817e+06 2.810480239921870704e-11
1.181233326130630681e+06 2.745149008455507449e-11
1.195427351269164355e+06 2.681336387993989008e-11
1.209791936483207159e+06 2.619007104204191777e-11
1.224329131278736982e+06 2.558126676554868831e-11
1.239041009789267788e+06 2.498661407441622397e-11
1.253929671071785269e+06 2.440578410678921633e-11
1.268997239406234818e+06 2.383845570761597037e-11
1.284245864598607179e+06 2.328431487471708460e-11
1.299677722287670709e+06 2.274305501247742800e-11
1.315295014255383518e+06 2.221437695826520318e-11
1.331099968741041375e+06 2.169798809094619662e-11
1.347094840759195155e+06 2.119360264918485592e-11
1.363281912421392743e+06 2.070094188695751484e-11
1.379663493261786411e+06 2.021973309501559066e-11
1.396241920566648245e+06 1.974970996594613444e-11
1.413019559707853012e+06 1.929061278531962211e-11
1.429998804480361752e+06 1.884218740024674441e-11
1.447182077443762450e+06 1.840418563081167168e-11
1.464571830267916434e+06 1.797636548001899782e-11
1.482170544082757318e+06 1.755849011185028588e-11
1.499980729832291603e+06 1.715032823605288900e-11
1.518004928632854018e+06 1.675165424841110605e-11
1.536245712135670939e+06 1.636224761806917958e-11
1.554705682893775403e+06 1.598189276891470755e-11
1.573387474733333103e+06 1.561037932191796703e-11
1.592293753129431279e+06 1.524750197655916653e-11
1.611427215586384293e+06 1.489305977730741328e-11
1.630790592022604076e+06 1.454685662281550783e-11
1.650386645160100888e+06 1.420870123905530204e-11
1.670218170918662334e+06 1.387840634288735901e-11
1.690287998814765364e+06 1.355578917904743944e-11
1.710598992365291575e+06 1.324067153604362054e-11
1.731154049496080028e+06 1.293431649595147573e-11
1.751956102955402341e+06 1.263703621925351033e-11
1.773008120732395677e+06 1.234893032779783841e-11
1.794313106480534421e+06 1.207012646655141590e-11
1.815874099946178030e+06 1.180077700585756643e-11
1.837694177402280504e+06 1.154105537072297768e-11
1.859776452087302692e+06 1.129115091506639947e-11
1.882124074649401940e+06 1.105126217718709699e-11
1.904740233595961472e+06 1.082159021062927880e-11
1.927628155748519581e+06 1.060233117275708037e-11
1.950791106703160796e+06 1.039366733588821612e-11
1.974232391296448419e+06 1.019575919132979222e-11
1.997955354076948483e+06 1.000873767094845512e-11
2.021963379782422446e+06 9.832695604253425901e-12
2.046259893822755432e+06 9.667681059205674922e-12
2.070848362768683583e+06 9.513691717134726299e-12
2.095732294846397359e+06 9.370669529491616802e-12
2.120915240438088309e+06 9.238497448142819992e-12
2.146400792588506825e+06 9.116997953730494549e-12
2.172192587517612614e+06 9.005932452276290355e-12
