2.285465694987169272e+01 1.046941029292538763e-04
2.313044191462470778e+01 2.034928254760967072e-04
2.340956506174177321e+01 3.829199746761837407e-04
2.369206679756447897e+01 6.950467512265531313e-04
2.397798801752469089e+01 1.214783441138754527e-03
2.426737011206460437e+01 2.043285743573606053e-03
2.456025497262849910e+01 3.289356269436955610e-03
2.485668499772703299e+01 5.082973513563820989e-03
2.515670309907491387e+01 7.514920195478960729e-03
2.546035270780286552e+01 1.066558168138533047e-02
2.576767778074479764e+01 1.467028110613699532e-02
2.607872280680108901e+01 1.962993858161313221e-02
2.639353281337881540e+01 2.560668278345459847e-02
2.671215337291008396e+01 3.258890593835422900e-02
2.703463060944911689e+01 4.038118074708091365e-02
2.736101120534925712e+01 4.837836806879874940e-02
2.769134240802077329e+01 5.637072657838199108e-02
2.802567203677051566e+01 6.442529065382263109e-02
2.836404848972428994e+01 7.262779933651308806e-02
2.870652075083304311e+01 8.100855081418156800e-02
2.905313839696390588e+01 8.956387993816639082e-02
2.940395160507695849e+01 9.828596094628272439e-02
2.975901115948900966e+01 1.070657526901523937e-01
3.011836845922513461e+01 1.157324192691135956e-01
3.048207552545941468e+01 1.242278593173595791e-01
3.085018500904543259e+01 1.325810538397198535e-01
3.122275019813824315e+01 1.408327648493188367e-01
3.159982502590843723e+01 1.489755042677693986e-01
3.198146407834951788e+01 1.569307293863992925e-01
3.236772260217993846e+01 1.645928571259380746e-01
3.275865651284070168e+01 1.719288744807485614e-01
3.315432240258974872e+01 1.789567370527664902e-01
3.355477754869436069e+01 1.856752956582270464e-01
3.396007992172273759e+01 1.920446825824282389e-01
3.437028819393584911e+01 1.980218267613060856e-01
3.478546174778101374e+01 2.035847383484914452e-01
3.520566068448818697e+01 2.087349189854694753e-01
3.563094583277023020e+01 2.134711076724944423e-01
3.606137875762868816e+01 2.177633795867655042e-01
3.649702176926599861e+01 2.215737199388758683e-01
3.693793793210562626e+01 2.248888921090468340e-01
3.738419107392135032e+01 2.277108619504202291e-01
3.783584579507713386e+01 2.300484926184507284e-01
3.829296747787874011e+01 2.319152527678307596e-01
3.875562229603859521e+01 2.333109423491317447e-01
3.922387722425522583e+01 2.342235669882974936e-01
3.969854561793077607e+01 2.346486467449748758e-01
4.017774928196180895e+01 2.345832566091734517e-01
4.066275336814958763e+01 2.340405548237050048e-01
4.115362808651069315e+01 2.330633705099944830e-01
4.165044449690442718e+01 2.316800345450986676e-01
4.215327451931948843e+01 2.298754753580229959e-01
4.266219094428532799e+01 2.276578452570052757e-01
4.317726744340935596e+01 2.250797739533798580e-01
4.369857858004180429e+01 2.221954003878734429e-01
4.422619982006964534e+01 2.190353963752444955e-01
4.476020754284114389e+01 2.156243177219065998e-01
4.530067905222266944e+01 2.119807004687324081e-01
4.584769258778935352e+01 2.081271337404997368e-01
4.640132733615114802e+01 2.040944608920209902e-01
4.696166344241603241e+01 1.999154872539061767e-01
4.752878202179196876e+01 1.956259466426968352e-01
4.810276517132925278e+01 1.912687031114792546e-01
4.868369598180505875e+01 1.868798519507983702e-01
4.927165854975174142e+01 1.824723770380858312e-01
4.986673798963086313e+01 1.780535696927969536e-01
5.046902044615442406e+01 1.736440884789023364e-01
5.107859310675544862e+01 1.692672961941272813e-01
5.169554421420923518e+01 1.649399008895111596e-01
5.231996307940761426e+01 1.606778361670277988e-01
5.295194009428775672e+01 1.564953559346593526e-01
5.359156674491739381e+01 1.523942512988483156e-01
5.423893562473860186e+01 1.483750144993254416e-01
5.489414044797168657e+01 1.444436130576485233e-01
5.555727606318141198e+01 1.406081099690454916e-01
5.622843846700761361e+01 1.368704508704501333e-01
5.690772481806156691e+01 1.332313578370880602e-01
5.759523345099098890e+01 1.296916859869763350e-01
5.829106389071507266e+01 1.262518623755710667e-01
5.899531686683217657e+01 1.229089935993674665e-01
5.970809432820104234e+01 1.196604202671118777e-01
6.042949945769953501e+01 1.165028070793414638e-01
6.115963668716140944e+01 1.134345362488132780e-01
6.189861171249410177e+01 1.104515215858419275e-01
6.264653150897935063e+01 1.075497094076998117e-01
6.340350434675920610e+01 1.047269779439371495e-01
6.416963980650939448e+01 1.019823930371132059e-01
6.494504879530241226e+01 9.931325937177692964e-02
6.572984356266255190e+01 9.671667847919784844e-02
6.652413771681531784e+01 9.418965927769862301e-02
6.732804624113377656e+01 9.172964163622443490e-02
6.814168551078341807e+01 8.933370391159767276e-02
6.896517330956901048e+01 8.700029936646136441e-02
6.979862884698523828e+01 8.472764469880422755e-02
7.064217277547351159e+01 8.251415856836874507e-02
7.149592720788788824e+01 8.035655490227777697e-02
7.236001573517239649e+01 7.825347670737237138e-02
7.323456344425216002e+01 7.620409307211128969e-02
7.411969693614129540e+01 7.420812205230209457e-02
7.501554434426981288e+01 7.226418193728645356e-02
7.592223535303249093e+01 7.037062328089149776e-02
7.683990121656219685e+01 6.852552477376600004e-02
7.776867477773033954e+01 6.672772317485398119e-02
7.870869048737773710e+01 6.497599237309265030e-02
7.966008442377753340e+01 6.326912364760806096e-02
8.062299431233442704e+01 6.160584599388940763e-02
8.159755954552194623e+01 5.998500221923014353e-02
8.258392120306113782e+01 5.840573243224744804e-02
8.358222207234348389e+01 5.686721473411193717e-02
8.459260666910110160e+01 5.536841181467361261e-02
8.561522125832698293e+01 5.390844321247700854e-02
8.665021387544872766e+01 5.248608375172991725e-02
8.769773434775822807e+01 5.110010450208279931e-02
8.875793431610104278e+01 4.974919977073677391e-02
8.983096725682817407e+01 4.843236556911972857e-02
9.091698850401350285e+01 4.714910935178562301e-02
9.201615527194020672e+01 4.589889589491247257e-02
9.312862667785952908e+01 4.468098933929259831e-02
9.425456376502459932e+01 4.349460136445398861e-02
9.539412952600358153e+01 4.233873278206579105e-02
9.654748892627455348e+01 4.121260666520348837e-02
9.771480892810640739e+01 4.011541552091385521e-02
9.889625851472833062e+01 3.904662470336611735e-02
1.000920087147923567e+02 3.800549682367282411e-02
1.013022326271315023e+02 3.699159807429447389e-02
1.025271054458181652e+02 3.600435202186186290e-02
1.037668044855252418e+02 3.504295250838401765e-02
1.050215092071946117e+02 3.410643590786710533e-02
1.062914012440162423e+02 3.319407992401496310e-02
1.075766644277216812e+02 3.230522534422863856e-02
1.088774848151957428e+02 3.143936777598116405e-02
1.101940507154107109e+02 3.059604550955621893e-02
1.115265527166858703e+02 2.977481706009102447e-02
1.128751837142777674e+02 2.897519868777254093e-02
1.142401389383037866e+02 2.819667265717265559e-02
1.156216159820042151e+02 2.743862193411628070e-02
1.170198148303459362e+02 2.670050702127949038e-02
1.184349378889727689e+02 2.598180049439630102e-02
1.198671900135060611e+02 2.528200122893800583e-02
1.213167785391998308e+02 2.460061724475470779e-02
1.227839133109549437e+02 2.393724110814549055e-02
1.242688067136968755e+02 2.329140737663307203e-02
1.257716737031205554e+02 2.266271551600027023e-02
1.272927318368079597e+02 2.205071837249522604e-02
1.288322013057221511e+02 2.145501057132970235e-02
1.303903049660821694e+02 2.087518100615309846e-02
1.319672683716243000e+02 2.031084217753220678e-02
1.335633198062542988e+02 1.976162589472690856e-02
1.351786903170926450e+02 1.922709180034179455e-02
1.368136137479225169e+02 1.870687102831558590e-02
1.384683267730409568e+02 1.820062365567426399e-02
1.401430689315204177e+02 1.770801587104428587e-02
1.418380826618847550e+02 1.722869609748411968e-02
1.435536133372050074e+02 1.676228164858033221e-02
1.452899093006201667e+02 1.630845990553866920e-02
1.470472219012875144e+02 1.586683270518945976e-02
1.488258055307685765e+02 1.543706612673581557e-02
1.506259176598552756e+02 1.501882647917006375e-02
1.524478188758415342e+02 1.461184355502544163e-02
1.542917729202468706e+02 1.421582902741007348e-02
1.561580467269953942e+02 1.383049587662500690e-02
1.580469104610583315e+02 1.345560128256995114e-02
1.599586375575629802e+02 1.309083025412027812e-02
1.618935047613760219e+02 1.273591008213842413e-02
1.638517921671652857e+02 1.239055958183994666e-02
1.658337832599470119e+02 1.205449928556717731e-02
1.678397649561234459e+02 1.172742768597968832e-02
1.698700276450173874e+02 1.140910635096697989e-02
1.719248652309094894e+02 1.109931007509011580e-02
1.740045751755842502e+02 1.079782317357590171e-02
1.761094585413910920e+02 1.050445777913869283e-02
1.782398200348268631e+02 1.021903709848145936e-02
1.803959680506453651e+02 9.941385842818645235e-03
1.825782147165012645e+02 9.671311933301840469e-03
1.847868759381341874e+02 9.408606066280938984e-03
1.870222714450999888e+02 9.153056369629680722e-03
1.892847248370548527e+02 8.904486081319024082e-03
1.915745636306006361e+02 8.662693941389187913e-03
1.938921193066964292e+02 8.427488446858588667e-03
1.962377273586444062e+02 8.198710433130848574e-03
1.986117273406562731e+02 7.976213099095262604e-03
2.010144629170081316e+02 7.759808705281437402e-03
2.034462819117893275e+02 7.549346091835051897e-03
2.059075363592544647e+02 7.344674056240022009e-03
2.083985825547842694e+02 7.145636598524927885e-03
2.109197811064637165e+02 6.952088989974639088e-03
2.134714969872839276e+02 6.763882961688186257e-03
2.160540995879767365e+02 6.580864064974829841e-03
2.186679627704880602e+02 6.402903771728689353e-03
2.213134649220987171e+02 6.229865214010227303e-03
2.239909890102005079e+02 6.061598646523648493e-03
2.267009226377353457e+02 5.897979916755682894e-03
2.294436580993051678e+02 5.738874416505536369e-03
2.322195924379610972e+02 5.584151256989806911e-03
2.350291275026804101e+02 5.433692079022112154e-03
2.378726700065383284e+02 5.287363106021437942e-03
2.407506315855850971e+02 5.145049162359631445e-03
2.436634288584347132e+02 5.006640362439175596e-03
2.466114834865754517e+02 4.872041919646998009e-03
2.495952222354104890e+02 4.741129721056808188e-03
2.526150770360367233e+02 4.613806866339609236e-03
2.556714850477724212e+02 4.489974087646633749e-03
2.587648887214406841e+02 4.369526292461532735e-03
2.618957358634197021e+02 4.252380131174661460e-03
2.650644797004677571e+02 4.138443881644259664e-03
2.682715789453331467e+02 4.027631253097196246e-03
2.715174978631582690e+02 3.919849704872364893e-03
2.748027063386876421e+02 3.815029157226847156e-03
2.781276799442886158e+02 3.713095989772603744e-03
2.814929000087967097e+02 3.613973086989890476e-03
2.848988536871931956e+02 3.517576601850334883e-03
2.883460340311264645e+02 3.423843025615592311e-03
2.918349400602874653e+02 3.332699639794871327e-03
2.953660768346479699e+02 3.244078425600004090e-03
2.989399555275743978e+02 3.157907457209781915e-03
3.025570934998261237e+02 3.074115069794210869e-03
3.062180143744491261e+02 2.992636478100302311e-03
3.099232481125771983e+02 2.913407330544404150e-03
3.136733310901493041e+02 2.836366282694523927e-03
3.174688061755566650e+02 2.761454288198180590e-03
3.213102228082294687e+02 2.688604506662806148e-03
3.251981370781741134e+02 2.617750852677697831e-03
3.291331118064741759e+02 2.548838381014297688e-03
3.331157166267654475e+02 2.481798063482188593e-03
3.371465280676968632e+02 2.416564676228402653e-03
3.412261296363891461e+02 2.353071919488570335e-03
3.453551119029058327e+02 2.291248219179583406e-03
3.495340725857435586e+02 2.231029475502740306e-03
3.537636166383598493e+02 2.172391264548092712e-03
3.580443563367467732e+02 2.115304744341926779e-03
3.623769113680654073e+02 2.059728481183515161e-03
3.667619089203523117e+02 2.005612585714400958e-03
3.711999837733126810e+02 1.952913359620210912e-03
3.756917783902121073e+02 1.901589675342943431e-03
3.802379430108803717e+02 1.851601069283732859e-03
3.848391357458417019e+02 1.802914232500275188e-03
3.894960226715837734e+02 1.755497182579555601e-03
3.942092779269799507e+02 1.709318022945799376e-03
3.989795838108792054e+02 1.664345544531231971e-03
4.038076308808757062e+02 1.620550932040989642e-03
4.086941180532762132e+02 1.577910981423437387e-03
4.136397527042779529e+02 1.536402143493013558e-03
4.186452507723653298e+02 1.496000647384507914e-03
4.237113368619537823e+02 1.456683540903946916e-03
4.288387443482838535e+02 1.418427033162509079e-03
4.340282154835857114e+02 1.381206195751834287e-03
4.392805015045289565e+02 1.345000269674054630e-03
4.445963627409729497e+02 1.309789489442233709e-03
4.499765687260330651e+02 1.275544988157177595e-03
4.554218983074806602e+02 1.242243259843147513e-03
4.609331397604888707e+02 1.209862918250760935e-03
4.665110909017458880e+02 1.178378726587084660e-03
4.721565592049482234e+02 1.147761088037735702e-03
4.778703619176906727e+02 1.117984345900520718e-03
4.836533261797742398e+02 1.089019400267982052e-03
4.895062891429432739e+02 1.060841273662169182e-03
4.954300980920730808e+02 1.033424092026427078e-03
5.014256105678240374e+02 1.006740006198690758e-03
5.074936944907815359e+02 9.807631531110801854e-04
5.136352282870972203e+02 9.554698769468072950e-04
5.198511010156507837e+02 9.308364977160263690e-04
5.261422124967525633e+02 9.068422717386660087e-04
5.325094734424027365e+02 8.834658458805070766e-04
5.389538055881276932e+02 8.606886300641606452e-04
5.454761418264112081e+02 8.384929641281502893e-04
5.520774263417425800e+02 8.168617619611316660e-04
5.587586147472982248e+02 7.957797288034125158e-04
5.655206742232774104e+02 7.752333954274721883e-04
5.723645836569131689e+02 7.552077413173893458e-04
5.792913337841772545e+02 7.356775293112282135e-04
5.863019273332017747e+02 7.166236985051621308e-04
5.933973791694349984e+02 6.980359758288930128e-04
6.005787164425548781e+02 6.799071708642242390e-04
6.078469787351618834e+02 6.622279668899513916e-04
6.152032182132697926e+02 6.449899857008355164e-04
6.226484997786192253e+02 6.281853568446248842e-04
6.301839012228352885e+02 6.118044384865010954e-04
6.378105133834499156e+02 5.958388606399651205e-04
6.455294403018134517e+02 5.802803033365094149e-04
6.533417993829176567e+02 5.651200687281001528e-04
6.612487215571529759e+02 5.503496829686489733e-04
6.692513514440241806e+02 5.359603326689126382e-04
6.773508475178472281e+02 5.219425343563365884e-04
6.855483822754525818e+02 5.082882634143545339e-04
6.938451424059153396e+02 4.949887554092308531e-04
7.022423289623485516e+02 4.820348893797032387e-04
7.107411575357617721e+02 4.694191014147620043e-04
7.193428584310371434e+02 4.571325031839357754e-04
7.280486768450290356e+02 4.451661597873047931e-04
7.368598730468207805e+02 4.335132080562245464e-04
7.457777225601636246e+02 4.221649211951653338e-04
7.548035163481237078e+02 4.111130673281298935e-04
7.639385609999643520e+02 4.003506437623262706e-04
7.731841789202887867e+02 3.898701329964116870e-04
7.825417085204759360e+02 3.796642194733518619e-04
7.920125044124288252e+02 3.697258812080405667e-04
8.015979376046719835e+02 3.600477320704212683e-04
8.112993957008208099e+02 3.506230597751826272e-04
8.211182831004525724e+02 3.414454945095358671e-04
8.310560212024107614e+02 3.325081910065409013e-04
8.411140486105687160e+02 3.238048308597763977e-04
8.512938213420842430e+02 3.153292835658297148e-04
8.615968130381749006e+02 3.070755938578697501e-04
8.720245151774456644e+02 2.990379554360335021e-04
8.825784372917973997e+02 2.912107039832758336e-04
8.932601071849488790e+02 2.835883371104430586e-04
9.040710711536052031e+02 2.761654953168470907e-04
9.150128942113016137e+02 2.689369499210680220e-04
9.260871603149569182e+02 2.618976146846819283e-04
9.372954725941717697e+02 2.550425425304218754e-04
9.486394535832987458e+02 2.483669069013713562e-04
9.601207454563235615e+02 2.418660064890426793e-04
9.717410102645886809e+02 2.355352743396257106e-04
9.835019301773960478e+02 2.293702554119450739e-04
9.954052077255188351e+02 2.233666058194369499e-04
1.007452566047664504e+03 2.175201059330352567e-04
1.019645749139917939e+03 2.118266442377133348e-04
1.031986522108206145e+03 2.062822096622607664e-04
1.044476671423817152e+03 2.008829023116011879e-04
1.057118005182013576e+03 1.956249270487360990e-04
1.069912353363774628e+03 1.905045812876809443e-04
1.082861568100708837e+03 1.855182600913867635e-04
1.095967523943170136e+03 1.806624603620302343e-04
1.109232118131621064e+03 1.759337642709857697e-04
1.122657270871281071e+03 1.713288406145175528e-04
1.136244925610099472e+03 1.668444534671691733e-04
1.149997049320090127e+03 1.624774487241989213e-04
1.163915632782076273e+03 1.582247493317329428e-04
1.178002690873877100e+03 1.540833650441737713e-04
1.192260262861986348e+03 1.500503844483350255e-04
1.206690412696779049e+03 1.461229671863846329e-04
1.221295229311293724e+03 1.422983491532884334e-04
1.236076826923627323e+03 1.385738429620014334e-04
1.251037345342996787e+03 1.349468267011944174e-04
1.266178950279497712e+03 1.314147457530685098e-04
1.281503833657620135e+03 1.279751185698092516e-04
1.297014213933549854e+03 1.246255254216691250e-04
1.312712336416322842e+03 1.213636059116273867e-04
1.328600473592852950e+03 1.181870672098178556e-04
1.344680925456907062e+03 1.150936758523045996e-04
1.360956019842051774e+03 1.120812528738226706e-04
1.377428112758636644e+03 1.091476788920419522e-04
1.394099588734853569e+03 1.062908922921721030e-04
1.410972861161925948e+03 1.035088817228967204e-04
1.428050372643473793e+03 1.007996881004850605e-04
1.445334595349110259e+03 9.816140839117866012e-05
1.462828031372318037e+03 9.559218596392820514e-05
1.480533213092654023e+03 9.309021068078574251e-05
1.498452703542343897e+03 9.065372423026376008e-05
1.516589096777307986e+03 8.828101323026286366e-05
1.534945018252684122e+03 8.597040608456863256e-05
1.553523125202890697e+03 8.372027776918256493e-05
1.572326107026294949e+03 8.152904673501478209e-05
1.591356685674531491e+03 7.939516998016748215e-05
1.610617616046538842e+03 7.731714535838009588e-05
1.630111686387363989e+03 7.529351300894628974e-05
1.649841718691792039e+03 7.332284862685754757e-05
1.669810569112861685e+03 7.140376405251108640e-05
1.690021128375331500e+03 6.953491088667527976e-05
1.710476322194140494e+03 6.771497472343328316e-05
1.731179111697943199e+03 6.594267318973153890e-05
1.752132493857766121e+03 6.421676031063614214e-05
1.773339501920857174e+03 6.253602281441834930e-05
1.794803205849778806e+03 6.089927698054581340e-05
1.816526712766823948e+03 5.930537104789277130e-05
1.838513167403809803e+03 5.775318509572771337e-05
1.860765752557311316e+03 5.624162646681614549e-05
1.883287689549411198e+03 5.476963062250460486e-05
1.906082238694019679e+03 5.333616351237369059e-05
1.929152699768848379e+03 5.194021670325760015e-05
1.952502412493089651e+03 5.058080657324129543e-05
1.976134757010878047e+03 4.925697770629137908e-05
2.000053154380609385e+03 4.796779934853934212e-05
2.024261067070173340e+03 4.671236339661674923e-05
2.048761999458193714e+03 4.548978674500867014e-05
2.073559498341321614e+03 4.429921025296784491e-05
2.098657153447679775e+03 4.313979567787187830e-05
2.124058597956516223e+03 4.201072724579877791e-05
2.149767509024151423e+03 4.091121388360508329e-05
2.175787608316282785e+03 3.984047917376782829e-05
2.202122662546750234e+03 3.879776881140706225e-05
2.228776484022803288e+03 3.778235011807237710e-05
2.255752931196981081e+03 3.679350906697298148e-05
2.283055909225667165e+03 3.583054900327704438e-05
2.310689370534409136e+03 3.489279281787885639e-05
2.338657315390069925e+03 3.397958142716464157e-05
2.366963792479929907e+03 3.309027176740946289e-05
2.395612899497763010e+03 3.222423792671253373e-05
2.424608783737035537e+03 3.138087153145276099e-05
2.453955642691280445e+03 3.055957898865648784e-05
2.483657724661722568e+03 2.975978185138384441e-05
2.513719329372272568e+03 2.898091824681718956e-05
2.544144808591971923e+03 2.822244039221282483e-05
2.574938566764944881e+03 2.748381385682684185e-05
2.606105061648014726e+03 2.676451947010289570e-05
2.637648804955997093e+03 2.606405160890851213e-05
2.669574363014832215e+03 2.538191694262685507e-05
2.701886357422617493e+03 2.471763555757949295e-05
2.734589465718631345e+03 2.407074073781660293e-05
2.767688422060459743e+03 2.344077710075202596e-05
2.801188017909332302e+03 2.282730105646497152e-05
2.835093102723730226e+03 2.222988171539638032e-05
2.869408584661409805e+03 2.164809877305799040e-05
2.904139431289910590e+03 2.108154235379679827e-05
2.939290670305676031e+03 2.052981433455731215e-05
2.974867390261857054e+03 1.999252681297333898e-05
3.010874741304960935e+03 1.946930133538544950e-05
3.047317935920377749e+03 1.895976992820182032e-05
3.084202249686956293e+03 1.846357454251504760e-05
3.121533022040698597e+03 1.798036582824648062e-05
3.159315657047719469e+03 1.750980363601577737e-05
3.197555624186534260e+03 1.705155746894379272e-05
3.236258459139840397e+03 1.660530484862958336e-05
3.275429764595863617e+03 1.617073145576534456e-05
3.315075211059415324e+03 1.574753197590249417e-05
3.355200537672771588e+03 1.533540881952585465e-05
3.395811553046471545e+03 1.493407166026809523e-05
3.436914136100185260e+03 1.454323835303518453e-05
3.478514236913756577e+03 1.416263421081615176e-05
3.520617877588547799e+03 1.379199123322056241e-05
3.563231153119207647e+03 1.343104860998023170e-05
3.606360232275995713e+03 1.307955279343686768e-05
3.650011358497772562e+03 1.273725639221507289e-05
3.694190850795833285e+03 1.240391836501348092e-05
3.738905104668639069e+03 1.207930456900824213e-05
3.784160593027641426e+03 1.176318670057247137e-05
3.829963867134323209e+03 1.145534203839440444e-05
3.876321557548567398e+03 1.115555424478748654e-05
3.923240375088488236e+03 1.086361258590803273e-05
3.970727111801940737e+03 1.057931146737902338e-05
4.018788641949705834e+03 1.030245091030771950e-05
4.067431923000650841e+03 1.003283639797889279e-05
4.116663996638888420e+03 9.770278145670087020e-06
4.166491989783146892e+03 9.514591304256790041e-06
4.216923115618484189e+03 9.265596308394623770e-06
4.267964674640464182e+03 9.023117977248167466e-06
4.319624055712000882e+03 8.786985511794607919e-06
4.371908737132975148e+03 8.557033003522955550e-06
4.424826287722818051e+03 8.333098782133646469e-06
4.478384367916170049e+03 8.115025127088668685e-06
4.532590730871829692e+03 7.902658701372662056e-06
4.587453223595115560e+03 7.695850275866181417e-06
4.642979788073798773e+03 7.494454258265287197e-06
4.699178462427816157e+03 7.298328906694364260e-06
4.756057382072867767e+03 7.107336475564788843e-06
4.813624780898117024e+03 6.921342568120677162e-06
4.871888992458155371e+03 6.740216201919082493e-06
4.930858451179340591e+03 6.563830140416122946e-06
4.990541693580871652e+03 6.392060355336501244e-06
5.050947359510426395e+03 6.224785851924688631e-06
5.112084193394970498e+03 6.061889055730295859e-06
5.173961045506573100e+03 5.903255481593414826e-06
5.236586873243616537e+03 5.748773438968402092e-06
5.299970742427445657e+03 5.598334244296668591e-06
5.364121828614801416e+03 5.451832222004552209e-06
5.429049418426046032e+03 5.309164269977357235e-06
5.494762910889530758e+03 5.170229939024566853e-06
5.561271818802216330e+03 5.034931650219410436e-06
5.628585770106750715e+03 4.903174249187876982e-06
5.696714509285235181e+03 4.774864922198002670e-06
5.765667898769856038e+03 4.649913511172691101e-06
5.835455920370561216e+03 4.528232186509081815e-06
5.906088676720091826e+03 4.409735264593819560e-06
5.977576392736408707e+03 4.294339409058163878e-06
6.049929417102893240e+03 4.181963547754641931e-06
6.123158223766429728e+03 4.072528585789289237e-06
6.197273413453654030e+03 3.965957488823809599e-06
6.272285715205501219e+03 3.862175422633899177e-06
6.348205987930378797e+03 3.761109374304230299e-06
6.425045221976119137e+03 3.662688165255265923e-06
6.502814540720956757e+03 3.566842652295765714e-06
6.581525202183772308e+03 3.473505455746833036e-06
6.661188600653819776e+03 3.382610842056792464e-06
6.741816268340166971e+03 3.294094910146408694e-06
6.823419877041163090e+03 3.207895463843137845e-06
6.906011239834018852e+03 3.123951825100120268e-06
6.989602312784913920e+03 3.042204925059664407e-06
7.074205196679758956e+03 2.962597352630233960e-06
7.159832138775960630e+03 2.885073095663345425e-06
7.246495534575316015e+03 2.809577567040780194e-06
7.334207929618428352e+03 2.736057740216264834e-06
7.422982021300815177e+03 2.664461923820290117e-06
7.512830660711004384e+03 2.594739688665105397e-06
7.603766854490892911e+03 2.526842036608539506e-06
7.695803766718569932e+03 2.460721252839599826e-06
7.788954720814034772e+03 2.396330786847434345e-06
7.883233201467857725e+03 2.333625345402164382e-06
7.978652856593281285e+03 2.272560884265869288e-06
8.075227499301900934e+03 2.213094433133353122e-06
8.172971109903292017e+03 2.155184128486419839e-06
8.271897837928785520e+03 2.098789303829517975e-06
8.372022004179834767e+03 2.043870299122699469e-06
8.473358102801068526e+03 1.990388433146876682e-06
8.575920803378501660e+03 1.938306131681150906e-06
8.679724953063154317e+03 1.887586789342604262e-06
8.784785578720320700e+03 1.838194693321987453e-06
8.891117889104883943e+03 1.790095113524579762e-06
8.998737277062995418e+03 1.743254260482399230e-06
9.107659321760318562e+03 1.697639168216033476e-06
9.217899790937348371e+03 1.653217732529081404e-06
9.329474643191932046e+03 1.609958763231812017e-06
9.442400030289489223e+03 1.567831829844437421e-06
9.556692299501157322e+03 1.526807267043643092e-06
9.672367995970258562e+03 1.486856258845444383e-06
9.789443865107394231e+03 1.447950722615655009e-06
9.907936855014531830e+03 1.410063259803740331e-06
1.002786411893848162e+04 1.373167240025412259e-06
1.014924301775397907e+04 1.337236740921189367e-06
1.027209112247688608e+04 1.302246471311993271e-06
1.039642621680784214e+04 1.268171814241682662e-06
1.052226629970661088e+04 1.234988841414563018e-06
1.064962958799766056e+04 1.202674206955051002e-06
1.077853451900726759e+04 1.171205160260996245e-06
1.090899975323253057e+04 1.140559602173263477e-06
1.104104417704270236e+04 1.110715988161137206e-06
1.117468690541319484e+04 1.081653298150282227e-06
1.130994728469272377e+04 1.053351112505818909e-06
1.144684489540387403e+04 1.025789544211115937e-06
1.158539955507766717e+04 9.989491898896483440e-07
1.172563132112232779e+04 9.728111736860035208e-07
1.186756049372687630e+04 9.473571383490734760e-07
1.201120761879978090e+04 9.225691729413100926e-07
1.215659349094322351e+04 8.984298299215852343e-07
1.230373915646338901e+04 8.749221612879294805e-07
1.245266591641711238e+04 8.520296353798024661e-07
1.260339532969554602e+04 8.297361305194898140e-07
1.275594921614493069e+04 8.080259872172572454e-07
1.291034965972541795e+04 7.868839483385114668e-07
1.306661901170785131e+04 7.662951275527508096e-07
1.322477989390947369e+04 7.462450512095426064e-07
1.338485520196865400e+04 7.267196359828325892e-07
1.354686810865929147e+04 7.077051404616456898e-07
1.371084206724536489e+04 6.891881851799063302e-07
1.387680081487605457e+04 6.711557701191062699e-07
1.404476837602201158e+04 6.535952873806463686e-07
1.421476906595309629e+04 6.364942987863070682e-07
1.438682749425839756e+04 6.198407889477393645e-07
1.456096856840869259e+04 6.036230524645867799e-07
1.473721749736211859e+04 5.878296689846886690e-07
1.491559979521343121e+04 5.724495404875101765e-07
1.509614128488755159e+04 5.574718623560307709e-07
1.527886810187763695e+04 5.428860922707670760e-07
1.546380669802856391e+04 5.286819712304211747e-07
1.565098384536611775e+04 5.148495258585679531e-07
1.584042663997256568e+04 5.013790246335697525e-07
1.603216250590912387e+04 4.882609858608502572e-07
1.622621919918591448e+04 4.754861993838202290e-07
1.642262481177996233e+04 4.630456844183995157e-07
1.662140777570187856e+04 4.509306797479040494e-07
1.682259686711167888e+04 4.391326754248753307e-07
1.702622121048448753e+04 4.276433818539001268e-07
1.723231028282664920e+04 4.164547112035435952e-07
1.744089391794284529e+04 4.055587969579288432e-07
1.765200231075492775e+04 3.949479873973301620e-07
1.786566602167299425e+04 3.846148164803465090e-07
1.808191598101928321e+04 3.745520126270648121e-07
1.830078349350579811e+04 3.647525122951604762e-07
1.852230024276597396e+04 3.552094238860991527e-07
1.874649829594124094e+04 3.459160283625214799e-07
1.897341010832319807e+04 3.368657992031420382e-07
1.920306852805180097e+04 3.280523764054114809e-07
1.943550680087057117e+04 3.194695551474565397e-07
1.967075857493930744e+04 3.111113034004764360e-07
1.990885790570502650e+04 3.029717505425756508e-07
2.014983926083186816e+04 2.950451687694772142e-07
2.039373752519065602e+04 2.873259820823840150e-07
2.064058800590924875e+04 2.798087715710166776e-07
2.089042643748304545e+04 2.724882497747174841e-07
2.114328898694843519e+04 2.653592637916149317e-07
2.139921225911821966e+04 2.584168081963954105e-07
2.165823330188065302e+04 2.516560034334904169e-07
2.192038961156251389e+04 2.450720892740658391e-07
2.218571913835715895e+04 2.386604403232225869e-07
2.245426029181825652e+04 2.324165524772599717e-07
2.272605194641998605e+04 2.263360314601777562e-07
2.300113344718465669e+04 2.204146015663160250e-07
2.327954461537825409e+04 2.146481052413119983e-07
2.356132575427510528e+04 2.090324860225785414e-07
2.384651765499223256e+04 2.035637920340567551e-07
2.413516160239433520e+04 1.982381843263724723e-07
2.442729938107026828e+04 1.930519189995958307e-07
2.472297328138183730e+04 1.880013444879438585e-07
2.502222610558582892e+04 1.830829137639895735e-07
2.532510117403016557e+04 1.782931711508986602e-07
2.563164233142497324e+04 1.736287454113055414e-07
2.594189395318967945e+04 1.690863578657406831e-07
2.625590095187683255e+04 1.646628187084454382e-07
2.657370878367372643e+04 1.603550158632831258e-07
2.689536345498273295e+04 1.561599185306923039e-07
2.722091152908126242e+04 1.520745823137001965e-07
2.755040013286231260e+04 1.480961343733455089e-07
2.788387696365668307e+04 1.442217742140887223e-07
2.822139029613768798e+04 1.404487813955542639e-07
2.856298898930949508e+04 1.367745046710035193e-07
2.890872249358004774e+04 1.331963576484129541e-07
2.925864085791955586e+04 1.297118261540439739e-07
2.961279473710572347e+04 1.263184628777034957e-07
2.997123539905653888e+04 1.230138802598939880e-07
3.033401473225200243e+04 1.197957542123494167e-07
3.070118525324553048e+04 1.166618257003482712e-07
3.107280011426635247e+04 1.136098907017864316e-07
3.144891311091391253e+04 1.106378013997724003e-07
3.182957868994544697e+04 1.077434713168112618e-07
3.221485195715771624e+04 1.049248664002461345e-07
3.260478868536431764e+04 1.021800023450997381e-07
3.299944532246934250e+04 9.950695118797294271e-08
3.339887899963895325e+04 9.690383531179310819e-08
3.380314753957177163e+04 9.436882298239477356e-08
3.421230946486932226e+04 9.190013200842355548e-08
3.462642400650797936e+04 8.949602919067997624e-08
3.504555111241326085e+04 8.715482360911542968e-08
3.546975145613800123e+04 8.487486799015432223e-08
3.589908644564561837e+04 8.265456208215986056e-08
3.633361823219949292e+04 8.049234516001681682e-08
3.677340971936030110e+04 7.838669514127001225e-08
3.721852457209186832e+04 7.633613344394667883e-08
3.766902722597745014e+04 7.433921953767501002e-08
3.812498289654761902e+04 7.239454807994988703e-08
3.858645758872090664e+04 7.050075241140173608e-08
3.905351810635875881e+04 6.865650278595988391e-08
3.952623206193625811e+04 6.686050191838027482e-08
4.000466788632977841e+04 6.511148647513402210e-08
4.048889483872312849e+04 6.340822898278206146e-08
4.097898301663369057e+04 6.174953188456529456e-08
4.147500336605982011e+04 6.013422780190649001e-08
4.197702769175109279e+04 5.856118271561731001e-08
4.248512866760291217e+04 5.702929142931052056e-08
4.299937984717688960e+04 5.553747571914773303e-08
4.351985567434861150e+04 5.408468758001246817e-08
4.404663149408422760e+04 5.266990680968870485e-08
4.457978356334749697e+04 5.129213809460230867e-08
4.511938906213895825e+04 4.995041265553497712e-08
4.566552610466857004e+04 4.864378874665053726e-08
4.621827375066364766e+04 4.737134758683182010e-08
4.677771201681375533e+04 4.613219383018935737e-08
4.734392188835395791e+04 4.492545772799049053e-08
4.791698533078849141e+04 4.375029135258534050e-08
4.849698530175612541e+04 4.260586744428586553e-08
4.908400576303934213e+04 4.149138235453102016e-08
4.967813169271870720e+04 4.040605336341516317e-08
5.027944909747452039e+04 3.934911682402292775e-08
5.088804502503720141e+04 3.831982983818873556e-08
5.150400757678852824e+04 3.731746987772106660e-08
5.212742592051535757e+04 3.634133201752290898e-08
5.275839030331763934e+04 3.539072955799113188e-08
5.339699206467280601e+04 3.446499543885624656e-08
5.404332364965815941e+04 3.356347899417327161e-08
5.469747862233346677e+04 3.268554570195434466e-08
5.535955167928538867e+04 3.183057920716171037e-08
5.602963866333592159e+04 3.099797898763571511e-08
5.670783657741679781e+04 3.018715913236227714e-08
5.739424359861178527e+04 2.939754995866796036e-08
5.808895909236889565e+04 2.862859712427333722e-08
5.879208362688490161e+04 2.787975977343280999e-08
5.950371898766348022e+04 2.715051128420510610e-08
6.022396819225006038e+04 2.644033994249165067e-08
6.095293550514476374e+04 2.574874648408382218e-08
6.169072645289588399e+04 2.507524425241655569e-08
6.243744783937608736e+04 2.441936052754416737e-08
6.319320776124357508e+04 2.378063456432000664e-08
6.395811562359033269e+04 2.315861681752757938e-08
6.473228215577965602e+04 2.255287043491202321e-08
6.551581942747577705e+04 2.196297010911344082e-08
6.630884086486704473e+04 2.138850086137579246e-08
6.711146126708576048e+04 2.082905885777399940e-08
6.792379682282674185e+04 2.028425149564512299e-08
6.874596512716694269e+04 1.975369570801585991e-08
6.957808519858872751e+04 1.923701824841303960e-08
7.042027749620916438e+04 1.873385655871382891e-08
7.127266393721799250e+04 1.824385711256779864e-08
7.213536791452641774e+04 1.776667501813250892e-08
7.300851431462980690e+04 1.730197527323025700e-08
7.389222953568634694e+04 1.684943156026253401e-08
7.478664150581481226e+04 1.640872547958997855e-08
7.569187970161349222e+04 1.597954735614980194e-08
7.660807516690353805e+04 1.556159709086242654e-08
7.753536053169915976e+04 1.515458101540157145e-08
7.847387003140713205e+04 1.475821137395969928e-08
7.942373952625923266e+04 1.437221010034847834e-08
8.038510652097938873e+04 1.399630589115545398e-08
8.135811018468915427e+04 1.363023423218327045e-08
8.234289137105413829e+04 1.327373819108567757e-08
8.333959263867411937e+04 1.292656739215887534e-08
8.434835827172016434e+04 1.258847755275100004e-08
8.536933430082128325e+04 1.225923120431500094e-08
8.640266852420440409e+04 1.193859723391711749e-08
8.744851052908948623e+04 1.162635013316222839e-08
8.850701171334428363e+04 1.132227038145224219e-08
8.957832530740091170e+04 1.102614464187694367e-08
9.066260639643769537e+04 1.073776474406568077e-08
9.176001194282961660e+04 1.045692781629233703e-08
9.287070080887040240e+04 1.018343679625728355e-08
9.399483377976977499e+04 9.917099572973748585e-09
9.513257358692887647e+04 9.657728725034456530e-09
9.628408493149769492e+04 9.405142149333210033e-09
9.744953450821730075e+04 9.159162514338224671e-09
9.862909102955111302e+04 8.919616802458099611e-09
9.982292525010765530e+04 8.686336673947890974e-09
1.010312099913596612e+05 8.459158439100480846e-09
1.022541201666616980e+05 8.237922376961076855e-09
1.034918328065711103e+05 8.022472891623031924e-09
1.047445270844751503e+05 7.812658837599351451e-09
1.060123843425285741e+05 7.608332798554489877e-09
1.072955881179048156e+05 7.409350998168450657e-09
1.085943241693653254e+05 7.215573778707826442e-09
1.099087805041502434e+05 7.026865074629105691e-09
1.112391474051946279e+05 6.843092140082045783e-09
1.125856174586743582e+05 6.664125881484752878e-09
1.139483855818848242e+05 6.489840700039432747e-09
1.153276490514578181e+05 6.320114051299164549e-09
1.167236075319195224e+05 6.154826598838652156e-09
1.181364631045943242e+05 5.993862405131853087e-09
1.195664202968583704e+05 5.837108343107777497e-09
1.210136861117473745e+05 5.684454140133105754e-09
1.224784700579227210e+05 5.535792678169121239e-09
1.239609841800002905e+05 5.391019555045224078e-09
1.254614430892464152e+05 5.250032922484289003e-09
1.269800639946451556e+05 5.112733781982469724e-09
1.285170667343422683e+05 4.979025762075713849e-09
1.300726738074690220e+05 4.848814841294521096e-09
1.316471104063516541e+05 4.722009503776857624e-09
1.332406044491104840e+05 4.598520790725256205e-09
1.348533866126539651e+05 4.478261905902285623e-09
1.364856903660717071e+05 4.361148271546189086e-09
1.381377520044317062e+05 4.247097724912679552e-09
1.398098106829872704e+05 4.136030160875287912e-09
1.415021084517971030e+05 4.027867436286471736e-09
1.432148902907649754e+05 3.922533630473914456e-09
1.449484041451037046e+05 3.819954798157785341e-09
1.467029009612277150e+05 3.720058801485538733e-09
1.484786347230808169e+05 3.622775458277825904e-09
1.502758624889031053e+05 3.528036510535102842e-09
1.520948444284434081e+05 3.435775363775946640e-09
1.539358438606214768e+05 3.345927146565363875e-09
1.557991272916471062e+05 3.258428837363105877e-09
1.576849644535994157e+05 3.173218966558293884e-09
1.595936283434740326e+05 3.090237591425322863e-09
1.615253952627026010e+05 3.009426481276579622e-09
1.634805448571505549e+05 2.930728899499465910e-09
1.654593601575991779e+05 2.854089497684684098e-09
1.674621276207175979e+05 2.779454453111981806e-09
1.694891371705308266e+05 2.706771391661766083e-09
1.715406822403895494e+05 2.635989218347441153e-09
1.736170598154479230e+05 2.567058178835216150e-09
1.757185704756561026e+05 2.499929926784121510e-09
1.778455184392721567e+05 2.434557293434052764e-09
1.799982116069015465e+05 2.370894301860826741e-09
1.821769616060692351e+05 2.308896287122881756e-09
1.843820838363315561e+05 2.248519716934912846e-09
1.866138975149337493e+05 2.189722123570809764e-09
1.888727257230205869e+05 2.132462229787586330e-09
1.911588954524060537e+05 2.076699849929412158e-09
1.934727376529092144e+05 2.022395780558294578e-09
1.958145872802633385e+05 1.969511864541614648e-09
1.981847833446042496e+05 1.918011005877653423e-09
2.005836689595462522e+05 1.867857013807219866e-09
2.030115913918518636e+05 1.819014622777140633e-09
2.054689021117025695e+05 1.771449573284456141e-09
2.079559568435784895e+05 1.725128464099421485e-09
2.104731156177533849e+05 1.680018709870820855e-09
2.130207428224135365e+05 1.636088654733107475e-09
2.155992072564069531e+05 1.593307465169508054e-09
2.182088821826313506e+05 1.551645060666154221e-09
2.208501453820686438e+05 1.511072177914661573e-09
2.235233792084726447e+05 1.471560353659500943e-09
2.262289706437197165e+05 1.433081819593020748e-09
2.289673113538285252e+05 1.395609525562798133e-09
2.317387977456586668e+05 1.359117193485654574e-09
2.345438310242948646e+05 1.323579190700248097e-09
2.373828172511264565e+05 1.288970522367685996e-09
2.402561674026289838e+05 1.255266907559173684e-09
2.431642974298584159e+05 1.222444688273091908e-09
2.461076283186646178e+05 1.190480783441136043e-09
2.490865861506342480e+05 1.159352750719537718e-09
2.521016021647705638e+05 1.129038750728837188e-09
2.551531128199208179e+05 1.099517476701268120e-09
2.582415598579584912e+05 1.070768182326966569e-09
2.613673903677306371e+05 1.042770707025875176e-09
2.645310568497795030e+05 1.015505381912455883e-09
2.677330172818467254e+05 9.889530346676598794e-10
2.709737351851715357e+05 9.630950410733013220e-10
2.742536796915906598e+05 9.379132486816295335e-10
2.775733256114492542e+05 9.133899468778244290e-10
2.809331535023400211e+05 8.895079244515917883e-10
2.843336497386631090e+05 8.662504243263013159e-10
2.877753065820383490e+05 8.436010973652234726e-10
2.912586222525650519e+05 8.215440329812556051e-10
2.947841010009454330e+05 8.000637621757183020e-10
2.983522531814805116e+05 7.791451926498919313e-10
3.019635953259497182e+05 7.587736185042038730e-10
3.056186502183854464e+05 7.389347544596506105e-10
3.093179469707516255e+05 7.196146714616732024e-10
3.130620210995392990e+05 7.007997805615049357e-10
3.168514146032883436e+05 6.824768819375070749e-10
3.206866760410488932e+05 6.646331179875594751e-10
3.245683606117909658e+05 6.472559434123243452e-10
3.284970302347762045e+05 6.303331562033993398e-10
3.324732536309025018e+05 6.138528870619399284e-10
3.364976064050330315e+05 5.978035551165801053e-10
3.405706711293211556e+05 5.821738804520699035e-10
3.446930374275454087e+05 5.669529058513343972e-10
3.488653020604638150e+05 5.521299408959370816e-10
3.530880690122022061e+05 5.376945623291325453e-10
3.573619495776880649e+05 5.236366454473378368e-10
3.616875624511426431e+05 5.099463243630955875e-10
3.660655338156439248e+05 4.966139725479732383e-10
3.704964974337742315e+05 4.836302321946683683e-10
3.749810947393646929e+05 4.709859959899072939e-10
3.795199749303500867e+05 4.586723773518107195e-10
3.841137950627483078e+05 4.466807254975140616e-10
3.887632201457763440e+05 4.350026331243186399e-10
3.934689232381186448e+05 4.236298968446698020e-10
3.982315855453598779e+05 4.125545216709817245e-10
4.030518965185977286e+05 4.017687416112845754e-10
4.079305539542487822e+05 3.912649883867499095e-10
4.128682640950625064e+05 3.810359511752948282e-10
4.178657417323589325e+05 3.710743713797242016e-10
4.229237103095020284e+05 3.613732607800009282e-10
4.280429020266275038e+05 3.519258004502829513e-10
4.332240579466368072e+05 3.427253561550182445e-10
4.384679281024748343e+05 3.337654769856306008e-10
4.437752716057057260e+05 3.250398681201439491e-10
4.491468567564039258e+05 3.165423972872834786e-10
4.545834611543735373e+05 3.082671077173685890e-10
4.600858718117157696e+05 3.002081894661867903e-10
4.656548852667575120e+05 2.923599759155605223e-10
4.712913076993603609e+05 2.847169628563749354e-10
4.769959550476242439e+05 2.772737876808972476e-10
4.827696531260035117e+05 2.700252182112299423e-10
4.886132377448539482e+05 2.629661664981692083e-10
4.945275548314258340e+05 2.560916823652763600e-10
5.005134605523214559e+05 2.493969355613708605e-10
5.065718214374363888e+05 2.428772225494717870e-10
5.127035145053980523e+05 2.365279737753350991e-10
5.189094273905259906e+05 2.303447301866891128e-10
5.251904584713267395e+05 2.243231452831791372e-10
5.315475170005445834e+05 2.184589969883813665e-10
5.379815232367862482e+05 2.127481701613273409e-10
5.444934085777398432e+05 2.071866501160511158e-10
5.510841156950048171e+05 2.017705347322853440e-10
5.577545986705553951e+05 1.964960253410667480e-10
5.645058231348545523e+05 1.913594156486739285e-10
5.713387664066405268e+05 1.863570983628456015e-10
5.782544176344054285e+05 1.814855669341738894e-10
5.852537779395850375e+05 1.767413997670384185e-10
5.923378605614844710e+05 1.721212628985668042e-10
5.995076910039548529e+05 1.676219176691828861e-10
6.067643071838481119e+05 1.632402062193996531e-10
6.141087595812670188e+05 1.589730480304905720e-10
6.215421113916347967e+05 1.548174503772489561e-10
6.290654386796043254e+05 1.507704982373162080e-10
6.366798305348323192e+05 1.468293477174784363e-10
6.443863892296369886e+05 1.429912322132205652e-10
6.521862303785649128e+05 1.392534608524747789e-10
6.600804830998894759e+05 1.356134081864648246e-10
6.680702901790637989e+05 1.320685168583051819e-10
6.761568082341528498e+05 1.286163024416957987e-10
6.843412078832661500e+05 1.252543414112941036e-10
6.926246739140200661e+05 1.219802706251354819e-10
7.010084054550485453e+05 1.187917944818608303e-10
7.094936161495884880e+05 1.156866760567954201e-10
7.180815343311805045e+05 1.126627331712243150e-10
7.267734032014665427e+05 1.097178439415091085e-10
7.355704810101712355e+05 1.068499434366593629e-10
7.444740412372425199e+05 1.040570170903325988e-10
7.534853727772055427e+05 1.013371033484256095e-10
7.626057801257434767e+05 9.868829604493916764e-11
7.718365835685393540e+05 9.610873534976457667e-11
7.811791193724020850e+05 9.359660855732857520e-11
7.906347399787082104e+05 9.115015466204968253e-11
8.002048141991819721e+05 8.876765715120151276e-11
8.098907274140472291e+05 8.644744156992042275e-11
8.196938817725786939e+05 8.418788047547516437e-11
8.296156963960775174e+05 8.198738928411457278e-11
8.396576075833071955e+05 7.984442216367814310e-11
8.498210690184140112e+05 7.775747464825247688e-11
8.601075519813646097e+05 7.572508397341109242e-11
8.705185455609317869e+05 7.374582303589250719e-11
8.810555568702565506e+05 7.181830132106548775e-11
8.917201112650211435e+05 6.994116792229356294e-11
9.025137525642616674e+05 6.811310568207308721e-11
9.134380432738541858e+05 6.633282969777305573e-11
9.244945648127053864e+05 6.459909171888484774e-11
9.356849177416827297e+05 6.291067580068196021e-11
9.470107219953119056e+05 6.126639576004154684e-11
9.584736171162837418e+05 5.966509767712557040e-11
9.700752624927960569e+05 5.810565905308909961e-11
9.818173375987698091e+05 5.658698481875156372e-11
9.937015422369720181e+05 5.510800829549664274e-11
1.005729596785082715e+06 5.366769317334421475e-11
1.017903242444740492e+06 5.226502854013148192e-11
1.030224241493599722e+06 5.089902873548377183e-11
1.042694377540442511e+06 4.956873619441604347e-11
1.055315455783376470e+06 4.827321785863381370e-11
1.068089303271158598e+06 4.701156348364139395e-11
1.081017769167681225e+06 4.578288800692058950e-11
1.094102725019661244e+06 4.458633006316106791e-11
1.107346065027565928e+06 4.342104934736862566e-11
1.120749706319825258e+06 4.228622767373516119e-11
1.134315589230353246e+06 4.118106986806341673e-11
1.148045677579437848e+06 4.010480017186564325e-11
1.161941958958025323e+06 3.905666246080646474e-11
1.176006445015447913e+06 3.803592216505959064e-11
1.190241171750632813e+06 3.704186329544774896e-11
1.204648199806837598e+06 3.607378733789124067e-11
1.219229614769951673e+06 3.513101545019778874e-11
1.233987527470411267e+06 3.421288665565602972e-11
1.248924074288763106e+06 3.331875611497076412e-11
1.264041417464934755e+06 3.244799627306057422e-11
1.279341745411240729e+06 3.159999693744983410e-11
1.294827273029183038e+06 3.077416281804137765e-11
1.310500242030082503e+06 2.996991386061465433e-11
1.326362921259593684e+06 2.918668656345371132e-11
1.342417607026146492e+06 2.842393147331493543e-11
1.358666623433364322e+06 2.768111259485077894e-11
1.375112322716503870e+06 2.695770923322522047e-11
1.391757085582969710e+06 2.625321417656822272e-11
1.408603321556949988e+06 2.556713256911775569e-11
1.425653469328221865e+06 2.489898307392952605e-11
1.442909997105181916e+06 2.424829744780695490e-11
1.460375402972146869e+06 2.361461886169072974e-11
1.478052215250981273e+06 2.299750233921271082e-11
1.495942992867101217e+06 2.239651561140498520e-11
1.514050325719909044e+06 2.181123695414438663e-11
1.532376835057712626e+06 2.124125517618968035e-11
1.550925173857179005e+06 2.068617084188338049e-11
1.569698027207386447e+06 2.014559473047073214e-11
1.588698112698521465e+06 1.961914707660832223e-11
1.607928180815281114e+06 1.910645869477380848e-11
1.627391015335039701e+06 1.860717026693706014e-11
1.647089433730831603e+06 1.812093121111167782e-11
1.667026287579213036e+06 1.764740022838813122e-11
1.687204462973062880e+06 1.718624560554629618e-11
1.707626880939377705e+06 1.673714370219117643e-11
1.728296497862122720e+06 1.630218943450554369e-11
1.749216305910206633e+06 1.588140679792142321e-11
1.770389333470630227e+06 1.547484733455202172e-11
1.791818645586880390e+06 1.508259898859258058e-11
1.813507344402634772e+06 1.470478172927311009e-11
1.835458569610829232e+06 1.434154121499842290e-11
1.857675498908166774e+06 1.399304120384616306e-11
1.880161348455126863e+06 1.365945535029093996e-11
1.902919373341541970e+06 1.334095783115741827e-11
1.925952868057808373e+06 1.303771263266354533e-11
1.949265166971806670e+06 1.274986344086904234e-11
1.972859644811583450e+06 1.247752352339596385e-11
1.996739717153888429e+06 1.222076500542523831e-11
2.020908840918618022e+06 1.197960993805435808e-11
2.045370514869244071e+06 1.175402239214498325e-11
2.070128280119299190e+06 1.154390137837310734e-11
2.095185720644998830e+06 1.134907568114948228e-11
2.120546463804059196e+06 1.116930079698459924e-11
2.146214180860802997e+06 1.100425749518976983e-11
2.172192587517616805e+06 1.085355194352914403e-11
