2.236858282706205614e+01 1.095023943248833297e-04
2.261552365367389328e+01 2.070576994233800728e-04
2.286546684526699735e+01 3.791324438177658650e-04
2.311844890530495533e+01 6.707095377139551950e-04
2.337450678106920066e+01 1.145671288506544191e-03
2.363367786905486767e+01 1.889109112340491003e-03
2.389600002043247429e+01 3.003032173811627514e-03
2.416151154657619671e+01 4.605664396044449604e-03
2.443025122465880017e+01 6.818732681858008515e-03
2.470225830331510508e+01 9.744019082470245507e-03
2.497757250837424436e+01 1.347592457717353143e-02
2.525623404866124844e+01 1.818776022839357909e-02
2.553828362186954593e+01 2.390108945566554732e-02
2.582376242050489168e+01 3.054953371406554652e-02
2.611271213790112711e+01 3.792404878223998299e-02
2.640517497430952076e+01 4.591874406238105610e-02
2.670119364306209775e+01 5.424342257632142061e-02
2.700081137680950505e+01 6.264548939934422300e-02
2.730407193383535613e+01 7.110791535007865427e-02
2.761101960444671732e+01 7.971727837714270848e-02
2.792169921744264016e+01 8.852033062718467349e-02
2.823615614666148943e+01 9.747996360821420403e-02
2.855443631760735457e+01 1.065611997384376952e-01
2.887658621415743809e+01 1.157564361911720408e-01
2.920265288535109605e+01 1.250135562361838204e-01
2.953268395226084309e+01 1.342312243469603317e-01
2.986672761494749651e+01 1.433305696158158060e-01
3.020483265949975760e+01 1.522891466481099965e-01
3.054704846515896577e+01 1.611333587511352139e-01
3.089342501153095100e+01 1.698790094545286067e-01
3.124401288588562764e+01 1.784874150388611191e-01
3.159886329054466003e+01 1.868909267418481512e-01
3.195802805035971517e+01 1.950258026880240525e-01
3.232155962028139840e+01 2.028611964480635521e-01
3.268951109301980296e+01 2.103960532943447426e-01
3.306193620679896128e+01 2.176135625060418022e-01
3.343888935320480016e+01 2.245063777033333707e-01
3.382042558512896591e+01 2.310377619573453778e-01
3.420660062480943964e+01 2.371780258752429482e-01
3.459747087196806348e+01 2.429076308467674750e-01
3.499309341204796198e+01 2.482116979998534312e-01
3.539352602455065977e+01 2.530828105625544389e-01
3.579882719147440184e+01 2.575065450453557503e-01
3.620905610585536039e+01 2.614554349217863560e-01
3.662427268041289352e+01 2.649057458505499341e-01
3.704453755629910461e+01 2.678468724252303090e-01
3.746991211195562954e+01 2.702846081697605207e-01
3.790045847207788654e+01 2.722299653751401038e-01
3.833623951668784002e+01 2.736763414808787154e-01
3.877731889031762336e+01 2.746116732828176588e-01
3.924705952476787729e+01 2.750338367655351668e-01
3.972626328840230059e+01 2.748912498318016873e-01
4.021126747539910440e+01 2.741926144519433173e-01
4.070214229578945009e+01 2.729695816278572273e-01
4.119895880944741151e+01 2.712458957217962485e-01
4.170178893637665141e+01 2.690193459546659227e-01
4.221070546712173410e+01 2.663151167004538244e-01
4.272578207330538191e+01 2.631960628420655368e-01
4.324709331829333792e+01 2.597190045248680690e-01
4.377471466798825617e+01 2.559159084702411491e-01
4.430872250175427496e+01 2.518155638527970197e-01
4.484919412347382917e+01 2.474440463203855245e-01
4.539620777273830754e+01 2.428327673805639186e-01
4.594984263617413234e+01 2.380223140205066645e-01
4.651017885890593817e+01 2.330535456287581297e-01
4.707729755615854828e+01 2.279666545552494483e-01
4.765128082499931850e+01 2.228081647783568542e-01
4.823221175622268930e+01 2.176190313352617256e-01
4.882017444637850900e+01 2.124190873693638792e-01
4.941525400994601824e+01 2.072221832388332352e-01
5.001753659165513000e+01 2.020530609609796358e-01
5.062710937895698748e+01 1.969364444383936430e-01
5.124406061464522821e+01 1.918887143392187244e-01
5.186847960963025628e+01 1.869248989704968000e-01
5.250045675586801508e+01 1.820603210410951522e-01
5.314008353944526419e+01 1.773006203282274651e-01
5.378745255382332147e+01 1.726484584526362109e-01
5.444265751324197566e+01 1.681083876199613858e-01
5.510579326628568708e+01 1.636861628972685612e-01
5.577695580961427169e+01 1.593823169722434763e-01
5.645624230185917014e+01 1.551981695162825137e-01
5.714375107768857021e+01 1.511341621448998307e-01
5.783958166204232754e+01 1.471894034154641595e-01
5.854383478453974732e+01 1.433600290630980822e-01
5.925661239406075964e+01 1.396427058634110985e-01
5.997801767350467372e+01 1.360332242693469418e-01
6.070815505472695861e+01 1.325284448376704560e-01
6.144713023365700622e+01 1.291229023742357374e-01
6.219505018559880227e+01 1.258113180834521394e-01
6.295202318071689973e+01 1.225901828739923705e-01
6.371815879970979779e+01 1.194575763972618443e-01
6.449356794967303586e+01 1.164102522251400096e-01
6.527836288015424770e+01 1.134447379050658178e-01
6.607265719940257043e+01 1.105575283010238330e-01
6.687656589081494474e+01 1.077456927903638340e-01
6.769020532958103331e+01 1.050061926887853048e-01
6.851369329953013221e+01 1.023371922725497818e-01
6.934714901018168121e+01 9.973657814976832903e-02
7.019069311400214417e+01 9.720230080019676144e-02
7.104444772387100215e+01 9.473089599182327181e-02
7.190853643075793400e+01 9.232067352515338499e-02
7.278308432161411190e+01 8.997054538428139736e-02
7.366821799747991406e+01 8.767992454700568317e-02
7.456406559181202454e+01 8.544734716896351667e-02
7.547075678903213714e+01 8.327102257112606321e-02
7.638842284330043242e+01 8.114884743382178023e-02
7.731719659751591678e+01 7.907942869765127725e-02
7.825721250254736105e+01 7.706138312451615846e-02
7.920860663669618873e+01 7.509337598756060661e-02
8.017151672539573326e+01 7.317403922749732281e-02
8.114608216114847039e+01 7.130207047066328130e-02
8.213244402370480657e+01 6.947642978571821892e-02
8.313074510048588195e+01 6.769616376590692486e-02
8.414112990725385544e+01 6.596015092745943775e-02
8.516374470903211602e+01 6.426746272023653450e-02
8.619873754127904419e+01 6.261687521537873113e-02
8.724625823131765401e+01 6.100715540068712972e-02
8.830645842002503798e+01 5.943696853405000535e-02
8.937949158378408754e+01 5.790522468033276748e-02
9.046551305670099907e+01 5.641127581310922956e-02
9.156468005309160674e+01 5.495447399023978274e-02
9.267715169024020838e+01 5.353410551710979792e-02
9.380308901143344258e+01 5.214931013976886742e-02
9.494265500927332369e+01 5.079891718144124990e-02
9.609601464927223446e+01 4.948208032811818313e-02
9.726333489373377006e+01 4.819793908663494442e-02
9.844478472592221863e+01 4.694590930735098588e-02
9.964053517452519770e+01 4.572523069667167039e-02
1.008507593384116632e+02 4.453536540735775207e-02
1.020756324116904636e+02 4.337564162378326760e-02
1.033153317090713443e+02 4.224520535044873348e-02
1.045700366915334598e+02 4.114305568589665674e-02
1.058399289923045501e+02 4.006842289206463681e-02
1.071251924431543756e+02 3.902063241156727980e-02
1.084260131010064327e+02 3.799913359740347829e-02
1.097425792748720994e+02 3.700338554963372717e-02
1.110750815531103370e+02 3.603286719832410334e-02
1.124237128310177383e+02 3.508702134332519762e-02
1.137886683387522879e+02 3.416527004429720238e-02
1.151701456695953283e+02 3.326697266239769801e-02
1.165683448085553380e+02 3.239153445492770622e-02
1.179834681613181857e+02 3.153835871327265172e-02
1.194157205835477811e+02 3.070688246522124132e-02
1.208653094105412862e+02 2.989656556129238751e-02
1.223324444872431371e+02 2.910694997534107875e-02
1.238173381986229629e+02 2.833754136492128151e-02
1.253202055004203999e+02 2.758790734772226250e-02
1.268412639502626291e+02 2.685757503860386475e-02
1.283807337391584440e+02 2.614609451565841347e-02
1.299388377233732683e+02 2.545300220479712605e-02
1.315158014566902409e+02 2.477785066137472292e-02
1.331118532230625533e+02 2.412022035999195069e-02
1.347272240696587176e+02 2.347963807756164867e-02
1.363621478403105129e+02 2.285568797408332742e-02
1.380168612093642082e+02 2.224798313484643852e-02
1.396916037159419943e+02 2.165614301438895106e-02
1.413866177986181469e+02 2.107976509366771278e-02
1.431021488305146931e+02 2.051843055757932022e-02
1.448384451548222671e+02 1.997178598044258013e-02
1.465957581207503608e+02 1.943941545431959739e-02
1.483743421199133934e+02 1.892095571999807824e-02
1.501744546231568336e+02 1.841604192332352286e-02
1.519963562178286907e+02 1.792436799732990971e-02
1.538403106455033651e+02 1.744561070499717204e-02
1.557065848401604455e+02 1.697944324347328005e-02
1.575954489668272913e+02 1.652557856172257034e-02
1.595071764606880436e+02 1.608366545508616019e-02
1.614420440666668810e+02 1.565339156534573117e-02
1.634003318794898973e+02 1.523444399127876769e-02
1.653823233842322225e+02 1.482651491287984014e-02
1.673883054973557591e+02 1.442927501639057475e-02
1.694185686082436462e+02 1.404244980475499727e-02
1.714734066212376433e+02 1.366578573034271660e-02
1.735531169981840378e+02 1.329903365781912039e-02
1.756580008014948930e+02 1.294196362150151769e-02
1.777883627377303242e+02 1.259436150359719009e-02
1.799445112017082806e+02 1.225602169941533703e-02
1.821267583211482872e+02 1.192672265245572905e-02
1.843354200018556242e+02 1.160623005610256220e-02
1.865708159734525964e+02 1.129430944741102727e-02
1.888332698356627191e+02 1.099075020916606693e-02
1.911231091051558337e+02 1.069532481450133354e-02
1.934406652629599535e+02 1.040781218954146825e-02
1.957862738024469991e+02 1.012801640702901129e-02
1.981602742778992763e+02 9.855752432747680314e-03
2.005630103536642821e+02 9.590805360113155431e-03
2.029948298539036387e+02 9.332992469856901674e-03
2.054560848129451927e+02 9.082136061601603361e-03
2.079471315262436804e+02 8.838055711055697872e-03
2.104683306019590248e+02 8.600579297331600870e-03
2.130200470131582051e+02 8.369535952749376784e-03
2.156026501506498505e+02 8.144749943555448790e-03
2.182165138764575829e+02 7.926067469600839299e-03
2.208620165779408921e+02 7.713328875976768750e-03
2.235395412225711311e+02 7.506363991025721827e-03
2.262494754133707886e+02 7.305023813978642200e-03
2.289922114450233721e+02 7.109153424757083672e-03
2.317681463606625130e+02 6.918599163025035415e-03
2.345776820093490187e+02 6.733217653159553895e-03
2.374212251042426374e+02 6.552851236974771565e-03
2.402991872814791634e+02 6.377363944318342748e-03
2.432119851597592231e+02 6.206629449763662043e-03
2.461600404006587155e+02 6.040530450869316392e-03
2.491437797696694929e+02 5.878921494245042956e-03
2.521636351979782660e+02 5.721688946510691820e-03
2.552200438449941657e+02 5.568714063678092963e-03
2.583134481616322091e+02 5.419875017426453723e-03
2.614442959543637244e+02 5.275071173831469284e-03
2.646130404500411828e+02 5.134196779032887403e-03
2.678201403615082654e+02 4.997147246324891434e-03
2.710660599540037765e+02 4.863814572900825028e-03
2.743512691123700051e+02 4.734110629863445829e-03
2.776762434090730380e+02 4.607942335288370272e-03
2.810414641730484391e+02 4.485216853725979003e-03
2.844474185593788889e+02 4.365837795724282488e-03
2.878945996198150965e+02 4.249723764298177220e-03
2.913835063741518638e+02 4.136785003013371265e-03
2.949146438824657821e+02 4.026937797610929959e-03
2.984885233182296815e+02 3.920097003626922538e-03
3.021056620423103709e+02 3.816178199253908443e-03
3.057665836778627408e+02 3.715104792780712928e-03
3.094718181861306903e+02 3.616798902757206724e-03
3.132219019431645961e+02 3.521183477189597510e-03
3.170173778174686277e+02 3.428189618548092843e-03
3.208587952485872279e+02 3.337740866381957994e-03
3.247467103266422441e+02 3.249759450768156810e-03
3.286816858728342368e+02 3.164177515831055609e-03
3.326642915209174589e+02 3.080918267058620208e-03
3.366951037996606146e+02 2.999905498403607207e-03
3.407747062163058445e+02 2.921062713812580536e-03
3.449036893410392963e+02 2.844309716147269684e-03
3.490826508924819223e+02 2.769573184912180186e-03
3.533121958242169285e+02 2.696813646727226621e-03
3.575929364123637697e+02 2.625986407896532815e-03
3.619254923442121594e+02 2.557037712942959728e-03
3.663104908079290567e+02 2.489906263918598844e-03
3.707485665833517601e+02 2.424538013235728873e-03
3.752403621338792163e+02 2.360878532354136750e-03
3.797865276994764372e+02 2.298874300580691643e-03
3.843877213908043586e+02 2.238480658916307958e-03
3.890446092844891837e+02 2.179641780831992337e-03
3.937578655195443957e+02 2.122331952277442535e-03
3.985281723949607908e+02 2.066517226054317979e-03
4.033562204684760104e+02 2.012160156494059715e-03
4.082427086565421064e+02 1.959228125919844354e-03
4.131883443355034160e+02 1.907688611310978666e-03
4.181938434439929893e+02 1.857509743089767046e-03
4.232599305865770702e+02 1.808660657708398289e-03
4.283873391386485423e+02 1.761111330498953825e-03
4.335768113525917897e+02 1.714830031919290648e-03
4.388290984652326188e+02 1.669790742515903786e-03
4.441449608065884718e+02 1.625967885004690056e-03
4.495251679099345097e+02 1.583330226145873709e-03
4.549704986232042074e+02 1.541850634336490444e-03
4.604817412217344668e+02 1.501503128715778873e-03
4.660596935223791775e+02 1.462260026851514016e-03
4.717051629990027664e+02 1.424089765538108510e-03
4.774189668993698774e+02 1.386964042215072662e-03
4.832019323634535795e+02 1.350851801814781372e-03
4.890548965431720490e+02 1.315724580960169615e-03
4.949787067235768063e+02 1.281552900966639874e-03
5.009742204455063757e+02 1.248305435419559684e-03
5.070423056297265703e+02 1.215953252254696818e-03
5.131838407025717288e+02 1.184468910849001411e-03
5.193997147231061717e+02 1.153823193689220913e-03
5.256908275118274787e+02 1.123990128338614100e-03
5.320580897809248881e+02 1.094943530083299435e-03
5.385024232661164660e+02 1.066659079556307038e-03
5.450247608600799367e+02 1.039112925862808318e-03
5.516260467475008227e+02 1.012282278081644282e-03
5.583072365417541505e+02 9.861461600574657899e-04
5.650692974232401866e+02 9.606853910879217806e-04
5.719132082793954623e+02 9.358793856051161181e-04
5.788399598463977327e+02 9.116994690708101617e-04
5.858505548525872655e+02 8.881228097140959898e-04
5.929460081636236737e+02 8.651340494275645138e-04
6.001273469293980725e+02 8.427211726962646754e-04
6.073956107327272775e+02 8.208699167723820800e-04
6.147518517398433460e+02 7.995680440203902645e-04
6.221971348527087002e+02 7.788042302989735960e-04
6.297325378631721833e+02 7.585650526483606049e-04
6.373591516089926472e+02 7.388419759775406020e-04
6.450780801317498572e+02 7.196172196947629024e-04
6.528904408366677217e+02 7.008773794690854181e-04
6.607973646543716768e+02 6.826127167932419249e-04
6.687999962046046676e+02 6.648132416992771215e-04
6.768994939619233264e+02 6.474678849951280568e-04
6.850970304234018613e+02 6.305673226490119548e-04
6.933937922783619570e+02 6.141015240199772934e-04
7.017909805801663197e+02 5.980597343177070785e-04
7.102898109200771160e+02 5.824328847337289020e-04
7.188915136032322835e+02 5.672107741777204781e-04
7.275973338267450572e+02 5.523830472604343220e-04
7.364085318599605898e+02 5.379409481833302351e-04
7.453263832268953593e+02 5.238744350283585163e-04
7.543521788908838062e+02 5.101739444783011737e-04
7.634872254414607369e+02 4.968305650069910345e-04
7.727328452835043890e+02 4.838354279512197681e-04
7.820903768286717650e+02 4.711798299023711722e-04
7.915611746891474922e+02 4.588549781321350426e-04
8.011466098737411130e+02 4.468521711675534080e-04
8.108480699863564496e+02 4.351632532095077444e-04
8.206669594268626042e+02 4.237802323807130997e-04
8.306046995943984257e+02 4.126948543101928088e-04
8.406627290931364769e+02 4.018994188413980290e-04
8.508425039405369716e+02 3.913864065223301991e-04
8.611454977781239677e+02 3.811483220960342963e-04
8.715732020848124648e+02 3.711780609403228862e-04
8.821271263928168764e+02 3.614687102879736089e-04
8.928087985061736163e+02 3.520134056910484421e-04
9.036197647219092914e+02 3.428054970848401495e-04
9.145615900538844016e+02 3.338385181994732789e-04
9.256358584593468777e+02 3.251061621993792811e-04
9.368441730682307025e+02 3.166022935333074988e-04
9.481881564152255351e+02 3.083209294111673333e-04
9.596694506746587194e+02 3.002562400946529736e-04
9.712897178982178730e+02 2.924025603552263958e-04
9.830506402555547538e+02 2.847543674572498677e-04
9.949539202777963283e+02 2.773062768514620614e-04
1.007001281104008171e+03 2.700530541991895406e-04
1.019194466730637828e+03 2.629896017832954354e-04
1.031535242263979171e+03 2.561109485240903663e-04
1.044025394175691190e+03 2.494122571981781909e-04
1.056666730561413033e+03 2.428888217578424602e-04
1.069461081402503623e+03 2.365360535061954324e-04
1.082410298830956435e+03 2.303494824827273003e-04
1.095516257397515574e+03 2.243247636916152928e-04
1.108780854343037390e+03 2.184576609852027958e-04
1.122206009873141056e+03 2.127440453812768154e-04
1.135793667436179021e+03 2.071799029826808594e-04
1.149545794004574645e+03 2.017613236688104578e-04
1.163464380359564984e+03 1.964844945288599445e-04
1.177551441379387370e+03 1.913457066103738287e-04
1.191809016330960048e+03 1.863413500982529294e-04
1.206239169165086651e+03 1.814679053413546621e-04
1.220843988815240209e+03 1.767219449236800098e-04
1.235625589499956732e+03 1.721001359387044211e-04
1.250586111028898358e+03 1.675992290786141974e-04
1.265727719112610430e+03 1.632160579799661962e-04
1.281052605676038866e+03 1.589475444524045961e-04
1.296562989175830808e+03 1.547906890615030878e-04
1.312261114921488115e+03 1.507425672108726050e-04
1.328149255400397806e+03 1.468003348347258000e-04
1.344229710606804247e+03 1.429612228407571746e-04
1.360504808374758113e+03 1.392225314224312775e-04
1.376976904715098499e+03 1.355816324163166501e-04
1.393648384156513430e+03 1.320359691185345186e-04
1.410521660090727437e+03 1.285830490456935440e-04
1.427599175121868257e+03 1.252204439101030093e-04
1.444883401420063365e+03 1.219457929789548919e-04
1.462376841079315000e+03 1.187567950467348539e-04
1.480082026479706428e+03 1.156512072103415851e-04
1.498001520653996522e+03 1.126268483020843956e-04
1.516137917658644255e+03 1.096815940487864353e-04
1.534493842949333384e+03 1.068133734263500452e-04
1.553071953761034820e+03 1.040201710546548395e-04
1.571874939492674230e+03 1.013000255716735992e-04
1.590905522096452614e+03 9.865102495964519179e-05
1.610166456471881020e+03 9.607130706574119709e-05
1.629660530864585553e+03 9.355906090933031709e-05
1.649390567269938174e+03 9.111252113155128736e-05
1.669359421841571248e+03 8.872996755632267009e-05
1.689569985304844067e+03 8.640972733551968536e-05
1.710025183375303641e+03 8.415017079360198431e-05
1.730727977182220457e+03 8.194970918310351578e-05
1.751681363697243796e+03 7.980679697015791944e-05
1.772888376168251625e+03 7.771992944370013749e-05
1.794352084558444631e+03 7.568763981347678520e-05
1.816075595990761940e+03 7.370850002848294055e-05
1.838062055197673999e+03 7.178112075642486146e-05
1.860314644976417640e+03 6.990414767387581347e-05
1.882836586649744731e+03 6.807626145606266842e-05
1.905631140532243307e+03 6.629617906144717829e-05
1.928701606402311199e+03 6.456265013224447673e-05
1.952051323979834478e+03 6.287445598094579952e-05
1.975683673409650282e+03 6.123041127912697435e-05
1.999602075750865879e+03 5.962936160327971663e-05
2.023809993472090355e+03 5.807018167705200150e-05
2.048310930952675790e+03 5.655177631557276041e-05
2.073108434990010664e+03 5.507307962454241219e-05
2.098206095312964408e+03 5.363305257791205552e-05
2.123607545101539472e+03 5.223068327881753847e-05
2.149316461512819842e+03 5.086498758118227111e-05
2.175336566213278275e+03 4.953500608322579379e-05
2.201671625917536858e+03 4.823980405403954612e-05
2.228325452933637280e+03 4.697847233594545837e-05
2.255301905714920395e+03 4.575012521936612682e-05
2.282604889418582388e+03 4.455389940199820913e-05
2.310238356470991675e+03 4.338895495215868911e-05
2.338206307139842920e+03 4.225447409202597818e-05
2.366512790113257779e+03 4.114965966676271091e-05
2.395161903085861923e+03 4.007373561546779834e-05
2.424157793351983855e+03 3.902594688825263437e-05
2.453504658406029193e+03 3.800555739748192989e-05
2.483206746550105436e+03 3.701185018625840518e-05
2.513268357509016823e+03 3.604412790335326895e-05
2.543693843052709781e+03 3.510171098488826117e-05
2.574487607626223507e+03 3.418393709545745982e-05
2.605654108987308064e+03 3.329016204753993888e-05
2.637197858851717683e+03 3.241975840607036908e-05
2.669123423546340291e+03 3.157211456706753190e-05
2.701435424670235079e+03 3.074663532505624280e-05
2.734138539763651806e+03 2.994274138005053676e-05
2.767237502985160972e+03 2.915986796433789113e-05
2.800737105796988089e+03 2.839746514357496246e-05
2.834642197658622081e+03 2.765499801492217252e-05
2.868957686728839235e+03 2.693194511720292759e-05
2.903688540576212745e+03 2.622779837625207689e-05
2.938839786898229704e+03 2.554206367753929577e-05
2.974416514249099237e+03 2.487425961297736214e-05
3.010423872776399548e+03 2.422391692852152905e-05
3.046867074966603468e+03 2.359057911630724593e-05
3.083751396399656187e+03 2.297380170709049669e-05
3.121082176512670230e+03 2.237315136975821014e-05
3.158864819372883176e+03 2.178820629395220553e-05
3.197104794459947698e+03 2.121855612882309972e-05
3.235807637457711280e+03 2.066380073518543506e-05
3.274978951055564721e+03 2.012355038999951015e-05
3.314624405759497677e+03 1.959742607029563112e-05
3.354749740712979474e+03 1.908505840129151804e-05
3.395360764527755236e+03 1.858608734029104734e-05
3.436463356124719212e+03 1.810016275019733127e-05
3.478063465584949881e+03 1.762694360411831435e-05
3.520167115011062833e+03 1.716609741248540429e-05
3.562780399398972804e+03 1.671730065082283707e-05
3.605909487520221319e+03 1.628023847153849601e-05
3.649560622814967701e+03 1.585460384794017087e-05
3.693740124295819442e+03 1.544009783387733964e-05
3.738454387462567865e+03 1.503642968466660079e-05
3.783709885228009171e+03 1.464331598068492439e-05
3.829513168854988180e+03 1.426048046836085972e-05
3.875870868904765757e+03 1.388765459080609061e-05
3.922789696196852219e+03 1.352457668394913036e-05
3.970276442780513207e+03 1.317099162802018680e-05
4.018337982917957561e+03 1.282665127815026790e-05
4.066981274079500963e+03 1.249131405871081323e-05
4.116213357950718091e+03 1.216474438356889140e-05
4.166041361451819284e+03 1.184671293522063305e-05
4.216472497769362235e+03 1.153699668241406980e-05
4.267514067400426939e+03 1.123537812650963314e-05
4.319173459209463545e+03 1.094164535113840292e-05
4.371458151497908148e+03 1.065559234493109277e-05
4.424375713086764335e+03 1.037701833412254930e-05
4.477933804412265090e+03 1.010572756193585451e-05
4.532140178634819677e+03 9.841529697025814356e-06
4.587002682761378310e+03 9.584239381088785243e-06
4.642529258781363751e+03 9.333675842518979974e-06
4.698727944816381751e+03 9.089663186183453416e-06
4.755606876283824931e+03 8.852030291816678667e-06
4.813174287074566564e+03 8.620610263503964863e-06
4.871438510744932501e+03 8.395240536640508717e-06
4.930407981723030389e+03 8.175763076621905172e-06
4.990091236529837261e+03 7.962023828430266265e-06
5.050496915014823571e+03 7.753872583466289692e-06
5.111633761606774897e+03 7.551163352405423695e-06
5.173510626579598465e+03 7.353753910153390571e-06
5.236136467333538349e+03 7.161505543809351258e-06
5.299520349691824777e+03 6.974283337497105308e-06
5.363671449213105006e+03 6.791955989208134478e-06
5.428599052519672114e+03 6.614395435727282182e-06
5.494312558641830947e+03 6.441476969428080145e-06
5.560821480378518572e+03 6.273079357791211462e-06
5.628135445674385664e+03 6.109084387688411516e-06
5.696264199013558027e+03 5.949376806432999949e-06
5.765217602830271062e+03 5.793844631299421193e-06
5.835005638936549076e+03 5.642378731810383102e-06
5.905638409967231382e+03 5.494872666727453341e-06
5.977126140842406130e+03 5.351222950984995275e-06
6.049479180247603836e+03 5.211328834163201826e-06
6.122708002131887042e+03 5.075092048950413182e-06
6.196823207224093494e+03 4.942416927703523958e-06
6.271835524567389257e+03 4.813210468632779558e-06
6.347755813072439196e+03 4.687381951856052649e-06
6.424595063089360337e+03 4.564842960647864044e-06
6.502364397998698223e+03 4.445507589187670675e-06
6.581075075821673636e+03 4.329292099954052623e-06
6.660738490849908885e+03 4.216114814426231126e-06
6.741366175294870118e+03 4.105896355344693658e-06
6.822969800957331245e+03 3.998559414373857980e-06
6.905561180916957710e+03 3.894028586862817031e-06
6.989152271242415736e+03 3.792230489864872140e-06
7.073755172722130737e+03 3.693093760743926669e-06
7.159382132616054150e+03 3.596548787664235027e-06
7.246045546428560556e+03 3.502527740674289225e-06
7.333757959702860717e+03 3.410964717822638243e-06
7.422532069837110612e+03 3.321795465462364018e-06
7.512380727922510232e+03 3.234957306298648014e-06
7.603316940603658622e+03 3.150389354245339355e-06
7.695353871961381628e+03 3.068032288142244273e-06
7.788504845418448895e+03 2.987828246234715984e-06
7.882783345668232869e+03 2.909720938864679819e-06
7.978203020626812759e+03 2.833655607084237509e-06
8.074777683408655321e+03 2.759578835340375320e-06
8.172521314326239917e+03 2.687438586613997125e-06
8.271448062913841568e+03 2.617184304256513694e-06
8.371572249975888553e+03 2.548766681221360840e-06
8.472908369660022800e+03 2.482137626713425604e-06
8.575471091555307794e+03 2.417250435026050087e-06
8.679275262815848691e+03 2.354059586720667256e-06
8.784335910310064719e+03 2.292520681134992090e-06
8.890668242796000413e+03 2.232592006229803036e-06
8.998287653123006749e+03 2.174231728738089452e-06
9.107209720459983146e+03 2.117397046547936216e-06
9.217450212550702418e+03 2.062048045989070652e-06
9.329025087996331422e+03 2.008145945388954565e-06
9.441950498565644011e+03 1.955652911855783370e-06
9.556242791533177297e+03 1.904532057344780386e-06
9.671918512045691386e+03 1.854747555956752546e-06
9.788994405517267296e+03 1.806264483857167682e-06
9.907487420053395908e+03 1.759048775707615581e-06
1.002741470890445635e+04 1.713067314928085077e-06
1.014879363294878749e+04 1.668287862702565541e-06
1.027164176320590741e+04 1.624678972006103974e-06
1.039597688338014632e+04 1.582210025739387040e-06
1.052181699243501498e+04 1.540851263169372562e-06
1.064918030719876697e+04 1.500573653498441315e-06
1.077808526500150765e+04 1.461348897710420630e-06
1.090855052634421554e+04 1.423149509723676046e-06
1.104059497760007071e+04 1.385948690601175658e-06
1.117423773374845769e+04 1.349720300281477011e-06
1.130949814114211222e+04 1.314438934798495902e-06
1.144639578030769007e+04 1.280079854895124737e-06
1.158495046878033281e+04 1.246618929649110578e-06
1.172518226397243052e+04 1.214032673007026119e-06
1.186711146607722731e+04 1.182298246694566470e-06
1.201075862100745871e+04 1.151393373977070394e-06
1.215614452336963041e+04 1.121296344849182758e-06
1.230329021947430192e+04 1.091986071465417355e-06
1.245221701038273386e+04 1.063441987332931177e-06
1.260294645499056242e+04 1.035644037565353260e-06
1.275550037314856127e+04 1.008572732672048376e-06
1.290990084882147312e+04 9.822090882712720744e-07
1.306617023328478717e+04 9.565345873529826299e-07
1.322433114836044842e+04 9.315312138840177247e-07
1.338440648969158428e+04 9.071814417811586528e-07
1.354641943005691064e+04 8.834681769350030993e-07
1.371039342272528302e+04 8.603747650436290733e-07
1.387635220485081300e+04 8.378850249631941417e-07
1.404431980090914658e+04 8.159831739068725963e-07
1.421432052617519730e+04 7.946538262708965889e-07
1.438637899024316721e+04 7.738820296164716843e-07
1.456052010058901578e+04 7.536532156883551860e-07
1.473676906617611530e+04 7.339531752906866270e-07
1.491515140110452739e+04 7.147680883411753288e-07
1.509569292830453742e+04 6.960845052919392294e-07
1.527841978327473771e+04 6.778893088784338037e-07
1.546335841786550191e+04 6.601697237414448004e-07
1.565053560410817954e+04 6.429133322827098403e-07
1.583997843809067308e+04 6.261080235025698614e-07
1.603171434387989393e+04 6.097419938935431385e-07
1.622577107749173592e+04 5.938037717933559973e-07
1.642217673090906101e+04 5.782821776628482499e-07
1.662095973614839386e+04 5.631663080568199568e-07
1.682214886937573101e+04 5.484455614543570578e-07
1.702577325507223941e+04 5.341096166039419489e-07
1.723186237025040828e+04 5.201484078386645272e-07
1.744044604872111086e+04 5.065521352484704003e-07
1.765155448541247097e+04 4.933112693626818385e-07
1.786521824074094184e+04 4.804165167092053055e-07
1.808146824503519747e+04 4.678588218407054192e-07
1.830033580301373877e+04 4.556293835267713742e-07
1.852185259831658914e+04 4.437196216315092325e-07
1.874605069809184715e+04 4.321211712257777904e-07
1.897296255763785302e+04 4.208258988662538053e-07
1.920262102510139812e+04 4.098258839497355389e-07
1.943505934623290159e+04 3.991134024533568464e-07
1.967031116919916531e+04 3.886809368938811394e-07
1.990841054945428186e+04 3.785211741671371774e-07
2.014939195466955061e+04 3.686269828422099386e-07
2.039329026972305655e+04 3.589914162966305827e-07
2.064014080174998890e+04 3.496077207856925745e-07
2.088997928525317548e+04 3.404693119006887980e-07
2.114284188727652872e+04 3.315697721986914472e-07
2.139876521264045005e+04 3.229028617116770972e-07
2.165778630924089885e+04 3.144625021036156825e-07
2.191994267341244267e+04 3.062427662269820092e-07
2.218527225535633261e+04 2.982378874279903566e-07
2.245381346463421869e+04 2.904422534654222299e-07
2.272560517572836034e+04 2.828503919623874102e-07
2.300068673366924122e+04 2.754569741165315515e-07
2.327909795973112341e+04 2.682568170751534110e-07
2.356087915719671946e+04 2.612448680856979814e-07
2.384607111719152454e+04 2.544162037666940577e-07
2.413471512458881989e+04 2.477660367969885680e-07
2.442685296398614082e+04 2.412897023989976653e-07
2.472252692575408946e+04 2.349826526194953755e-07
2.502177981215834734e+04 2.288404636865593410e-07
2.532465494355584087e+04 2.228588286176510869e-07
2.563119616466581283e+04 2.170335481124283089e-07
2.594144785091690574e+04 2.113605343911089794e-07
2.625545491487100662e+04 2.058358100903969344e-07
2.657326281272486085e+04 2.004554978122582812e-07
2.689491755089040089e+04 1.952158204113895572e-07
2.722046569265471408e+04 1.901131049690359564e-07
2.754995436492059525e+04 1.851437712511323482e-07
2.788343126502875384e+04 1.803043301164696015e-07
2.822094466766254482e+04 1.755913876964150852e-07
2.856254343183628953e+04 1.710016386919716502e-07
2.890827700796820500e+04 1.665318607093489794e-07
2.925819544503890938e+04 1.621789179638696835e-07
2.961234939783663140e+04 1.579397581871695246e-07
2.997079013429001861e+04 1.538114059284559878e-07
3.033356954288985435e+04 1.497909636976914756e-07
3.070074014020046889e+04 1.458756129297601116e-07
3.107235507846214387e+04 1.420626061387668333e-07
3.144846815328550292e+04 1.383492664872961511e-07
3.182913381143910010e+04 1.347329902297860456e-07
3.221440715873114823e+04 1.312112407826131467e-07
3.260434396798683520e+04 1.277815453925613795e-07
3.299900068712198845e+04 1.244414985557755884e-07
3.339843444731464842e+04 1.211887579233978175e-07
3.380270307127544947e+04 1.180210401813093691e-07
3.421186508161807433e+04 1.149361226263729336e-07
3.462597970933122997e+04 1.119318423090025246e-07
3.504510690235286893e+04 1.090060907942244655e-07
3.546930733424845675e+04 1.061568144302446441e-07
3.589864241299416608e+04 1.033820156389557241e-07
3.633317428986629966e+04 1.006797476161134034e-07
3.677296586843860132e+04 9.804811312442457906e-08
3.721808081368813146e+04 9.548526673695413011e-08
3.766858356121154793e+04 9.298941089880859524e-08
3.812453932655296376e+04 9.055879342784031278e-08
3.858601411464463308e+04 8.819170925375153935e-08
3.905307472936190607e+04 8.588649853662590383e-08
3.952578878319390060e+04 8.364154325087375382e-08
4.000422470703120780e+04 8.145526789962673129e-08
4.048845176007205009e+04 7.932613982916148484e-08
4.097854003984836891e+04 7.725266487391577030e-08
4.147456049237326806e+04 7.523338750217303542e-08
4.197658492241124623e+04 7.326689189563301626e-08
4.248468600387281185e+04 7.135179857994400145e-08
4.299893729033487762e+04 6.948676295638064144e-08
4.351941322568848409e+04 6.767047703737496448e-08
4.404618915491544612e+04 6.590166706545689282e-08
4.457934133499539166e+04 6.417909135875849637e-08
4.511894694594487373e+04 6.250154132902731663e-08
4.566508410199010541e+04 6.086784085031577046e-08
4.621783186287483113e+04 5.927684326071226273e-08
4.677727024530523340e+04 5.772743189474522769e-08
4.734348023453323549e+04 5.621852053137779591e-08
4.791654379608009185e+04 5.474905053548176743e-08
4.849654388760182337e+04 5.331799008112470444e-08
4.908356447089835274e+04 5.192433578702876917e-08
4.967769052406791889e+04 5.056711017149326249e-08
5.027900805380869133e+04 4.924536035995670699e-08
5.088760410786919238e+04 4.795815922301970472e-08
5.150356678764949902e+04 4.670460422361329653e-08
5.212698526095501438e+04 4.548381538225514571e-08
5.275794977490443125e+04 4.429493600479250583e-08
5.339655166899419419e+04 4.313713273666696311e-08
5.404288338832079171e+04 4.200959306814702622e-08
5.469703849696344696e+04 4.091152535377589693e-08
5.535911169152850925e+04 3.984215980402068177e-08
5.602919881485788937e+04 3.880074629714340258e-08
5.670739686990348127e+04 3.778655359084551552e-08
5.739380403376946924e+04 3.679887046652429599e-08
5.808851967192451411e+04 3.583700433264446940e-08
5.879164435258628509e+04 3.490027986927696660e-08
5.950327986127962504e+04 3.398803986977782886e-08
6.022352921557136870e+04 3.309964488900573690e-08
6.095249667998330551e+04 3.223447136037481012e-08
6.169028778108567349e+04 3.139191193122512596e-08
6.243700932277333050e+04 3.057137601325760451e-08
6.319276940172695322e+04 2.977228796061378454e-08
6.395767742306125729e+04 2.899408661366054295e-08
6.473184411616255966e+04 2.823622638276663316e-08
6.551538155071838992e+04 2.749817578436966025e-08
6.630840315294066386e+04 2.677941656023148704e-08
6.711102372198554804e+04 2.607944455956052711e-08
6.792335944657200889e+04 2.539776907983937611e-08
6.874552792180146207e+04 2.473391158588060260e-08
6.957764816618096665e+04 2.408740611472189052e-08
7.041984063885267824e+04 2.345779956171395824e-08
7.127222725703164178e+04 2.284465016553241099e-08
7.213493141365471820e+04 2.224752730236609882e-08
7.300807799524324946e+04 2.166601243238447922e-08
7.389179339998165960e+04 2.109969770236645282e-08
7.478620555601535307e+04 2.054818538691595747e-08
7.569144393996951112e+04 2.001108874497305532e-08
7.660763959569252620e+04 1.948803121669726160e-08
7.753492515322615509e+04 1.897864556524402159e-08
7.847343484800511214e+04 1.848257430192315763e-08
7.942330454028939130e+04 1.799946980007858425e-08
8.038467173483148508e+04 1.752899300547585500e-08
8.135767560078190581e+04 1.707081353329926686e-08
8.234245699183554098e+04 1.662461027591504645e-08
8.333915846662176773e+04 1.619007025176384498e-08
8.434792430934164440e+04 1.576688823580838958e-08
8.536890055065458000e+04 1.535476755328493476e-08
8.640223498881816340e+04 1.495341923633701488e-08
8.744807721108349506e+04 1.456256146029617130e-08
8.850657861534976109e+04 1.418191998343856218e-08
8.957789243208096013e+04 1.381122804817994569e-08
9.066217374648762052e+04 1.345022545950796260e-08
9.175957952097734960e+04 1.309865873856003582e-08
9.287026861787693633e+04 1.275628152852094990e-08
9.399440182242947049e+04 1.242285365094566792e-08
9.513214186606995645e+04 1.209814086830439152e-08
9.628365344998257933e+04 1.178191559680141709e-08
9.744910326894310128e+04 1.147395608575235818e-08
9.862866003544995328e+04 1.117404605713655396e-08
9.982249450414720923e+04 1.088197513376430966e-08
1.010307794965434878e+05 1.059753860773289646e-08
1.022536899260297068e+05 1.032053680497563183e-08
1.034914028232000564e+05 1.005077525055098877e-08
1.047440973614789691e+05 9.788064936824264919e-09
1.060119548830589192e+05 9.532221543667187192e-09
1.072951589251514961e+05 9.283065328227717518e-09
1.085938952465567563e+05 9.040421699066083948e-09
1.099083518545539118e+05 8.804120486949397092e-09
1.112387190321175876e+05 8.573995715212163973e-09
1.125851893654636660e+05 8.349885998459937317e-09
1.139479577719280642e+05 8.131634245030715450e-09
1.153272215281835815e+05 7.919087224352019530e-09
1.167231802987979027e+05 7.712095732699669445e-09
1.181360361651374114e+05 7.510514756576450051e-09
1.195659936546207609e+05 7.314202834766930847e-09
1.210132597703267238e+05 7.123022060765803555e-09
1.224780440209601802e+05 6.936838487153211082e-09
1.239605584511811321e+05 6.755521527834755739e-09
1.254610176723004697e+05 6.578943808436673976e-09
1.269796388933474373e+05 6.406981526477731908e-09
1.285166419525134988e+05 6.239514130783030765e-09
1.300722493489761255e+05 6.076424031622251681e-09
1.316466862751083681e+05 5.917596768406575310e-09
1.332401806490779563e+05 5.762921058755209351e-09
1.348529631478412775e+05 5.612288347514824518e-09
1.364852672405364283e+05 5.465592826914624107e-09
1.381373292222805903e+05 5.322731731734548874e-09
1.398093882483767229e+05 5.183604851585651533e-09
1.415016863689338497e+05 5.048114436255025165e-09
1.432144685639066738e+05 4.916173063152997816e-09
1.449479827785595262e+05 4.787680400499154156e-09
1.467024799593590142e+05 4.662546096014613400e-09
1.484782140903017425e+05 4.540682357800532797e-09
1.502754422296812409e+05 4.422003801977553308e-09
1.520944245473003830e+05 4.306427138556179882e-09
1.539354243621336936e+05 4.193871204030225450e-09
1.557987081804463232e+05 4.084257165904284809e-09
1.576845457343734452e+05 3.977508129781395182e-09
1.595932100209674390e+05 3.873549107323306914e-09
1.615249773417174292e+05 3.772307247034880235e-09
1.634801273425469408e+05 3.673711567471404704e-09
1.654589430542960763e+05 3.577692831625108676e-09
1.674617109336935100e+05 3.484183690048746534e-09
1.694887209048245277e+05 3.393118616198768028e-09
1.715402664011007582e+05 3.304433693524626961e-09
1.736166444077381457e+05 3.218066655347105584e-09
1.757181555047493021e+05 3.133957009787283391e-09
1.778451039104555093e+05 3.052045744103823829e-09
1.799977975255262572e+05 2.972275326131659753e-09
1.821765479775512649e+05 2.894589860067538704e-09
1.843816706661524076e+05 2.818934873876135145e-09
1.866134848086413112e+05 2.745257235210569038e-09
1.888723134862298612e+05 2.673505276974114868e-09
1.911584836908000289e+05 2.603628711921757569e-09
1.934723263722397096e+05 2.535578490663099557e-09
1.958141764863517019e+05 2.469306846623928354e-09
1.981843730433423480e+05 2.404767355040737884e-09
2.005832591568972857e+05 2.341914730194322107e-09
2.030111820938511810e+05 2.280704832542990192e-09
2.054684933244585700e+05 2.221094775568295106e-09
2.079555485732735251e+05 2.163042756780684502e-09
2.104727078706446337e+05 2.106508002483684836e-09
2.130203356048339338e+05 2.051450876186889049e-09
2.155988005747660645e+05 1.997832785793787140e-09
2.182084760434163618e+05 1.945616090887753294e-09
2.208497397918452043e+05 1.894764148242523949e-09
2.235229741738859157e+05 1.845241328964496907e-09
2.262285661714952730e+05 1.797012881238804493e-09
2.289669074507734040e+05 1.750044940507340858e-09
2.317383944186622102e+05 1.704304601647119482e-09
2.345434282803299429e+05 1.659759781110969238e-09
2.373824150972501666e+05 1.616379196126919834e-09
2.402557658459839877e+05 1.574132436229594894e-09
2.431638964776737557e+05 1.532989884583669143e-09
2.461072279782568221e+05 1.492922655986234818e-09
2.490861864294084953e+05 1.453902640228367081e-09
2.521012030702216143e+05 1.415902493791223280e-09
2.551527143596341193e+05 1.378895548470848373e-09
2.582411620396113722e+05 1.342855824655674454e-09
2.613669931990932964e+05 1.307758071550312167e-09
2.645306603387162322e+05 1.273577667042975124e-09
2.677326214363170438e+05 1.240290610444375997e-09
2.709733400132312090e+05 1.207873569626724686e-09
2.742532852013929514e+05 1.176303815709342011e-09
2.775729318112462643e+05 1.145559182245502116e-09
2.809327604004836176e+05 1.115618104963640093e-09
2.843332573436063249e+05 1.086459599024657966e-09
2.877749149023364298e+05 1.058063199509987047e-09
2.912582312968769111e+05 1.030408976530683709e-09
2.947837107780347578e+05 1.003477551549757596e-09
2.983518637002170435e+05 9.772500295159066504e-10
3.019632065953104757e+05 9.517079966614829156e-10
3.056182622474562959e+05 9.268335516003294650e-10
3.093175597687283298e+05 9.026092510312744185e-10
3.130616346757289139e+05 8.790180852656335233e-10
3.168510289671105566e+05 8.560435112079219173e-10
3.206862912020374788e+05 8.336694239954887174e-10
3.245679765795950079e+05 8.118801190184000798e-10
3.284966470191617263e+05 7.906603073225133161e-10
3.324728712417535717e+05 7.699951169551028811e-10
3.364972248523534508e+05 7.498700478195676549e-10
3.405702904232357978e+05 7.302709725158811873e-10
3.446926575783016742e+05 7.111841563183203625e-10
3.488649230784332030e+05 6.925962110041130344e-10
3.530876909078817116e+05 6.744940864351034729e-10
3.573615723617017502e+05 6.568650903717538616e-10
3.616871861342431512e+05 6.396968631166604648e-10
3.660651584087140509e+05 6.229773530800386881e-10
3.704961229478285532e+05 6.066948315465149780e-10
3.749807211855510832e+05 5.908378851134684868e-10
3.795196023199512856e+05 5.753953864040165797e-10
3.841134234071837272e+05 5.603564976587637494e-10
3.887628494566035806e+05 5.457106786706226314e-10
3.934685535270351684e+05 5.314476549455552379e-10
3.982312168242048356e+05 5.175574141855928992e-10
4.030515287993534002e+05 5.040302186069055431e-10
4.079301872490427340e+05 4.908565827605442379e-10
4.128678984161688131e+05 4.780272583544396124e-10
4.178653770922003896e+05 4.655332478650964142e-10
4.229233467206518981e+05 4.533657921283366662e-10
4.280425395018110867e+05 4.415163520031713120e-10
4.332236964987334795e+05 4.299766134094591861e-10
4.384675677445197944e+05 4.187384875223722135e-10
4.437749123508921475e+05 4.077940894832347487e-10
4.491464986180844717e+05 3.971357376699345597e-10
4.545831041460626293e+05 3.867559610081563680e-10
4.600855159470913350e+05 3.766474794563176341e-10
4.656545305596630205e+05 3.668031967288871791e-10
4.712909541638069786e+05 3.572162101255159772e-10
4.769956026977926376e+05 3.478797974495769514e-10
4.827693019762459444e+05 3.387874057703034105e-10
4.886128878096965491e+05 3.299326570131419811e-10
4.945272061255704612e+05 3.213093435943821987e-10
5.005131130906479084e+05 3.129114145137523244e-10
5.065714752350046183e+05 3.047329764061728772e-10
5.127031695774503169e+05 2.967682969897655454e-10
5.189090837524890085e+05 2.890117886527609374e-10
5.251901161388139008e+05 2.814580070370551805e-10
5.315471759893584531e+05 2.741016562328106959e-10
5.379811835629205452e+05 2.669375773056612807e-10
5.444930702573817689e+05 2.599607415504702228e-10
5.510837787445377326e+05 2.531662560841627066e-10
5.577542631065609166e+05 2.465493570377220740e-10
5.645054889741147636e+05 2.401054007609673821e-10
5.713384336661410052e+05 2.338298662191016059e-10
5.782540863313369919e+05 2.277183544181085570e-10
5.852534480913470034e+05 2.217665772031445808e-10
5.923375321856864030e+05 2.159703575928795821e-10
5.995073641184197040e+05 2.103256324448139941e-10
6.067639818066143198e+05 2.048284425423529344e-10
6.141084357305915328e+05 1.994749288718523838e-10
6.215417890859955223e+05 1.942613378987605312e-10
6.290651179377029184e+05 1.891840136946450523e-10
6.366795113755967468e+05 1.842393926383448298e-10
6.443860716722242068e+05 1.794240064602531009e-10
6.521859144423638936e+05 1.747344793347461720e-10
6.600801688045238843e+05 1.701675203630108568e-10
6.680699775443947874e+05 1.657199249060009523e-10
6.761564972802818520e+05 1.613885756257381024e-10
6.843408986305381404e+05 1.571704337371199498e-10
6.926243663830261212e+05 1.530625383610160934e-10
7.010080996666291030e+05 1.490620097629113834e-10
7.094933121248362586e+05 1.451660422742730878e-10
7.180812320914432639e+05 1.413719011093427603e-10
7.267731027683507418e+05 1.376769256150597978e-10
7.355701824055446777e+05 1.340785251505824004e-10
7.444737444832378533e+05 1.305741741537245248e-10
7.534850778962231707e+05 1.271614140982221714e-10
7.626054871404550504e+05 1.238378530263558649e-10
7.718362925018909154e+05 1.206011586766390001e-10
7.811788302476174431e+05 1.174490594183894517e-10
7.906344528192922007e+05 1.143793458380518855e-10
8.002045290289240656e+05 1.113898647812906371e-10
8.098904442570246756e+05 1.084785175295999186e-10
8.196936006531603634e+05 1.056432629868124013e-10
8.296154173389271600e+05 1.028821130699733627e-10
8.396573306133870501e+05 1.001931295695599495e-10
8.498207941609886475e+05 9.757442646240638425e-11
8.601072792620043037e+05 9.502416815497582979e-11
8.705182750055161305e+05 9.254056476888026415e-11
8.810552885049786419e+05 9.012187347626969433e-11
8.917198451163910795e+05 8.776639915147470312e-11
9.025134886591103859e+05 8.547248939506818026e-11
9.134377816393374233e+05 8.323853362004064269e-11
9.244943054763076361e+05 8.106296601445513184e-11
9.356846607312209671e+05 7.894426090097535097e-11
9.470104673389400123e+05 7.688093082640766806e-11
9.584733648424963467e+05 7.487152895223736962e-11
9.700750126304326113e+05 7.291464663909976507e-11
9.818170901770188939e+05 7.100891025394284518e-11
9.937012972853756510e+05 6.915298267386210843e-11
1.005729354333540308e+06 6.734556334799972700e-11
1.017903002523513278e+06 6.558538401092731526e-11
1.030224004133315524e+06 6.387120896422710246e-11
1.042694142772099702e+06 6.220183687254133857e-11
1.055315223638348747e+06 6.057609691222753060e-11
1.068089073781199288e+06 5.899284755840105835e-11
1.081017542364928173e+06 5.745097888665766618e-11
1.094102500936640892e+06 5.594940990438893949e-11
1.107345843697198899e+06 5.448708642352957476e-11
1.120749487775430316e+06 5.306298266367073326e-11
1.134315373505652882e+06 5.167610063169040144e-11
1.148045464708562475e+06 5.032546699455345138e-11
1.161941748975518392e+06 4.901013368309682613e-11
1.176006237956270808e+06 4.772917899934427581e-11
1.190240967650170671e+06 4.648170443873042417e-11
1.204647998700903496e+06 4.526683395612056012e-11
1.219229416694792453e+06 4.408371608667939448e-11
1.233987332462711958e+06 4.293152127561882232e-11
1.248923882385653444e+06 4.180944049104291907e-11
1.264041228703993605e+06 4.071668682247209610e-11
1.279341559830501676e+06 3.965249440136681793e-11
1.294827090667140204e+06 3.861611626677652529e-11
1.310500062925695907e+06 3.760682502849984476e-11
1.326362745452295057e+06 3.662391353328644497e-11
1.342417434555844869e+06 3.566669223226515058e-11
1.358666454340451397e+06 3.473448886174714478e-11
1.375112157041860744e+06 3.382665020949863087e-11
1.391756923367972020e+06 3.294253967369227725e-11
1.408603162843474420e+06 3.208153636484751450e-11
1.425653314158651978e+06 3.124303661717724732e-11
1.442909845522413962e+06 3.042645269578412155e-11
1.460375255019596545e+06 2.963121136225313798e-11
1.478052070972589776e+06 2.885675453897446438e-11
1.495942852307341760e+06 2.810253967620178210e-11
1.514050188923793146e+06 2.736803753751550961e-11
1.532376702070796397e+06 2.665273232635155435e-11
1.550925044725570129e+06 2.595612288166545239e-11
1.569697901977750706e+06 2.527772067448644912e-11
1.588697991418089252e+06 2.461704920455376250e-11
1.607928063531855121e+06 2.397364538004546963e-11
1.627390902097000740e+06 2.334705816800299010e-11
1.647089324587146286e+06 2.273684764951210385e-11
1.667026182579440530e+06 2.214258569365362841e-11
1.687204362167362357e+06 2.156385594337951684e-11
1.707626784378515556e+06 2.100034748656299585e-11
1.728296405597479548e+06 2.045462032526692905e-11
1.749216217993785162e+06 1.992668941008186900e-11
1.770389249955062522e+06 1.941661880082257521e-11
1.791818566525436006e+06 1.892451790526626943e-11
1.813507269849227509e+06 1.845053595090380381e-11
1.835458499620025745e+06 1.799485377637847263e-11
1.857675433535194024e+06 1.755767462865967290e-11
1.880161287755880505e+06 1.713921386636641650e-11
1.902919317372594262e+06 1.673968704683193425e-11
1.925952816876416327e+06 1.635929678489409566e-11
1.949265120635919971e+06 1.599822014886410467e-11
1.972859603379853535e+06 1.565659595263853352e-11
1.996739680685676867e+06 1.533451147998562546e-11
2.020908809474004898e+06 1.503199143599414846e-11
2.045370488509036135e+06 1.474898814855386845e-11
2.070128258905039402e+06 1.448537261665726314e-11
2.095185704638975672e+06 1.424092830023883892e-11
2.120546453069314361e+06 1.401534731475217786e-11
2.146214175461142324e+06 1.380822852337491925e-11
2.172192587517616805e+06 1.361907786123789136e-11
