1.948451219325752959e+01 1.792441386117075682e-04
1.971826249064581660e+01 3.657363002971519145e-04
1.995487598709091515e+01 7.163723757935940017e-04
2.019438775381594908e+01 1.344804135235345283e-03
2.043683329163024709e+01 2.418442349277540732e-03
2.068224853619119230e+01 4.161768672110668921e-03
2.093066986333091251e+01 6.862858800756654887e-03
2.118213409444767237e+01 1.085761935821201452e-02
2.143667850196377600e+01 1.645853790405377159e-02
2.169434081485008292e+01 2.398282045559746445e-02
2.195515922421830624e+01 3.367576138934080809e-02
2.221917238898161528e+01 4.567765046511995664e-02
2.248641944158504913e+01 5.993334979371300886e-02
2.275693999380536425e+01 7.559666596137804007e-02
2.303077414262263289e+01 9.108210225841117946e-02
2.330796247616341788e+01 1.061685946114848678e-01
2.358854607971671413e+01 1.211660770655615948e-01
2.387256654182393589e+01 1.364395701607408196e-01
2.416006596044288557e+01 1.522739138185602581e-01
2.445108694918782533e+01 1.686835985362140633e-01
2.474567264364563357e+01 1.853782312604866922e-01
2.504386670776946744e+01 2.021678456057613982e-01
2.534571334035062051e+01 2.190648526077297875e-01
2.565125728156999685e+01 2.361023823988688264e-01
2.596054381962918356e+01 2.532508213017841125e-01
2.627361879746342055e+01 2.704579535260995815e-01
2.659052861953639990e+01 2.876670816769455463e-01
2.691132025871839772e+01 3.048795044068064453e-01
2.723604126324884334e+01 3.220263505000611204e-01
2.756473976378373081e+01 3.389831514020889003e-01
2.789746448052975580e+01 3.556810915663597417e-01
2.823426473046572482e+01 3.721011444374402455e-01
2.857519043465233111e+01 3.881773720075474277e-01
2.892029212563150864e+01 4.038895852745949533e-01
2.926962095491668236e+01 4.192496668519432035e-01
2.962322870057415258e+01 4.342107031239432757e-01
2.998116777489796903e+01 4.487440677121330435e-01
3.034349123217852195e+01 4.628527932555042135e-01
3.071025277656618968e+01 4.765003358012349644e-01
3.108150677003184725e+01 4.895843929137704276e-01
3.145730824042397344e+01 5.019944563566385298e-01
3.183771288962524437e+01 5.136781041981475227e-01
3.222277710180876653e+01 5.246285419918068627e-01
3.261255795179530992e+01 5.348368891539121428e-01
3.300711321351307959e+01 5.442781171961947884e-01
3.340650136856124419e+01 5.528602794114312324e-01
3.381078161487778289e+01 5.604623840578839555e-01
3.422001387551416229e+01 5.670561222837089410e-01
3.463425880751723440e+01 5.726357175561882507e-01
3.505357781091970537e+01 5.771687549575030829e-01
3.547803303784135665e+01 5.806731873685082590e-01
3.590768740170081941e+01 5.831579172390242150e-01
3.634260458654105008e+01 5.846073862715752689e-01
3.678699384291450514e+01 5.849902540587019750e-01
3.724561912312491785e+01 5.841696641441584958e-01
3.770982047797515690e+01 5.821421766728751557e-01
3.817966570269980764e+01 5.790564949836665143e-01
3.865522341680375717e+01 5.750051247110916641e-01
3.913656307408398760e+01 5.699533856136951293e-01
3.962375497277347591e+01 5.638919207401502653e-01
4.011687026580747073e+01 5.569326838491819309e-01
4.061598097121549245e+01 5.492300374867076229e-01
4.112115998263945471e+01 5.408788937187951618e-01
4.163248107997921466e+01 5.319111041367867720e-01
4.215001894016811690e+01 5.223744166101651487e-01
4.267384914807956164e+01 5.123717444445499147e-01
4.320404820756537134e+01 5.020067006992552372e-01
4.374069355262965786e+01 4.913703484041165304e-01
4.428386355873718827e+01 4.805603083403322540e-01
4.483363755426017860e+01 4.696598297839944536e-01
4.539009583206424026e+01 4.587293875354689909e-01
4.595331966123433887e+01 4.478186181029171209e-01
4.652339129894421887e+01 4.369758010251818536e-01
4.710039400247008956e+01 4.262572447559578315e-01
4.768441204134948919e+01 4.157187155910679888e-01
4.827553070968895810e+01 4.053889871412594825e-01
4.887383633862128107e+01 3.952863606695293797e-01
4.947941630891310183e+01 3.854416102943070133e-01
5.009235906372759217e+01 3.758807799279402229e-01
5.071275412154044915e+01 3.666058673910337351e-01
5.134069208921416561e+01 3.576104381620179851e-01
5.197626467523124916e+01 3.488942390207230293e-01
5.261956470308732037e+01 3.404588815608888819e-01
5.327068612484799104e+01 3.323039548600292825e-01
5.392972403487063815e+01 3.244279486372620980e-01
5.459677468369200426e+01 3.168231089886917040e-01
5.527193549208560341e+01 3.094734910106737846e-01
5.595530506529015469e+01 3.023643179848447549e-01
5.664698320740978232e+01 2.954863417870765563e-01
5.734707093599056549e+01 2.888288352536096948e-01
5.805567049677412683e+01 2.823766820865902805e-01
5.877288537862967388e+01 2.761144667777963857e-01
5.949882032866850778e+01 2.700299078260377517e-01
6.023358136754252712e+01 2.641119255486437112e-01
6.097727580492738042e+01 2.583500500090563090e-01
6.173001225519509916e+01 2.527349088585892911e-01
6.249190065327741195e+01 2.472578354542995793e-01
6.326305227072048609e+01 2.419135656163653447e-01
6.404357973193633313e+01 2.366976884942828541e-01
6.483359703065151791e+01 2.316052190640969233e-01
6.563321954655499724e+01 2.266304467580994020e-01
6.644256406214921640e+01 2.217694478341778463e-01
6.726174877980629674e+01 2.170189439035707935e-01
6.809089333903042984e+01 2.123761168803033339e-01
6.893011883393110395e+01 2.078364015200635517e-01
6.977954783090910951e+01 2.033955525680948284e-01
7.063930438655607702e+01 1.990500373577531734e-01
7.150951406577307523e+01 1.947970876471217805e-01
7.239030396010932122e+01 1.906352236021107149e-01
7.328180270632259408e+01 1.865619017532900159e-01
7.418414050516733482e+01 1.825743824039882668e-01
7.509744914040923902e+01 1.786701902925763585e-01
7.602186199807201206e+01 1.748470703128958137e-01
7.695751408591883092e+01 1.711041035842488789e-01
7.790454205316858349e+01 1.674394782675169280e-01
7.886308421045374928e+01 1.638511333923844404e-01
7.983328055002068879e+01 1.603365660709479279e-01
8.081527276617407551e+01 1.568940154514922858e-01
8.180920427597146727e+01 1.535219266749854317e-01
8.281522024016949501e+01 1.502188895020809545e-01
8.383346758442297642e+01 1.469840141407886547e-01
8.486409502074370437e+01 1.438157565172142327e-01
8.590725306921976312e+01 1.407126646067288211e-01
8.696309407999734731e+01 1.376729154630460528e-01
8.803177225553251617e+01 1.346949324410500193e-01
8.911344367311070869e+01 1.317775223155007724e-01
9.020826630764193510e+01 1.289197449096645132e-01
9.131640005473305166e+01 1.261205389271372601e-01
9.243800675403896605e+01 1.233787573856863773e-01
9.357325021289942413e+01 1.206931719050093887e-01
9.472229623026311174e+01 1.180625463977336143e-01
9.588531262090097584e+01 1.154854490041637982e-01
9.706246923991562880e+01 1.129608464161618864e-01
9.825393800754875429e+01 1.104876188088191880e-01
9.945989293428851852e+01 1.080648623548279286e-01
1.006805101462836660e+02 1.056915807395680806e-01
1.019159679110669572e+02 1.033665878066795107e-01
1.031664466635893262e+02 1.010892300139679678e-01
1.044321290325725897e+02 9.885865750404243535e-02
1.057131998671823681e+02 9.667417329807992399e-02
1.070098462640234942e+02 9.453468129099840134e-02
1.083222575944656398e+02 9.243917971617421347e-02
1.096506255323009356e+02 9.038644576043486367e-02
1.109951440817363135e+02 8.837572975633034567e-02
1.123560096057275501e+02 8.640627101691777945e-02
1.137334208546584620e+02 8.447759040505720129e-02
1.151275789953664344e+02 8.258874820883022050e-02
1.165386876405227099e+02 8.073888186537681033e-02
1.179669528783702788e+02 7.892720701503697089e-02
1.194125833028211474e+02 7.715284307423453392e-02
1.208757900439212989e+02 7.541519857444184405e-02
1.223567867986865849e+02 7.371352862302293918e-02
1.238557898623108713e+02 7.204727668439481203e-02
1.253730181597562421e+02 7.041581153946407934e-02
1.269086932777270533e+02 6.881828348381252569e-02
1.284630394970300813e+02 6.725408222293172145e-02
1.300362838253323332e+02 6.572265626374262926e-02
1.316286560303129534e+02 6.422343461287693955e-02
1.332403886732206786e+02 6.275563666242889305e-02
1.348717171428400547e+02 6.131873614395927374e-02
1.365228796898668406e+02 5.991210097400478940e-02
1.381941174617061847e+02 5.853505625313237815e-02
1.398856745376897095e+02 5.718704873041963177e-02
1.415977979647232985e+02 5.586740124014177855e-02
1.433307377933682858e+02 5.457567961972753512e-02
1.450847471143591179e+02 5.331135241534640246e-02
1.468600820955671225e+02 5.207389488544894585e-02
1.486570020194143069e+02 5.086272485630061180e-02
1.504757693207385785e+02 4.967735495779473931e-02
1.523166496251228637e+02 4.851735572895082838e-02
1.541799117876894627e+02 4.738215843718196485e-02
1.560658279323641011e+02 4.627150744579916486e-02
1.579746734916195408e+02 4.518483198576273008e-02
1.599067272467026442e+02 4.412185634098164666e-02
1.618622713683475070e+02 4.308202034694935678e-02
1.638415914579869650e+02 4.206493861336252360e-02
1.658449765894643804e+02 4.107000731611537558e-02
1.678727193512506233e+02 4.009679415208161624e-02
1.699251158891760269e+02 3.914476674307232340e-02
1.720024659496833124e+02 3.821343179494407494e-02
1.741050729236020231e+02 3.730244303033947162e-02
1.762332438904594767e+02 3.641133976343602363e-02
1.783872896633293124e+02 3.553994101967791752e-02
1.805675248342232067e+02 3.468782733386377437e-02
1.827742678200366981e+02 3.385480077835162360e-02
1.850078409090545506e+02 3.304039059557495328e-02
1.872685703080175017e+02 3.224427054259951242e-02
1.895567861897650630e+02 3.146611344912203512e-02
1.918728227414572700e+02 3.070546242749783161e-02
1.942170182133796743e+02 2.996199970717680627e-02
1.965897149683447083e+02 2.923529798366100718e-02
1.989912595316940838e+02 2.852498264943800765e-02
2.014220026419055500e+02 2.783073733884194878e-02
2.038822993018178522e+02 2.715216309445975251e-02
2.063725088304796316e+02 2.648894275050467373e-02
2.088929949156245698e+02 2.584076204793489540e-02
2.114441256667873574e+02 2.520742227091773979e-02
2.140262736690670522e+02 2.458851017927002336e-02
2.166398160375387363e+02 2.398376995601966821e-02
2.192851344723333682e+02 2.339306020453002510e-02
2.219626153143811393e+02 2.281598153500891124e-02
2.246726496018367527e+02 2.225230849293993729e-02
2.274156331271906311e+02 2.170180611881844523e-02
2.301919664950702611e+02 2.116418381753693012e-02
2.330020551807493803e+02 2.063915709506686236e-02
2.358463095893671948e+02 2.012641772226608783e-02
2.387251451158636542e+02 1.962566795187031810e-02
2.416389822056508194e+02 1.913667259007056920e-02
2.445882464160139307e+02 1.865922651600365745e-02
2.475733684782643138e+02 1.819302790237836698e-02
2.505947843606480774e+02 1.773776964120599153e-02
2.536529353320148630e+02 1.729328031510135588e-02
2.567482680262652934e+02 1.685933378639455082e-02
2.598812345075821213e+02 1.643575770843858086e-02
2.630522923364499661e+02 1.602225045485239363e-02
2.662619046364818018e+02 1.561868872787119944e-02
2.695105401620588736e+02 1.522481761468558181e-02
2.727986733667873978e+02 1.484044881348946243e-02
2.761267844727926217e+02 1.446536796741033915e-02
2.794953595408558158e+02 1.409941692129773605e-02
2.829048905413984585e+02 1.374239294293480573e-02
2.863558754263347623e+02 1.339404895606161050e-02
2.898488182017977124e+02 1.305417665590111187e-02
2.933842290017444725e+02 1.272255125943537457e-02
2.969626241624617364e+02 1.239903790735054356e-02
3.005845262979763675e+02 1.208339518511385158e-02
3.042504643763784316e+02 1.177548518951508638e-02
3.079609737970770880e+02 1.147510251718823759e-02
3.117165964689961584e+02 1.118206210959225844e-02
3.155178808897144336e+02 1.089627823044753141e-02
3.193653822255741375e+02 1.061755058594876511e-02
3.232596623927628343e+02 1.034574908104934909e-02
3.272012901393763400e+02 1.008070857491133454e-02
3.311908411284838962e+02 9.822249307600575130e-03
3.352288980222053283e+02 9.570249041651324173e-03
3.393160505668016071e+02 9.324560531545705855e-03
3.434528956788083178e+02 9.085054255274699342e-03
3.476400375322160130e+02 8.851531921285515914e-03
3.518780876467029088e+02 8.623886894262328129e-03
3.561676649769482310e+02 8.401953329139059956e-03
3.605093960030309290e+02 8.185555372299070653e-03
3.649039148219207505e+02 7.974587126580542917e-03
3.693518632400882780e+02 7.768910459299810389e-03
3.738538908672413186e+02 7.568383286396307419e-03
3.784106552111929318e+02 7.372879356806284756e-03
3.830228217738949752e+02 7.182289548562224846e-03
3.876910641486271061e+02 6.996464877680484695e-03
3.924160641183754592e+02 6.815356892047180759e-03
3.971985117554070825e+02 6.638817939198030094e-03
4.020391055220477483e+02 6.466709174569200413e-03
4.069385523726969609e+02 6.298935104098526971e-03
4.118975678570702712e+02 6.135393919373718918e-03
4.169168762247061863e+02 5.975969114026320750e-03
4.219972105307426204e+02 5.820523179159153848e-03
4.271393127429727201e+02 5.668966306419491452e-03
4.323439338502099076e+02 5.521194891840740249e-03
4.376118339719695314e+02 5.377089533935890120e-03
4.429437824694772985e+02 5.236505781790565250e-03
4.483405580580345031e+02 5.099472064067855914e-03
4.538029489207503957e+02 4.965920893991455920e-03
4.593317528236477187e+02 4.835765059876304117e-03
4.649277772321776183e+02 4.708936005838881833e-03
4.705918394291493883e+02 4.585371524392284348e-03
4.763247666340877799e+02 4.465017234929806456e-03
4.821273961240480048e+02 4.347799154944653743e-03
4.880005753559008213e+02 4.233650825334951684e-03
4.939451620900948683e+02 4.122512046972573452e-03
4.999620245159331944e+02 4.014324309269623470e-03
5.060520413783731328e+02 3.909034474275201176e-03
5.122161021063576527e+02 3.806583839800710412e-03
5.184551069427172934e+02 3.706903108649010903e-03
5.247699670756512660e+02 3.609935507385191034e-03
5.311616047717968740e+02 3.515622255935903911e-03
5.376309535109271565e+02 3.423908270294442890e-03
5.441789581222874403e+02 3.334738038533527349e-03
5.508065749225758054e+02 3.248042359816859931e-03
5.575147718556158907e+02 3.163752430784195352e-03
5.643045286337242032e+02 3.081804360986553637e-03
5.711768368807881870e+02 3.002135447172506882e-03
5.781327002770927947e+02 2.924680028967462792e-03
5.851731347059089785e+02 2.849373315191906092e-03
5.922991684018535352e+02 2.776146491696478841e-03
5.995118421010623706e+02 2.704932963442562011e-03
6.068122091931913928e+02 2.635661562655742390e-03
6.142013358752535623e+02 2.568263059853911207e-03
6.216803013073372313e+02 2.502672094359066624e-03
6.292501977702180511e+02 2.438823932526559130e-03
6.369121308248745663e+02 2.376663107818904191e-03
6.446672194739628594e+02 2.316117687315974449e-03
6.525165963252334222e+02 2.257132160723578779e-03
6.604614077569499386e+02 2.199655898268731979e-03
6.685028140853185050e+02 2.143640098201279182e-03
6.766419897339380896e+02 2.089038425966142226e-03
6.848801234053335065e+02 2.035808424773391870e-03
6.932184182545521480e+02 1.983909929490334373e-03
7.016580920648842721e+02 1.933303616387672605e-03
7.102003774257234454e+02 1.883956302896245411e-03
7.188465219125670274e+02 1.835836110440183452e-03
7.275977882692384355e+02 1.788921286308840092e-03
7.364554545922994748e+02 1.743155304495137142e-03
7.454208145177035476e+02 1.698501008957848182e-03
7.544951774097446560e+02 1.654936707432823340e-03
7.636798685522780943e+02 1.612442149299534930e-03
7.729762293422637640e+02 1.570997227278794067e-03
7.823856174856928192e+02 1.530581093759343647e-03
7.919094071958639915e+02 1.491172851608142322e-03
8.015489893940897446e+02 1.452751963986130893e-03
8.113057719128225926e+02 1.415297575310113173e-03
8.211811797012882153e+02 1.378789015758091069e-03
8.311766550335694319e+02 1.343205699695790983e-03
8.412936577192675713e+02 1.308526710606440838e-03
8.515336653166914402e+02 1.274731282494723228e-03
8.618981733486574512e+02 1.241799273560630773e-03
8.723886955208907921e+02 1.209710692784735087e-03
8.830067639431232465e+02 1.178445199967733531e-03
8.937539293528247981e+02 1.147982634692597606e-03
9.046317613417094208e+02 1.118303739825273271e-03
9.156418485849543458e+02 1.089389431610365139e-03
9.267857990732296685e+02 1.061220694240597173e-03
9.380652403475251049e+02 1.033778521140737289e-03
9.494818197368696246e+02 1.007044905684236283e-03
9.610372045989083745e+02 9.810023335212643414e-04
9.727330825634037410e+02 9.556330548370264161e-04
9.845711617787317209e+02 9.309194570061175150e-04
9.965531711613399466e+02 9.068448506249892488e-04
1.008680860648239332e+03 8.833934380170173004e-04
1.020956001452600844e+03 8.605488266596305474e-04
1.033380386322425466e+03 8.382949876549845511e-04
1.045955829802353492e+03 8.166168126277932246e-04
1.058684168498702775e+03 7.954994683507686168e-04
1.071567261347684735e+03 7.749284364601304390e-04
1.084606989886883866e+03 7.548895753934420014e-04
1.097805258530076799e+03 7.353691078348283464e-04
1.111163994845353045e+03 7.163536160996819904e-04
1.124685149836618393e+03 6.978300304224319128e-04
1.138370698228557785e+03 6.797856161044014620e-04
1.152222638755027674e+03 6.622079714931443373e-04
1.166242994450947890e+03 6.450850163301942441e-04
1.180433812947790329e+03 6.284049812842204888e-04
1.194797166772615810e+03 6.121564025345447441e-04
1.209335153650742086e+03 5.963281130868585897e-04
1.224049896812144425e+03 5.809092363459715525e-04
1.238943545301530094e+03 5.658891758181846393e-04
1.254018274292184060e+03 5.512576107926277225e-04
1.269276285403679822e+03 5.370044888385510154e-04
1.284719807023399881e+03 5.231200160548312578e-04
1.300351094631974092e+03 5.095946522010678242e-04
1.316172431132714109e+03 4.964191036641351154e-04
1.332186127185005489e+03 4.835843191140524674e-04
1.348394521541781614e+03 4.710814808755628240e-04
1.364799981391071242e+03 4.589019989370175800e-04
1.381404902701758147e+03 4.470375072056424585e-04
1.398211710573458276e+03 4.354798551986205878e-04
1.415222859590740427e+03 4.242211034439294370e-04
1.432440834181588116e+03 4.132535190276716806e-04
1.449868148980252272e+03 4.025695686745386394e-04
1.467507349194485641e+03 3.921619137298333613e-04
1.485361010977301476e+03 3.820234044514458568e-04
1.503431741803167142e+03 3.721470786299265442e-04
1.521722180848860944e+03 3.625261533428342578e-04
1.540234999378886869e+03 3.531540203495797149e-04
1.558972901135625534e+03 3.440242441456187183e-04
1.577938622734174487e+03 3.351305553831811744e-04
1.597134934062072261e+03 3.264668461138223177e-04
1.616564638683778412e+03 3.180271659590496944e-04
1.636230574250173504e+03 3.098057207965377105e-04
1.656135612912960141e+03 3.017968651633606662e-04
1.676282661744148299e+03 2.939950985257123485e-04
1.696674663160597220e+03 2.863950650507257091e-04
1.717314595353793266e+03 2.789915466453341680e-04
1.738205472724751417e+03 2.717794592819108845e-04
1.759350346324309157e+03 2.647538521448368487e-04
1.780752304298692025e+03 2.579099022037888503e-04
1.802414472340549992e+03 2.512429106003269581e-04
1.824340014145417399e+03 2.447482985056246597e-04
1.846532131873809249e+03 2.384216089473638334e-04
1.868994066618869738e+03 2.322584986877668060e-04
1.891729098879693311e+03 2.262547357175241809e-04
1.914740549040482620e+03 2.204061997256848062e-04
1.938031777855457221e+03 2.147088763800966173e-04
1.961606186939658301e+03 2.091588543677732302e-04
1.985467219265789254e+03 2.037523233799384652e-04
2.009618359667032337e+03 1.984855735754223818e-04
2.034063135345969386e+03 1.933549898354381888e-04
2.058805116389773957e+03 1.883570491521410154e-04
2.083847916291570527e+03 1.834883225753306934e-04
2.109195192478197896e+03 1.787454684921653200e-04
2.134850646844333824e+03 1.741252306879147518e-04
2.160818026293195999e+03 1.696244392063669688e-04
2.187101123283705419e+03 1.652400054553860177e-04
2.213703776384425055e+03 1.609689204498823776e-04
2.240629870834125086e+03 1.568082513284901718e-04
2.267883339109246663e+03 1.527551444026563603e-04
2.295468161498178233e+03 1.488068181766265177e-04
2.323388366682628657e+03 1.449605618681841079e-04
2.351648032325940676e+03 1.412137373238736733e-04
2.380251285668680339e+03 1.375637734735432952e-04
2.409202304131365054e+03 1.340081651122397664e-04
2.438505315924597198e+03 1.305444724096684744e-04
2.468164600666528258e+03 1.271703193337098831e-04
2.498184490007960903e+03 1.238833906890514022e-04
2.528569368264894820e+03 1.206814297105094497e-04
2.559323673058907843e+03 1.175622407622181967e-04
2.590451895965220046e+03 1.145236836268227407e-04
2.621958583168701807e+03 1.115636723950038951e-04
2.653848336127776292e+03 1.086801772607153254e-04
2.686125812246534679e+03 1.058712198652316016e-04
2.718795725554837645e+03 1.031348730037173365e-04
2.751862847396874713e+03 1.004692582854002864e-04
2.785332007127959059e+03 9.787254799319697676e-05
2.819208092819850663e+03 9.534296066475195404e-05
2.853496051974611873e+03 9.287875970458571266e-05
2.888200892247257798e+03 9.047825573256810736e-05
2.923327682176997314e+03 8.814032842263620684e-05
2.958881551927586315e+03 8.586283736369479391e-05
2.994867694036505782e+03 8.364420233695612356e-05
3.031291364173351667e+03 8.148290222782220062e-05
3.068157881907353840e+03 7.937745513080689871e-05
3.105472631484364229e+03 7.732641648213085805e-05
3.143241062613165013e+03 7.532838087209996637e-05
3.181468691261352888e+03 7.338197835858410994e-05
3.220161100460999023e+03 7.148587355490900255e-05
3.259323941124001522e+03 6.963876728879533906e-05
3.298962932867338168e+03 6.783939309787660916e-05
3.339083864848490975e+03 6.608651711416673076e-05
3.379692596610876535e+03 6.437893727690075819e-05
3.420795058939593673e+03 6.271548330954567624e-05
3.462397254727671225e+03 6.109501478550457762e-05
3.504505259852712243e+03 5.951642010107400854e-05
3.547125224064296617e+03 5.797861764852621632e-05
3.590263371882065258e+03 5.648055317462375748e-05
3.633926003504906475e+03 5.502119909337106242e-05
3.678119495730947165e+03 5.359955548797185011e-05
3.722850302888991337e+03 5.221464776891963835e-05
3.768124957781078592e+03 5.086552647937982174e-05
3.813950072636614095e+03 4.955126636653587073e-05
3.860332340078010020e+03 4.827096685879614726e-05
3.907278534098220916e+03 4.702375031923630797e-05
3.954795511049958350e+03 4.580876132722038873e-05
4.002890210647125059e+03 4.462516745034299367e-05
4.051569656978304465e+03 4.347215736153918399e-05
4.100840959532620218e+03 4.234894044283709844e-05
4.150711314237993065e+03 4.125474680468624224e-05
4.201188004512213411e+03 4.018882653769134628e-05
4.252278402326515788e+03 3.915044896192357640e-05
4.303989969282354650e+03 3.813890204934765890e-05
4.356330257701080882e+03 3.715349268495061856e-05
4.409306911726980616e+03 3.619354544623002269e-05
4.462927668443595394e+03 3.525840203156101671e-05
4.517200359003827543e+03 3.434742176368685675e-05
4.572132909773519714e+03 3.345998025553175445e-05
4.627733343489204344e+03 3.259546913655133856e-05
4.684009780429717466e+03 3.175329573250129178e-05
4.740970439602183433e+03 3.093288292300495250e-05
4.798623639942311456e+03 3.013366840036723086e-05
4.856977801529470526e+03 2.935510420635400108e-05
4.916041446816261669e+03 2.859665688102300024e-05
4.975823201873347898e+03 2.785780661803630848e-05
5.036331797649181681e+03 2.713804687196240341e-05
5.097576071245167441e+03 2.643688440737008137e-05
5.159564967206218171e+03 2.575383871213120842e-05
5.222307538827200005e+03 2.508844159024694112e-05
5.285812949475084679e+03 2.444023692965799788e-05
5.350090473927158200e+03 2.380878054010929852e-05
5.415149499725708665e+03 2.319363966142199513e-05
5.480999528548989474e+03 2.259439258645156855e-05
5.547650177598829032e+03 2.201062872635026679e-05
5.615111181005343497e+03 2.144194803288721981e-05
5.683392391248502463e+03 2.088796072040021161e-05
5.752503780597002333e+03 2.034828707935315757e-05
5.822455442564785699e+03 1.982255727145623594e-05
5.893257593385124892e+03 1.931041099564000368e-05
5.964920573502685329e+03 1.881149722633433164e-05
6.037454849083632325e+03 1.832547407935723087e-05
6.110871013544358902e+03 1.785200849362841261e-05
6.185179789098416222e+03 1.739077594098677811e-05
6.260392028322637088e+03 1.694146036303388028e-05
6.336518715742028689e+03 1.650375386310644864e-05
6.413570969434083963e+03 1.607735646050374874e-05
6.491560042652420634e+03 1.566197591867680159e-05
6.570497325470484611e+03 1.525732757597702475e-05
6.650394346444833900e+03 1.486313413701935947e-05
6.731262774299005287e+03 1.447912544427881992e-05
6.813114419627627285e+03 1.410503835231305305e-05
6.895961236621353237e+03 1.374061652878195289e-05
6.979815324812627296e+03 1.338561023484415035e-05
7.064688930842980881e+03 1.303977617331590849e-05
7.150594450251401213e+03 1.270287733559615493e-05
7.237544429284867874e+03 1.237468287440276311e-05
7.325551566730544437e+03 1.205496787526909753e-05
7.414628715770501913e+03 1.174351323499989511e-05
7.504788885858744834e+03 1.144010553762959200e-05
7.596045244621411257e+03 1.114453686389741381e-05
7.688411119779646469e+03 1.085660466601804026e-05
7.781900001096252709e+03 1.057611165513437233e-05
7.876525542345741087e+03 1.030286562746915630e-05
7.972301563308480581e+03 1.003667932382697821e-05
8.069242051788884964e+03 9.777370303863783165e-06
8.167361165658543541e+03 9.524760909891219506e-06
8.266673234923675409e+03 9.278678036980268838e-06
8.367192763818178719e+03 9.038953040134580083e-06
8.468934432921847474e+03 8.805421666710670846e-06
8.571913101304455267e+03 8.577923904946535560e-06
8.676143808695782354e+03 8.356303847309657479e-06
8.781641777682274551e+03 8.140409610552277282e-06
8.888422415930201169e+03 7.930093288424172821e-06
8.996501318435784924e+03 7.725210756633443224e-06
9.105894269802976851e+03 7.525621588532036173e-06
9.216617246548712501e+03 7.331189051535603909e-06
9.328686419436075084e+03 7.141779913063565845e-06
9.442118155836213191e+03 6.957264364728765315e-06
9.556929022118658395e+03 6.777515991599023393e-06
9.673135786070664835e+03 6.602411640460164590e-06
9.790755419346309282e+03 6.431831316322353289e-06
9.909805099945044276e+03 6.265658087126129241e-06
1.003030221472051926e+04 6.103778132932355198e-06
1.015226436191975154e+04 5.946080526334183720e-06
1.027570935375356930e+04 5.792457178326772932e-06
1.040065521899771011e+04 5.642802854064308410e-06
1.052712020562614998e+04 5.497015013321178152e-06
1.065512278347602114e+04 5.354993745997095047e-06
1.078468164694512416e+04 5.216641724237177171e-06
1.091581571772206371e+04 5.081864177741940262e-06
1.104854414754997379e+04 4.950568750354258842e-06
1.118288632102324118e+04 4.822665436816261073e-06
1.131886185841886436e+04 4.698066635997638109e-06
1.145649061856174922e+04 4.576686969426275477e-06
1.159579270172517863e+04 4.458443238312484740e-06
1.173678845256614841e+04 4.343254449794299035e-06
1.187949846309697568e+04 4.231041681766539112e-06
1.202394357569238855e+04 4.121728045308302045e-06
1.217014488613374488e+04 4.015238594143094499e-06
1.231812374668986922e+04 3.911500404654423514e-06
1.246790176923557374e+04 3.810442392262118172e-06
1.261950082840778305e+04 3.711995277485188849e-06
1.277294306480067098e+04 3.616091638621747107e-06
1.292825088819875782e+04 3.522665761861592550e-06
1.308544698085019445e+04 3.431653613278255277e-06
1.324455430077921665e+04 3.342992838994106319e-06
1.340559608513918283e+04 3.256622701507047850e-06
1.356859585360613164e+04 3.172484021401524181e-06
1.373357741181408710e+04 3.090519109550341089e-06
1.390056485483136930e+04 3.010671840703170492e-06
1.406958257068002604e+04 2.932887501700079283e-06
1.424065524389738493e+04 2.857112765936199858e-06
1.441380785914125772e+04 2.783295742835145800e-06
1.458906570483869291e+04 2.711385852326494696e-06
1.476645437687955746e+04 2.641333818944519750e-06
1.494599978235462549e+04 2.573091623162470851e-06
1.512772814333902170e+04 2.506612529881579066e-06
1.531166600072225810e+04 2.441850989356699397e-06
1.549784021808422585e+04 2.378762596372707461e-06
1.568627798561843156e+04 2.317309195377480479e-06
1.587700682410333866e+04 2.257453182991071519e-06
1.607005458892155002e+04 2.199143203979924750e-06
1.626544947412783404e+04 2.142339343464705890e-06
1.646322001656712746e+04 2.087002701082669613e-06
1.666339510004197655e+04 2.033095380473229509e-06
1.686600395953115003e+04 1.980580441259402810e-06
1.707107618545896912e+04 1.929421940637792170e-06
1.727864172801741370e+04 1.879584843565422383e-06
1.748873090153974044e+04 1.831034996903632770e-06
1.770137438892816863e+04 1.783739174375636644e-06
1.791660324613491321e+04 1.737664984071463678e-06
1.813444890669782399e+04 1.692780865548339122e-06
1.835494318633094736e+04 1.649056076761714208e-06
1.857811828757158946e+04 1.606460682177194302e-06
1.880400680448282219e+04 1.564965510597969561e-06
1.903264172741428774e+04 1.524542129114714743e-06
1.926405644781998126e+04 1.485162869143158385e-06
1.949828476313522697e+04 1.446800762592645524e-06
1.973536088171230585e+04 1.409429521409223055e-06
1.997531942781705948e+04 1.373023568270946538e-06
2.021819544668500384e+04 1.337557969872559991e-06
2.046402440964018024e+04 1.303008435947381212e-06
2.071284221927529143e+04 1.269351296306689888e-06
2.096468521469532061e+04 1.236563509875675181e-06
2.121959017682446574e+04 1.204622622537210720e-06
2.147759433377843379e+04 1.173506749309932416e-06
2.173873536630077797e+04 1.143194591041348640e-06
2.200305141326677767e+04 1.113665389311945024e-06
2.227058107725302762e+04 1.084898913881971529e-06
2.254136343017552281e+04 1.056875467380235677e-06
2.281543801899555183e+04 1.029575860530353959e-06
2.309284487149608321e+04 1.002981396217308242e-06
2.337362450212696422e+04 9.770738553719212168e-07
2.365781791792260265e+04 9.518355010570568446e-07
2.394546662449052019e+04 9.272490493376948169e-07
2.423661263207334923e+04 9.032976550003192907e-07
2.453129846168386939e+04 8.799649220197609215e-07
2.482956715131571400e+04 8.572348719110711740e-07
2.513146226222860059e+04 8.350919354267359666e-07
2.543702788531005353e+04 8.135209454355400881e-07
2.574630864751535046e+04 7.925071314392604497e-07
2.605934971838484125e+04 7.720361022966778077e-07
2.637619681664051313e+04 7.520938345464559386e-07
2.669689621686371174e+04 7.326666743568666413e-07
2.702149475625309060e+04 7.137413176305155470e-07
2.735003984146470975e+04 6.953047997511827818e-07
2.768257945553630634e+04 6.773444964935109415e-07
2.801916216489462022e+04 6.598481089246351826e-07
2.835983712644861589e+04 6.428036529125697110e-07
2.870465409476824425e+04 6.261994541209096787e-07
2.905366342935175271e+04 6.100241422704048882e-07
2.940691610197956470e+04 5.942666399191766203e-07
2.976446370415949787e+04 5.789161528979419727e-07
3.012635845466096362e+04 5.639621705245850925e-07
3.049265320714162590e+04 5.493944522147109683e-07
3.086340145786610810e+04 5.352030201436465420e-07
3.123865735351971671e+04 5.213781542540369876e-07
3.161847569911548635e+04 5.079103868390200393e-07
3.200291196599915202e+04 4.947904941332293267e-07
3.239202229995004745e+04 4.820094901608211851e-07
3.278586352938131313e+04 4.695586221260695861e-07
3.318449317363896989e+04 4.574293633587090888e-07
3.358796945140339812e+04 4.456134057005244589e-07
3.399635128919095587e+04 4.341026574941717329e-07
3.440969832996084733e+04 4.228892360318985510e-07
3.482807094182544097e+04 4.119654613043783264e-07
3.525153022686696931e+04 4.013238511571323307e-07
3.568013803006084345e+04 3.909571172229296740e-07
3.611395694830888533e+04 3.808581599032665936e-07
3.655305033958025160e+04 3.710200624390379913e-07
3.699748233216573863e+04 3.614360869629645226e-07
3.744731783404291491e+04 3.520996702735792048e-07
3.790262254235604632e+04 3.430044180262585240e-07
3.836346295301034843e+04 3.341441006016629571e-07
3.882990637038462592e+04 3.255126493293718669e-07
3.930202091715957795e+04 3.171041533984595757e-07
3.977987554426809947e+04 3.089128535848517433e-07
4.026354004096460994e+04 3.009331393355309131e-07
4.075308504501799325e+04 2.931595459105715387e-07
4.124858205302734859e+04 2.855867492528071121e-07
4.175010343086482317e+04 2.782095625647912994e-07
4.225772242424396973e+04 2.710229339741053589e-07
4.277151316941649566e+04 2.640219416339535552e-07
4.329155070400077238e+04 2.572017901760653091e-07
4.381791097794026427e+04 2.505578074301264283e-07
4.435067086459525308e+04 2.440854441123610918e-07
4.488990817197108117e+04 2.377802671503633480e-07
4.543570165408122557e+04 2.316379575738173636e-07
4.598813102244853508e+04 2.256543090822278139e-07
4.654727695774796302e+04 2.198252238808402686e-07
4.711322112158898381e+04 2.141467091296859538e-07
4.768604616844250268e+04 2.086148751816032969e-07
4.826583575771133474e+04 2.032259341513608386e-07
4.885267456594999385e+04 1.979761948924799585e-07
4.944664829922972422e+04 1.928620607988851620e-07
5.004784370565706922e+04 1.878800302015329760e-07
5.065634858804238320e+04 1.830266907792847396e-07
5.127225181672350300e+04 1.782987178167288147e-07
5.189564334254433197e+04 1.736928736858303035e-07
5.252661420999318943e+04 1.692060042293684500e-07
5.316525657049797155e+04 1.648350360979414981e-07
5.381166369588604721e+04 1.605769742337267849e-07
5.446592999200560735e+04 1.564289035356619645e-07
5.512815101251356828e+04 1.523879827895531214e-07
5.579842347283026174e+04 1.484514433584726838e-07
5.647684526426576485e+04 1.446165899720691933e-07
5.716351546831504675e+04 1.408807961155787083e-07
5.785853437112997199e+04 1.372415026156319361e-07
5.856200347816489375e+04 1.336962166985850475e-07
5.927402552900181763e+04 1.302425108229758149e-07
5.999470451235408837e+04 1.268780193303748207e-07
6.072414568125541700e+04 1.236004366538569871e-07
6.146245556842984661e+04 1.204075190050106275e-07
6.220974200185217342e+04 1.172970793745480333e-07
6.296611412049498176e+04 1.142669864915482564e-07
6.373168239026858646e+04 1.113151657993224972e-07
6.450655862015318417e+04 1.084395955739455515e-07
6.529085597853001673e+04 1.056383061815752047e-07
6.608468900970720279e+04 1.029093779139664731e-07
6.688817365065052581e+04 1.002509426849492126e-07
6.770142724791448563e+04 9.766117955511556645e-08
6.852456857478106394e+04 9.513831372576314606e-08
6.935771784860505431e+04 9.268061814565004022e-08
7.020099674837311613e+04 9.028640938178659473e-08
7.105452843247381679e+04 8.795404694564463158e-08
7.191843755668369704e+04 8.568193369446111880e-08
7.279285029237459821e+04 8.346851355563746496e-08
7.367789434493969020e+04 8.131227048862102125e-08
7.457369897244364256e+04 7.921172659564457350e-08
7.548039500450220658e+04 7.716544406529066181e-08
7.639811486138848704e+04 7.517202123815705406e-08
7.732699257337173913e+04 7.323009189717654384e-08
7.826716380029375432e+04 7.133832673887188699e-08
7.921876585138056544e+04 6.949542992461880513e-08
8.018193770529652829e+04 6.770013899198905888e-08
8.115682003044048906e+04 6.595122385652413112e-08
8.214355520549234643e+04 6.424783138805123362e-08
8.314228734020420234e+04 6.258851096392579830e-08
8.415316229644976556e+04 6.097204302343543836e-08
8.517632770952543069e+04 5.939732169227731349e-08
8.621193300971294229e+04 5.786326883964614443e-08
8.726012944410157797e+04 5.636883363766209571e-08
8.832107009868003661e+04 5.491299354864643857e-08
8.939490992069110507e+04 5.349475185370572751e-08
9.048180574126397551e+04 5.211313759273820361e-08
9.158191629831746104e+04 5.076720435922714219e-08
9.269540225974384521e+04 4.945603119747130189e-08
9.382242624687257921e+04 4.817872045992625194e-08
9.496315285822318401e+04 4.693439712063027602e-08
9.611774869354136172e+04 4.572220983126345150e-08
9.728638237813314481e+04 4.454132865882720297e-08
9.846922458749054931e+04 4.339094491228365712e-08
9.966644807221891824e+04 4.227027100285481637e-08
1.008782276832651405e+05 4.117853985653247102e-08
1.021047403974569315e+05 4.011500402416426196e-08
1.033461653433464671e+05 3.907893501580373347e-08
1.046026838273744652e+05 3.806962384253661019e-08
1.058744793603478611e+05 3.708637950325648986e-08
1.071617376842417289e+05 3.612852844438064266e-08
1.084646467993248807e+05 3.519541526394059002e-08
1.097833969916194328e+05 3.428640109624665200e-08
1.111181808606882842e+05 3.340086352948201763e-08
1.124691933477667189e+05 3.253819607577569273e-08
1.138366317642312642e+05 3.169780830178353420e-08
1.152206958204171387e+05 3.087912484465693505e-08
1.166215876547838270e+05 3.008158495053057037e-08
1.180395118634393584e+05 2.930464281327919556e-08
1.194746755300196382e+05 2.854776651324465577e-08
1.209272882559310237e+05 2.781043766459071187e-08
1.223975621909646288e+05 2.709215154958089720e-08
1.238857120642791415e+05 2.639241643582506932e-08
1.253919552157594735e+05 2.571075320327969021e-08
1.269165116277623893e+05 2.504669501099597453e-08
1.284596039572401351e+05 2.439978732233436637e-08
1.300214575682623690e+05 2.376958723329798469e-08
1.316023005649278348e+05 2.315566310103522233e-08
1.332023638246789924e+05 2.255759474466339622e-08
1.348218810320212797e+05 2.197497270714467606e-08
1.364610887126507005e+05 2.140739802182440164e-08
1.381202262679983687e+05 2.085448203044293069e-08
1.397995360101959668e+05 2.031584621098797147e-08
1.414992631974627147e+05 1.979112177189989120e-08
1.432196560699252877e+05 1.927994936232363537e-08
1.449609658858731855e+05 1.878197906514595806e-08
1.467234469584517356e+05 1.829686994524011396e-08
1.485073566928080982e+05 1.782428977036175243e-08
1.503129556236797944e+05 1.736391502469593896e-08
1.521405074534489249e+05 1.691543052257513817e-08
1.539902790906530281e+05 1.647852915711437810e-08
1.558625406889674196e+05 1.605291174815062503e-08
1.577575656866577337e+05 1.563828689839038389e-08
1.596756308465194015e+05 1.523437072527300146e-08
1.616170162962926843e+05 1.484088661632137257e-08
1.635820055695791089e+05 1.445756519467545480e-08
1.655708856472482439e+05 1.408414402101494218e-08
1.675839469993515813e+05 1.372036739079289191e-08
1.696214836275420967e+05 1.336598620496039131e-08
1.716837931080172420e+05 1.302075781999487461e-08
1.737711766349734971e+05 1.268444585849135340e-08
1.758839390645996900e+05 1.235682002500452338e-08
1.780223889595975343e+05 1.203765599411686767e-08
1.801868386342478625e+05 1.172673524351086954e-08
1.823776042000203161e+05 1.142384485342610063e-08
1.845950056117452914e+05 1.112877744306713719e-08
1.868393667143368511e+05 1.084133099374001018e-08
1.891110152900943358e+05 1.056130868031281873e-08
1.914102831065710634e+05 1.028851874292471556e-08
1.937375059650287440e+05 1.002277437930561268e-08
1.960930237494810717e+05 9.763893645863458977e-09
1.984771804763303662e+05 9.511699270342773718e-09
2.008903243446117558e+05 9.266018561666763987e-09
2.033328077868480759e+05 9.026683311462333063e-09
2.058049875205195858e+05 8.793529639879556692e-09
2.083072246001618623e+05 8.566397884626992103e-09
2.108398844700977497e+05 8.345132509096462678e-09
2.134033370178071491e+05 8.129582025100974131e-09
2.159979566279491119e+05 7.919598824264918368e-09
2.186241222370418254e+05 7.715039101806487172e-09
2.212822173888024699e+05 7.515762806399025968e-09
2.239726302901633608e+05 7.321633479864556071e-09
2.266957538679695863e+05 7.132518180860248661e-09
2.294519858263617789e+05 6.948287431901556426e-09
2.322417287048614526e+05 6.768815088128672657e-09
2.350653899371630687e+05 6.593978242523114311e-09
2.379233819106352166e+05 6.423657139512882646e-09
2.408161220265494485e+05 6.257735185458572283e-09
2.437440327610419772e+05 6.096098757210908614e-09
2.467075417268108285e+05 5.938637150969624836e-09
2.497070817355740874e+05 5.785242563456976791e-09
2.527430908612733474e+05 5.635809960976825473e-09
2.558160125040597050e+05 5.490237003068910518e-09
2.589262954550472205e+05 5.348423997534821921e-09
2.620743939618594595e+05 5.210273857528998377e-09
2.652607677949668723e+05 5.075691974537117261e-09
2.684858823148423107e+05 4.944586158546173866e-09
2.717502085399170755e+05 4.816866662501479107e-09
2.750542232153792866e+05 4.692446023083206045e-09
2.783984088827965898e+05 4.571239018526875498e-09
2.817832539505923050e+05 4.453162669168401890e-09
2.852092527653714060e+05 4.338136126313105877e-09
2.886769056841268321e+05 4.226080616593259771e-09
2.921867191473050043e+05 4.116919368922785200e-09
2.957392057527790312e+05 4.010577666951621254e-09
2.993348843307064380e+05 3.906982684686057199e-09
3.029742800193066942e+05 3.806063452886214155e-09
3.066579243415492820e+05 3.707750890348262245e-09
3.103863552827914245e+05 3.611977672272886699e-09
3.141601173693378805e+05 3.518678198027690335e-09
3.179797617479774053e+05 3.427788579720480876e-09
3.218458462664701510e+05 3.339246589534117332e-09
3.257589355550213368e+05 3.252991591474097273e-09
3.297196011087453226e+05 3.168964485252604216e-09
3.337284213711263728e+05 3.087107759729775037e-09
3.377859818185013137e+05 3.007365355849726883e-09
3.418928750455698464e+05 2.929682640598883244e-09
3.460497008519365918e+05 2.854006440560108822e-09
3.502570663297115243e+05 2.780284931641103255e-09
3.545155859521760140e+05 2.708467624611617943e-09
3.588258816635195981e+05 2.638505316507653854e-09
3.631885829696765286e+05 2.570350119696119938e-09
3.676043270302659948e+05 2.503955358958348117e-09
3.720737587516429485e+05 2.439275538326457141e-09
3.765975308810867718e+05 2.376266390140572678e-09
3.811763041021339013e+05 2.314884761927401841e-09
3.858107471310643596e+05 2.255088599247991374e-09
3.905015368145689717e+05 2.196836967517696723e-09
3.952493582286038436e+05 2.140089976099264916e-09
4.000549047784390859e+05 2.084808763701137985e-09
4.049188782999299583e+05 2.030955446746175854e-09
4.098419891620199196e+05 1.978493168266686160e-09
4.148249563704809989e+05 1.927385999275815230e-09
4.198685076729338034e+05 1.877598916666254877e-09
4.249733796651206794e+05 1.829108214004304203e-09
4.301403178984937258e+05 1.781871532747378415e-09
4.353700769890944357e+05 1.735854671984264301e-09
4.406634207277661772e+05 1.691026127705056489e-09
4.460211221916971845e+05 1.647355225853049150e-09
4.514439638573379489e+05 1.604812074138154939e-09
4.569327377146652434e+05 1.563367533215204417e-09
4.624882453828632715e+05 1.522993252331608871e-09
4.681112982273894595e+05 1.483661594354687447e-09
4.738027174784769886e+05 1.445345620257188348e-09
4.795633343510640552e+05 1.408019119050640750e-09
4.853939901662049815e+05 1.371656538815667294e-09
4.912955364739262150e+05 1.336232988322202606e-09
4.972688351776070776e+05 1.301724207454156726e-09
5.033147586598498165e+05 1.268106585780372597e-09
5.094341899098930298e+05 1.235357111798597030e-09
5.156280226525609614e+05 1.203453355038677073e-09
5.218971614788039005e+05 1.172373489375188082e-09
5.282425219777947059e+05 1.142096239569109849e-09
5.346650308706623036e+05 1.112600873220083857e-09
5.411656261458280496e+05 1.083867202073641539e-09
5.477452571959984489e+05 1.055875560401670994e-09
5.544048849568234291e+05 1.028606786491234877e-09
5.611454820472311694e+05 1.002042205825401125e-09
5.679680329114807537e+05 9.761636417130035226e-10
5.748735339629425434e+05 9.509533797143266315e-10
5.818629937296136050e+05 9.263941534919779275e-10
5.889374330014126608e+05 9.024691600300713943e-10
5.960978849792669062e+05 8.791620217200517678e-10
6.033453954259995371e+05 8.564567820487062283e-10
6.106810228190652560e+05 8.343378936732110517e-10
6.181058385051434161e+05 8.127902191633045256e-10
6.256209268565968378e+05 7.917990083356034511e-10
6.332273854298446095e+05 7.713498861708799819e-10
6.409263251256580697e+05 7.514288592570053303e-10
6.487188703513985965e+05 7.320222910640919510e-10
6.566061591852378333e+05 7.131168921157035468e-10
6.645893435423761839e+05 6.946997233533774684e-10
6.726695893432691228e+05 6.767581782503725974e-10
6.808480766839084681e+05 6.592799734505300478e-10
6.891260000081756152e+05 6.422531411911622692e-10
6.975045682822741801e+05 6.256660278838749871e-10
7.059850051713165594e+05 6.095072788706715877e-10
7.145685492180136498e+05 5.937658286608718701e-10
7.232564540235796012e+05 5.784309043958804644e-10
7.320499884308066685e+05 5.634920088401638907e-10
7.409504367093801266e+05 5.489389137020251931e-10
7.499590987434313865e+05 5.347616551874138484e-10
7.590772902214024216e+05 5.209505287660934690e-10
7.683063428281740053e+05 5.074960794772190265e-10
7.776476044395766221e+05 4.943890949288676236e-10
7.871024393192304997e+05 4.816206036200132854e-10
7.966722283177984646e+05 4.691818648819991308e-10
8.063583690746434731e+05 4.570643612465976367e-10
8.161622762219709111e+05 4.452597984990122355e-10
8.260853815914058359e+05 4.337600960059596429e-10
8.361291344231313560e+05 4.225573804467723970e-10
8.462950015775315696e+05 4.116439814305658397e-10
8.565844677494302159e+05 4.010124279175123336e-10
8.669990356849111849e+05 3.906554418113372829e-10
8.775402264008144848e+05 3.805659316668019442e-10
8.882095794068488758e+05 3.707369908094222192e-10
8.990086529304566793e+05 3.611618908676235039e-10
9.099390241443745326e+05 3.518340761502348327e-10
9.210022893969786819e+05 3.427471602902746804e-10
9.322000644454298308e+05 3.338949222311571290e-10
9.435339846916387323e+05 3.252713018677565097e-10
9.550057054211199284e+05 3.168703947512375950e-10
9.666169020447481889e+05 3.086864493560653306e-10
9.783692703434360446e+05 3.007138631650293065e-10
9.902645267158017959e+05 2.929471773664022624e-10
1.002304408428847557e+06 2.853810748756512127e-10
1.014490673871671199e+06 2.780103763789767417e-10
1.026825102812280762e+06 2.708300355962125901e-10
1.039309496657533105e+06 2.638351360396689717e-10
1.051945678716211347e+06 2.570208880839486510e-10
1.064735494465318508e+06 2.503826272061048871e-10
1.077680811819607159e+06 2.439158083047225647e-10
1.090783521404372063e+06 2.376160036319228217e-10
1.104045536831574980e+06 2.314789005530671972e-10
1.117468794979336439e+06 2.255002974314310995e-10
1.131055256274791900e+06 2.196761006371000995e-10
1.144806904980415944e+06 2.140023224072381477e-10
1.158725749483818887e+06 2.084750787835288464e-10
1.172813822591050062e+06 2.030905851935073125e-10
1.187073181823512306e+06 1.978451544013269155e-10
1.201505909718423849e+06 1.927351958204981274e-10
1.216114114132995252e+06 1.877572107166442199e-10
1.230899928552260157e+06 1.829077904485229922e-10
1.245865512400672771e+06 1.781836153315354096e-10
1.261013051357464399e+06 1.735814511830796013e-10
1.276344757675892906e+06 1.690981467338126192e-10
1.291862870506293606e+06 1.647306313496570694e-10
1.307569656223137397e+06 1.604759157783684247e-10
1.323467408756005345e+06 1.563310867473700247e-10
1.339558449924623827e+06 1.522933056961014754e-10
1.355845129777935334e+06 1.483598087543647152e-10
1.372329826937356731e+06 1.445279027956033623e-10
1.389014948944122763e+06 1.407949637933947191e-10
1.405902932610941585e+06 1.371584357621523541e-10
1.422996244377861265e+06 1.336158294022561636e-10
1.440297380672496511e+06 1.301647189566734005e-10
1.457808868274602573e+06 1.268027405529423441e-10
1.475533264685143717e+06 1.235275931984002381e-10
1.493473158499762882e+06 1.203370343100562466e-10
1.511631169786877930e+06 1.172288786738088196e-10
1.530009950470312964e+06 1.142009988136825741e-10
1.548612184716610005e+06 1.112513216714407371e-10
1.567440589327047579e+06 1.083778274830792784e-10
1.586497914134404622e+06 1.055785478593385838e-10
1.605786942404577974e+06 1.028515670592389972e-10
1.625310491243082564e+06 1.001950177933309727e-10
1.645071412006459897e+06 9.760708028535131385e-11
1.665072590718723135e+06 9.508598335800670870e-11
1.685316948492849944e+06 9.263000073392005130e-11
1.705807441957390169e+06 9.023916341654468996e-11
1.726547063688281225e+06 8.792320837417265137e-11
1.747538842645921977e+06 8.568224619784410174e-11
1.768785844617519062e+06 8.351659411476275178e-11
1.790291172664847923e+06 8.142675932721827171e-11
1.812057967577448348e+06 7.941341231767687139e-11
1.834089408331308281e+06 7.747735361900907345e-11
1.856388712553157937e+06 7.561947672897677473e-11
1.878959136990409112e+06 7.384072396810909021e-11
1.901803977986770216e+06 7.214203329855295415e-11
1.924926571963678347e+06 7.052428754593561654e-11
1.948330295907578664e+06 6.898826109347919967e-11
1.972018567863099510e+06 6.753456269127164077e-11
1.995994847432265058e+06 6.616358383744609318e-11
2.020262636279776460e+06 6.487545199931134441e-11
2.044825478644392220e+06 6.366998785425937529e-11
2.069686961856565904e+06 6.254666807074123133e-11
2.094850716862370726e+06 6.150460027891492430e-11
2.120320418753755279e+06 6.054250743012632988e-11
2.146099787305341568e+06 5.965871619316434047e-11
2.172192587517616805e+06 5.885116149026126406e-11
