1.817849119063044228e+01 2.318611113001967962e-04
1.839456235330850475e+01 4.725393589811532988e-04
1.861325723089899142e+01 9.224032116538771753e-04
1.883460768272021468e+01 1.721165115947675267e-03
1.905864595495260971e+01 3.068768612240441868e-03
1.928540468533648422e+01 5.228586103826777381e-03
1.951491690792663647e+01 8.521573369614440785e-03
1.974721605790462675e+01 1.330599899109102813e-02
1.998233597644979653e+01 1.996256207228430668e-02
2.022031091566889316e+01 2.884491703844971333e-02
2.046117554358624702e+01 4.021781182052097670e-02
2.070496494919403929e+01 5.416294538143878734e-02
2.095171464756396418e+01 7.021678876917247791e-02
2.120146058502121988e+01 8.640697570362781965e-02
2.145423914438089597e+01 1.029563394782303520e-01
2.171008715024842317e+01 1.194359822947027583e-01
2.196904187438410361e+01 1.360740125740644846e-01
2.223114104113274792e+01 1.531943455909464680e-01
2.249642283291946399e+01 1.710203673881544040e-01
2.276492589581181036e+01 1.894525697145538201e-01
2.303668934515005873e+01 2.082086541053930207e-01
2.331175277124523859e+01 2.272885708933518600e-01
2.359015624514672282e+01 2.467452228568045580e-01
2.387194032447980163e+01 2.665454338870401063e-01
2.415714605935383830e+01 2.865684262060282927e-01
2.444581499834278659e+01 3.066263074434829594e-01
2.473798919453770395e+01 3.266646581078987976e-01
2.503371121167310420e+01 3.467507738534145734e-01
2.533302413032764022e+01 3.668618992848533544e-01
2.563597155419987672e+01 3.869564462175556496e-01
2.594259761646069151e+01 4.069877007646992562e-01
2.625294698618245448e+01 4.268480885812870884e-01
2.656706487484634849e+01 4.464911370661719392e-01
2.688499704292887316e+01 4.659199344565172485e-01
2.720678980656790458e+01 4.851300570472925067e-01
2.753249004431040348e+01 5.041067791935121001e-01
2.786214520394140592e+01 5.227771419525779617e-01
2.819580330939624346e+01 5.410277013703883586e-01
2.853351296775648649e+01 5.588150573403056764e-01
2.887532337633128066e+01 5.761462334592939438e-01
2.922128432982418644e+01 5.930217111947551079e-01
2.957144622758722718e+01 6.094367659855404185e-01
2.992586008096313677e+01 6.252948188852260891e-01
3.028457752071660991e+01 6.405083246638767491e-01
3.064765080455565993e+01 6.550715196749226088e-01
3.101513282474484257e+01 6.689119440615707290e-01
3.138707711581029969e+01 6.819240687509633414e-01
3.176353786233875809e+01 6.940348709373798108e-01
3.214456990687086346e+01 7.051755396367527240e-01
3.253022875789098833e+01 7.152948637929441578e-01
3.292057059791340379e+01 7.243965883547054396e-01
3.331565229166694309e+01 7.324708430194017961e-01
3.371553139437917679e+01 7.394573641253292529e-01
3.412026616016061098e+01 7.452585742968516058e-01
3.452991555049167971e+01 7.497973733967957521e-01
3.494453924281175006e+01 7.530273760114067905e-01
3.536419763921311699e+01 7.549361889761501132e-01
3.579451941558840389e+01 7.555453498881421481e-01
3.622648875971173510e+01 7.547832763847408533e-01
3.666370343317861114e+01 7.526189654230903692e-01
3.710622712911979448e+01 7.491987114313589657e-01
3.755412431408075236e+01 7.446622561871565349e-01
3.800746023741322688e+01 7.389790680688625990e-01
3.846630094078033579e+01 7.320723308562055998e-01
3.893071326777798902e+01 7.239681629794512130e-01
3.940076487367225866e+01 7.148241418789205159e-01
3.987652423525548073e+01 7.048256587558028308e-01
4.035806066082196963e+01 6.940594419912378132e-01
4.084544430026448936e+01 6.825518380340711566e-01
4.133874615529408914e+01 6.703819055925663850e-01
4.183803808978328220e+01 6.576804159427589447e-01
4.234339284023523931e+01 6.445888490044850982e-01
4.285488402638000593e+01 6.312350496063103833e-01
4.337258616189909333e+01 6.176883968875210851e-01
4.389657466528107221e+01 6.039855071952535681e-01
4.442692587080816224e+01 5.902100635152214281e-01
4.496371703967656686e+01 5.764894850725226227e-01
4.550702637125204575e+01 5.629272207481239576e-01
4.605693301446146393e+01 5.495796292518351223e-01
4.661351707932378474e+01 5.364730082245368070e-01
4.717685964862000958e+01 5.236241900473634914e-01
4.774704278970541083e+01 5.110523249207170604e-01
4.832414956646508841e+01 4.987916401583039061e-01
4.890826405141432787e+01 4.868857254605634122e-01
4.949947133794676546e+01 4.753657977348422214e-01
5.009785755273037466e+01 4.642321754787575028e-01
5.070350986825451400e+01 4.534715458290321521e-01
5.131651651552874682e+01 4.430727270430698805e-01
5.193696679693692886e+01 4.330321304604851651e-01
5.256495109924627229e+01 4.233428261730045605e-01
5.320056090677487504e+01 4.139935682796873628e-01
5.384388881471927135e+01 4.049705598418307240e-01
5.449502854264350304e+01 3.962609034549330334e-01
5.515407494813188549e+01 3.878477597334715199e-01
5.582112404060833910e+01 3.797158891026721772e-01
5.649627299532259173e+01 3.718467560442677566e-01
5.717962016750681187e+01 3.642178990115048087e-01
5.787126510670340451e+01 3.568074438657568015e-01
5.857130857126814760e+01 3.495990757656141090e-01
5.927985254304802964e+01 3.425837838291487802e-01
5.999700024223803752e+01 3.357514896157088868e-01
6.072285614241822316e+01 3.290922038328941701e-01
6.145752598577340109e+01 3.225963606268555939e-01
6.220111679849721043e+01 3.162558583825663128e-01
6.295373690638425046e+01 3.100615020066864735e-01
6.371549595061057403e+01 3.040045671944420214e-01
6.448650490370610555e+01 2.980792639011109468e-01
6.526687608572079569e+01 2.922827619509960062e-01
6.605672318058805104e+01 2.866124056056684744e-01
6.685616125268546739e+01 2.810635379804137246e-01
6.766530676359761287e+01 2.756314507419994619e-01
6.848427758908214003e+01 2.703118340277580467e-01
6.931319303624134420e+01 2.651020426663325269e-01
7.015217386090348839e+01 2.599988549913742064e-01
7.100134228521393709e+01 2.549978447420077066e-01
7.186082201544050463e+01 2.500954548966063395e-01
7.273073825999506425e+01 2.452891329516790897e-01
7.361121774767326542e+01 2.405773152549992577e-01
7.450238874611704887e+01 2.359585282802807438e-01
7.540438108050018684e+01 2.314308079587416023e-01
7.631732615244109752e+01 2.269918309337450868e-01
7.724135695914557687e+01 2.226395042574439431e-01
7.817660811278125266e+01 2.183712319072331765e-01
7.912321586008836505e+01 2.141850113081669171e-01
8.008131810222789682e+01 2.100792109583012879e-01
8.105105441487071971e+01 2.060510641316971592e-01
8.203256606853132382e+01 2.020999278263800880e-01
8.302599604914718157e+01 1.982236197281691537e-01
8.403148907890984276e+01 1.944210888418731464e-01
8.504919163734740550e+01 1.906905481501579569e-01
8.607925198266357825e+01 1.870309390055288068e-01
8.712182017333607575e+01 1.834404151654195347e-01
8.817704808997643795e+01 1.799180513916871504e-01
8.924508945745668598e+01 1.764615376195710628e-01
9.032609986730344076e+01 1.730700090060790508e-01
9.142023680036456312e+01 1.697415527285967007e-01
9.252765964975013446e+01 1.664753246267764997e-01
9.364852974405394548e+01 1.632708326684091382e-01
9.478301037085485348e+01 1.601267311728881149e-01
9.593126680050474420e+01 1.570416484172177940e-01
9.709346631020483187e+01 1.540138319312880366e-01
9.826977820837487343e+01 1.510419021689520802e-01
9.946037385931691688e+01 1.481245586759261101e-01
1.006654267081808314e+02 1.452612165807156686e-01
1.018851123062309085e+02 1.424509668450021360e-01
1.031196083364203986e+02 1.396925877825144213e-01
1.043690946392753744e+02 1.369849159831286745e-01
1.056337532390951566e+02 1.343274637842937769e-01
1.069137683704684179e+02 1.317192708589171035e-01
1.082093265051129691e+02 1.291591455865364058e-01
1.095206163790402627e+02 1.266458683298720689e-01
1.108478290200511509e+02 1.241787477835623044e-01
1.121911577755632408e+02 1.217571763759494052e-01
1.135507983407793375e+02 1.193803323453344056e-01
1.149269487871951583e+02 1.170474590472956322e-01
1.163198095914547281e+02 1.147576976802197057e-01
1.177295836645546530e+02 1.125101452070934593e-01
1.191564763814055254e+02 1.103038163588287990e-01
1.206006956107499803e+02 1.081379930468293615e-01
1.220624517454448750e+02 1.060117594245175709e-01
1.235419577331116017e+02 1.039245838684135781e-01
1.250394291071570763e+02 1.018759272284341377e-01
1.265550840181739574e+02 9.986492441594096992e-02
1.280891432657198266e+02 9.789118083680781179e-02
1.296418303304834581e+02 9.595397501391061956e-02
1.312133714068403378e+02 9.405253298108129378e-02
1.328039954358060584e+02 9.218656271109970657e-02
1.344139341383873614e+02 9.035499401576446710e-02
1.360434220493391990e+02 8.855758370988314754e-02
1.376926965513317214e+02 8.679349093642585444e-02
1.393619979095318513e+02 8.506231155480575845e-02
1.410515693066054155e+02 8.336314135989397744e-02
1.427616568781425599e+02 8.169558071739713156e-02
1.444925097485163406e+02 8.005878899332929954e-02
1.462443800671743190e+02 7.845242354775322502e-02
1.480175230453703250e+02 7.687565661121531502e-02
1.498121969933455091e+02 7.532824285331357617e-02
1.516286633579572651e+02 7.380950042792999710e-02
1.534671867607674756e+02 7.231896227962392176e-02
1.553280350365917855e+02 7.085632800834346101e-02
1.572114792725183179e+02 6.942106451167362469e-02
1.591177938473981328e+02 6.801277991721210725e-02
1.610472564718181445e+02 6.663107354947495065e-02
1.630001482285569239e+02 6.527547665361321805e-02
1.649767536135332477e+02 6.394540036698875829e-02
1.669773605772496126e+02 6.264029415244470878e-02
1.690022605667430184e+02 6.135971695949987703e-02
1.710517485680412335e+02 6.010325934652749336e-02
1.731261231491365606e+02 5.887018335099641897e-02
1.752256865034811710e+02 5.766004130441781950e-02
1.773507444940103142e+02 5.647261539730374924e-02
1.795016066976993727e+02 5.530758815654812643e-02
1.816785864506645680e+02 5.416450296711583512e-02
1.838820008938082537e+02 5.304297618707443096e-02
1.861121710190207068e+02 5.194281755761820385e-02
1.883694217159399216e+02 5.086372579784126380e-02
1.906540818192843005e+02 4.980550101212333214e-02
1.929664841567551434e+02 4.876767194681047579e-02
1.953069655975229466e+02 4.774989354972752897e-02
1.976758671013029414e+02 4.675171890499574268e-02
2.000735337680254986e+02 4.577278978177651281e-02
2.025003148881089601e+02 4.481264393488698650e-02
2.049565639933462080e+02 4.387096296934606121e-02
2.074426389084054563e+02 4.294739657733565030e-02
2.099589018029586214e+02 4.204160486669411556e-02
2.125057192444402290e+02 4.115318295629805112e-02
2.150834622514514365e+02 4.028187721665887899e-02
2.176925063478077220e+02 3.942744894987348925e-02
2.203332316172460139e+02 3.858962223178069584e-02
2.230060227587939892e+02 3.776818554905003733e-02
2.257112691428142739e+02 3.696293057709004737e-02
2.284493648677252509e+02 3.617359418310800434e-02
2.312207088174157548e+02 3.539988280985065239e-02
2.340257047193532003e+02 3.464151900073114687e-02
2.368647612033965117e+02 3.389819361473780934e-02
2.397382918613281504e+02 3.316958628014388122e-02
2.426467153071037330e+02 3.245537811530091465e-02
2.455904552378363235e+02 3.175526829453881317e-02
2.485699404955196599e+02 3.106897096006927539e-02
2.515856051295023121e+02 3.039621103656228729e-02
2.546378884597195906e+02 2.973674644865573202e-02
2.577272351406916755e+02 2.909036846897908313e-02
2.608540952263035138e+02 2.845683548031685550e-02
2.640189242353670238e+02 2.783593314921672945e-02
2.672221832179786816e+02 2.722750630947501360e-02
2.704643388226887737e+02 2.663130558365409128e-02
2.737458633644797601e+02 2.604716819944094541e-02
2.770672348935739819e+02 2.547491497725623555e-02
2.804289372650748078e+02 2.491431092295096072e-02
2.838314602094557131e+02 2.436514892577057445e-02
2.872752994039011014e+02 2.382719290007426216e-02
2.907609565445198996e+02 2.330019759751511543e-02
2.942889394194295392e+02 2.278396079224778714e-02
2.978597619827320955e+02 2.227823349114690932e-02
3.014739444293838915e+02 2.178282236945924821e-02
3.051320132709806785e+02 2.129750989659517924e-02
3.088345014124573140e+02 2.082211987254142804e-02
3.125819482297216041e+02 2.035644369050115809e-02
3.163748996482297002e+02 1.990035356316430248e-02
3.202139082225176594e+02 1.945365674477042561e-02
3.240995332166941694e+02 1.901622249980977619e-02
3.280323406859171200e+02 1.858788861158355843e-02
3.320129035588543616e+02 1.816849739093578942e-02
3.360418017211484312e+02 1.775790754743036826e-02
3.401196220998916147e+02 1.735595325654062937e-02
3.442469587491324319e+02 1.696247586007994246e-02
3.484244129364149671e+02 1.657730631140501287e-02
3.526525932303713375e+02 1.620027393535122817e-02
3.569321155893779292e+02 1.583120916496064123e-02
3.612636034512881338e+02 1.546994323069668387e-02
3.656476878242519888e+02 1.511631289101772468e-02
3.700850073786446615e+02 1.477017354165975627e-02
3.745762085401048580e+02 1.443138272062992333e-02
3.791219455837075998e+02 1.409980763460506881e-02
3.837228807292750616e+02 1.377531317929001076e-02
3.883796842378524730e+02 1.345777534476276516e-02
3.930930345093496499e+02 1.314707253332608738e-02
3.978636181813690200e+02 1.284308473245540649e-02
4.026921302292350902e+02 1.254567776657038169e-02
4.075792740672390551e+02 1.225473274378338640e-02
4.125257616511082119e+02 1.197012466709992951e-02
4.175323135817283742e+02 1.169172513062718965e-02
4.225996592101170677e+02 1.141940029841186088e-02
4.277285367436739421e+02 1.115301871804720568e-02
4.329196933537258474e+02 1.089245672893715544e-02
4.381738852843718632e+02 1.063756283062727848e-02
4.434918779626529499e+02 1.038823209319918173e-02
4.488744461100581020e+02 1.014436522549609643e-02
4.543223738553869566e+02 9.905848337382755497e-03
4.598364548489803383e+02 9.672576773211788437e-03
4.654174923783360214e+02 9.444446222053065609e-03
4.710662994851360281e+02 9.221367845929459572e-03
4.767836990836876225e+02 9.003247452776266813e-03
4.825705240808017606e+02 8.789986687001372090e-03
4.884276174971366231e+02 8.581494818683213510e-03
4.943558325900037289e+02 8.377685495078501798e-03
5.003560329776711342e+02 8.178467382223164606e-03
5.064290927651748575e+02 7.983755156944369324e-03
5.125758966716589384e+02 7.793464017628495832e-03
5.187973401592568052e+02 7.607499422669611322e-03
5.250943295635466939e+02 7.425785752930180728e-03
5.314677822255829369e+02 7.248231603887961283e-03
5.379186266255358078e+02 7.074761185543843034e-03
5.444478025179465703e+02 6.905298692858635734e-03
5.510562610686372409e+02 6.739711775916347458e-03
5.577449649932721059e+02 6.578020076355176049e-03
5.645148886976051017e+02 6.420151537726605240e-03
5.713670184194321564e+02 6.266039704945457200e-03
5.783023523722657728e+02 6.115618411098887319e-03
5.853219008907497027e+02 5.968826113976664904e-03
5.924266865778506599e+02 5.825604162581196621e-03
5.996177444538259351e+02 5.685882351042843841e-03
6.068961221070065903e+02 5.549588135243956055e-03
6.142628798464050988e+02 5.416655638573519838e-03
6.217190908561872220e+02 5.287021143392502120e-03
6.292658413520076692e+02 5.160621743568648279e-03
6.369042307392509201e+02 5.037390105027149401e-03
6.446353717731919915e+02 4.917259695122307150e-03
6.524603907211018168e+02 4.800159007644785869e-03
6.603804275263183854e+02 4.686022710863241292e-03
6.683966359743182011e+02 4.574780650894311185e-03
6.765101838607948821e+02 4.466364294070823693e-03
6.847222531617859431e+02 4.360703985242624092e-03
6.930340402058552627e+02 4.257726917689511059e-03
7.014467558483835319e+02 4.157363819066492439e-03
7.099616256479577032e+02 4.059544014645290189e-03
7.185798900449117355e+02 3.964196200062976294e-03
7.273028045420335275e+02 3.871247703005967211e-03
7.361316398874637343e+02 3.780618130694413104e-03
7.450676822598236413e+02 3.692232675405013320e-03
7.541122334555689122e+02 3.606024775682795114e-03
7.632666110786561831e+02 3.521925558714764093e-03
7.725321487324757754e+02 3.439868648319958921e-03
7.819101962141347713e+02 3.359789445247899492e-03
7.914021197110942012e+02 3.281625468384112565e-03
8.010093020001942250e+02 3.205316534240391230e-03
8.107331426490950435e+02 3.130803451409942123e-03
8.205750582201665111e+02 3.058032959148849345e-03
8.305364824768520293e+02 2.986951105255104821e-03
8.406188665925368468e+02 2.917510744610239681e-03
8.508236793619576019e+02 2.849666060194194078e-03
8.611524074151628838e+02 2.783372651645368845e-03
8.716065554341045072e+02 2.718590533599140463e-03
8.821876463718235755e+02 2.655280499398740557e-03
8.928972216743183026e+02 2.593406218822869036e-03
9.037368415051003012e+02 2.532948039781608707e-03
9.147080849724777636e+02 2.473839718658374376e-03
9.258125503595989585e+02 2.416056271913120251e-03
9.370518553572894689e+02 2.359573253451430208e-03
9.484276372997194358e+02 2.304365853789177437e-03
9.599415534029142236e+02 2.250409392662230945e-03
9.715952810061999116e+02 2.197679567742888418e-03
9.833905178165413190e+02 2.146152623510626939e-03
9.953289821558660151e+02 2.095805113159841804e-03
1.007412413211388866e+03 2.046614594241571300e-03
1.019642571288976001e+03 1.998556977150935110e-03
1.032021238069583887e+03 1.951608658666826451e-03
1.044550216868813777e+03 1.905746982828002839e-03
1.057231332899623794e+03 1.860949849606712003e-03
1.070066433538198680e+03 1.817194802318893021e-03
1.083057388593127143e+03 1.774459534412187178e-03
1.096206090577727991e+03 1.732721819877752062e-03
1.109514454985803468e+03 1.691959918073877162e-03
1.122984420570660859e+03 1.652152303789521798e-03
1.136617949627556527e+03 1.613277524328080720e-03
1.150417028279558963e+03 1.575314738719590241e-03
1.164383666766887245e+03 1.538243366594048422e-03
1.178519899739761740e+03 1.502043384350452288e-03
1.192827786554809109e+03 1.466694968976639535e-03
1.207309411575074364e+03 1.432178586636915357e-03
1.221966884473649543e+03 1.398475178510103986e-03
1.236802340541037211e+03 1.365565388232967484e-03
1.251817940996200832e+03 1.333430605914879066e-03
1.267015873301413649e+03 1.302052634992273764e-03
1.282398351480925157e+03 1.271413822292169135e-03
1.297967616443501583e+03 1.241496739598195106e-03
1.313725936308877635e+03 1.212284328383014462e-03
1.329675606738175020e+03 1.183759991588158311e-03
1.345818951268339106e+03 1.155907523414744995e-03
1.362158321650601238e+03 1.128711060515052295e-03
1.378696098193143143e+03 1.102155123009887494e-03
1.395434690107778579e+03 1.076224641738400892e-03
1.412376535860987360e+03 1.050904864896208546e-03
1.429524103529124886e+03 1.026181355642958801e-03
1.446879891157968814e+03 1.002040098588275613e-03
1.464446427126639492e+03 9.784673672998157878e-04
1.482226270515927808e+03 9.554497260152883947e-04
1.500222011481107984e+03 9.329741074107968796e-04
1.518436271629240309e+03 9.110277475942278602e-04
1.536871704401150964e+03 8.895981521069885878e-04
1.555530995457895187e+03 8.686731328136371860e-04
1.574416863072077831e+03 8.482408209172526831e-04
1.593532058523807336e+03 8.282895974801533084e-04
1.612879366501517552e+03 8.088080933451036181e-04
1.632461605507631930e+03 7.897852724062636581e-04
1.652281628269164230e+03 7.712103230068292209e-04
1.672342322153300756e+03 7.530726622069026238e-04
1.692646609588030287e+03 7.353620010157758263e-04
1.713197448487887641e+03 7.180682857465051083e-04
1.733997832684834748e+03 7.011816747530003752e-04
1.755050792364439303e+03 6.846925710277890556e-04
1.776359394507283696e+03 6.685916257433309126e-04
1.797926743335767924e+03 6.528696869811719677e-04
1.819755980766328548e+03 6.375178018386282522e-04
1.841850286867152590e+03 6.225272775905420219e-04
1.864212880321449347e+03 6.078895989367555722e-04
1.886847018896342661e+03 5.935964294746494743e-04
1.909755999917466170e+03 5.796396673194946503e-04
1.932943160749284743e+03 5.660113929936531896e-04
1.956411879281356278e+03 5.527038541787293591e-04
1.980165574420317853e+03 5.397094930309235747e-04
2.004207706588028032e+03 5.270209454898699963e-04
2.028541778225647477e+03 5.146310022565124542e-04
2.053171334303877302e+03 5.025326130239735761e-04
2.078099962839384716e+03 4.907190289438227368e-04
2.103331295417504862e+03 4.791837832803270969e-04
2.128869007721293201e+03 4.679199466302219265e-04
2.154716820066984837e+03 4.569211397993828971e-04
2.180878497945987419e+03 4.461811248962785706e-04
2.207357852573392393e+03 4.356937958859326970e-04
2.234158741443250165e+03 4.254532012720130610e-04
2.261285068890486400e+03 4.154535407472539216e-04
2.288740786659690002e+03 4.056891356499729012e-04
2.316529894480808707e+03 3.961544344265833725e-04
2.344656440651820503e+03 3.868440432111585128e-04
2.373124522628484556e+03 3.777526794907972579e-04
2.401938287621267591e+03 3.688751703824237269e-04
2.431101933199501218e+03 3.602064915740844572e-04
2.460619707902842038e+03 3.517417287738312456e-04
2.490495911860302385e+03 3.434760713605586324e-04
2.520734897416545664e+03 3.354048321506835142e-04
2.551341069766055170e+03 3.275234413108482449e-04
2.582318887594814896e+03 3.198274248813119496e-04
2.613672863729868368e+03 3.123124105334717203e-04
2.645407565796738709e+03 3.049741485851584569e-04
2.677527616884841791e+03 2.978084776586176208e-04
2.710037696220978432e+03 2.908113222770927937e-04
2.742942539850954290e+03 2.839787250169742427e-04
2.776246941329643050e+03 2.773068140304035811e-04
2.809955752419143209e+03 2.707917990753257002e-04
2.844073883795718302e+03 2.644299884547057257e-04
2.878606305765109482e+03 2.582177815450303372e-04
2.913558048986632912e+03 2.521516532930658493e-04
2.948934205206026945e+03 2.462281599318258407e-04
2.984739927997224640e+03 2.404439529557645533e-04
3.020980433513120715e+03 2.347957539482765227e-04
3.057661001245450734e+03 2.292803517990210128e-04
3.094786974793928039e+03 2.238946293956441992e-04
3.132363762644637063e+03 2.186355359254390195e-04
3.170396838958011358e+03 2.135000848961757410e-04
3.208891744366263993e+03 2.084853684826753692e-04
3.247854086780551825e+03 2.035885495304924978e-04
3.287289542207923660e+03 1.988068504582764413e-04
3.327203855578208731e+03 1.941375587122388426e-04
3.367602841580931909e+03 1.895780356604439242e-04
3.408492385512387955e+03 1.851256980123856984e-04
3.449878444133029916e+03 1.807780161000313926e-04
3.491767046535158897e+03 1.765325343101599963e-04
3.534164295021420003e+03 1.723868486028026781e-04
3.577076365993556465e+03 1.683386056432305267e-04
3.620509510852359199e+03 1.643855148960302916e-04
3.664470056908283823e+03 1.605253406401761264e-04
3.708964408303222172e+03 1.567558941297868789e-04
3.753999046943471512e+03 1.530750385935065582e-04
3.799580533443990134e+03 1.494806947278343005e-04
3.845715508084153043e+03 1.459708268227069127e-04
3.892410691775112355e+03 1.425434419163613270e-04
3.939672887038896533e+03 1.391966053911491714e-04
3.987508978999339888e+03 1.359284227456401470e-04
4.035925936385195655e+03 1.327370394544513839e-04
4.084930812545282606e+03 1.296206511429167079e-04
4.134530746476006243e+03 1.265774958900628498e-04
4.184732963861390090e+03 1.236058488144767611e-04
4.235544778125682569e+03 1.207040266184679703e-04
4.286973591498793212e+03 1.178703906850875338e-04
4.339026896094619588e+03 1.151033367159147794e-04
4.391712275002541901e+03 1.124012944778939298e-04
4.445037403392008855e+03 1.097627397127910309e-04
4.499010049630855065e+03 1.071861793650785624e-04
4.553638076416745207e+03 1.046701518994266975e-04
4.608929441922797196e+03 1.022132358089672746e-04
4.664892200956839588e+03 9.981404250648025916e-05
4.721534506134833464e+03 9.747121256149901720e-05
4.778864609068571554e+03 9.518341983328834632e-05
4.836890861567727370e+03 9.294937290716493924e-05
4.895621716856592684e+03 9.076780739068540313e-05
4.955065730805421481e+03 8.863748605240332097e-05
5.015231563177069802e+03 8.655720785548685556e-05
5.076127978888260259e+03 8.452579606321925822e-05
5.137763849286668119e+03 8.254209874641459284e-05
5.200148153443199590e+03 8.060499596665806656e-05
5.263289979460066206e+03 7.871339330975445168e-05
5.327198525794740817e+03 7.686621932147838336e-05
5.391883102599991616e+03 7.506242915948408041e-05
5.457353133080149746e+03 7.330100497862635216e-05
5.523618154863915152e+03 7.158095021488595795e-05
5.590687821393767081e+03 6.990129005390898539e-05
5.658571903332232978e+03 6.826107787252073088e-05
5.727280289985362288e+03 6.665938631345610498e-05
5.796822990743330593e+03 6.509530739070895546e-05
5.867210136538607003e+03 6.356795871498082621e-05
5.938451981321831227e+03 6.207647766970727544e-05
6.010558903555606776e+03 6.062001972176940968e-05
6.083541407726416764e+03 5.919776161078082587e-05
6.157410125874901496e+03 5.780890106110562511e-05
6.232175819144787965e+03 5.645265256209552711e-05
6.307849379350400341e+03 5.512824799224207584e-05
6.384441830563672738e+03 5.383494120780418606e-05
6.461964330719760255e+03 5.257200133687751908e-05
6.540428173242813500e+03 5.133871265792188093e-05
6.619844788691056237e+03 5.013437988893862992e-05
6.700225746422016528e+03 4.895832307357807743e-05
6.781582756277939552e+03 4.780987650057394629e-05
6.863927670291654067e+03 4.668839146267208997e-05
6.947272484413195343e+03 4.559323555805485512e-05
7.031629340257354670e+03 4.452378960729445976e-05
7.117010526872487389e+03 4.347944829752304046e-05
7.203428482530645852e+03 4.245962348288414429e-05
7.290895796539785806e+03 4.146373911029037872e-05
7.379425211077620588e+03 4.049123098021035691e-05
7.469029623047936184e+03 3.954155120967429212e-05
7.559722085959392643e+03 3.861416379124203713e-05
7.651515811827163816e+03 3.770854394355058724e-05
7.744424173097654602e+03 3.682418046633466422e-05
7.838460704596563119e+03 3.596057483321350116e-05
7.933639105500704318e+03 3.511723894421628356e-05
8.029973241333485930e+03 3.429369577171093508e-05
8.127477145985216339e+03 3.348948902382359620e-05
8.226165023757086601e+03 3.270417200857404132e-05
8.326051251430795674e+03 3.193728407692664412e-05
8.427150380362800206e+03 3.118839351644536826e-05
8.529477138604166612e+03 3.045707781191832287e-05
8.633046433046163656e+03 2.974292330832706624e-05
8.737873351591848404e+03 2.904552715846992926e-05
8.843973165354154844e+03 2.836449639905067738e-05
8.951361330880317837e+03 2.769944626924384246e-05
9.060053492404078497e+03 2.705000086904434543e-05
9.170065484124101204e+03 2.641579471387333266e-05
9.281413332511181579e+03 2.579646990835947904e-05
9.394113258642742949e+03 2.519167585324444620e-05
9.508181680565940042e+03 2.460107230032530356e-05
9.623635215689479082e+03 2.402432613982297864e-05
9.740490683204372544e+03 2.346111125163622422e-05
9.858765106534179722e+03 2.291111013089932539e-05
9.978475715814967771e+03 2.237401296497764248e-05
1.009963995040540249e+04 2.184951640391306687e-05
1.022227546142718165e+04 2.133732418842037388e-05
1.034640011433661311e+04 2.083714816003480897e-05
1.047203199152717752e+04 2.034870614599909849e-05
1.059918939496370149e+04 1.987172179721935191e-05
1.072789084884864133e+04 1.940592690205549713e-05
1.085815510232064480e+04 1.895105882752370560e-05
1.099000113218591287e+04 1.850686044555486945e-05
1.112344814568275979e+04 1.807308151206593778e-05
1.125851558327969724e+04 1.764947775181511212e-05
1.139522312150735888e+04 1.723580998681811674e-05
1.153359067582537318e+04 1.683184471236272230e-05
1.167363840352308034e+04 1.643735472357761096e-05
1.181538670665648897e+04 1.605211753705486528e-05
1.195885623502019916e+04 1.567591531627642856e-05
1.210406788915571997e+04 1.530853662625703102e-05
1.225104282339623387e+04 1.494977438518387491e-05
1.239980244894836324e+04 1.459942585180955873e-05
1.255036843701130056e+04 1.425729378334654983e-05
1.270276272193387740e+04 1.392318556769767796e-05
1.285700750441002492e+04 1.359691261344195311e-05
1.301312525471269328e+04 1.327829086951025795e-05
1.317113871596767058e+04 1.296714117788300949e-05
1.333107090746650101e+04 1.266328810875771418e-05
1.349294512802008467e+04 1.236655993613029552e-05
1.365678495935272804e+04 1.207678998137442171e-05
1.382261426953756745e+04 1.179381495275622560e-05
1.399045721647363825e+04 1.151747498241644072e-05
1.416033825140518275e+04 1.124761459461796464e-05
1.433228212248375530e+04 1.098408190546555250e-05
1.450631387837319198e+04 1.072672820284179549e-05
1.468245887189939094e+04 1.047540840806487818e-05
1.486074276374280817e+04 1.022998124186654131e-05
1.504119152617737200e+04 9.990308367210053424e-06
1.522383144685378284e+04 9.756254406012294760e-06
1.540868913262918068e+04 9.527687946621224511e-06
1.559579151344315869e+04 9.304480225176482884e-06
1.578516584624096322e+04 9.086505174135054829e-06
1.597683971894426213e+04 8.873640234378636529e-06
1.617084105446988542e+04 8.665765631189889170e-06
1.636719811479823693e+04 8.462764092371935845e-06
1.656593950508967828e+04 8.264521252024251228e-06
1.676709417785231926e+04 8.070925697992430842e-06
1.697069143715955215e+04 7.881868337025115055e-06
1.717676094291908157e+04 7.697242448190299083e-06
1.738533271519376285e+04 7.516944400100941865e-06
1.759643713857487819e+04 7.340872661463267862e-06
1.781010496660863646e+04 7.168927813620769350e-06
1.802636732627615856e+04 7.001013240699060667e-06
1.824525572252830898e+04 6.837034483909830039e-06
1.846680204287486777e+04 6.676899057499362179e-06
1.869103856203038958e+04 6.520516802878241285e-06
1.891799794661563647e+04 6.367799856846353360e-06
1.914771325991655249e+04 6.218662183797622972e-06
1.938021796670086769e+04 6.073019649195445803e-06
1.961554593809316430e+04 5.930790524824534871e-06
1.985373145650934384e+04 5.791894748402335127e-06
2.009480922065069535e+04 5.656253912978670396e-06
2.033881435055903785e+04 5.523791849678879890e-06
2.058578239273235522e+04 5.394434062082537930e-06
2.083574932530433580e+04 5.268107608063740156e-06
2.108875156328429148e+04 5.144741408852473779e-06
2.134482596386308433e+04 5.024266169062510082e-06
2.160400983178199749e+04 4.906614033895693441e-06
2.186634092476737351e+04 4.791718671819485608e-06
2.213185745903111820e+04 4.679515625487348958e-06
2.240059811483800877e+04 4.569941759003412311e-06
2.267260204214063924e+04 4.462935231251544729e-06
2.294790886628269436e+04 4.358435991116596910e-06
2.322655869377172712e+04 4.256385282999183991e-06
2.350859211812137073e+04 4.156725576548732479e-06
2.379405022576562624e+04 4.059400831729037648e-06
2.408297460204386880e+04 3.964356394268803900e-06
2.437540733725908285e+04 3.871538745588882244e-06
2.467139103280958443e+04 3.780895587519971358e-06
2.497096880739508561e+04 3.692376081037647602e-06
2.527418430329828698e+04 3.605930436361790155e-06
2.558108169274258034e+04 3.521509875163570118e-06
2.589170568432717482e+04 3.439067051405028967e-06
2.620610152953965735e+04 3.358555621972046721e-06
2.652431502934942546e+04 3.279930209745067471e-06
2.684639254087836889e+04 3.203146629471432638e-06
2.717238098415536297e+04 3.128161772451250658e-06
2.750232784895101213e+04 3.054933425756611951e-06
2.783628120169602334e+04 2.983420352440709783e-06
2.817428969248348221e+04 2.913582453046741950e-06
2.851640256215619229e+04 2.845380458328982461e-06
2.886266964948013265e+04 2.778775896849034692e-06
2.921314139840436474e+04 2.713731435336803758e-06
2.956786886541097556e+04 2.650210519123892322e-06
2.992690372695127007e+04 2.588177355240123007e-06
3.029029828697530684e+04 2.527597103830434835e-06
3.065810548455084790e+04 2.468435761028915556e-06
3.103037890157564107e+04 2.410660030208147035e-06
3.140717277058321633e+04 2.354237393829079934e-06
3.178854198264339357e+04 2.299136222217845055e-06
3.217454209535881455e+04 2.245325539692794091e-06
3.256522934095849996e+04 2.192775058392671284e-06
3.296066063448988280e+04 2.141456328654352996e-06
3.336089358210963837e+04 2.091339415101362031e-06
3.376598648947645415e+04 2.042396085856501304e-06
3.417599837024445151e+04 1.994598870186810427e-06
3.459098895466040995e+04 1.947920947112000926e-06
3.501101869826520124e+04 1.902336053367272429e-06
3.543614879070089955e+04 1.857818548922737545e-06
3.586644116462487727e+04 1.814343485026168046e-06
3.630195850473213068e+04 1.771886428599790203e-06
3.674276425688718155e+04 1.730423454417149475e-06
3.718892263736624591e+04 1.689931345002943652e-06
3.764049864221369353e+04 1.650387355193716737e-06
3.809755805670867267e+04 1.611769214399189575e-06
3.856016746495021653e+04 1.574055258739196341e-06
3.902839425955646584e+04 1.537224330294214599e-06
3.950230665148251137e+04 1.501255710623494163e-06
3.998197367995730747e+04 1.466129180345629045e-06
4.046746522254130832e+04 1.431825057671993741e-06
4.095885200530614384e+04 1.398324067759527641e-06
4.145620561313789949e+04 1.365607341059224067e-06
4.195959850016584096e+04 1.333656565922400588e-06
4.246910400031669997e+04 1.302453798708983656e-06
4.298479633799895237e+04 1.271981470274825528e-06
4.350675063891513855e+04 1.242222495890360072e-06
4.403504294100623520e+04 1.213160183898517907e-06
4.456975020552887872e+04 1.184778189334864782e-06
4.511095032826693932e+04 1.157060566740725866e-06
4.565872215087942459e+04 1.129991788671116536e-06
4.621314547238599334e+04 1.103556648850321321e-06
4.677430106079226971e+04 1.077740265313654311e-06
4.734227066485505202e+04 1.052528193096573375e-06
4.791713702599360840e+04 1.027906276794453630e-06
4.849898389034063439e+04 1.003860655494982269e-06
4.908789602094446309e+04 9.803778554540594188e-07
4.968395921011632890e+04 9.574447077812972654e-07
5.028726029192873102e+04 9.350483172069506710e-07
5.089788715486535511e+04 9.131761082332730245e-07
5.151592875462461234e+04 8.918158303448073287e-07
5.214147512707881106e+04 8.709554865190629501e-07
5.277461740138957248e+04 8.505833398894224723e-07
5.341544781328566023e+04 8.306879936840827684e-07
5.406405971849693742e+04 8.112582813058491293e-07
5.472054760635664570e+04 7.922832669642064957e-07
5.538500711356554530e+04 7.737523242316350988e-07
5.605753503812437702e+04 7.556550630588657882e-07
5.673822935343529389e+04 7.379813093627243152e-07
5.742718922257465601e+04 7.207211450575386126e-07
5.812451501273892791e+04 7.038649044334427526e-07
5.883030830986616638e+04 6.874031219892812980e-07
5.954467193343524559e+04 6.713265408155181987e-07
6.026770995144350309e+04 6.556261689462105242e-07
6.099952769556880958e+04 6.402931971241168245e-07
6.174023177651313745e+04 6.253189969704368081e-07
6.248993009953395085e+04 6.106951873135948311e-07
6.324873188016360655e+04 5.964135702199208929e-07
6.401674766011985776e+04 5.824661182278917268e-07
6.479408932340954198e+04 5.688450087766438329e-07
6.558087011262768647e+04 5.555426153051598386e-07
6.637720464545491268e+04 5.425514692495593381e-07
6.718320893135349615e+04 5.298642694063552508e-07
6.799900038847060932e+04 5.174739208764351215e-07
6.882469786073976138e+04 5.053734738077603477e-07
6.966042163519703900e+04 4.935561200993915750e-07
7.050629345950296556e+04 4.820152491884016692e-07
7.136243655967898667e+04 4.707443924668639032e-07
7.222897565805882914e+04 4.597372158833317187e-07
7.310603699145813880e+04 4.489875493623766845e-07
7.399374832956437604e+04 4.384893751468071286e-07
7.489223899355035974e+04 4.282368000939097629e-07
7.580163987491390435e+04 4.182240652576352594e-07
7.672208345454487426e+04 4.084455723378144337e-07
7.765370382202662586e+04 3.988958381945525048e-07
7.859663669516898517e+04 3.895694907755379831e-07
7.955101943977968767e+04 3.804613158679516559e-07
8.051699108967586653e+04 3.715662092042015355e-07
8.149469236693835410e+04 3.628791726303964277e-07
8.248426570241196896e+04 3.543953393293057405e-07
8.348585525645465532e+04 3.461099607863875926e-07
8.449960693993924360e+04 3.380183867846976489e-07
8.552566843550771591e+04 3.301160746754758403e-07
8.656418921908932680e+04 3.223986068851264548e-07
8.761532058167137438e+04 3.148616569452302976e-07
8.867921565134306729e+04 3.075009863664899778e-07
8.975602941560106410e+04 3.003124818747446564e-07
9.084591874392870523e+04 2.932921156541276492e-07
9.194904241064831149e+04 2.864359435548590599e-07
9.306556111805152614e+04 2.797401265778731101e-07
9.419563751981058158e+04 2.732009175960935362e-07
9.533943624467172776e+04 2.668146470297063063e-07
9.649712392044243461e+04 2.605777315107103589e-07
9.766886919826015946e+04 2.544866850394291089e-07
9.885484277716570068e+04 2.485380935030522768e-07
1.000552174289685208e+05 2.427286129408285563e-07
1.012701680234163359e+05 2.370549983134088015e-07
1.024998715536701493e+05 2.315140711161749467e-07
1.037445071620884264e+05 2.261027188525769425e-07
1.050042561663243978e+05 2.208179131460553084e-07
1.062793020857403753e+05 2.156566969641974487e-07
1.075698306681431422e+05 2.106161744581014185e-07
1.088760299168416386e+05 2.056935188645677872e-07
1.101980901180380897e+05 2.008859791897829394e-07
1.115362038685468142e+05 1.961908611987398814e-07
1.128905661038520338e+05 1.916055265646024401e-07
1.142613741265059798e+05 1.871274151184252665e-07
1.156488276348718791e+05 1.827540184813819883e-07
1.170531287522156781e+05 1.784828803564909805e-07
1.184744820561513479e+05 1.743116117352970703e-07
1.199130946084441530e+05 1.702378789962738524e-07
1.213691759851726965e+05 1.662593968204141830e-07
1.228429383072651981e+05 1.623739351454824858e-07
1.243345962713944609e+05 1.585793229596131652e-07
1.258443671812598186e+05 1.548734340162303946e-07
1.273724709792415815e+05 1.512541866951372540e-07
1.289191302784425643e+05 1.477195610521268287e-07
1.304845703951180476e+05 1.442675774733462103e-07
1.320690193814998493e+05 1.408963054455721936e-07
1.336727080590192636e+05 1.376038970274064023e-07
1.352958700519302511e+05 1.343884629922256246e-07
1.369387418213498604e+05 1.312481998916179482e-07
1.386015626996970386e+05 1.281813484246798667e-07
1.402845749255678966e+05 1.251861953300867140e-07
1.419880236790158961e+05 1.222610626397119706e-07
1.437121571172759577e+05 1.194043081174826564e-07
1.454572264109131065e+05 1.166143378458425411e-07
1.472234857804131461e+05 1.138895896705325767e-07
1.490111925332181563e+05 1.112285337620136526e-07
1.508206071012076864e+05 1.086296832652012534e-07
1.526519930786450568e+05 1.060915847237253792e-07
1.545056172605682805e+05 1.036128147818794407e-07
1.563817496816667845e+05 1.011919854399925571e-07
1.582806636556101148e+05 9.882774450408695007e-08
1.602026358148711734e+05 9.651876764237924635e-08
1.621479461510227702e+05 9.426375919964018858e-08
1.641168780555271951e+05 9.206146116041109724e-08
1.661097183610202337e+05 8.991064075899872982e-08
1.681267573830973415e+05 8.781009057994037639e-08
1.701682889626065444e+05 8.575863750600464544e-08
1.722346105084520823e+05 8.375513438081969435e-08
1.743260230409282667e+05 8.179845779589038738e-08
1.764428312355611997e+05 7.988751265607051778e-08
1.785853434675051831e+05 7.802123170088310170e-08
1.807538718564559240e+05 7.619856966915624457e-08
1.829487323121275986e+05 7.441850431060494384e-08
1.851702445802709844e+05 7.268004268444876463e-08
1.874187322892544616e+05 7.098221192893191874e-08
1.896945229972107336e+05 6.932405904855769384e-08
1.919979482397513057e+05 6.770465845493690928e-08
1.943293435782729648e+05 6.612310469965201622e-08
1.966890486488305323e+05 6.457851108323968638e-08
1.990774072116272873e+05 6.307001357493233719e-08
2.014947672010817332e+05 6.159676977798536390e-08
2.039414807765235601e+05 6.015795466678520328e-08
2.064179043734913575e+05 5.875276168245087549e-08
2.089243987556594366e+05 5.738040706757464311e-08
2.114613290673938754e+05 5.604012304321799039e-08
2.140290648869426223e+05 5.473115739774806637e-08
2.166279802802845370e+05 5.345277982707750081e-08
2.192584538556103653e+05 5.220427563580606524e-08
2.219208688184919592e+05 5.098494493328285627e-08
2.246156130276941112e+05 4.979410597583482807e-08
2.273430790516874113e+05 4.863109383112511301e-08
2.301036642258329375e+05 4.749525728422986821e-08
2.328977707102665445e+05 4.638595993222411914e-08
2.357258055484853685e+05 4.530258312047790479e-08
2.385881807266455726e+05 4.424452089561713185e-08
2.414853132335814007e+05 4.321117950860184946e-08
2.444176251215465018e+05 4.220198271878949604e-08
2.473855435677094501e+05 4.121636637889233694e-08
2.503895009363696736e+05 4.025377803256026384e-08
2.534299348419596499e+05 3.931367975210062203e-08
2.565072882127816265e+05 3.839554666129414914e-08
2.596220093555439380e+05 3.749886471926297053e-08
2.627745520206650835e+05 3.662313176561354154e-08
2.659653754683767329e+05 3.576785945913179811e-08
2.691949445356294746e+05 3.493256950128909079e-08
2.724637297038044198e+05 3.411679329247471014e-08
2.757722071672652382e+05 3.332007610035714617e-08
2.791208589027122944e+05 3.254197259902414098e-08
2.825101727394153713e+05 3.178204669513796435e-08
2.859406424302629894e+05 3.103987392424572571e-08
2.894127677237044554e+05 3.031503995600963835e-08
2.929270544365473907e+05 2.960713901228839301e-08
2.964840145276456024e+05 2.891577484783116305e-08
3.000841661724813748e+05 2.824056197323722036e-08
3.037280338386523072e+05 2.758112282514114891e-08
3.074161483622771921e+05 2.693708759134315758e-08
3.111490470253212843e+05 2.630809740347568158e-08
3.149272736338808318e+05 2.569380071922063273e-08
3.187513785973861231e+05 2.509385328571159391e-08
3.226219190088042524e+05 2.450792015847316539e-08
3.265394587257772801e+05 2.393567426359905403e-08
3.305045684527787380e+05 2.337679527704341602e-08
3.345178258242469165e+05 2.283097051757310134e-08
3.385798154887359124e+05 2.229789567582315221e-08
3.426911291940874071e+05 2.177727269841887698e-08
3.468523658736298094e+05 2.126880972604620088e-08
3.510641317334457999e+05 2.077222353597805441e-08
3.553270403406625846e+05 2.028723661188771790e-08
3.596417127128588618e+05 1.981357718804382439e-08
3.640087774085126002e+05 1.935098095394632526e-08
3.684288706185849151e+05 1.889918970789403467e-08
3.729026362591929501e+05 1.845795057605974504e-08
3.774307260654160636e+05 1.802701681090496549e-08
3.820137996862421860e+05 1.760614817987164163e-08
3.866525247806568514e+05 1.719510938864800613e-08
3.913475771149249049e+05 1.679367009078594955e-08
3.960996406610117410e+05 1.640160675662553781e-08
4.009094076962493127e+05 1.601870030175829627e-08
4.057775789041626267e+05 1.564473617944512170e-08
4.107048634765626630e+05 1.527950581029672421e-08
4.156919792168528074e+05 1.492280535594700245e-08
4.207396526445992640e+05 1.457443518385686403e-08
4.258486191013705684e+05 1.423420057142701247e-08
4.310196228578610462e+05 1.390191186492067747e-08
4.362534172223177738e+05 1.357738331023669873e-08
4.415507646502727875e+05 1.326043311500323490e-08
4.469124368556371192e+05 1.295088482574491558e-08
4.523392149230961222e+05 1.264856549995540680e-08
4.578318894219269278e+05 1.235330575885014652e-08
4.633912605211402406e+05 1.206494099766610020e-08
4.690181381060681888e+05 1.178331029053204274e-08
4.747133418963400763e+05 1.150825603193094687e-08
4.804777015652986011e+05 1.123962455084119503e-08
4.863120568608692847e+05 1.097726611853904990e-08
4.922172577278841636e+05 1.072103408681124021e-08
4.981941644319228362e+05 1.047078498398787698e-08
5.042436476846056175e+05 1.022637950348440429e-08
5.103665887704705237e+05 9.987681128616186657e-09
5.165638796753271599e+05 9.754556135645074855e-09
5.228364232162237749e+05 9.526874619729904962e-09
5.291851331729581580e+05 9.304509529747595693e-09
5.356109344211990247e+05 9.087336682146372254e-09
5.421147630672211526e+05 8.875236865525199351e-09
5.486975665842761518e+05 8.668089422493880373e-09
5.553603039506229106e+05 8.465778578930799971e-09
5.621039457892185310e+05 8.268191110196110818e-09
5.689294745091440855e+05 8.075217037005616320e-09
5.758378844486857997e+05 7.886748597907146045e-09
5.828301820202276576e+05 7.702680220629163362e-09
5.899073858568290016e+05 7.522909386355174215e-09
5.970705269606448710e+05 7.347335789492427961e-09
6.043206488531091018e+05 7.175861196964948231e-09
6.116588077269567875e+05 7.008389892314865933e-09
6.190860726000919240e+05 6.844828550119964538e-09
6.266035254713087343e+05 6.685085763268456801e-09
6.342122614779440919e+05 6.529072170992196966e-09
6.419133890553786187e+05 6.376700940132828418e-09
6.497080300985532813e+05 6.227887001255139007e-09
6.575973201253685402e+05 6.082547001617661006e-09
6.655824084421324078e+05 5.940600027536543090e-09
6.736644583109797677e+05 5.801966883512615163e-09
6.818446471193372272e+05 5.666570009927460033e-09
6.901241665514463093e+05 5.534333862917401175e-09
6.985042227619541809e+05 5.405184756748770996e-09
7.069860365516560851e+05 5.279050520876399229e-09
7.155708435452976264e+05 5.155860626828910201e-09
7.242598943716271315e+05 5.035546514428136472e-09
7.330544548455404583e+05 4.918041026103286907e-09
7.419558061525186058e+05 4.803278350456767763e-09
7.509652450352540473e+05 4.691194624095941258e-09
7.600840839825617149e+05 4.581727316965482661e-09
7.693136514205832500e+05 4.474815190697936473e-09
7.786552919063091977e+05 4.370398621003085304e-09
7.881103663234580308e+05 4.268419427271470070e-09
7.976802520807111869e+05 4.168820625729838283e-09
8.073663433124098228e+05 4.071546550121091180e-09
8.171700510816017631e+05 3.976543066199297227e-09
8.270928035856565693e+05 3.883757149075498030e-09
8.371360463642755058e+05 3.793136847022494959e-09
8.473012425101130502e+05 3.704631748372181342e-09
8.575898728819022654e+05 3.618192479877617158e-09
8.680034363201882225e+05 3.533770688596158966e-09
8.785434498656828655e+05 3.451319313835991833e-09
8.892114489802473690e+05 3.370792416326339242e-09
9.000089877706174739e+05 3.292145002215478065e-09
9.109376392147497972e+05 3.215333134690238962e-09
9.219989953910311451e+05 3.140314068743812109e-09
9.331946677101559471e+05 3.067045936099832845e-09
9.445262871499157045e+05 2.995487726479731881e-09
9.559955044927808922e+05 2.925599645101858069e-09
9.676039905663892860e+05 2.857342706248600528e-09
9.793534364869507262e+05 2.790678730177530798e-09
9.912455539056077832e+05 2.725570571593406269e-09
1.003282075257792254e+06 2.661981956061788955e-09
1.015464754015584476e+06 2.599877355998141294e-09
1.027795364943203866e+06 2.539222091481065491e-09
1.040275704355491325e+06 2.479982410099055431e-09
1.052907590379664442e+06 2.422125251822713496e-09
1.065692863220116356e+06 2.365618242665231730e-09
1.078633385426541558e+06 2.310429967968063006e-09
1.091731042165251682e+06 2.256529643347824841e-09
1.104987741493807174e+06 2.203887121110621824e-09
1.118405414638987742e+06 2.152473081645744259e-09
1.131986016278108349e+06 2.102258881131288304e-09
1.145731524823827902e+06 2.053216465718164348e-09
1.159643942712290445e+06 2.005318461462443767e-09
1.173725296694914578e+06 1.958538216174815001e-09
1.187977638133581262e+06 1.912849624365879156e-09
1.202403043299522717e+06 1.868227128929052264e-09
1.217003613675770815e+06 1.824645929977564139e-09
1.231781476263303775e+06 1.782081718557244730e-09
1.246738783890912076e+06 1.740510688699339750e-09
1.261877715528794331e+06 1.699909697146261301e-09
1.277200476606044685e+06 1.660256125137906537e-09
1.292709299331861781e+06 1.621527819702305237e-09
1.308406443020819221e+06 1.583703173262327211e-09
1.324294194421919528e+06 1.546761139719564114e-09
1.340374868051785976e+06 1.510681104677463522e-09
1.356650806531813927e+06 1.475442894049158985e-09
1.373124380929447245e+06 1.441026925059009605e-09
1.389797991103591863e+06 1.407414004141041753e-09
1.406674066054228228e+06 1.374585332421075334e-09
1.423755064276271034e+06 1.342522641516235511e-09
1.441043474117690464e+06 1.311208070036387622e-09
1.458541814142081421e+06 1.280624124414448502e-09
1.476252633495472139e+06 1.250753748259697195e-09
1.494178512277782429e+06 1.221580321965360469e-09
1.512322061918596504e+06 1.193087566840709168e-09
1.530685925557665294e+06 1.165259557911396944e-09
1.549272778429922415e+06 1.138080831053438125e-09
1.568085328255218221e+06 1.111536231700771876e-09
1.587126315632786136e+06 1.085610914464679706e-09
1.606398514440458501e+06 1.060290458742245251e-09
1.625904732238833793e+06 1.035560759569376146e-09
1.645647810680181254e+06 1.011408002462668170e-09
1.665630625922519714e+06 9.878187233113016948e-10
1.685856089048510185e+06 9.647797977075532946e-10
1.706327146489618113e+06 9.422789810383988892e-10
1.727046780455309665e+06 9.204251145172902222e-10
1.748018009367509745e+06 8.992230989660741531e-10
1.769243888300318038e+06 8.786798650660779044e-10
1.790727509425074328e+06 8.588042726175689682e-10
1.812472002460830146e+06 8.396069173663542157e-10
1.834480535130245145e+06 8.210997771742354703e-10
1.856756313621143112e+06 8.032958613937063476e-10
1.879302583053473383e+06 7.862087980086304496e-10
1.902122627952179871e+06 7.698523185913843939e-10
1.925219772725572577e+06 7.542396985506323085e-10
1.948597382149709389e+06 7.393832180414218640e-10
1.972258861858537886e+06 7.252936030045276015e-10
1.996207658840031363e+06 7.119794081309340321e-10
2.020447261938352603e+06 6.994465233310231425e-10
2.044981202362064971e+06 6.876977218002148706e-10
2.069813054198647616e+06 6.767322042656884010e-10
2.094946434935041470e+06 6.665452984931326157e-10
2.120385005984775722e+06 6.571282568312008248e-10
2.146132473221232649e+06 6.484681178728374697e-10
2.172192587517616805e+06 6.405476823383988845e-10
