1.681572238748529102e+01 1.844018983491551005e-04
1.701628215792432286e+01 3.654407527060189037e-04
1.721928789843795471e+01 6.977489261987641564e-04
1.742476943938345002e+01 1.282339195330741560e-03
1.763275697492064964e+01 2.265069987814611122e-03
1.784328106744881381e+01 3.845405330864349464e-03
1.805637265209754716e+01 6.272430388561628031e-03
1.827206304127251713e+01 9.835628405972308627e-03
1.849038392925666230e+01 1.485273593463547898e-02
1.871136739686727779e+01 2.164671416687120181e-02
1.893504591617032773e+01 3.053885661090432330e-02
1.916145235525184276e+01 4.172226261352456056e-02
1.939061998304770640e+01 5.519913120500247877e-02
1.962258247423231694e+01 7.074258373496744579e-02
1.985737391416683195e+01 8.758808063762735241e-02
2.009502880390783375e+01 1.041878849536022611e-01
2.033558206527698786e+01 1.210324266837273927e-01
2.057906904599256848e+01 1.384449291829175088e-01
2.082552552486363950e+01 1.565613578212075030e-01
2.107498771704745621e+01 1.754126425063313732e-01
2.132749227937104664e+01 1.950631210396616411e-01
2.158307631571772589e+01 2.153248433768915615e-01
2.184177738247923273e+01 2.358695909182340344e-01
2.210363349407443678e+01 2.566433642339720489e-01
2.236868312853517793e+01 2.777518842252967302e-01
2.263696523316056641e+01 2.992740171670056348e-01
2.290851923023989656e+01 3.211690532682097143e-01
2.318338502284550984e+01 3.432555709834567703e-01
2.346160300069631077e+01 3.654005203998223483e-01
2.374321404609274566e+01 3.876460029605262592e-01
2.402825953992421759e+01 4.099756646419515649e-01
2.431678136774971222e+01 4.322644732403380097e-01
2.460882192595260065e+01 4.544606161826294510e-01
2.490442412797055383e+01 4.765183747266955594e-01
2.520363141060130374e+01 4.983723407479196954e-01
2.550648774038550926e+01 5.200343090870949148e-01
2.581303762006730551e+01 5.414987541728368825e-01
2.612332609513350334e+01 5.628250027058481209e-01
2.643739876043308357e+01 5.840040786909508341e-01
2.675530176687679429e+01 6.048281241212325465e-01
2.707708182821881948e+01 6.252310007023181848e-01
2.740278622792103036e+01 6.453244084407152581e-01
2.773246282610099556e+01 6.651620022244653097e-01
2.806616006656468443e+01 6.846715729448488164e-01
2.840392698392501103e+01 7.036251337263852434e-01
2.874581321080708918e+01 7.219384270268109915e-01
2.909186898514149178e+01 7.397234739325075914e-01
2.944214515754629247e+01 7.569420566827280705e-01
2.979669319879932843e+01 7.733863321493334997e-01
3.015556520740140201e+01 7.890293362087323903e-01
3.051881391723189196e+01 8.039838471945381926e-01
3.088649270529766966e+01 8.182434552057618049e-01
3.125865559957620121e+01 8.315998929816170726e-01
3.163535728695510940e+01 8.438307764296233415e-01
3.201665312126769436e+01 8.548815274314525148e-01
3.240259913142688220e+01 8.648375192066750650e-01
3.279325202965835473e+01 8.737522985657926178e-01
3.318866921983398299e+01 8.815168980922574171e-01
3.358890880590703887e+01 8.879279230504697473e-01
3.399402960045004818e+01 8.928934691325403072e-01
3.440409113329707225e+01 8.964582072103075561e-01
3.481915366029107872e+01 8.985592965980846447e-01
3.524347104955301546e+01 8.990608296789348586e-01
3.567544050326144145e+01 8.979646652304495991e-01
3.611265528764408117e+01 8.953749376649680070e-01
3.655517909584786196e+01 8.913171227203426916e-01
3.700307639443459351e+01 8.858111868459537241e-01
3.745641243277258781e+01 8.788733061177769201e-01
3.791525325254171008e+01 8.705193174763286024e-01
3.837966569735482381e+01 8.608407854587718511e-01
3.884971742249516069e+01 8.499507075940708756e-01
3.932547690477244373e+01 8.379467925179893140e-01
3.980701345249855194e+01 8.249606069589823232e-01
4.029439721558406262e+01 8.111316016525644823e-01
4.078769919575803016e+01 7.965644552592348049e-01
4.128699125691118610e+01 7.813593552193933700e-01
4.179234613556517530e+01 7.656355818868445517e-01
4.230383745146870922e+01 7.495227126658883243e-01
4.282153971832219241e+01 7.331624870925910198e-01
4.334552835463335185e+01 7.166855199022208467e-01
4.387587969470374105e+01 7.001938412679191703e-01
4.441267099974920285e+01 6.837659586376942933e-01
4.495598046915529267e+01 6.674768524339901310e-01
4.550588725186899097e+01 6.514173124694283556e-01
4.606247145792956843e+01 6.356777853521101695e-01
4.662581417013857532e+01 6.203104026794760140e-01
4.719599745587213846e+01 6.053246649851380390e-01
4.777310437903641116e+01 5.907361149250972554e-01
4.835721901216801655e+01 5.765874283569127901e-01
4.894842644868217718e+01 5.629139321935660023e-01
4.954681281526870862e+01 5.497119593568418061e-01
5.015246528443907437e+01 5.369633026875616499e-01
5.076547208722525539e+01 5.246640576187804328e-01
5.138592252603372401e+01 5.128188519739711460e-01
5.201390698765464293e+01 5.014163785346764657e-01
5.264951695642931639e+01 4.904344723944327189e-01
5.329284502757776210e+01 4.798554441251160485e-01
5.394398492068780371e+01 4.696678367182789415e-01
5.460303149336782269e+01 4.598508867457984373e-01
5.527008075506609686e+01 4.503724990243118675e-01
5.594522988105697436e+01 4.412032681251638611e-01
5.662857722659763482e+01 4.323250086690040295e-01
5.732022234125568616e+01 4.237229542543338168e-01
5.802026598341249297e+01 4.153765116931754653e-01
5.872881013494090752e+01 4.072660789876615395e-01
5.944595801606210728e+01 3.993769514243464824e-01
6.017181410038263323e+01 3.916996277809816629e-01
6.090648413011414419e+01 3.842202222921798915e-01
6.165007513147741491e+01 3.769223321782053659e-01
6.240269543029454979e+01 3.697923257479204251e-01
6.316445466776938389e+01 3.628231619641172356e-01
6.393546381646002175e+01 3.560109398591119190e-01
6.471583519644488547e+01 3.493517153270115916e-01
6.550568249168622970e+01 3.428388977973091389e-01
6.630512076659084642e+01 3.364661458280810979e-01
6.711426648277284812e+01 3.302288629365708328e-01
6.793323751601978699e+01 3.241245938677381755e-01
6.876215317346421330e+01 3.181499894553183605e-01
6.960113421096505704e+01 3.122999818264752259e-01
7.045030285069866238e+01 3.065681804082484030e-01
7.130978279896422123e+01 3.009497836290786488e-01
7.217969926420539650e+01 2.954422609719831172e-01
7.306017897524996840e+01 2.900436200189286939e-01
7.395135019977243473e+01 2.847521546270102011e-01
7.485334276297946587e+01 2.795650386373019769e-01
7.576628806652284709e+01 2.744790220832433181e-01
7.669031910764212512e+01 2.694912055907078274e-01
7.762557049853903379e+01 2.645994270615708022e-01
7.857217848598841670e+01 2.598018869545608567e-01
7.953028097118620110e+01 2.550968802954834413e-01
8.050001752983870063e+01 2.504823983397118647e-01
8.148152943249625935e+01 2.459569365033880683e-01
8.247495966513255894e+01 2.415181486036694913e-01
8.348045294997595533e+01 2.371635516807150124e-01
8.449815576659160854e+01 2.328903244531895789e-01
8.552821637322089998e+01 2.286966703356789199e-01
8.657078482837960109e+01 2.245809780208334328e-01
8.762601301271779164e+01 2.205421494076479361e-01
8.869405465114645892e+01 2.165784926226240192e-01
8.977506533523170162e+01 2.126888446818100409e-01
9.086920254586134149e+01 2.088716669724454134e-01
9.197662567618591822e+01 2.051257793927370177e-01
9.309749605484009294e+01 2.014498493742261642e-01
9.423197696944423285e+01 1.978419521249513147e-01
9.538023369039207466e+01 1.943005749874860411e-01
9.654243349492729465e+01 1.908238569773854088e-01
9.771874569151259493e+01 1.874107249163131095e-01
9.890934164449350874e+01 1.840599350954247315e-01
1.001143947990639020e+02 1.807706797780018748e-01
1.013340807065325890e+02 1.775416367784163896e-01
1.025685770498979110e+02 1.743712526288766496e-01
1.038180636697315720e+02 1.712580732404194173e-01
1.050827225903790350e+02 1.682012172945115402e-01
1.063627380464757550e+02 1.651995411262215385e-01
1.076582965097867941e+02 1.622520238888475741e-01
1.089695867163715661e+02 1.593575471903056484e-01
1.102967996940792830e+02 1.565152500961433102e-01
1.116401287903766786e+02 1.537240945108022672e-01
1.129997697005161683e+02 1.509832646997893435e-01
1.143759204960437472e+02 1.482918408899429608e-01
1.157687816536542584e+02 1.456486865062573965e-01
1.171785560843958223e+02 1.430528572960617084e-01
1.186054491632310999e+02 1.405032511737043244e-01
1.200496687589554909e+02 1.379990077513652547e-01
1.215114252644792003e+02 1.355390258735900133e-01
1.229909316274776501e+02 1.331224601520468731e-01
1.244884033814124251e+02 1.307485282078612587e-01
1.260040586769315496e+02 1.284162417170539028e-01
1.275381183136486101e+02 1.261247395932831861e-01
1.290908057723090394e+02 1.238731044289391736e-01
1.306623472473457923e+02 1.216606767806990286e-01
1.322529716798324273e+02 1.194869726748709060e-01
1.338629107908346043e+02 1.173512950744925454e-01
1.354923991151666485e+02 1.152531397099845756e-01
1.371416740355589923e+02 1.131917860723316016e-01
1.388109758172394947e+02 1.111667162449082036e-01
1.405005476429356861e+02 1.091771251000515086e-01
1.422106356483001264e+02 1.072223080555234631e-01
1.439414889577691383e+02 1.053015246892223256e-01
1.456933597208541755e+02 1.034141092163715081e-01
1.474665031488738407e+02 1.015592550024685403e-01
1.492611775521348250e+02 9.973639355913560545e-02
1.510776443775608300e+02 9.794485110912343195e-02
1.529161682467808987e+02 9.618404320877982361e-02
1.547770169946785757e+02 9.445359070537789892e-02
1.566604617084107929e+02 9.275299397714692473e-02
1.585667767668982151e+02 9.108194688320236931e-02
1.604962398807981856e+02 8.944004161872309844e-02
1.624491321329605853e+02 8.782703104697636709e-02
1.644257380193764106e+02 8.624241406137594934e-02
1.664263454906211450e+02 8.468568101000151227e-02
1.684512459938057134e+02 8.315634819172385006e-02
1.705007345150328035e+02 8.165389978295128914e-02
1.725751096223704053e+02 8.017766780067980825e-02
1.746746735093473717e+02 7.872702695479810719e-02
1.767997320389764866e+02 7.730146808781410139e-02
1.789505947883117187e+02 7.590048816264169385e-02
1.811275750935488134e+02 7.452352585109991989e-02
1.833309900956705576e+02 7.317020990745518039e-02
1.855611607866485997e+02 7.184020111071454107e-02
1.878184120562034138e+02 7.053323628067709183e-02
1.901030727391367634e+02 6.924909744333435091e-02
1.924154756632344743e+02 6.798749584907642918e-02
1.947559576977524500e+02 6.674818300928919701e-02
1.971248598024924377e+02 6.553083939782855527e-02
1.995225270774723469e+02 6.433508738823329187e-02
2.019493088131990817e+02 6.316048862489834215e-02
2.044055585415552514e+02 6.200656468545079347e-02
2.068916340872999058e+02 6.087288970923648845e-02
2.094078976201967350e+02 5.975900381241805448e-02
2.119547157077733175e+02 5.866446730275887145e-02
2.145324593687248864e+02 5.758883023667449308e-02
2.171415041269623032e+02 5.653172867311656580e-02
2.197822300663187320e+02 5.549283295589518827e-02
2.224550218859195923e+02 5.447188317935153234e-02
2.251602689562262469e+02 5.346863512376509586e-02
2.278983653757570664e+02 5.248285127631402425e-02
2.306697100285020383e+02 5.151433561395174499e-02
2.334747066420310375e+02 5.056286811747034982e-02
2.363137638463066139e+02 4.962821191938524001e-02
2.391872952332161333e+02 4.871013754277492280e-02
2.420957194168215096e+02 4.780833636893191962e-02
2.450394600943432692e+02 4.692244935414807694e-02
2.480189461078838633e+02 4.605212571886199702e-02
2.510346115069019959e+02 4.519701825937472162e-02
2.540868956114444757e+02 4.435678151370622824e-02
2.571762430761442033e+02 4.353107337413794631e-02
2.603031039550004380e+02 4.271963051090235663e-02
2.634679337669405754e+02 4.192219369143734831e-02
2.666711935621780185e+02 4.113850042970945697e-02
2.699133499893814587e+02 4.036836011456518269e-02
2.731948753636531819e+02 3.961162818290345222e-02
2.765162477353368331e+02 3.886813510441389230e-02
2.798779509596584489e+02 3.813773147790280871e-02
2.832804747672159351e+02 3.742026664916109358e-02
2.867243148353191486e+02 3.671558953485148935e-02
2.902099728602045730e+02 3.602349857614858819e-02
2.937379566301182763e+02 3.534376952596327004e-02
2.973087800992927896e+02 3.467617166525749361e-02
3.009229634628163694e+02 3.402044964001213478e-02
3.045810332324184060e+02 3.337635475009392838e-02
3.082835223131688736e+02 3.274364696986514778e-02
3.120309700811123435e+02 3.212209433343976572e-02
3.158239224618437220e+02 3.151149420918264443e-02
3.196629320100390146e+02 3.091163837324820141e-02
3.235485579899487902e+02 3.032235206065744815e-02
3.274813664568746390e+02 2.974348988440086994e-02
3.314619303396297028e+02 2.917490654762749935e-02
3.354908295240036296e+02 2.861646784753060779e-02
3.395686509372376349e+02 2.806802634707650235e-02
3.436959886335309307e+02 2.752944328176273880e-02
3.478734438805800551e+02 2.700056567106745575e-02
3.521016252471716257e+02 2.648123361323614922e-02
3.563811486918382343e+02 2.597127716644884177e-02
3.607126376525914679e+02 2.547051137404715559e-02
3.650967231377413782e+02 2.497872992064500974e-02
3.695340438178251929e+02 2.449575519099375653e-02
3.740252461186455548e+02 2.402141413640127010e-02
3.785709843154436385e+02 2.355553370878854524e-02
3.831719206282093637e+02 2.309795672081815798e-02
3.878287253181582628e+02 2.264858096477340155e-02
3.925420767853720463e+02 2.220723117078801656e-02
3.973126616676274239e+02 2.177378813820640691e-02
4.021411749404251168e+02 2.134813192849882579e-02
4.070283200182348651e+02 2.093016628627229758e-02
4.119748088569645574e+02 2.051979802904660422e-02
4.169813620576828725e+02 2.011688577446543724e-02
4.220487089715922480e+02 1.972133495347673515e-02
4.271775878062797460e+02 1.933302219579902115e-02
4.323687457332615054e+02 1.895183371978956255e-02
4.376229389968287933e+02 1.857762990765199351e-02
4.429409330242164629e+02 1.821029612320113067e-02
4.483235025371102438e+02 1.784969997656120355e-02
4.537714316645087251e+02 1.749571623113471697e-02
4.592855140569537866e+02 1.714822238462600235e-02
4.648665530021472136e+02 1.680711650284583136e-02
4.705153615419771995e+02 1.647228775636033760e-02
4.762327625909598510e+02 1.614363281170333453e-02
4.820195890561174679e+02 1.582105240355947962e-02
4.878766839583218484e+02 1.550445186419367738e-02
4.938049005551012556e+02 1.519374565356208795e-02
4.998051024649425358e+02 1.488884442139699893e-02
5.058781637931038517e+02 1.458965650099490474e-02
5.120249692589534334e+02 1.429609619431716772e-02
5.182464143248517985e+02 1.400806410464855434e-02
5.245434053266072851e+02 1.372547560864775806e-02
5.309168596055069429e+02 1.344822603593336108e-02
5.373677056419563769e+02 1.317621672580164549e-02
5.438968831907353660e+02 1.290935408696333719e-02
5.505053434179073975e+02 1.264753688537351151e-02
5.571940490393807295e+02 1.239070402118898351e-02
5.639639744611567949e+02 1.213876973953062488e-02
5.708161059212814052e+02 1.189165655015324286e-02
5.777514416335203578e+02 1.164927887898653536e-02
5.847709919327738817e+02 1.141156370642168461e-02
5.918757794222680104e+02 1.117843669772698723e-02
5.990668391225225378e+02 1.094982034000178961e-02
6.063452186221343254e+02 1.072565268058477128e-02
6.137119782303850570e+02 1.050585250386136538e-02
6.211681911317124332e+02 1.029035563925029262e-02
6.287149435420468535e+02 1.007909607352358572e-02
6.363533348670516716e+02 9.872002569453267040e-03
6.440844778622841886e+02 9.669013685217109355e-03
6.519094987953011469e+02 9.470064981148204608e-03
6.598295376097296412e+02 9.275092013771926713e-03
6.678457480913388054e+02 9.084024630424195057e-03
6.759592980361187529e+02 8.896798370624375840e-03
6.841713694204065632e+02 8.713353388463365712e-03
6.924831585730698862e+02 8.533627556837800054e-03
7.008958763497962536e+02 8.357552442660301506e-03
7.094107483094840063e+02 8.185070364281593625e-03
7.180290148927813334e+02 8.016125277891902878e-03
7.267519316027946843e+02 7.850654739276902161e-03
7.355807691879874710e+02 7.688601388929544589e-03
7.445168138273069189e+02 7.529907316165124209e-03
7.535613673175389522e+02 7.374515189909155999e-03
7.627157472629746735e+02 7.222360886337750308e-03
7.719812872673423954e+02 7.073387637057643174e-03
7.813593371280919655e+02 6.927537692382239320e-03
7.908512630330309321e+02 6.784755004030973424e-03
8.004584477593500651e+02 6.644982079615224801e-03
8.101822908750646093e+02 6.508158664078278477e-03
8.200242089429041243e+02 6.374227966725806716e-03
8.299856357266753548e+02 6.243130472942240439e-03
8.400680224001317811e+02 6.114807266277277886e-03
8.502728377583829342e+02 5.989202436469567847e-03
8.606015684318542753e+02 5.866257478469576181e-03
8.710557191028794932e+02 5.745918724332083061e-03
8.816368127248858855e+02 5.628132717634279358e-03
8.923463907442625214e+02 5.512841114357167061e-03
9.031860133249173259e+02 5.399989623356207802e-03
9.141572595755587827e+02 5.289511800069437997e-03
9.252617277797406814e+02 5.181352776816292027e-03
9.365010356286989008e+02 5.075458688634237880e-03
9.478768204570189937e+02 4.971780179959126023e-03
9.593907394811469658e+02 4.870265457212592797e-03
9.710444700408339713e+02 4.770865801660473249e-03
9.828397098434760437e+02 4.673535958321921313e-03
9.947781772114361729e+02 4.578225211837594344e-03
1.006861611332370785e+03 4.484889298826941206e-03
1.019091772512592456e+03 4.393480501797733528e-03
1.031470442433509334e+03 4.303953328651528853e-03
1.043999424411180826e+03 4.216265410873873409e-03
1.056680543659027535e+03 4.130373236012806204e-03
1.069515647553703275e+03 4.046236079833120947e-03
1.082506605904270600e+03 3.963815878524706848e-03
1.095655311224528759e+03 3.883075036242036870e-03
1.108963679008765666e+03 3.803975821707605842e-03
1.122433648010780871e+03 3.726484467740140416e-03
1.136067180526328457e+03 3.650565973308692036e-03
1.149866262678980320e+03 3.576189088168410524e-03
1.163832904709465765e+03 3.503321461344174881e-03
1.177969141268521753e+03 3.431932296445276698e-03
1.192277031713296537e+03 3.361991896190505424e-03
1.206758660407364687e+03 3.293470919981097977e-03
1.221416137024353020e+03 3.226341302666510535e-03
1.236251596855305934e+03 3.160575502616162769e-03
1.251267201119735319e+03 3.096147030714251069e-03
1.266465137280468753e+03 3.033029724097746627e-03
1.281847619362318028e+03 2.971197876133615384e-03
1.297416888274617577e+03 2.910625917375699728e-03
1.313175212137677590e+03 2.851288867453390802e-03
1.329124886613202079e+03 2.793162420580929534e-03
1.345268235238725993e+03 2.736222458792569867e-03
1.361607609766077303e+03 2.680445249285158538e-03
1.378145390504041416e+03 2.625807434989389094e-03
1.394883986665043039e+03 2.572285842386619337e-03
1.411825836716181129e+03 2.519857563588686483e-03
1.428973408734437044e+03 2.468500117971426239e-03
1.446329200766222129e+03 2.418191488784145193e-03
1.463895741191298157e+03 2.368910440439707388e-03
1.481675589091104712e+03 2.320636234989424673e-03
1.499671334621574033e+03 2.273348394057281285e-03
1.517885599390430798e+03 2.227026793281749323e-03
1.536321036839174667e+03 2.181651608540668974e-03
1.554980332629542318e+03 2.137203329161806165e-03
1.573866205034827772e+03 2.093662813840543174e-03
1.592981405335837508e+03 2.051011001354876434e-03
1.612328718221711824e+03 2.009229239620512197e-03
1.631910962195589491e+03 1.968299574893486725e-03
1.651730989985207771e+03 1.928204516015025183e-03
1.671791688958485565e+03 1.888926914491603076e-03
1.692095981544152892e+03 1.850449981369815811e-03
1.712646825657494901e+03 1.812757345051933117e-03
1.733447215131232952e+03 1.775833009746822372e-03
1.754500180151703717e+03 1.739661341872464351e-03
1.775808787700267658e+03 1.704227099375281440e-03
1.797376142000111940e+03 1.669515359733357573e-03
1.819205384968470753e+03 1.635511540583278745e-03
1.841299696674337383e+03 1.602201440784562642e-03
1.863662295801737628e+03 1.569571018237875260e-03
1.886296440118621831e+03 1.537606372086879059e-03
1.909205426951460822e+03 1.506293890909591454e-03
1.932392593665564846e+03 1.475620241504226743e-03
1.955861318151350133e+03 1.445572361574472622e-03
1.979615019316319831e+03 1.416137457797152222e-03
2.003657157583210846e+03 1.387303000874896830e-03
2.027991235394072874e+03 1.359056715785421365e-03
2.052620797720505834e+03 1.331386577987730968e-03
2.077549432580086886e+03 1.304280813975152581e-03
2.102780771559072946e+03 1.277727888337803694e-03
2.128318490341452161e+03 1.251716500190541703e-03
2.154166309244402782e+03 1.226235584178501578e-03
2.180327993760288336e+03 1.201274300014841534e-03
2.206807355105166607e+03 1.176822027766616374e-03
2.233608250774066619e+03 1.152868367028631047e-03
2.260734585102904475e+03 1.129403130922310497e-03
2.288190309837271798e+03 1.106416338953118000e-03
2.315979424708131774e+03 1.083898215319694172e-03
2.344105978014487846e+03 1.061839187422149167e-03
2.372574067213140097e+03 1.040229876041284807e-03
2.401387839515605719e+03 1.019061092867501808e-03
2.430551492492283160e+03 9.983238412336233047e-04
2.460069274683905405e+03 9.780093066779852601e-04
2.489945486220575731e+03 9.581088538614078443e-04
2.520184479448062575e+03 9.386140266927460452e-04
2.550790659561966550e+03 9.195165418704916160e-04
2.581768485249401692e+03 9.008082834952649276e-04
2.613122469338557039e+03 8.824813030345150799e-04
2.644857179456114864e+03 8.645278165216770117e-04
2.676977238692664287e+03 8.469401969558275345e-04
2.709487326276191197e+03 8.297109726561769510e-04
2.742392178253704969e+03 8.128328281539302924e-04
2.775696588181293464e+03 7.962985954569276603e-04
2.809405407822287088e+03 7.801012520848270293e-04
2.843523547854195385e+03 7.642339219488900742e-04
2.878055978584020068e+03 7.486898688985228756e-04
2.913007730672352864e+03 7.334624925430834053e-04
2.948383895866224975e+03 7.185453292998973673e-04
2.984189627740875949e+03 7.039320489160404842e-04
3.020430142450524272e+03 6.896164485826489915e-04
3.057110719488244740e+03 6.755924517963573031e-04
3.094236702455106297e+03 6.618541094651226447e-04
3.131813499838564894e+03 6.483955919173705479e-04
3.169846585800443336e+03 6.352111876105877644e-04
3.208341500974360770e+03 6.222953045746928633e-04
3.247303853272895594e+03 6.096424642465202159e-04
3.286739318704537254e+03 5.972472982570947719e-04
3.326653642200572904e+03 5.851045499058581817e-04
3.367052638452001247e+03 5.732090705890154070e-04
3.407942192756611348e+03 5.615558151693157696e-04
3.449328261876366469e+03 5.501398413503893678e-04
3.491216874905097939e+03 5.389563106208278276e-04
3.533614134146997458e+03 5.280004812845138021e-04
3.576526216005376682e+03 5.172677074790589177e-04
3.619959371882612231e+03 5.067534410632653155e-04
3.663919929090764526e+03 4.964532258061567574e-04
3.708414291773350214e+03 4.863626949303282918e-04
3.753448941838310020e+03 4.764775728103957941e-04
3.799030439902268427e+03 4.667936714667962964e-04
3.845165426246283459e+03 4.573068869728859689e-04
3.891860621783213446e+03 4.480131990748318499e-04
3.939122829036810799e+03 4.389086721056124907e-04
3.986958933132658331e+03 4.299894489303863337e-04
4.035375902801275970e+03 4.212517501057362959e-04
4.084380791393272375e+03 4.126918760956697213e-04
4.133980737906863396e+03 4.043062018549859610e-04
4.184182968027907009e+03 3.960911749635335696e-04
4.234994795182507005e+03 3.880433174089006204e-04
4.286423621602447383e+03 3.801592222471813012e-04
4.338476939403531105e+03 3.724355508594942576e-04
4.391162331677059228e+03 3.648690326528104474e-04
4.444487473594428593e+03 3.574564660122851040e-04
4.498460133525444689e+03 3.501947130599156535e-04
4.553088174169765807e+03 3.430806988558915069e-04
4.608379553702528938e+03 3.361114138375588881e-04
4.664342326933606273e+03 3.292839088220103627e-04
4.720984646481027085e+03 3.225952936019215941e-04
4.778314763958678668e+03 3.160427386552228102e-04
4.836341031178351841e+03 3.096234721638065068e-04
4.895071901366482962e+03 3.033347778560145647e-04
4.954515930395496980e+03 2.971739947260246088e-04
5.014681778030447276e+03 2.911385180388069774e-04
5.075578209190277448e+03 2.852257948278815250e-04
5.137214095224916491e+03 2.794333230715538227e-04
5.199598415207546168e+03 2.737586542666484851e-04
5.262740257242686312e+03 2.681993888573345683e-04
5.326648819790139896e+03 2.627531752113264688e-04
5.391333413005039802e+03 2.574177110744985640e-04
5.456803460094106413e+03 2.521907411859821736e-04
5.523068498688459840e+03 2.470700554194128241e-04
5.590138182233027692e+03 2.420534885340806970e-04
5.658022281392815785e+03 2.371389211427064013e-04
5.726730685476381950e+03 2.323242759668200409e-04
5.796273403876443808e+03 2.276075170472985354e-04
5.866660567528037973e+03 2.229866521144849116e-04
5.937902430384405307e+03 2.184597286215496544e-04
6.010009370910784128e+03 2.140248329890693732e-04
6.082991893596319642e+03 2.096800917849683636e-04
6.156860630484353351e+03 2.054236698728010430e-04
6.231626342721338006e+03 2.012537688076514175e-04
6.307299922124363547e+03 1.971686265699406325e-04
6.383892392768160789e+03 1.931665185326250818e-04
6.461414912590713357e+03 1.892457543120136705e-04
6.539878775019037676e+03 1.854046770582559386e-04
6.619295410614259708e+03 1.816416655711287735e-04
6.699676388736839726e+03 1.779551308937702553e-04
6.781033419231994230e+03 1.743435157745107551e-04
6.863378354135557856e+03 1.708052955787038758e-04
6.946723189400612682e+03 1.673389768995364735e-04
7.031080066645024999e+03 1.639430961721012603e-04
7.116461274920272444e+03 1.606162193665233544e-04
7.202879252501559677e+03 1.573569429692911817e-04
7.290346588700036591e+03 1.541638913097518292e-04
7.378876025696649776e+03 1.510357159363985916e-04
7.468480460398457581e+03 1.479710974884417950e-04
7.559172946317431524e+03 1.449687427775643751e-04
7.650966695472094216e+03 1.420273844282725004e-04
7.743875080312246610e+03 1.391457815435408456e-04
7.837911635667019254e+03 1.363227187069515102e-04
7.933090060716701373e+03 1.335570047844990456e-04
8.029424220988219531e+03 1.308477999909627050e-04
8.126928150375441874e+03 1.281936428952465575e-04
8.225616053183162876e+03 1.255933919098236196e-04
8.325502306196729478e+03 1.230459499129271921e-04
8.426601460776289969e+03 1.205502434810054070e-04
8.528928244976645146e+03 1.181052204414559641e-04
8.632497565692843636e+03 1.157098496478777428e-04
8.737324510831776934e+03 1.133631214124105127e-04
8.843424351510246197e+03 1.110640468323796821e-04
8.950812544279413487e+03 1.088116567645254669e-04
9.059504733376981676e+03 1.066050014724929853e-04
9.169516753005636929e+03 1.044431515014108795e-04
9.280864629640242129e+03 1.023251958211545461e-04
9.393564584362331516e+03 1.002502414188981891e-04
9.507633035223225306e+03 9.821741446348268394e-05
9.623086599635847961e+03 9.622585850146861235e-05
9.739942096795477482e+03 9.427473419150022432e-05
9.858216550129991447e+03 9.236321958588922243e-05
9.977927189779828041e+03 9.049050969451438720e-05
1.009909145510807866e+04 8.865581561530140944e-05
1.022172699724091581e+04 8.685836422638168117e-05
1.034585168163918206e+04 8.509739888380002913e-05
1.047148359070094375e+04 8.337217796158639949e-05
1.059864102639567500e+04 8.168197453762736024e-05
1.072734251293052330e+04 8.002607719749792875e-05
1.085760679944890035e+04 7.840378874304754740e-05
1.098945286276181650e+04 7.681442590651700424e-05
1.112289991011246275e+04 7.525731952407518216e-05
1.125796738197428022e+04 7.373181425803128353e-05
1.139467495488289387e+04 7.223726786459352261e-05
1.153304254430298352e+04 7.077305096691069962e-05
1.167309030752900617e+04 6.933854754375659742e-05
1.181483864662214546e+04 6.793315382631762503e-05
1.195830821138223655e+04 6.655627804400660562e-05
1.210351990235609446e+04 6.520734097098079395e-05
1.225049487388226771e+04 6.388577500314181028e-05
1.239925453717280834e+04 6.259102388261048640e-05
1.254982056343240765e+04 6.132254279217171696e-05
1.270221488701546332e+04 6.007979818040153942e-05
1.285645970862153808e+04 5.886226716008194620e-05
1.301257749852927918e+04 5.766943733340721984e-05
1.317059099987025002e+04 5.650080712951103135e-05
1.333052323194182827e+04 5.535588497469854513e-05
1.349239749356082757e+04 5.423418908403110274e-05
1.365623736645753888e+04 5.313524782650210290e-05
1.382206671871115213e+04 5.205859906507511597e-05
1.398990970822682903e+04 5.100378990895496328e-05
1.415979078625501825e+04 4.997037675117353694e-05
1.433173470095354605e+04 4.895792515839712897e-05
1.450576650099261133e+04 4.796600938853637017e-05
1.468191153920453871e+04 4.699421224899221709e-05
1.486019547627629618e+04 4.604212532578148137e-05
1.504064428448840044e+04 4.510934836280419778e-05
1.522328425149822033e+04 4.419548908961843433e-05
1.540814198416964609e+04 4.330016345676171181e-05
1.559524441244910304e+04 4.242299516801545291e-05
1.578461879328875148e+04 4.156361546494907397e-05
1.597629271461725511e+04 4.072166312566979137e-05
1.617029409935853437e+04 3.989678439341641600e-05
1.636665120950015626e+04 3.908863259952902354e-05
1.656539265020974563e+04 3.829686804526224401e-05
1.676654737400274826e+04 3.752115814260035577e-05
1.697014468495999608e+04 3.676117696798373354e-05
1.717621424299672071e+04 3.601660511332114688e-05
1.738478606818339176e+04 3.528712982302706011e-05
1.759589054511900031e+04 3.457244467543782278e-05
1.780955842735754777e+04 3.387224939464925002e-05
1.802582084188806039e+04 3.318624982527520334e-05
1.824470929366939527e+04 3.251415788270889439e-05
1.846625567021941606e+04 3.185569126691215969e-05
1.869049224626087380e+04 3.121057336218259612e-05
1.891745168842280691e+04 3.057853330479731388e-05
1.914716705999955593e+04 2.995930568139672841e-05
1.937967182576733831e+04 2.935263039577330150e-05
1.961499985685932552e+04 2.875825273638578632e-05
1.985318543570012480e+04 2.817592316192680602e-05
2.009426326099981816e+04 2.760539713910940352e-05
2.033826845280913767e+04 2.704643512001296242e-05
2.058523655763508214e+04 2.649880248327716537e-05
2.083520355362047485e+04 2.596226932885222285e-05
2.108820585578386090e+04 2.543661039335878751e-05
2.134428032132544467e+04 2.492160506937981385e-05
2.160346425499598990e+04 2.441703720343742700e-05
2.186579541453140337e+04 2.392269498319827496e-05
2.213131201615329337e+04 2.343837095704917823e-05
2.240005274013624876e+04 2.296386189031641772e-05
2.267205673644278795e+04 2.249896863164649059e-05
2.294736363042666198e+04 2.204349609079785501e-05
2.322601352860558472e+04 2.159725317548691261e-05
2.350804702450349942e+04 2.116005264717605487e-05
2.379350520456481900e+04 2.073171104888710302e-05
2.408242965413947604e+04 2.031204869496383743e-05
2.437486246354113246e+04 1.990088953656056351e-05
2.467084623417890543e+04 1.949806107067202001e-05
2.497042408476345008e+04 1.910339432761610232e-05
2.527363965758854101e+04 1.871672377433555119e-05
2.558053712488877136e+04 1.833788720944712824e-05
2.589116119527469709e+04 1.796672573916018468e-05
2.620555712024537570e+04 1.760308371456933496e-05
2.652377070078183533e+04 1.724680863264126552e-05
2.684584829401772004e+04 1.689775107393214461e-05
2.717183681999380497e+04 1.655576467583265692e-05
2.750178376849275082e+04 1.622070604299214163e-05
2.783573720595745181e+04 1.589243467756427724e-05
2.817374578249333717e+04 1.557081294612303176e-05
2.851585873895569966e+04 1.525570601318136416e-05
2.886212591412316760e+04 1.494698176492719670e-05
2.921259775195759721e+04 1.464451077963109245e-05
2.956732530895401942e+04 1.434816627005067115e-05
2.992636026157686138e+04 1.405782401720184847e-05
3.028975491378944571e+04 1.377336231609972142e-05
3.065756220467295861e+04 1.349466194117761482e-05
3.102983571613875392e+04 1.322160608594778806e-05
3.140662968073410593e+04 1.295408031267493865e-05
3.178799898954277160e+04 1.269197250700602759e-05
3.217399920018147532e+04 1.243517283013988737e-05
3.256468654489351320e+04 1.218357366970543678e-05
3.296011793874075374e+04 1.193706960403095809e-05
3.336035098789448966e+04 1.169555734799795628e-05
3.376544399802818225e+04 1.145893571359010493e-05
3.417545598281094135e+04 1.122710556536395165e-05
3.459044667250470229e+04 1.099996977848503562e-05
3.501047652266565274e+04 1.077743319873765968e-05
3.543560672295141558e+04 1.055940260852368680e-05
3.586589920603506471e+04 1.034578667697373601e-05
3.630141665662748710e+04 1.013649592283811336e-05
3.674222252060931351e+04 9.931442685704361308e-06
3.718838101427303627e+04 9.730541088226582393e-06
3.763995713367954158e+04 9.533706986644322314e-06
3.809701666412463965e+04 9.340857948309281514e-06
3.855962618972426571e+04 9.151913217378149787e-06
3.902785310311365174e+04 8.966793669158587511e-06
3.950176561526520527e+04 8.785421782984520174e-06
3.998143276542538661e+04 8.607721621625648344e-06
4.046692443117237417e+04 8.433618781389400814e-06
4.095831133859574038e+04 8.263040362154779181e-06
4.145566507259973150e+04 8.095914951596213348e-06
4.195905808733200683e+04 7.932172589170065195e-06
4.246856371673788817e+04 7.771744721884031744e-06
4.298425618524468155e+04 7.614564191808504941e-06
4.350621061857399764e+04 7.460565211457728446e-06
4.403450305468607985e+04 7.309683317336193326e-06
4.456921045485710783e+04 7.161855350537693989e-06
4.511041071489071328e+04 7.017019447577409479e-06
4.565818267646589084e+04 6.875114991348560303e-06
4.621260613862256287e+04 6.736082587104619810e-06
4.677376186938682076e+04 6.599864055961297544e-06
4.734173161753621389e+04 6.466402400462833901e-06
4.791659812451100879e+04 6.335641767279563599e-06
4.849844513646513951e+04 6.207527439375300367e-06
4.908735741646843235e+04 6.082005820267282837e-06
4.968342075685389136e+04 5.959024388698758124e-06
5.028672199171605462e+04 5.838531683608538044e-06
5.089734900956088677e+04 5.720477304343475622e-06
5.151539076610939082e+04 5.604811863164541703e-06
5.214093729725669255e+04 5.491486966152140888e-06
5.277407973218754341e+04 5.380455213220694055e-06
5.341491030665409926e+04 5.271670165052518529e-06
5.406352237640990643e+04 5.165086313546054728e-06
5.472001043081219541e+04 5.060659075171319594e-06
5.538447010658595536e+04 4.958344783033275644e-06
5.605699820175651257e+04 4.858100643892742255e-06
5.673769268975086015e+04 4.759884725395673141e-06
5.742665273367051122e+04 4.663655963717771007e-06
5.812397870073741069e+04 4.569374118308845321e-06
5.882977217691537226e+04 4.476999756568238024e-06
5.954413598170935438e+04 4.386494257574546766e-06
6.026717418314310635e+04 4.297819782810255343e-06
6.099899211292119435e+04 4.210939251665730596e-06
6.173969638177266461e+04 4.125816335247045651e-06
6.248939489498233888e+04 4.042415454815270889e-06
6.324819686811028077e+04 3.960701741874701602e-06
6.401621284290230687e+04 3.880641026397344971e-06
6.479355470339361636e+04 3.802199850130444641e-06
6.558033569220796926e+04 3.725345424005692234e-06
6.637667042705506901e+04 3.650045615979432428e-06
6.718267491742661514e+04 3.576268955806859130e-06
6.799846658149956784e+04 3.503984611822267409e-06
6.882416426323761698e+04 3.433162369012616327e-06
6.965988824970729183e+04 3.363772623060014180e-06
7.050576028860008228e+04 3.295786383590814913e-06
7.136190360596863320e+04 3.229175237768908764e-06
7.222844292417835095e+04 3.163911340645184523e-06
7.310550448007689556e+04 3.099967428952653693e-06
7.399321604338411998e+04 3.037316783919156234e-06
7.489170693530568678e+04 2.975933221400185670e-06
7.580110804737258877e+04 2.915791096391690896e-06
7.672155186050830525e+04 2.856865285383052737e-06
7.765317246433021501e+04 2.799131166803917904e-06
7.859610557668255933e+04 2.742564614818808510e-06
7.955048856340795464e+04 2.687142006343719389e-06
8.051646045835877885e+04 2.632840187876253678e-06
8.149416198365156015e+04 2.579636467709180961e-06
8.248373557016724953e+04 2.527508629459864148e-06
8.348532537830037472e+04 2.476434899770189467e-06
8.449907731896078622e+04 2.426393940586559102e-06
8.552513907482792274e+04 2.377364852699926485e-06
8.656366012186896114e+04 2.329327163016937528e-06
8.761479175110957294e+04 2.282260807110292973e-06
8.867868709067780583e+04 2.236146122855423534e-06
8.975550112810966675e+04 2.190963859857682000e-06
9.084539073292828107e+04 2.146695149550108305e-06
9.194851467949623475e+04 2.103321498914862179e-06
9.306503367014594551e+04 2.060824803356538302e-06
9.419511035859091498e+04 2.019187318713866692e-06
9.533890937361915712e+04 1.978391655481145516e-06
9.649659734308040061e+04 1.938420781056110682e-06
9.766834291815489996e+04 1.899258011212455357e-06
9.885431679792674549e+04 1.860886994548111934e-06
1.000546917542492592e+05 1.823291705997684382e-06
1.012696426569144678e+05 1.786456457760003365e-06
1.024993464991283108e+05 1.750365872510380633e-06
1.037439824232947140e+05 1.715004878357429062e-06
1.050037317471128626e+05 1.680358720827088083e-06
1.062787779899916786e+05 1.646412938662069063e-06
1.075693068997850060e+05 1.613153359735744648e-06
1.088755064798495296e+05 1.580566101937704769e-06
1.101975670164357434e+05 1.548637568133104234e-06
1.115356811064067733e+05 1.517354432367958684e-06
1.128900436852963467e+05 1.486703633168998784e-06
1.142608520557067532e+05 1.456672385500726123e-06
1.156483059160518314e+05 1.427248156770755360e-06
1.170526073896488233e+05 1.398418663109720061e-06
1.184739610541636357e+05 1.370171878975474353e-06
1.199125739714140218e+05 1.342496018536128675e-06
1.213686557175317575e+05 1.315379531378130446e-06
1.228424184134988900e+05 1.288811102549618595e-06
1.243340767560426902e+05 1.262779650333350329e-06
1.258438480489175854e+05 1.237274313878979949e-06
1.273719522345597215e+05 1.212284447041819113e-06
1.289186119261283602e+05 1.187799629872076442e-06
1.304840524399359419e+05 1.163809647790084944e-06
1.320685018282721576e+05 1.140304620551344059e-06
1.336721909126268583e+05 1.117277587230941407e-06
1.352953533173132455e+05 1.094715843889393760e-06
1.369382255035083799e+05 1.072609980337086821e-06
1.386010468036919483e+05 1.050950777339161558e-06
1.402840594565214415e+05 1.029729206438413164e-06
1.419875086421126034e+05 1.008936418822296578e-06
1.437116425177632191e+05 9.885637406513602039e-07
1.454567122541020799e+05 9.686026820773278802e-07
1.472229720716795127e+05 9.490449207038454554e-07
1.490106792780028482e+05 9.298822994917615352e-07
1.508200943050177011e+05 9.111068315497730370e-07
1.526514807470542146e+05 8.927106905709149959e-07
1.545051053992181842e+05 8.746862064781708585e-07
1.563812382962674310e+05 8.570258641397403428e-07
1.582801527519409137e+05 8.397223043318397662e-07
1.602021253987817036e+05 8.227683142156834141e-07
1.621474362284336530e+05 8.061568237564298333e-07
1.641163686324308510e+05 7.898809123517431922e-07
1.661092094434819592e+05 7.739337962492154116e-07
1.681262489772560366e+05 7.583088266275959813e-07
1.701677810746756732e+05 7.429994926002606774e-07
1.722341031447205169e+05 7.279994147805800883e-07
1.743255162077612767e+05 7.133023411847094406e-07
1.764423249394013546e+05 6.989021456049719384e-07
1.785848377148732252e+05 6.847928291475776220e-07
1.807533666539518745e+05 6.709685122819299743e-07
1.829482276664315141e+05 6.574234320008852839e-07
1.851697404981441505e+05 6.441519466765113175e-07
1.874182287775401492e+05 6.311485265260301551e-07
1.896940200628353923e+05 6.184077518548482402e-07
1.919974458897254081e+05 6.059243148511633917e-07
1.943288418196922285e+05 5.936930152993851676e-07
1.966885474888767640e+05 5.817087569314659056e-07
1.990769066575695178e+05 5.699665456188834862e-07
2.014942672602772363e+05 5.584614911178646294e-07
2.039409814564189292e+05 5.471888005794387812e-07
2.064174056816236989e+05 5.361437762740264027e-07
2.089239006996573007e+05 5.253218188934969648e-07
2.114608316549784795e+05 5.147184207146982687e-07
2.140285681259288976e+05 5.043291637854252745e-07
2.166274841785824101e+05 4.941497209420539548e-07
2.192579584212256595e+05 4.841758529880576064e-07
2.219203740595278505e+05 4.744034055780267477e-07
2.246151189523520879e+05 4.648283073509321692e-07
2.273425856682686135e+05 4.554465716437606777e-07
2.301031715427392628e+05 4.462542913167129945e-07
2.328972787360018992e+05 4.372476369040986441e-07
2.357253142916569195e+05 4.284228586317719234e-07
2.385876901959650568e+05 4.197762818166435490e-07
2.414848234378662892e+05 4.113043049745589779e-07
2.444171360697213677e+05 4.030034003133054640e-07
2.473850552688072494e+05 3.948701119020696745e-07
2.503890133995329670e+05 3.869010530093368029e-07
2.534294480764420878e+05 3.790929045999678239e-07
2.565068022279492288e+05 3.714424164636684545e-07
2.596215241608764045e+05 3.639464033680585810e-07
2.627740676257572486e+05 3.566017435115953799e-07
2.659648918829399045e+05 3.494053796593123634e-07
2.691944617694929475e+05 3.423543160776502410e-07
2.724632477669168729e+05 3.354456167811478476e-07
2.757717260696960730e+05 3.286764055944847647e-07
2.791203786546532065e+05 3.220438650092341762e-07
2.825096933511817479e+05 3.155452339890624350e-07
2.859401639122956549e+05 3.091778067111346654e-07
2.894122900865707779e+05 3.029389332849136986e-07
2.929265776909432607e+05 2.968260169159549517e-07
2.964835386843967135e+05 2.908365125987279144e-07
3.000836912425447954e+05 2.849679276730829138e-07
3.037275598331182846e+05 2.792178198023521291e-07
3.074156752923706663e+05 2.735837954522469783e-07
3.111485749024033430e+05 2.680635096434524990e-07
3.149268024694505730e+05 2.626546652557355729e-07
3.187509084030823433e+05 2.573550112848358232e-07
3.226214497964069596e+05 2.521623417493382561e-07
3.265389905072096735e+05 2.470744961271857611e-07
3.305041012401087210e+05 2.420893572855305873e-07
3.345173596296889009e+05 2.372048503666496965e-07
3.385793503246526234e+05 2.324189429774167152e-07
3.426906650729918038e+05 2.277296438663330334e-07
3.468519028081866563e+05 2.231350016624753169e-07
3.510636697364737047e+05 2.186331044304025634e-07
3.553265794251358020e+05 2.142220792453885611e-07
3.596412528919091565e+05 2.099000908664037461e-07
3.640083186954313423e+05 2.056653407586260521e-07
3.684284130268247682e+05 2.015160673368832615e-07
3.729021798023697338e+05 1.974505444759011990e-07
3.774302707573112566e+05 1.934670805531552304e-07
3.820133455408044974e+05 1.895640184170828101e-07
3.866520718120043166e+05 1.857397345225711622e-07
3.913471253373470390e+05 1.819926379295788364e-07
3.960991900889715180e+05 1.783211697414630786e-07
4.009089583443853771e+05 1.747238028339974740e-07
4.057771307872914476e+05 1.711990408963040691e-07
4.107044166096803965e+05 1.677454175639295503e-07
4.156915336151379743e+05 1.643614964409816026e-07
4.207392083234145539e+05 1.610458701459136838e-07
4.258481760762652266e+05 1.577971594812705296e-07
4.310191811445731437e+05 1.546140132268888706e-07
4.362529768367765355e+05 1.514951075906270598e-07
4.415503256086007459e+05 1.484391454375841489e-07
4.469119991741526173e+05 1.454448557021853302e-07
4.523387786183157586e+05 1.425109931788898371e-07
4.578314545105677680e+05 1.396363378515517609e-07
4.633908270201222622e+05 1.368196941370636740e-07
4.690177060325170169e+05 1.340598907742813887e-07
4.747129112675891374e+05 1.313557802220118067e-07
4.804772723988918588e+05 1.287062379723377082e-07
4.863116291745638591e+05 1.261101622350289460e-07
4.922168315396525431e+05 1.235664735863879968e-07
4.981937397599559044e+05 1.210741144002399083e-07
5.042432245473151561e+05 1.186320482776326395e-07
5.103661671864918317e+05 1.162392598627543545e-07
5.165634596635217895e+05 1.138947543819086365e-07
5.228360047956823255e+05 1.115975569983455847e-07
5.291847163630030118e+05 1.093467126272935364e-07
5.356105192413874902e+05 1.071412855590351223e-07
5.421143495373476762e+05 1.049803589162880081e-07
5.486971547243755776e+05 1.028630342774128758e-07
5.553598937809735071e+05 1.007884314443585836e-07
5.621035373303447850e+05 9.875568805364724943e-08
5.689290677818194963e+05 9.676395902395249259e-08
5.758374794739363715e+05 9.481241639817014013e-08
5.828297788193345768e+05 9.290024903776490574e-08
5.899069844513320131e+05 9.102666206930847410e-08
5.970701273723450722e+05 8.919087667040018200e-08
6.043202511040722020e+05 8.739212983116689260e-08
6.116584118395169498e+05 8.562967394647867651e-08
6.190856785968540935e+05 8.390277641155410693e-08
6.266031333751522470e+05 8.221071945702706292e-08
6.342118713120265165e+05 8.055279991440309463e-08
6.419130008431385504e+05 7.892832868355712608e-08
6.497076438637138344e+05 7.733663060008915449e-08
6.575969358919409569e+05 7.577704424368579875e-08
6.655820262344194343e+05 7.424892146104148569e-08
6.736640781535792630e+05 7.275162715088932305e-08
6.818442690371458884e+05 7.128453910606354794e-08
6.901237905696632806e+05 6.984704772602586189e-08
6.985038489060839638e+05 6.843855560807674259e-08
7.069856648475134280e+05 6.705847741639419761e-08
7.155704740190105513e+05 6.570623977579105710e-08
7.242595270496408921e+05 6.438128076544147539e-08
7.330540897546216147e+05 6.308304979982663863e-08
7.419554433197586332e+05 6.181100751995731134e-08
7.509648844880732941e+05 6.056462540181019847e-08
7.600837257487137103e+05 5.934338553441611286e-08
7.693132955281583127e+05 5.814678051220378170e-08
7.786549383837387431e+05 5.697431325051395305e-08
7.881100151995189954e+05 5.582549658889342085e-08
7.976799033845296362e+05 5.469985317452804471e-08
8.073659970734654926e+05 5.359691545638424659e-08
8.171697073297324823e+05 5.251622521048473681e-08
8.270924623510625679e+05 5.145733343165547995e-08
8.371357076775236055e+05 5.041980027925258809e-08
8.473009064021413215e+05 4.940319477089521832e-08
8.575895393840243341e+05 4.840709455470063662e-08
8.680031054640979273e+05 4.743108583071757098e-08
8.785431216834589140e+05 4.647476324776193949e-08
8.892111235043582274e+05 4.553772953586998449e-08
9.000086650339256739e+05 4.461959540533702747e-08
9.109373192505169427e+05 4.371997958128626007e-08
9.219986782329226844e+05 4.283850838984497439e-08
9.331943533922461793e+05 4.197481565907918929e-08
9.445259757066927850e+05 4.112854269239999228e-08
9.559951959591514897e+05 4.029933803845327512e-08
9.676036849776841700e+05 3.948685726759515052e-08
9.793531338789295405e+05 3.869076290594673148e-08
9.912452543144645169e+05 3.791072439999461270e-08
1.003281778720160364e+06 3.714641777572448380e-08
1.015464460568542127e+06 3.639752555284305571e-08
1.027795074624279514e+06 3.566373680481205016e-08
1.040275417202669312e+06 3.494474679866056787e-08
1.052907306431390112e+06 3.424025690999920249e-08
1.065692582515302114e+06 3.354997460665642281e-08
1.078633108004571870e+06 3.287361328525722404e-08
1.091730768065989716e+06 3.221089205786410456e-08
1.104987470757600386e+06 3.156153568915570275e-08
1.118405147306672530e+06 3.092527461559070564e-08
1.131985752391017973e+06 3.030184462962655465e-08
1.145731264423796907e+06 2.969098680807348137e-08
1.159643685841661645e+06 2.909244758685395315e-08
1.173725043396545341e+06 2.850597844793633115e-08
1.187977388450848404e+06 2.793133585039094123e-08
1.202402797276330413e+06 2.736828121398103410e-08
1.217003371356556192e+06 2.681658081235076597e-08
1.231781237693043659e+06 2.627600557347530054e-08
1.246738549115129281e+06 2.574633101494712126e-08
1.261877484593564644e+06 2.522733730553351553e-08
1.277200249558003386e+06 2.471880897343280485e-08
1.292709076218210161e+06 2.422053484739782587e-08
1.308406223889332032e+06 2.373230813760497164e-08
1.324293979320951272e+06 2.325392616600416452e-08
1.340374657030278584e+06 2.278519031181265662e-08
1.356650599639303982e+06 2.232590599054307635e-08
1.373124178216072032e+06 2.187588259197107638e-08
1.389797792620097985e+06 2.143493329945669449e-08
1.406673871851978591e+06 2.100287501902556708e-08
1.423754874407251831e+06 2.057952847310673030e-08
1.441043288634519558e+06 2.016471793257777056e-08
1.458541633098015096e+06 1.975827117053424276e-08
1.476252456944413949e+06 1.936001953054692033e-08
1.494178340274290182e+06 1.896979772056396198e-08
1.512321894517890410e+06 1.858744375249326922e-08
1.530685762815636117e+06 1.821279891956447200e-08
1.549272620403139852e+06 1.784570777004083768e-08
1.568085175000938587e+06 1.748601794383635645e-08
1.587126167208961444e+06 1.713358010522691451e-08
1.606398370905743912e+06 1.678824804380725114e-08
1.625904593652596464e+06 1.644987843925021572e-08
1.645647677102510119e+06 1.611833082509272112e-08
1.665630497414232930e+06 1.579346764200612215e-08
1.685855965671164449e+06 1.547515408490152762e-08
1.706327028305517510e+06 1.516340217552131099e-08
1.727046667527514976e+06 1.485965301379628797e-08
1.748017901759847067e+06 1.456403547276928734e-08
1.769243786077389261e+06 1.427670852441039513e-08
1.790727412652265048e+06 1.399785956549116859e-08
1.812471911204320146e+06 1.372770162024276370e-08
1.834480449457018171e+06 1.346646927516307690e-08
1.856756233598995954e+06 1.321441364463338329e-08
1.879302508751025889e+06 1.297179623955811600e-08
1.902122559438885422e+06 1.273888175862527064e-08
1.925219710071728099e+06 1.251593022604904771e-08
1.948597325426465133e+06 1.230318860889592874e-08
1.972258811137908138e+06 1.210088211557013393e-08
1.996207614194904687e+06 1.190920551424898209e-08
2.020447223442502785e+06 1.172831490097479628e-08
2.044981170090161730e+06 1.155832012202581575e-08
2.069813028226267081e+06 1.139927801158024830e-08
2.094946415338677587e+06 1.125118699812124388e-08
2.120384992841851432e+06 1.111398310224878218e-08
2.146132466610111762e+06 1.098753739479216380e-08
2.172192587517613079e+06 1.087165519592527086e-08
