1.646359556891733078e+01 1.721744141341336517e-04
1.664159876549260630e+01 3.188946055144038219e-04
1.682176500588809986e+01 5.723753070731993006e-04
1.700412057479228167e+01 9.947115465398759758e-04
1.718869207629759543e+01 1.672032679332851636e-03
1.737550643778184423e+01 2.718051647994382952e-03
1.756459091383655036e+01 4.277272602740630342e-03
1.775597309024329462e+01 6.522963223398570154e-03
1.794968088799804917e+01 9.654098965394229681e-03
1.814574256738483271e+01 1.400195941365853930e-02
1.834418673209849615e+01 1.979568901908332346e-02
1.854504233341778985e+01 2.717994779670888927e-02
1.874833867442911028e+01 3.631137498265915586e-02
1.895410541430156570e+01 4.725654319394465008e-02
1.916237257261395754e+01 5.997818737589113991e-02
1.937317053373443443e+01 7.427740270541369205e-02
1.958653005125330893e+01 8.961546847962065243e-02
1.980248225246958782e+01 1.049778718690828616e-01
2.002105864293241311e+01 1.205403808890451456e-01
2.024229111103725742e+01 1.366518209882095491e-01
2.046621193267829852e+01 1.534078236128268435e-01
2.069285377595707942e+01 1.708252137140780502e-01
2.092224970594853772e+01 1.889326979630901737e-01
2.115443318952498331e+01 2.076539226337358324e-01
2.138943810023851455e+01 2.267775418032898782e-01
2.162729872326293901e+01 2.461485891644880630e-01
2.186804976039571002e+01 2.657694413667978095e-01
2.211172633512046559e+01 2.857066736732479795e-01
2.235836399773144123e+01 3.060117390111315450e-01
2.260799873051984576e+01 3.266615700908001574e-01
2.286066695302336527e+01 3.475154337551573103e-01
2.311640552733947018e+01 3.684677673624486283e-01
2.337525176350326461e+01 3.895217396401129961e-01
2.363724342493071973e+01 4.106687493448750170e-01
2.390241873392800187e+01 4.318469882586722930e-01
2.417081637726782617e+01 4.529963458269029575e-01
2.444247551183335787e+01 4.740769233385783155e-01
2.471743577033111094e+01 4.950319641838561990e-01
2.499573726707283328e+01 5.158118951461478918e-01
2.527742060382792744e+01 5.364503894393871652e-01
2.556252687574680138e+01 5.569249447545324694e-01
2.585109767735640318e+01 5.773038816596407496e-01
2.614317510862841942e+01 5.975627591215282308e-01
2.643880178112132739e+01 6.175429225030052427e-01
2.673802082419706494e+01 6.371774268414115427e-01
2.704087589131326297e+01 6.565345863477614063e-01
2.734741116639165881e+01 6.756906373633102536e-01
2.765767137026456979e+01 6.946254893473009506e-01
2.797170176719891543e+01 7.132063428569129782e-01
2.828954817150010115e+01 7.312752237804054367e-01
2.861125695419574555e+01 7.488114711113138533e-01
2.893687504980098169e+01 7.659165904811455761e-01
2.926644996316566250e+01 7.825451664395042251e-01
2.960002977640499822e+01 7.984183889004839996e-01
2.993766315591430782e+01 8.135796117691804774e-01
3.027939935946882599e+01 8.281409004369804094e-01
3.062528824341035616e+01 8.421181313290233561e-01
3.097538026992058846e+01 8.553615866993915517e-01
3.132972651438317868e+01 8.676726340150099359e-01
3.168837867283523124e+01 8.789544450027987343e-01
3.205138906950922717e+01 8.892318264727312460e-01
3.241881066446677551e+01 8.985495155316972626e-01
3.279069706132496265e+01 9.068787713678064799e-01
3.316710251507667095e+01 9.140993113972452067e-01
3.354808194000580102e+01 9.200711070231755162e-01
3.393369091769900336e+01 9.247429515021059476e-01
3.432398570515443481e+01 9.281417082364615823e-01
3.471902324298910258e+01 9.301939096828306663e-01
3.514229538702705469e+01 9.306938472871428836e-01
3.556598130927115875e+01 9.295889449428234030e-01
3.599481574139295503e+01 9.270276797525913715e-01
3.642886124660858371e+01 9.230098547671516940e-01
3.686818114838467153e+01 9.175260001197733661e-01
3.731283953967610501e+01 9.105956961219131562e-01
3.776290129227730574e+01 9.022553613654595850e-01
3.821843206628603440e+01 8.926042952505193195e-01
3.867949831968275021e+01 8.817361043286261468e-01
3.914616731802620819e+01 8.697195145983840359e-01
3.961850714426700648e+01 8.566818468007404430e-01
4.009658670868017794e+01 8.427784937514680719e-01
4.058047575891872327e+01 8.281170921477049029e-01
4.107024489018909463e+01 8.127849052233201421e-01
4.156596555555046990e+01 7.968886687967120519e-01
4.206771007633921045e+01 7.805493519144564019e-01
4.257555165271953967e+01 7.639105723669779024e-01
4.308956437436340536e+01 7.471194380970114235e-01
4.360982323125907811e+01 7.302914349550060358e-01
4.413640412465167628e+01 7.135017781459124242e-01
4.466938387811650557e+01 6.968102982894135433e-01
4.520884024876692564e+01 6.802982187453531226e-01
4.575485193859846333e+01 6.640678062811814497e-01
4.630749860597073564e+01 6.481972333271568409e-01
4.686686087722896588e+01 6.327125952524159658e-01
4.743302035846641473e+01 6.176235587993285092e-01
4.800605964743038356e+01 6.029617828707559690e-01
4.858606234557225889e+01 5.887642881483197144e-01
4.917311307024434797e+01 5.750400135253541656e-01
4.976729746704474167e+01 5.617764689827402513e-01
5.036870222231221561e+01 5.489678040586549734e-01
5.097741507577320874e+01 5.366193767226647982e-01
5.159352483334205175e+01 5.247275285753099094e-01
5.221712138007730886e+01 5.132742859202256147e-01
5.284829569329458110e+01 5.022398053020934450e-01
5.348713985584013386e+01 4.916109341151986278e-01
5.413374706952440363e+01 4.813719799282706324e-01
5.478821166871957615e+01 4.714952903616486113e-01
5.545062913412209582e+01 4.619484048852435798e-01
5.612109610668237991e+01 4.527075867667857967e-01
5.679971040170402574e+01 4.437581937836030388e-01
5.748657102311415201e+01 4.350833620240351918e-01
5.818177817790738970e+01 4.266618674178643822e-01
5.888543329076459543e+01 4.184745737117124831e-01
5.959763901885067838e+01 4.105094250097579556e-01
6.031849926679088014e+01 4.027551951356592719e-01
6.104811920182964258e+01 3.951960995840419488e-01
6.178660526917364137e+01 3.878157174436424048e-01
6.253406520752115938e+01 3.806029257190545190e-01
6.329060806478028667e+01 3.735520878692085711e-01
6.405634421397805056e+01 3.666592063535135670e-01
6.483138536936287721e+01 3.599187301599667266e-01
6.561584460270250929e+01 3.533237485264189015e-01
6.640983635978061272e+01 3.468684524596045149e-01
6.721347647709322359e+01 3.405493097784676459e-01
6.802688219874816866e+01 3.343635779471581526e-01
6.885017219357014540e+01 3.283071969990390970e-01
6.968346657241335151e+01 3.223745319438774404e-01
7.052688690568461993e+01 3.165595763670218110e-01
7.138055624107958863e+01 3.108582257151536465e-01
7.224459912153416496e+01 3.052681358039166515e-01
7.311914160339436819e+01 2.997873961322969905e-01
7.400431127480693760e+01 2.944138685713957315e-01
7.490023727433269585e+01 2.891445943436473653e-01
7.580705030978775483e+01 2.839763394755245862e-01
7.672488267731193901e+01 2.789063572647029199e-01
7.765386828066984037e+01 2.739328137401524366e-01
7.859414265078629569e+01 2.690539828937962286e-01
7.954584296551900024e+01 2.642682131118915256e-01
8.050910806967168298e+01 2.595738484473305019e-01
8.148407849525034408e+01 2.549691552819947082e-01
8.247089648196579503e+01 2.504518308835614882e-01
8.346970599798450507e+01 2.460191264262217570e-01
8.448065276093340970e+01 2.416682510267137984e-01
8.550388425915802770e+01 2.373972717178643999e-01
8.653954977324002584e+01 2.332046985647854287e-01
8.758780039777590787e+01 2.290893521435740654e-01
8.864878906342042342e+01 2.250499212198022736e-01
8.972267055919766676e+01 2.210851592518582043e-01
9.080960155508380183e+01 2.171936749416764623e-01
9.190974062486363039e+01 2.133741718648506369e-01
9.302324826926462720e+01 2.096251571335353281e-01
9.415028693937374271e+01 2.059447530869423781e-01
9.529102106033667496e+01 2.023313910209219579e-01
9.644561705534640339e+01 1.987833316764233416e-01
9.761424336992287465e+01 1.952995426009214441e-01
9.879707049648763473e+01 1.918788073274875217e-01
9.999427099923734374e+01 1.885202250853723616e-01
1.012060195393192146e+02 1.852224430104171260e-01
1.024324929003129796e+02 1.819839035833097918e-01
1.036738700140211193e+02 1.788031875365992673e-01
1.049303319865745294e+02 1.756792658670537910e-01
1.062020621248539953e+02 1.726109632993190757e-01
1.074892459632326904e+02 1.695973094643527801e-01
1.087920712906444294e+02 1.666372628262414168e-01
1.101107281779803770e+02 1.637299236782416012e-01
1.114454090058185329e+02 1.608742064324916177e-01
1.127963084924906667e+02 1.580692974715204036e-01
1.141636237224901720e+02 1.553142929111794857e-01
1.155475541752237945e+02 1.526080425888021730e-01
1.169483017541157182e+02 1.499496765771712314e-01
1.183660708160623898e+02 1.473380879330901672e-01
1.198010682012468067e+02 1.447724119903908979e-01
1.212535032633142578e+02 1.422515272314539558e-01
1.227235878999158416e+02 1.397744761021133819e-01
1.242115365836220775e+02 1.373404267044937288e-01
1.257175663932126071e+02 1.349483870131733543e-01
1.272418970453464766e+02 1.325974307933722174e-01
1.287847509266155441e+02 1.302866080575711960e-01
1.303463531259916692e+02 1.280153092469595300e-01
1.319269314676615181e+02 1.257830050737894223e-01
1.335267165442669182e+02 1.235890886154701884e-01
1.351459417505452620e+02 1.214330560151872240e-01
1.367848433173798810e+02 1.193142337741371906e-01
1.384436603462639255e+02 1.172321120878200840e-01
1.401226348441835228e+02 1.151859618030120491e-01
1.418220117589245035e+02 1.131750219943299385e-01
1.435420390148069316e+02 1.111985674912393529e-01
1.452829675488580108e+02 1.092558706979511740e-01
1.470450513474179672e+02 1.073461262029364038e-01
1.488285474831970703e+02 1.054687022619673065e-01
1.506337161527795274e+02 1.036229537954249935e-01
1.524608207145835479e+02 1.018082530867031599e-01
1.543101277272836285e+02 1.000242166574826785e-01
1.561819069886986426e+02 9.827055611966800663e-02
1.580764315751533218e+02 9.654684390729742494e-02
1.599939778813176758e+02 9.485255893226451906e-02
1.619348256605307199e+02 9.318755327724875803e-02
1.638992580656128553e+02 9.155137470249943843e-02
1.658875616901775629e+02 8.994355302268994268e-02
1.679000266104412731e+02 8.836359115090944294e-02
1.699369464275434893e+02 8.681096525284573429e-02
1.719986183103805786e+02 8.528508215794458613e-02
1.740853430389601613e+02 8.378525849728196695e-02
1.761974250482824402e+02 8.231091632039128081e-02
1.783351724727542091e+02 8.086151513535250190e-02
1.804988971911437829e+02 7.943646949254473677e-02
1.826889148720796925e+02 7.803538840970730694e-02
1.849055450201063877e+02 7.665788254145483593e-02
1.871491110222954717e+02 7.530368552920826963e-02
1.894199401954255109e+02 7.397256318944248066e-02
1.917183638337348839e+02 7.266428524215612361e-02
1.940447172572544048e+02 7.137862660439389662e-02
1.963993398607279062e+02 7.011533102188777233e-02
1.987825751631269782e+02 6.887403971636338329e-02
2.011947708577673950e+02 6.765434682082799300e-02
2.036362788630329703e+02 6.645576030741892626e-02
2.061074553737217627e+02 6.527783134878598070e-02
2.086086609130059060e+02 6.412007491060484066e-02
2.111402603850334856e+02 6.298205024413539022e-02
2.137026231281629123e+02 6.186325822164220889e-02
2.162961229688461628e+02 6.076330409693178614e-02
2.189211382761673690e+02 5.968182502777819032e-02
2.215780520170431203e+02 5.861852709372528114e-02
2.242672518120949405e+02 5.757316830591666101e-02
2.269891299921968368e+02 5.654550895305535119e-02
2.297440836557186117e+02 5.553537535608230047e-02
2.325325147264523196e+02 5.454256403460022717e-02
2.353548300122544958e+02 5.356685975769184815e-02
2.382114412643938408e+02 5.260805067950816150e-02
2.411027652376222647e+02 5.166586358896779752e-02
2.440292237509761719e+02 5.073994527850819725e-02
2.469912437493157995e+02 4.982992650715065142e-02
2.499892573656133266e+02 4.893543593661150992e-02
2.530237019839954087e+02 4.805612135587206124e-02
2.560950203035583854e+02 4.719160595159596627e-02
2.592036604029475484e+02 4.634158605225491279e-02
2.623500758057335815e+02 4.550580106592456986e-02
2.655347255465751459e+02 4.468396494944271158e-02
2.687580742381883852e+02 4.387587084807326177e-02
2.720205921391299739e+02 4.308136713546578678e-02
2.753227552224041119e+02 4.230029696522497051e-02
2.786650452449018189e+02 4.153252248806868496e-02
2.820479498176864581e+02 4.077790275399495457e-02
2.854719624771314557e+02 4.003630515140697843e-02
2.889375827569210173e+02 3.930755693256859917e-02
2.924453162609315200e+02 3.859143397882817961e-02
2.959956747369917593e+02 3.788771220568920572e-02
2.995891761515439953e+02 3.719613624868040036e-02
3.032263447652094897e+02 3.651645316402341024e-02
3.069077112092748507e+02 3.584840765687807851e-02
3.106338125631056073e+02 3.519176080033581400e-02
3.144051924325023037e+02 3.454629108096643475e-02
3.182224010290074716e+02 3.391179231862812005e-02
3.220859952501749035e+02 3.328807133435557342e-02
3.259965387608197034e+02 3.267497599382096496e-02
3.299546020752495110e+02 3.207237082881915502e-02
3.339607626404984444e+02 3.148012356486409868e-02
3.380156049205713771e+02 3.089809725494679915e-02
3.421197204817124771e+02 3.032615714143420405e-02
3.462737080787087507e+02 2.976415971365117819e-02
3.504781737422443371e+02 2.921195025863239370e-02
3.547337308673148186e+02 2.866936198918312861e-02
3.590410003027135417e+02 2.813621849156981714e-02
3.634006104416150151e+02 2.761231875251471402e-02
3.678131973132425401e+02 2.709746634588269809e-02
3.722794046756671378e+02 2.659148437964667377e-02
3.767998841097228819e+02 2.609419242710733777e-02
3.813752951140670007e+02 2.560542772980904658e-02
3.860063052013954348e+02 2.512504563332657037e-02
3.906935899958274376e+02 2.465290801371855522e-02
3.954378333314730867e+02 2.418888901539659186e-02
4.002397273521956436e+02 2.373287539730857543e-02
4.050999726125983216e+02 2.328477117492105952e-02
4.100192781802164177e+02 2.284448480329762110e-02
4.149983617389744950e+02 2.241189872819769613e-02
4.200379496938855937e+02 2.198690017189400270e-02
4.251387772770282254e+02 2.156938542167551043e-02
4.303015886548104163e+02 2.115923877004863285e-02
4.355271370365368284e+02 2.075633483180783223e-02
4.408161847842968086e+02 2.036054879849039101e-02
4.461695035241815503e+02 1.997175727281984281e-02
4.515878742588678278e+02 1.958983464133888519e-02
4.570720874815466459e+02 1.921465501632430017e-02
4.626229432912590482e+02 1.884611065216876269e-02
4.682412515096197581e+02 1.848409638501043173e-02
4.739278317989633820e+02 1.812850614905497926e-02
4.796835137819264219e+02 1.777924266477680371e-02
4.855091371624816361e+02 1.743621213318063967e-02
4.914055518484438494e+02 1.709932687487222824e-02
4.973736180754642646e+02 1.676849943102777518e-02
5.034142065325319209e+02 1.644364124158374796e-02
5.095281984889957130e+02 1.612466504847503979e-02
5.157164859231401124e+02 1.581147849283351392e-02
5.219799716523134521e+02 1.550399050946693613e-02
5.283195694646409493e+02 1.520210664103463505e-02
5.347362042523399168e+02 1.490572467078989105e-02
5.412308121466525108e+02 1.461474668599972715e-02
5.478043406544188656e+02 1.432908070075485096e-02
5.544577487963113072e+02 1.404864082536172454e-02
5.611920072467478349e+02 1.377334009767554324e-02
5.680080984754993096e+02 1.350309589778020403e-02
5.749070168910317307e+02 1.323782412684518239e-02
5.818897689855764384e+02 1.297744330458401596e-02
5.889573734819703077e+02 1.272187690846975083e-02
5.961108614822771870e+02 1.247104363589984777e-02
6.033512766182184350e+02 1.222487508642192133e-02
6.106796752034284737e+02 1.198329947655928096e-02
6.180971263875622981e+02 1.174624216432326729e-02
6.256047123122770017e+02 1.151363969304661228e-02
6.332035282690982285e+02 1.128542209669949892e-02
6.408946828592308975e+02 1.106152318963860015e-02
6.486792981552745232e+02 1.084188135958452648e-02
6.565585098649371503e+02 1.062643160930518138e-02
6.645334674967219826e+02 1.041510533765586943e-02
6.726053345276285427e+02 1.020783747433424982e-02
6.807752885728961019e+02 1.000456580394019912e-02
6.890445215578068883e+02 9.805231818746151795e-03
6.974142398915780632e+02 9.609771176919169877e-03
7.058856646433606556e+02 9.418122917619120571e-03
7.144600317203979785e+02 9.230235610843767757e-03
7.231385920483130576e+02 9.046054529262687049e-03
7.319226117536284164e+02 8.865524014469369773e-03
7.408133723484660322e+02 8.688590667591977734e-03
7.498121709175150045e+02 8.515201538726979713e-03
7.589203203072745509e+02 8.345299264379962834e-03
7.681391493175668757e+02 8.178825351209853545e-03
7.774700028954205209e+02 8.015727328520239059e-03
7.869142423312622441e+02 7.855948902681930690e-03
7.964732454575427028e+02 7.699435634820735175e-03
8.061484068497247790e+02 7.546129804974099908e-03
8.159411380297658525e+02 7.395974294286296324e-03
8.258528676720225121e+02 7.248912036966238814e-03
8.358850418116940091e+02 7.104882816792675027e-03
8.460391240557941046e+02 6.963828065177680993e-03
8.563165957966559745e+02 6.825689263617901181e-03
8.667189564280816967e+02 6.690406982295483973e-03
8.772477235640629942e+02 6.557925467505137940e-03
8.879044332602157965e+02 6.428185979802408800e-03
8.986906402378499479e+02 6.301126039304258408e-03
9.096079181108163993e+02 6.176684278997014721e-03
9.206578596150601470e+02 6.054799428541569883e-03
9.318420768409973789e+02 5.935411970714919716e-03
9.431622014687111459e+02 5.818461581586095721e-03
9.546198850059937513e+02 5.703892875568869480e-03
9.662167990292796276e+02 5.591648669380867853e-03
9.779546354275200883e+02 5.481676897284952499e-03
9.898351066490281482e+02 5.373922846425814581e-03
1.001859945951281702e+03 5.268329855628944847e-03
1.014030907653823988e+03 5.164846987012271240e-03
1.026349767394167657e+03 5.063417866366382025e-03
1.038818322386882755e+03 4.963992736607268641e-03
1.051438391685756869e+03 4.866521735758903844e-03
1.064211816449215803e+03 4.770954997695038557e-03
1.077140460208901004e+03 4.677246946215206369e-03
1.090226209141558229e+03 4.585353585212392780e-03
1.103470972344222218e+03 4.495230785468699863e-03
1.116876682112712842e+03 4.406835766971560486e-03
1.130445294223570954e+03 4.320129414926980604e-03
1.144178788219357102e+03 4.235071106486555659e-03
1.158079167697482490e+03 4.151624679185693390e-03
1.172148460602480327e+03 4.069750926470341867e-03
1.186388719521906069e+03 3.989415252478395457e-03
1.200802021985753981e+03 3.910583250667599986e-03
1.215390470769568310e+03 3.833222627796409321e-03
1.230156194201233802e+03 3.757302579910512530e-03
1.245101346471444685e+03 3.682793841045590988e-03
1.260228107948023990e+03 3.609669012770502783e-03
1.275538685493985213e+03 3.537900361655577086e-03
1.291035312789506634e+03 3.467458613971838299e-03
1.306720250657818724e+03 3.398317919021877354e-03
1.322595787395028992e+03 3.330456187473143648e-03
1.338664239103950877e+03 3.263849894670906027e-03
1.354927950032016952e+03 3.198476533527408461e-03
1.371389292913298050e+03 3.134314842128109457e-03
1.388050669314626930e+03 3.071344268067596056e-03
1.404914509986011353e+03 3.009545208803039718e-03
1.421983275215212871e+03 2.948898888046270345e-03
1.439259455186728474e+03 2.889387387657413320e-03
1.456745570345040505e+03 2.830993653063235832e-03
1.474444171762371298e+03 2.773701772818312761e-03
1.492357841510826120e+03 2.717495922431593242e-03
1.510489193039108841e+03 2.662360604710672929e-03
1.528840871553823263e+03 2.608280957550036805e-03
1.547415554405336934e+03 2.555243469468795880e-03
1.566215951478442094e+03 2.503233549083092035e-03
1.585244805587643896e+03 2.452236856325177433e-03
1.604504892877371276e+03 2.402238884307818928e-03
1.623999023226937197e+03 2.353225748364679709e-03
1.643730040660531131e+03 2.305183925652327936e-03
1.663700823762086884e+03 2.258100073116917766e-03
1.683914286095265652e+03 2.211960865000722753e-03
1.704373376628541109e+03 2.166752983241860414e-03
1.725081080165376761e+03 2.122462956626273295e-03
1.746040417779741119e+03 2.079077109060120665e-03
1.767254447256799722e+03 2.036581548544080800e-03
1.788726263539074353e+03 1.994962137304743394e-03
1.810458999177914620e+03 1.954204351264900164e-03
1.832455824790561337e+03 1.914293790822373803e-03
1.854719949522668458e+03 1.875216927748522833e-03
1.877254621516508223e+03 1.836958780545419612e-03
1.900063128384866104e+03 1.799504262101677549e-03
1.923148797690627589e+03 1.762838284332140376e-03
1.946514997432300561e+03 1.726945587604306054e-03
1.970165136535310921e+03 1.691810847533573026e-03
1.994102665349402741e+03 1.657418788006173246e-03
2.018331076151948537e+03 1.623754155973372929e-03
2.042853903657508909e+03 1.590801660941377343e-03
2.067674725533453966e+03 1.558546114733334875e-03
2.092797162921945073e+03 1.526972558349623185e-03
2.118224880968240996e+03 1.496067293808958296e-03
2.143961589355395517e+03 1.465815210822436418e-03
2.170011042845449083e+03 1.436200506495953141e-03
2.196377041827237463e+03 1.407208771404912240e-03
2.223063432870853376e+03 1.378825697482688115e-03
2.250074109288776071e+03 1.351037245498532338e-03
2.277413011703935354e+03 1.323829645144047884e-03
2.305084128624553159e+03 1.297189283854447567e-03
2.333091497026064644e+03 1.271102930254567470e-03
2.361439202940085124e+03 1.245557659008135823e-03
2.390131382050519733e+03 1.220540803379683084e-03
2.419172220296900377e+03 1.196040012192381430e-03
2.448565954485090060e+03 1.172043307612726307e-03
2.478316872905440050e+03 1.148539030258282495e-03
2.508429315958330790e+03 1.125515919872662959e-03
2.538907676787485798e+03 1.102963029431636155e-03
2.569756401920823919e+03 1.080869711424826962e-03
2.600979991919192344e+03 1.059225614293536621e-03
2.632583002032986315e+03 1.038020660766003286e-03
2.664570042866700533e+03 1.017245133484534145e-03
2.696945781051549147e+03 9.968915268774303229e-04
2.729714939926311217e+03 9.769485079694807672e-04
2.762882300226459847e+03 9.574071692465112998e-04
2.796452700781549993e+03 9.382588280343918952e-04
2.830431039221250103e+03 9.194951228749023014e-04
2.864822272689787951e+03 9.011079988185781431e-04
2.899631418569185371e+03 8.830896246271417727e-04
2.934863555211277799e+03 8.654323712352536557e-04
2.970523822678572742e+03 8.481288772193527892e-04
3.006617423494124523e+03 8.311719139684117102e-04
3.043149623400553992e+03 8.145540310109979087e-04
3.080125752128312797e+03 7.982684470498498108e-04
3.117551204173160386e+03 7.823085169624231783e-04
3.155431439583274823e+03 7.666677273312407642e-04
3.193771984755733229e+03 7.513396959442659312e-04
3.232578433242808842e+03 7.363181685998126252e-04
3.271856446568036972e+03 7.215970148004161380e-04
3.311611755052176704e+03 7.071702276644246596e-04
3.351850158649167497e+03 6.930319203112891846e-04
3.392577527792326237e+03 6.791763238588651580e-04
3.433799804250837497e+03 6.655977839685849051e-04
3.475523001996502444e+03 6.522907600498804859e-04
3.517753208081244793e+03 6.392498227951641868e-04
3.560496583525051392e+03 6.264696499215629058e-04
3.603759364214859488e+03 6.139450267965773991e-04
3.647547861814343833e+03 6.016708433571145084e-04
3.691868464684712308e+03 5.896420905693025225e-04
3.736727638816671060e+03 5.778538602848734204e-04
3.782131928773796972e+03 5.663013425448813060e-04
3.828087958647369305e+03 5.549798239671511688e-04
3.874602433022666446e+03 5.438846841767609394e-04
3.921682137957225223e+03 5.330113962595814728e-04
3.969333941970761316e+03 5.223555242745122132e-04
4.017564797047278262e+03 5.119127192754549527e-04
4.066381739649324118e+03 5.016787205793611301e-04
4.115791891744521308e+03 4.916493529643342283e-04
4.165802461844574282e+03 4.818205237037817210e-04
4.216420746056949611e+03 4.721882224097478584e-04
4.267654129149367691e+03 4.627485190361428635e-04
4.319510085627077387e+03 4.534975625687647643e-04
4.371996180823423856e+03 4.444315775462576862e-04
4.425120072003450332e+03 4.355468652448013511e-04
4.478889509481169625e+03 4.268398013362335180e-04
4.533312337750100596e+03 4.183068322276290579e-04
4.588396496627887245e+03 4.099444766447191135e-04
4.644150022414497471e+03 4.017493231907084267e-04
4.700581049064715444e+03 3.937180278441353501e-04
4.757697809374862118e+03 3.858473137105678658e-04
4.815508636183777526e+03 3.781339697061371179e-04
4.874021963588634208e+03 3.705748493981479881e-04
4.933246328175266171e+03 3.631668677481561525e-04
4.993190370263725526e+03 3.559070026810150569e-04
5.053862835168680249e+03 3.487922929817279666e-04
5.115272574475435249e+03 3.418198349673102869e-04
5.177428547331159280e+03 3.349867841703287226e-04
5.240339821752010721e+03 3.282903532853998115e-04
5.304015575946150420e+03 3.217278100619870573e-04
5.368465099652589743e+03 3.152964768683434900e-04
5.433697795496697836e+03 3.089937300711420240e-04
5.499723180361745108e+03 3.028169989121951705e-04
5.566550886777534288e+03 2.967637625285656985e-04
5.634190664325522448e+03 2.908315516841220721e-04
5.702652381061375308e+03 2.850179468923165482e-04
5.771946024954465429e+03 2.793205756112587465e-04
5.842081705345111004e+03 2.737371136561418151e-04
5.913069654419519793e+03 2.682652836259831128e-04
5.984920228702377244e+03 2.629028531083723273e-04
6.057643910567997409e+03 2.576476341533341825e-04
6.131251309769398176e+03 2.524974830927706124e-04
6.205753164986379488e+03 2.474502994991752136e-04
6.281160345391996998e+03 2.425040235249547108e-04
6.357483852238473446e+03 2.376566376206010016e-04
6.434734820462040261e+03 2.329061649154469220e-04
6.512924520307464263e+03 2.282506668569010168e-04
6.592064358972350419e+03 2.236882443693325936e-04
6.672165882271307964e+03 2.192170366687104521e-04
6.753240776320311852e+03 2.148352197292196543e-04
6.835300869241675173e+03 2.105410057369151364e-04
6.918358132889741682e+03 2.063326431737348005e-04
7.002424684597289342e+03 2.022084158748655228e-04
7.087512788943565283e+03 1.981666407086741036e-04
7.173634859543368293e+03 1.942056691700377695e-04
7.260803460858199287e+03 1.903238860310502330e-04
7.349031310029356973e+03 1.865197073348465184e-04
7.438331278733183353e+03 1.827915813536391300e-04
7.528716395058881972e+03 1.791379877007367397e-04
7.620199845409274531e+03 1.755574360179953768e-04
7.712794976424643210e+03 1.720484654536059456e-04
7.806515296929712349e+03 1.686096448857859510e-04
7.901374479904690816e+03 1.652395721069308075e-04
7.997386364479811164e+03 1.619368718082329212e-04
8.094564957954479723e+03 1.587001970091536825e-04
8.192924437840832979e+03 1.555282279639810718e-04
8.292479153932081317e+03 1.524196704425673406e-04
8.393243630395940272e+03 1.493732565280437696e-04
8.495232567893639498e+03 1.463877439560818446e-04
8.598460845724739556e+03 1.434619149893797286e-04
8.702943523997650118e+03 1.405945759447044339e-04
8.808695845827040102e+03 1.377845574746625230e-04
8.915733239557426714e+03 1.350307138875911448e-04
9.024071321014142086e+03 1.323319214026964005e-04
9.133725895781639338e+03 1.296870794002828644e-04
9.244712961509294473e+03 1.270951095603640654e-04
9.357048710245258917e+03 1.245549543942706724e-04
9.470749530798811975e+03 1.220655778574962057e-04
9.585832011131455147e+03 1.196259649252036979e-04
9.702312940776706455e+03 1.172351206164671568e-04
9.820209313289813508e+03 1.148920695570199851e-04
9.939538328726737745e+03 1.125958562799790532e-04
1.006031739615357947e+04 1.103455446685825628e-04
1.018256413618650731e+04 1.081402164833430296e-04
1.030629638356235228e+04 1.059789723955267913e-04
1.043153218974049742e+04 1.038609313395142970e-04
1.055828982553646711e+04 1.017852292582793142e-04
1.068658778378762690e+04 9.975101957324875729e-05
1.081644478205083396e+04 9.775747292171997962e-05
1.094787976533351139e+04 9.580377632791904109e-05
1.108091190885723154e+04 9.388913280169498311e-05
1.121556062085537633e+04 9.201276162719364445e-05
1.135184554540470890e+04 9.017389791104437821e-05
1.148978656529117143e+04 8.837179137485134950e-05
1.162940380491053838e+04 8.660570716182238761e-05
1.177071763320446189e+04 8.487492536888500798e-05
1.191374866663229659e+04 8.317873998290507918e-05
1.205851777217848576e+04 8.151645924356159222e-05
1.220504607039729672e+04 7.988740548170968070e-05
1.235335493849376326e+04 7.829091442979638042e-05
1.250346601344259398e+04 7.672633485807307026e-05
1.265540119514489743e+04 7.519302883255969509e-05
1.280918264962312605e+04 7.369037136289557487e-05
1.296483281225474821e+04 7.221774940499787240e-05
1.312237439104554323e+04 7.077456249135764734e-05
1.328183036994260874e+04 6.936022239867692136e-05
1.344322401218716186e+04 6.797415224490759543e-05
1.360657886370888446e+04 6.661578677588100243e-05
1.377191875656060802e+04 6.528457226357992776e-05
1.393926781239569027e+04 6.397996594366428015e-05
1.410865044598666827e+04 6.270143568900404807e-05
1.428009136878759637e+04 6.144846022796540946e-05
1.445361559253892119e+04 6.022052888204323853e-05
1.462924843291653087e+04 5.901714073623307282e-05
1.480701551322536579e+04 5.783780513222459840e-05
1.498694276813717443e+04 5.668204143753033820e-05
1.516905644747461338e+04 5.554937827837900469e-05
1.535338312004047293e+04 5.443935377181185163e-05
1.553994967749421994e+04 5.335151545689080510e-05
1.572878333827482675e+04 5.228541984483576870e-05
1.591991165157218711e+04 5.124063212847633064e-05
1.611336250134585134e+04 5.021672635819999543e-05
1.630916411039326886e+04 4.921328525759162756e-05
1.650734504446742358e+04 4.822989953064376733e-05
1.670793421644384944e+04 4.726616824250425616e-05
1.691096089053938340e+04 4.632169866689646483e-05
1.711645468658090249e+04 4.539610564075207029e-05
1.732444558432725535e+04 4.448901174814541212e-05
1.753496392784241107e+04 4.360004727030667663e-05
1.774804042992300310e+04 4.272884983321238901e-05
1.796370617657855109e+04 4.187506415081337918e-05
1.818199263156686357e+04 4.103834215989099216e-05
1.840293164098451234e+04 4.021834290147160811e-05
1.862655543791242235e+04 3.941473194070253165e-05
1.885289664711896694e+04 3.862718165581653651e-05
1.908198828981908082e+04 3.785537114164177520e-05
1.931386378849227913e+04 3.709898567984547301e-05
1.954855697175823298e+04 3.635771687443507599e-05
1.978610207931257901e+04 3.563126261353242660e-05
2.002653376692168604e+04 3.491932679614142632e-05
2.026988711147886715e+04 3.422161911455511062e-05
2.051619761612199363e+04 3.353785515330422184e-05
2.076550121541262706e+04 3.286775630686919166e-05
2.101783428057911806e+04 3.221104930662809646e-05
2.127323362482221273e+04 3.156746643802452092e-05
2.153173650868648474e+04 3.093674547887770125e-05
2.179338064549560295e+04 3.031862926962939535e-05
2.205820420685509453e+04 2.971286581203387350e-05
2.232624582822061711e+04 2.911920823513944887e-05
2.259754461453482872e+04 2.853741458909095103e-05
2.287214014593260436e+04 2.796724765894933627e-05
2.315007248351527596e+04 2.740847503705941789e-05
2.343138217519501995e+04 2.686086906642285409e-05
2.371611026161061818e+04 2.632420645553407938e-05
2.400429828211520362e+04 2.579826844255594378e-05
2.429598828083583430e+04 2.528284075416957835e-05
2.459122281280815878e+04 2.477771326108200263e-05
2.489004495018411035e+04 2.428268004889462019e-05
2.519249828851607163e+04 2.379753938402934645e-05
2.549862695311727293e+04 2.332209356351321082e-05
2.580847560549909758e+04 2.285614875375516263e-05
2.612208944988664371e+04 2.239951504340195699e-05
2.643951423981374683e+04 2.195200640560130562e-05
2.676079628479843086e+04 2.151344038393723877e-05
2.708598245709823095e+04 2.108363821780334137e-05
2.741512019854941173e+04 2.066242481248316406e-05
2.774825752748745072e+04 2.024962846645375278e-05
2.808544304575290516e+04 1.984508092135500897e-05
2.842672594578217831e+04 1.944861732577896334e-05
2.877215601778407654e+04 1.906007613096605746e-05
2.912178365700349968e+04 1.867929894982346207e-05
2.947565987107391993e+04 1.830613059551606083e-05
2.983383628745932947e+04 1.794041905749246347e-05
3.019636516098535139e+04 1.758201524502343285e-05
3.056329938146378117e+04 1.723077308414574095e-05
3.093469248140787022e+04 1.688654949311607558e-05
3.131059864384261164e+04 1.654920416947698635e-05
3.169107271020986809e+04 1.621859962444110971e-05
3.207617018836894567e+04 1.589460114383446621e-05
3.246594726069452736e+04 1.557707672077672132e-05
3.286046079227337759e+04 1.526589693223715156e-05
3.325976833920091303e+04 1.496093496637307331e-05
3.366392815697717742e+04 1.466206660348683458e-05
3.407299920900687721e+04 1.436917001871671341e-05
3.448704117520074942e+04 1.408212584772861910e-05
3.490611446068262740e+04 1.380081716706275941e-05
3.533028020460242988e+04 1.352512933004742092e-05
3.575960028905551007e+04 1.325494998978023328e-05
3.619413734811038012e+04 1.299016906025260952e-05
3.663395477694678993e+04 1.273067867251198278e-05
3.707911674110501190e+04 1.247637306991557075e-05
3.752968818584598193e+04 1.222714862726632717e-05
3.798573484562741942e+04 1.198290383312968573e-05
3.844732325369284081e+04 1.174353914151809097e-05
3.891452075177874940e+04 1.150895701368298053e-05
3.938739549993933906e+04 1.127906190079877536e-05
3.986601648649031995e+04 1.105376011953197800e-05
4.035045353807328502e+04 1.083295986602572712e-05
4.084077732984317845e+04 1.061657118121150803e-05
4.133705939577963727e+04 1.040450591857026551e-05
4.183937213912204606e+04 1.019667765927875737e-05
4.234778884293392184e+04 9.993001725121697550e-06
4.286238368079283100e+04 9.793395160462775107e-06
4.338323172761310707e+04 9.597776623246963724e-06
4.391040897059717827e+04 9.406066409374741824e-06
4.444399232032298460e+04 9.218186436055333726e-06
4.498405962196312612e+04 9.034060149639306378e-06
4.553068966664246545e+04 8.853612532285003254e-06
4.608396220293356600e+04 8.676770071470697948e-06
4.664395794849006779e+04 8.503460736523866864e-06
4.721075860182414181e+04 8.333613909715723023e-06
4.778444685422405746e+04 8.167160395374097959e-06
4.836510640181974304e+04 8.004032400726795505e-06
4.895282195779172616e+04 7.844163458139725292e-06
4.954767926473155967e+04 7.687488437327716167e-06
5.014976510714963661e+04 7.533943527245005986e-06
5.075916732413681893e+04 7.383466171684743883e-06
5.137597482218006917e+04 7.235995068990863535e-06
5.200027758813160472e+04 7.091470145871280333e-06
5.263216670233898913e+04 6.949832540521200361e-06
5.327173435193114710e+04 6.811024546534956772e-06
5.391907384426946373e+04 6.674989619814044586e-06
5.457427962055876560e+04 6.541672358084454561e-06
5.523744726962719869e+04 6.411018447675072350e-06
5.590867354187026649e+04 6.282974667325342318e-06
5.658805636336658063e+04 6.157488868100286774e-06
5.727569485016504041e+04 6.034509931664009579e-06
5.797168932274345570e+04 5.913987764268974169e-06
5.867614132064622390e+04 5.795873274970776939e-06
5.938915361729628785e+04 5.680118361692517250e-06
6.011083023499071714e+04 5.566675868871808364e-06
6.084127646007470321e+04 5.455499590679909220e-06
6.158059885830395069e+04 5.346544250032844313e-06
6.232890529038989189e+04 5.239765464415562283e-06
6.308630492773646256e+04 5.135119743921251153e-06
6.385290826836790802e+04 5.032564469715939000e-06
6.462882715304778685e+04 4.932057869740818536e-06
6.541417478159763414e+04 4.833559008604880773e-06
6.620906572940963088e+04 4.737027770263741778e-06
6.701361596416446264e+04 4.642424843803868387e-06
6.782794286274764454e+04 4.549711695772844298e-06
6.865216522837607772e+04 4.458850568310381707e-06
6.948640330792850000e+04 4.369804458501601839e-06
7.033077880948926031e+04 4.282537098752921419e-06
7.118541492010491493e+04 4.197012949981148832e-06
7.205043632375590096e+04 4.113197183336722183e-06
7.292596921954587742e+04 4.031055663036316574e-06
7.381214134011394344e+04 3.950554937299578014e-06
7.470908197027040296e+04 3.871662224089567701e-06
7.561692196585645434e+04 3.794350878515503770e-06
7.653579377283705981e+04 3.718585569333406483e-06
7.746583144662175619e+04 3.644333512799945119e-06
7.840717067162289459e+04 3.571564476617537971e-06
7.935994878105160024e+04 3.500248832601493413e-06
8.032430477695282025e+04 3.430357546853262198e-06
8.130037935048383952e+04 3.361862165028806559e-06
8.228831490244055749e+04 3.294734798969689463e-06
8.328825556403351948e+04 3.228948119659290925e-06
8.430034721791310585e+04 3.164475346150793123e-06
8.532473751945515687e+04 3.101290229211936414e-06
8.636157591830035381e+04 3.039367044658632870e-06
8.741101368015847402e+04 2.978680585930363353e-06
8.847320390887763642e+04 2.919206144793188109e-06
8.954830156878005073e+04 2.860919508838255184e-06
9.063646350726910168e+04 2.803796951138552360e-06
9.173784847771299246e+04 2.747815218105253282e-06
9.285261716260635876e+04 2.692951518376678077e-06
9.398093219700999907e+04 2.639183518104195854e-06
9.512295819228093023e+04 2.586489332105670305e-06
9.627886176008493931e+04 2.534847506969551204e-06
9.744881153670501953e+04 2.484237020820544433e-06
9.863297820764481730e+04 2.434637274964899123e-06
9.983153453252918553e+04 2.386028075809127366e-06
1.010446553703077661e+05 2.338389636445209431e-06
1.022725177047657780e+05 2.291702566747389478e-06
1.035153006703461142e+05 2.245947863116971486e-06
1.047731855782804196e+05 2.201106899334173684e-06
1.060463559430439345e+05 2.157161423541722252e-06
1.073349975091261294e+05 2.114093551126657489e-06
1.086392982781301544e+05 2.071885748235717398e-06
1.099594485362016130e+05 2.030520835460622193e-06
1.112956408817889023e+05 1.989981979482914197e-06
1.126480702537405741e+05 1.950252676396116284e-06
1.140169339597462385e+05 1.911316755654104808e-06
1.154024317051233229e+05 1.873158371148904997e-06
1.168047656219491473e+05 1.835761992709990264e-06
1.182241402985540772e+05 1.799112397219370768e-06
1.196607628093657841e+05 1.763194668926245821e-06
1.211148427451209136e+05 1.727994192385452841e-06
1.225865922434436652e+05 1.693496637153171026e-06
1.240762260197939468e+05 1.659687963722982461e-06
1.255839613987913035e+05 1.626554415537534882e-06
1.271100183459217369e+05 1.594082504479653339e-06
1.286546194996299309e+05 1.562259015115673719e-06
1.302179902037990105e+05 1.531070997483600942e-06
1.318003585406253114e+05 1.500505759833514833e-06
1.334019553638952784e+05 1.470550860331028091e-06
1.350230143326637917e+05 1.441194109367710958e-06
1.366637719453445752e+05 1.412423562979208145e-06
1.383244675742124964e+05 1.384227508838166697e-06
1.400053435003244667e+05 1.356594473274844853e-06
1.417066449488673825e+05 1.329513213886051633e-06
1.434286201249353180e+05 1.302972707432472417e-06
1.451715202497396967e+05 1.276962153359178441e-06
1.469355995972588426e+05 1.251470968418156806e-06
1.487211155313361669e+05 1.226488780381696327e-06
1.505283285432261182e+05 1.202005420528673348e-06
1.523575022895993898e+05 1.178010926978304018e-06
1.542089036310070369e+05 1.154495538851092176e-06
1.560828026708117977e+05 1.131449683587228247e-06
1.579794727945949417e+05 1.108863984277262991e-06
1.598991907100423414e+05 1.086729253121722268e-06
1.618422364873122133e+05 1.065036481224515883e-06
1.638088935998939269e+05 1.043776841552785794e-06
1.657994489659660321e+05 1.022941684957555494e-06
1.678141929902537377e+05 1.002522534716909986e-06
1.698534196063987911e+05 9.825110799027655690e-07
1.719174263198401022e+05 9.628991790982839984e-07
1.740065142512162274e+05 9.436788554142999273e-07
1.761209881802971649e+05 9.248422851094535897e-07
1.782611565904509334e+05 9.063818047375022432e-07
1.804273317136468831e+05 8.882899055597436657e-07
1.826198295760063920e+05 8.705592248521965384e-07
1.848389700439103181e+05 8.531825484244934721e-07
1.870850768706634699e+05 8.361528077019134901e-07
1.893584777437293669e+05 8.194630749805812846e-07
1.916595043325357838e+05 8.031065576906062383e-07
1.939884923368607415e+05 7.870766020926222981e-07
1.963457815358095686e+05 7.713666891653447600e-07
1.987317158373878046e+05 7.559704244694624145e-07
2.011466433286721294e+05 7.408815448157214645e-07
2.035909163265921816e+05 7.260939136350552946e-07
2.060648914293328125e+05 7.116015135662042313e-07
2.085689295683567470e+05 6.973984484147468962e-07
2.111033960610642680e+05 6.834789413031853317e-07
2.136686606640878308e+05 6.698373304401475657e-07
2.162650976272349071e+05 6.564680642009998262e-07
2.188930857480893028e+05 6.433657045925839888e-07
2.215530084272762469e+05 6.305249239661774767e-07
2.242452537243954721e+05 6.179404960522898708e-07
2.269702144146337814e+05 6.056073019832162421e-07
2.297282880460706365e+05 5.935203265683164928e-07
2.325198769976747571e+05 5.816746519637637524e-07
2.353453885380104184e+05 5.700654590743364721e-07
2.382052348846531240e+05 5.586880266231509373e-07
2.410998332643260364e+05 5.475377273846414777e-07
2.440296059737718024e+05 5.366100239543457909e-07
2.469949804413642851e+05 5.259004718763081318e-07
2.499963892894641031e+05 5.154047170154696085e-07
2.530342703975329059e+05 5.051184879602010788e-07
2.561090669660181447e+05 4.950376010395605124e-07
2.592212275810151186e+05 4.851579574520410346e-07
2.623712062797042890e+05 4.754755379122803486e-07
2.655594626166005037e+05 4.659864036504105347e-07
2.687864617305899155e+05 4.566866960393821889e-07
2.720526744127929560e+05 4.475726333379194524e-07
2.753585771752510336e+05 4.386405070630150179e-07
2.787046523204434779e+05 4.298866847152298381e-07
2.820913880116488435e+05 4.213076077590701177e-07
2.855192783441657084e+05 4.128997851484224722e-07
2.889888234174004174e+05 4.046597975201378163e-07
2.925005294078199076e+05 3.965842949860671923e-07
2.960549086428065202e+05 3.886699925993882237e-07
2.996524796753947739e+05 3.809136710925834174e-07
3.032937673599270638e+05 3.733121768183198053e-07
3.069793029286275269e+05 3.658624190021653424e-07
3.107096240691024577e+05 3.585613666396725928e-07
3.144852750027807197e+05 3.514060508034059458e-07
3.183068065643145237e+05 3.443935631615504479e-07
3.221747762819442432e+05 3.375210504336432468e-07
3.260897484588288353e+05 3.307857179064743717e-07
3.300522942553824396e+05 3.241848277406815239e-07
3.340629917725932901e+05 3.177156951266223362e-07
3.381224261363663245e+05 3.113756888561859868e-07
3.422311895828920533e+05 3.051622314173830624e-07
3.463898815450457041e+05 2.990727967282596797e-07
3.505991087398352101e+05 2.931049074888073712e-07
3.548594852569206851e+05 2.872561370839733728e-07
3.591716326482058503e+05 2.815241085638236381e-07
3.635361800185154425e+05 2.759064898771139554e-07
3.679537641173727461e+05 2.704009968255824723e-07
3.724250294319000095e+05 2.650053917705583379e-07
3.769506282808408723e+05 2.597174803707786304e-07
3.815312209097323357e+05 2.545351120494253834e-07
3.861674755872259266e+05 2.494561801419345300e-07
3.908600687025792431e+05 2.444786200666537634e-07
3.956096848643382546e+05 2.396004070696105396e-07
4.004170170002186205e+05 2.348195577706851714e-07
4.052827664581954014e+05 2.301341294707844650e-07
4.102076431088197278e+05 2.255422161475400484e-07
4.151923654487878084e+05 2.210419508141562160e-07
4.202376607057600631e+05 2.166315046038723449e-07
4.253442649444625713e+05 2.123090840519679983e-07
4.305129231740688556e+05 2.080729314114410935e-07
4.357443894568866817e+05 2.039213248247654312e-07
4.410394270183729823e+05 1.998525768655769404e-07
4.463988083584855776e+05 1.958650326592358936e-07
4.518233153643796104e+05 1.919570710938908980e-07
4.573137394244757597e+05 1.881271043564928818e-07
4.628708815439216560e+05 1.843735746069045565e-07
4.684955524614478927e+05 1.806949558598615126e-07
4.741885727676533279e+05 1.770897533213892449e-07
4.799507730247190921e+05 1.735565011532011419e-07
4.857829938875752850e+05 1.700937626772878601e-07
4.916860862265505129e+05 1.667001305306422911e-07
4.976609112515090383e+05 1.633742255224532967e-07
5.037083406374908518e+05 1.601146950827928187e-07
5.098292566518771928e+05 1.569202141954943443e-07
5.160245522831112612e+05 1.537894850829253600e-07
5.222951313709741808e+05 1.507212344669055695e-07
5.286419087384530576e+05 1.477142150758643810e-07
5.350658103252014844e+05 1.447672051448149112e-07
5.415677733226224082e+05 1.418790065993924275e-07
5.481487463105997304e+05 1.390484451798786050e-07
5.548096893958928995e+05 1.362743705572247126e-07
5.615515743522031698e+05 1.335556554629488757e-07
5.683753847619428998e+05 1.308911943965231412e-07
5.752821161597382743e+05 1.282799043448411455e-07
5.822727761776648695e+05 1.257207245761794676e-07
5.893483846922582015e+05 1.232126143815584408e-07
5.965099739733020542e+05 1.207545542933574421e-07
6.037585888344213599e+05 1.183455456894125403e-07
6.110952867855170043e+05 1.159846093364776977e-07
6.185211381870519836e+05 1.136707854566956808e-07
6.260372264062023023e+05 1.114031337959455723e-07
6.336446479749071877e+05 1.091807329842316753e-07
6.413445127498495858e+05 1.070026794491189665e-07
6.491379440743701998e+05 1.048680879715146109e-07
6.570260789423612878e+05 1.027760915532995823e-07
6.650100681641392875e+05 1.007258395760907943e-07
6.730910765343317762e+05 9.871649875911847312e-08
6.812702830018171808e+05 9.674725285464157981e-08
6.895488808417279506e+05 9.481730148813143037e-08
6.979280778295345372e+05 9.292586018442002623e-08
7.064090964172420790e+05 9.107216038734020720e-08
7.149931739117457764e+05 8.925544901107707506e-08
7.236815626553362235e+05 8.747498752286286361e-08
7.324755302084144205e+05 8.573005236597502817e-08
7.413763595344120404e+05 8.401993487243806542e-08
7.503853491869588615e+05 8.234393979544872326e-08
7.595038134993361309e+05 8.070138603329927368e-08
7.687330827762314584e+05 7.909160639528449945e-08
7.780745034878154984e+05 7.751394668922571081e-08
7.875294384661709191e+05 7.596776572074356768e-08
7.970992671041283756e+05 7.445243526930102330e-08
8.067853855565023841e+05 7.296733979086574886e-08
8.165892069437864702e+05 7.151187564232187425e-08
8.265121615583089879e+05 7.008545140226783497e-08
8.365556970728950109e+05 6.868748780204819669e-08
8.467212787520743441e+05 6.731741658651763463e-08
8.570103896658574231e+05 6.597468103862326084e-08
8.674245309060972650e+05 6.465873579598747455e-08
8.779652218054778641e+05 6.336904613971072403e-08
8.886340001591776963e+05 6.210508798013584738e-08
8.994324224492328940e+05 6.086634781679971952e-08
9.103620640715882182e+05 5.965232251311190025e-08
9.214245195659633027e+05 5.846251867227600538e-08
9.326214028484558221e+05 5.729645287570216453e-08
9.439543474470102228e+05 5.615365161835024341e-08
9.554250067397402599e+05 5.503365043597991752e-08
9.670350541961380513e+05 5.393599427869940161e-08
9.787861836212092312e+05 5.286023735942342045e-08
9.906801094025913626e+05 5.180594260978244212e-08
1.002718566760682268e+06 5.077268165274297329e-08
1.014903312001763727e+06 4.976003475447194739e-08
1.027236122774265241e+06 4.876759065430523658e-08
1.039718798328077188e+06 4.779494606180976911e-08
1.052353159777058987e+06 4.684170583652455602e-08
1.065141050364732044e+06 4.590748292004262477e-08
1.078084335733186454e+06 4.499189767780839749e-08
1.091184904195248149e+06 4.409457815900921032e-08
1.104444667009981815e+06 4.321515996480896227e-08
1.117865558661532821e+06 4.235328584127752745e-08
1.131449537141343113e+06 4.150860564042723946e-08
1.145198584233796457e+06 4.068077626935025701e-08
1.159114705805355683e+06 3.986946156253152349e-08
1.173199932097195880e+06 3.907433187589372152e-08
1.187456318021408049e+06 3.829506422486597276e-08
1.201885943460786482e+06 3.753134220982058628e-08
1.216490913572255988e+06 3.678285552917745060e-08
1.231273359094004380e+06 3.604930015445461538e-08
1.246235436656348640e+06 3.533037821079270605e-08
1.261379329096360598e+06 3.462579768086322801e-08
1.276707245776310330e+06 3.393527235653729020e-08
1.292221422906011343e+06 3.325852178885952158e-08
1.307924123869052855e+06 3.259527119143570493e-08
1.323817639553021872e+06 3.194525111467364622e-08
1.339904288683715742e+06 3.130819755236109518e-08
1.356186418163412018e+06 3.068385186021886878e-08
1.372666403413271997e+06 3.007196040456471366e-08
1.389346648719905177e+06 2.947227467464776856e-08
1.406229587586121634e+06 2.888455117105377344e-08
1.423317683085950790e+06 2.830855119837490917e-08
1.440613428223995725e+06 2.774404081044456467e-08
1.458119346299131401e+06 2.719079076545814323e-08
1.475837991272649262e+06 2.664857643664136803e-08
1.493771948140846333e+06 2.611717758041630567e-08
1.511923833312141942e+06 2.559637839818956093e-08
1.530296294988799840e+06 2.508596745479465066e-08
1.548892013553291094e+06 2.458573743300735022e-08
1.567713701959326630e+06 2.409548519806313428e-08
1.586764106127640232e+06 2.361501170272193587e-08
1.606046005346613703e+06 2.314412183233777349e-08
1.625562212677738164e+06 2.268262435709022218e-08
1.645315575366034638e+06 2.223033189152101437e-08
1.665308975255430210e+06 2.178706080916381255e-08
1.685545329209178919e+06 2.135263108466669118e-08
1.706027589535420528e+06 2.092699733597845254e-08
1.726758744417912560e+06 2.051218978815395597e-08
1.747741818351963535e+06 2.010838974814319273e-08
1.768979872585668229e+06 1.971582014497429286e-08
1.790476005566538312e+06 1.933474320442092133e-08
1.812233353393523954e+06 1.896545660702510073e-08
1.834255090274565155e+06 1.860828812088135842e-08
1.856544428989666514e+06 1.826358865360974277e-08
1.879104621359601151e+06 1.793172378685581485e-08
1.901938958720334107e+06 1.761306394144546684e-08
1.925050772403218318e+06 1.730797357069352366e-08
1.948443434220988769e+06 1.701679952162741141e-08
1.972120356959668919e+06 1.673985898134599960e-08
1.996084994876486016e+06 1.647742757034480069e-08
2.020340844203802757e+06 1.622972783325600541e-08
2.044891443659211975e+06 1.599691863701009690e-08
2.069740374961788999e+06 1.577908589410274268e-08
2.094891263354615541e+06 1.557623495845810169e-08
2.120347778133687563e+06 1.538828495565259089e-08
2.146113633183251135e+06 1.521506525498247879e-08
2.172192587517612148e+06 1.505631430935046145e-08
