1.394504449946629165e+01 1.882603512766321211e-04
1.411170414366910464e+01 3.535788162876520643e-04
1.428041653830768887e+01 6.443459935429197549e-04
1.445120696715353148e+01 1.134231181068489497e-03
1.462410102539877421e+01 1.930149781515314630e-03
1.479912462349220093e+01 3.173019760428260304e-03
1.497630399102203924e+01 5.036565251755609207e-03
1.515566568064704178e+01 7.735165988566865963e-03
1.533723657207553259e+01 1.153721848045968779e-02
1.552104387609381320e+01 1.670372648455915876e-02
1.570711513864406683e+01 2.352666303733567943e-02
1.589547824495237016e+01 3.217934578445311167e-02
1.608616142370782498e+01 4.250370714807941153e-02
1.627919325129279926e+01 5.454797427823358802e-02
1.647460265606567731e+01 6.837329693573163114e-02
1.667241892269598225e+01 8.382351008066032949e-02
1.687267169655319776e+01 9.946109893893903542e-02
1.707539098814941170e+01 1.151909870710387251e-01
1.728060717763691301e+01 1.314435745156675439e-01
1.748835101936088066e+01 1.485582981203145969e-01
1.769865364646854644e+01 1.665500351246462507e-01
1.791154657557468610e+01 1.851661327919870148e-01
1.812706171148490952e+01 2.044117036061950388e-01
1.834523135197709820e+01 2.243676281909998127e-01
1.856608819264144117e+01 2.448811797470307750e-01
1.878966533178054377e+01 2.657622142086149553e-01
1.901599627536937831e+01 2.869913746667495102e-01
1.924511494207685303e+01 3.086049757608473887e-01
1.947705566834877899e+01 3.306515600935692745e-01
1.971185321355376274e+01 3.530614728899926780e-01
1.994954276519225900e+01 3.756575003616270392e-01
2.019015994416997728e+01 3.982927545107935452e-01
2.043374081013600474e+01 4.208961921941750117e-01
2.068032186688705920e+01 4.434847785411983878e-01
2.092994006783774097e+01 4.661017039606399348e-01
2.118263282155869476e+01 4.888521369545490991e-01
2.143843799738286648e+01 5.116511713053021326e-01
2.169739393108039138e+01 5.343279783024602603e-01
2.195953943060413849e+01 5.568383985563497562e-01
2.222491378190514055e+01 5.791366884878045296e-01
2.249355675482054195e+01 6.012570372193494217e-01
2.276550860903325102e+01 6.232782160865470988e-01
2.304081010010572683e+01 6.451866255001363903e-01
2.331950248558739958e+01 6.669128699353092937e-01
2.360162753119801948e+01 6.884189758715461016e-01
2.388722751708639791e+01 7.096086818105484806e-01
2.417634524416705943e+01 7.304462915741039009e-01
2.446902404053412639e+01 7.510128733300723836e-01
2.476530776795496891e+01 7.713433043649430276e-01
2.506524082844316581e+01 7.914347030749425693e-01
2.536886817091283675e+01 8.113579701761048923e-01
2.567623529791502435e+01 8.310518050290861547e-01
2.598738827245643179e+01 8.502524284873739235e-01
2.630237372490305603e+01 8.689509435457860587e-01
2.662123885996788886e+01 8.873642149346336883e-01
2.694403146378559910e+01 9.055572813874357418e-01
2.727079991107351020e+01 9.234286959490805025e-01
2.760159317238159460e+01 9.408292394194552877e-01
2.793646082143091292e+01 9.576995361943833052e-01
2.827545304254335434e+01 9.740599750884071373e-01
2.861862063816196411e+01 9.899759094685278704e-01
2.896601503646478193e+01 1.005500856069385662e+00
2.931768829907160168e+01 1.020580221464024051e+00
2.967369312884659749e+01 1.035002108346350091e+00
3.003408287779598496e+01 1.048610132535959139e+00
3.039891155506388998e+01 1.061509130564717296e+00
3.076823383502631160e+01 1.073853074927044737e+00
3.114210506548459279e+01 1.085554233995486451e+00
3.152058127596029280e+01 1.096336677857519204e+00
3.190371918609157831e+01 1.106100590400509454e+00
3.229157621413389734e+01 1.114950616631867675e+00
3.268421048556430009e+01 1.122855244233927463e+00
3.308168084179288826e+01 1.129658724152086124e+00
3.348404684898036976e+01 1.135316769270553472e+00
3.389136880696545973e+01 1.139810323147625093e+00
3.430370775830105146e+01 1.143051537206161372e+00
3.472112549740249676e+01 1.144942001533354903e+00
3.514961677723156441e+01 1.145389764114479014e+00
3.558332942784285535e+01 1.144347485029238998e+00
3.602238412653549915e+01 1.141851067213932813e+00
3.646684667143097869e+01 1.137916169622592566e+00
3.691678367108787029e+01 1.132499182630299694e+00
3.737226255448351253e+01 1.125531217837417053e+00
3.783335158111971452e+01 1.117006155355814601e+00
3.830011985125174334e+01 1.107022115656874028e+00
3.877263731624448440e+01 1.095680751075653436e+00
3.925097478905505710e+01 1.083011746361659311e+00
3.973520395484550249e+01 1.069052673276202459e+00
4.022539738172533674e+01 1.053900065959342935e+00
4.072162853162731011e+01 1.037668625606924078e+00
4.122397177131615820e+01 1.020462973315792166e+00
4.173250238353367081e+01 1.002385037167853543e+00
4.224729657828101637e+01 9.835437807664241250e-01
4.276843150423929529e+01 9.640726798887325755e-01
4.329598526033188932e+01 9.441168875599134092e-01
4.383003690742798142e+01 9.238085448268359423e-01
4.437066648019150250e+01 9.032640896582143641e-01
4.491795499907475175e+01 8.825937606312639350e-01
4.547198448246103908e+01 8.619069894253216235e-01
4.603283795895548991e+01 8.413046678677899015e-01
4.660059947982873041e+01 8.208740150637686694e-01
4.717535413161234459e+01 8.006956841248011880e-01
4.775718804885089241e+01 7.808470685557558078e-01
4.834618842700967178e+01 7.613932146664137424e-01
4.894244353554272919e+01 7.423829967030154409e-01
4.954604273112062174e+01 7.238577442926374950e-01
5.015707647102193079e+01 7.058483160629112074e-01
5.077563632668982763e+01 6.883754951188385540e-01
5.140181499745443716e+01 6.714560960932385303e-01
5.203570632442606581e+01 6.551065059521909983e-01
5.267740530455746750e+01 6.393280657205140383e-01
5.332700810488142906e+01 6.241136708052854587e-01
5.398461207692166397e+01 6.094555737099327519e-01
5.465031577128317508e+01 5.953470004566639995e-01
5.532421895242043064e+01 5.817699129631701549e-01
5.600642261358931506e+01 5.686989460550413433e-01
5.669702899198146184e+01 5.561109341100627379e-01
5.739614158404620525e+01 5.439880849128694296e-01
5.810386516100111010e+01 5.323098111036610458e-01
5.882030578453310454e+01 5.210509700880275874e-01
5.954557082269296586e+01 5.101860224991263681e-01
6.027976896598604384e+01 4.996949742797546778e-01
6.102301024366141036e+01 4.895555933462606979e-01
6.177540604020016701e+01 4.797432978043396079e-01
6.253706911200913510e+01 4.702332945394417374e-01
6.330811360431758317e+01 4.610069820621414127e-01
6.408865506828460923e+01 4.520499259796517122e-01
6.487881047831497483e+01 4.433497264565459672e-01
6.567869824959009861e+01 4.348916116032046086e-01
6.648843825581330691e+01 4.266633034273580871e-01
6.730815184717540944e+01 4.186507979839053650e-01
6.813796186853980430e+01 4.108413455485189214e-01
6.897799267785264021e+01 4.032228971531409689e-01
6.982837016478003989e+01 3.957834351198101785e-01
7.068922176957322279e+01 3.885147762949232586e-01
7.156067650216844811e+01 3.814085748527962783e-01
7.244286496151943311e+01 3.744590199971638000e-01
7.333591935517065963e+01 3.676596287394697238e-01
7.423997351906922404e+01 3.610044458208544471e-01
7.515516293762303235e+01 3.544892879737185365e-01
7.608162476400376306e+01 3.481074824156478176e-01
7.701949784070234273e+01 3.418540468902011020e-01
7.796892272033491622e+01 3.357241175332706939e-01
7.893004168670799459e+01 3.297140029572239173e-01
7.990299877614013724e+01 3.238214225075337072e-01
8.088793979904889397e+01 3.180435245449108050e-01
8.188501236180152887e+01 3.123756453403324085e-01
8.289436588883602042e+01 3.068144290189500634e-01
8.391615164505489588e+01 3.013565705303998810e-01
8.495052275849312196e+01 2.960014060847178108e-01
8.599763424326762618e+01 2.907460525203598434e-01
8.705764302280684319e+01 2.855890350564480040e-01
8.813070795336919616e+01 2.805292207505523105e-01
8.921698984784838160e+01 2.755649856783975449e-01
9.031665149987463792e+01 2.706938023432765572e-01
9.142985770821024971e+01 2.659135478608379288e-01
9.255677530144801324e+01 2.612219548096047506e-01
9.369757316301139838e+01 2.566179273599757948e-01
9.485242225646547354e+01 2.520992847388237590e-01
9.602149565113640506e+01 2.476641345557897278e-01
9.720496854804974873e+01 2.433112653202577358e-01
9.840301830618533074e+01 2.390377859687106699e-01
9.961582446905735821e+01 2.348421205492485231e-01
1.008435687916219052e+02 2.307227279314758572e-01
1.020864352675140481e+02 2.266785883781017863e-01
1.033446101566231619e+02 2.227081205168537914e-01
1.046182820130050430e+02 2.188104124888320123e-01
1.059076417131405350e+02 2.149832041803162452e-01
1.072128824845393069e+02 2.112243601510735425e-01
1.085341999346996005e+02 2.075325683998180681e-01
1.098717920804202777e+02 2.039060574643561385e-01
1.112258593774783719e+02 2.003446866255965408e-01
1.125966047506683481e+02 1.968472625259156950e-01
1.139842336242138146e+02 1.934127689881603440e-01
1.153889539525534218e+02 1.900398708584297991e-01
1.168109762515049965e+02 1.867260936769294943e-01
1.182505136298139945e+02 1.834702415150971655e-01
1.197077818210907054e+02 1.802704225388747916e-01
1.211829992161417806e+02 1.771253059441342259e-01
1.226763868956970640e+02 1.740340021383210978e-01
1.241881686635436495e+02 1.709954958853661944e-01
1.257185710800636116e+02 1.680096153056829522e-01
1.272678234961892230e+02 1.650750290314230706e-01
1.288361580877721053e+02 1.621909716452717143e-01
1.304238098903797152e+02 1.593568492107121370e-01
1.320310168345169473e+02 1.565715621318336526e-01
1.336580197812845938e+02 1.538340607287894402e-01
1.353050625584743045e+02 1.511437096528895074e-01
1.369723919971097814e+02 1.484996555368350291e-01
1.386602579684381737e+02 1.459009748688289421e-01
1.403689134213764191e+02 1.433462092151466527e-01
1.420986144204180732e+02 1.408350033555190450e-01
1.438496201840085007e+02 1.383666134561399030e-01
1.456221931233932594e+02 1.359397632446475712e-01
1.474165988819416100e+02 1.335536471082511278e-01
1.492331063749592204e+02 1.312081630935744425e-01
1.510719878299860568e+02 1.289030520127837365e-01
1.529335188275958330e+02 1.266380011306432740e-01
1.548179783426932943e+02 1.244122457577751806e-01
1.567256487863229779e+02 1.222254784267230721e-01
1.586568160479931180e+02 1.200770798876452106e-01
1.606117695385191269e+02 1.179661905789587267e-01
1.625908022333949816e+02 1.158924050727740407e-01
1.645942107167001893e+02 1.138547392494640709e-01
1.666222952255478447e+02 1.118521787501809833e-01
1.686753596950765939e+02 1.098842170216677711e-01
1.707537118040020800e+02 1.079502441618400282e-01
1.728576630207241749e+02 1.060490518132556764e-01
1.749875286500068228e+02 1.041803558164984267e-01
1.771436278802283937e+02 1.023434891613666797e-01
1.793262838312187455e+02 1.005382999752354040e-01
1.815358236026801535e+02 9.876428589028918292e-02
1.837725783232105812e+02 9.702143449697857303e-02
1.860368831999248869e+02 9.530875082460529835e-02
1.883290775686912468e+02 9.362613173799290422e-02
1.906495049449856936e+02 9.197265045139185746e-02
1.929985130753719034e+02 9.034823514377240961e-02
1.953764539896147312e+02 8.875148634291438188e-02
1.977836840534372413e+02 8.718197193976569281e-02
2.002205640219277711e+02 8.563911675555736791e-02
2.026874590936016887e+02 8.412269896363362698e-02
2.051847389651335050e+02 8.263182441995441108e-02
2.077127778867583743e+02 8.116627910262126655e-02
2.102719547183612576e+02 7.972596541295237649e-02
2.128626529862506800e+02 7.831024436810915534e-02
2.154852609406387387e+02 7.691855220416878025e-02
2.181401716138221900e+02 7.555099167866254073e-02
2.208277828790866977e+02 7.420718811900216261e-02
2.235484975103304919e+02 7.288687105328334193e-02
2.263027232424265662e+02 7.158956024750186276e-02
2.290908728323280741e+02 7.031473433006142637e-02
2.319133641209243990e+02 6.906210555244741978e-02
2.347706200956595239e+02 6.783111630841176520e-02
2.376630689539225330e+02 6.662136162053407251e-02
2.405911441672206479e+02 6.543239963379388069e-02
2.435552845461371021e+02 6.426360063303983294e-02
2.465559343060962760e+02 6.311474797454837138e-02
2.495935431339318882e+02 6.198558392160269381e-02
2.526685662552818314e+02 6.087573624240788517e-02
2.557814645028065854e+02 5.978493422865094331e-02
2.589327043852525776e+02 5.871285704193233285e-02
2.621227581573651264e+02 5.765941287794899839e-02
2.653521038906620788e+02 5.662414114938058018e-02
2.686212255450769817e+02 5.560669561007161588e-02
2.719306130414884706e+02 5.460691721170464474e-02
2.752807623351422990e+02 5.362436722271977929e-02
2.786721754899757002e+02 5.265865142521829190e-02
2.821053607538570986e+02 5.170938466303896808e-02
2.855808326347549837e+02 5.077616842752017551e-02
2.890991119778452685e+02 4.985861922099066312e-02
2.926607260435627040e+02 4.895647446795083763e-02
2.962662085866227812e+02 4.806926126251449133e-02
2.999160999360069013e+02 4.719688489081346611e-02
3.036109470759422493e+02 4.633881411383711235e-02
3.073513037278713682e+02 4.549533508023159700e-02
3.111377304334352516e+02 4.466584470356432801e-02
3.149707946384796173e+02 4.385040100913704247e-02
3.188510707780935149e+02 4.304867194029549093e-02
3.227791403626932834e+02 4.226056288471634337e-02
3.267555920651722090e+02 4.148579735180290412e-02
3.307810218091220804e+02 4.072393102333222992e-02
3.348560328581357339e+02 3.997479528606441568e-02
3.389812359062194673e+02 3.923793914523664161e-02
3.431572491693081020e+02 3.851320884578582349e-02
3.473846984779182776e+02 3.780017187683172575e-02
3.516642173709315671e+02 3.709881745442061840e-02
3.559964471905449841e+02 3.640892865730130379e-02
3.603820371783777432e+02 3.573019085152547014e-02
3.648216445727753694e+02 3.506229856635560693e-02
3.693159347073001300e+02 3.440522309383455685e-02
3.738655811104419513e+02 3.375873382442749066e-02
3.784712656065572673e+02 3.312279283149529435e-02
3.831336784180477935e+02 3.249710224203632841e-02
3.878535182687980978e+02 3.188156543043386970e-02
3.926314924888898190e+02 3.127588683220325350e-02
3.974683171206066277e+02 3.067998822990615493e-02
4.023647170257374341e+02 3.009369692992126810e-02
4.073214259942130866e+02 2.951682759620659000e-02
4.123391868540670089e+02 2.894913808683781745e-02
4.174187515827650259e+02 2.839058600717749015e-02
4.225608814198933487e+02 2.784092828629994298e-02
4.277663469812422932e+02 2.730018648109668045e-02
4.330359283742952243e+02 2.676811528518980784e-02
4.383704153151365404e+02 2.624479718574434031e-02
4.437706072467988747e+02 2.573008761322994470e-02
4.492373134590716290e+02 2.522384771982140103e-02
4.547713532097860138e+02 2.472615345100707962e-02
4.603735558475897847e+02 2.423680640616884124e-02
4.660447609362338426e+02 2.375584310841797470e-02
4.717858183803940051e+02 2.328312227712433027e-02
4.775975885530431810e+02 2.281865371294647393e-02
4.834809424243828744e+02 2.236239548504419250e-02
4.894367616923773312e+02 2.191421434101591820e-02
4.954659389148796436e+02 2.147409764752160680e-02
5.015693776434013671e+02 2.104200941650652065e-02
5.077479925585142837e+02 2.061779079032929896e-02
5.140027096069308072e+02 2.020158300396171502e-02
5.203344661402707061e+02 1.979319068287397135e-02
5.267442110555343788e+02 1.939261666029160405e-02
5.332329049373043972e+02 1.899986802718944476e-02
5.398015202017046477e+02 1.861476946898724116e-02
5.464510412421328738e+02 1.823745129003885579e-02
5.531824645767768516e+02 1.786769517306203287e-02
5.599967989979646745e+02 1.750555066982504085e-02
5.668950657233375523e+02 1.715087973110608274e-02
5.738782985489001476e+02 1.680361299773607334e-02
5.809475440039406067e+02 1.646362034215175657e-02
5.881038615078756493e+02 1.613086010764591682e-02
5.953483235290087805e+02 1.580518701925373234e-02
6.026820157452644935e+02 1.548655002733411584e-02
6.101060372068805009e+02 1.517477498121600106e-02
6.176215005011212043e+02 1.486977111351434587e-02
6.252295319190145619e+02 1.457140692283783248e-02
6.329312716241392991e+02 1.427951713637157401e-02
6.407278738234909952e+02 1.399395663666291867e-02
6.486205069404578580e+02 1.371460981558767812e-02
6.566103537899283538e+02 1.344130234763129400e-02
6.646986117555416058e+02 1.317391866699563902e-02
6.728864929691426369e+02 1.291226949152358278e-02
6.811752244924248316e+02 1.265625915538069225e-02
6.895660485008318119e+02 1.240569150552169736e-02
6.980602224697089468e+02 1.216045313236702868e-02
7.066590193627457666e+02 1.192036279650218050e-02
7.153637278227604384e+02 1.168530031034894189e-02
7.241756523648100483e+02 1.145511061440407721e-02
7.330961135716949002e+02 1.122966436070064848e-02
7.421264482918528529e+02 1.100880121004108904e-02
7.512680098397220263e+02 1.079241154278205023e-02
7.605221681985441364e+02 1.058039404239588012e-02
7.698903102256645070e+02 1.037259575157746527e-02
7.793738398603887845e+02 1.016891884186408093e-02
7.889741783343717998e+02 9.969250917520804806e-03
7.986927643846116780e+02 9.773492914153766517e-03
8.085310544690512415e+02 9.581575067214067806e-03
8.184905229848677664e+02 9.393374593012699184e-03
8.285726624894165298e+02 9.208823888565335555e-03
8.387789839239177354e+02 9.027852083361520216e-03
8.491110168398766973e+02 8.850348919565698830e-03
8.595703096283280047e+02 8.676282783826375772e-03
8.701584297518691073e+02 8.505555194222641155e-03
8.808769639795704052e+02 8.338108618629248847e-03
8.917275186247620695e+02 8.173910861464066258e-03
9.027117197857799056e+02 8.012865754760475565e-03
9.138312135896486552e+02 7.854935912560898764e-03
9.250876664387634492e+02 7.700067650053071810e-03
9.364827652606455786e+02 7.548197261541343683e-03
9.480182177607347285e+02 7.399285098446527209e-03
9.596957526783196499e+02 7.253280795340785389e-03
9.715171200455957887e+02 7.110118544953763012e-03
9.834840914499562814e+02 6.969745206942346352e-03
9.955984602994725492e+02 6.832118490386333842e-03
1.007862042091651574e+03 6.697190155933310102e-03
1.020276674685532953e+03 6.564900098857177901e-03
1.032844218577102538e+03 6.435190238181599798e-03
1.045566557178115772e+03 6.308039474733311350e-03
1.058445597098354028e+03 6.183389844174023292e-03
1.071483268431342822e+03 6.061188734292229791e-03
1.084681525043619558e+03 5.941394914489505838e-03
1.098042344867542624e+03 5.823962680649639317e-03
1.111567730197689798e+03 5.708842364061607680e-03
1.125259707990958987e+03 5.595985017565228287e-03
1.139120330170314901e+03 5.485356470786635630e-03
1.153151673932306721e+03 5.376913824794032210e-03
1.167355842058344479e+03 5.270613099813480779e-03
1.181734963229855794e+03 5.166410669636285410e-03
1.196291192347283868e+03 5.064264310786896831e-03
1.211026710853012673e+03 4.964138667102157253e-03
1.225943727058313470e+03 4.866003086201602101e-03
1.241044476474270141e+03 4.769800518866451795e-03
1.256331222146805885e+03 4.675493085785486537e-03
1.271806254995833115e+03 4.583048804962758932e-03
1.287471894158559735e+03 4.492441928843716147e-03
1.303330487337071645e+03 4.403625598106267192e-03
1.319384411150152573e+03 4.316560226650025672e-03
1.335636071489434471e+03 4.231216091748276828e-03
1.352087903879986243e+03 4.147559932025849175e-03
1.368742373845284192e+03 4.065558339002585918e-03
1.385601977276717207e+03 3.985178574889830863e-03
1.402669240807604638e+03 3.906388562922689586e-03
1.419946722191881008e+03 3.829156844585543222e-03
1.437437010687391421e+03 3.753452578744694533e-03
1.455142727443906551e+03 3.679245555962745717e-03
1.473066525895974564e+03 3.606506158021179249e-03
1.491211092160548105e+03 3.535205339137125966e-03
1.509579145439540298e+03 3.465314633962639050e-03
1.528173438427338851e+03 3.396806158087857519e-03
1.546996757723308974e+03 3.329652560764486714e-03
1.566051924249439253e+03 3.263827026118980637e-03
1.585341793673075927e+03 3.199303290473850397e-03
1.604869256834861289e+03 3.136055603890016558e-03
1.624637240182004462e+03 3.074058713319578924e-03
1.644648706206821544e+03 3.013287868108611815e-03
1.664906653890716825e+03 2.953718828148557685e-03
1.685414119153592992e+03 2.895327813819442882e-03
1.706174175308864051e+03 2.838091508910940350e-03
1.727189933524012304e+03 2.781987080000681949e-03
1.748464543286815797e+03 2.726992140041795999e-03
1.770001192877381982e+03 2.673084733268681068e-03
1.791803109845927111e+03 2.620243339884656408e-03
1.813873561496473485e+03 2.568446885705410326e-03
1.836215855376504123e+03 2.517674696706248376e-03
1.858833339772612590e+03 2.467906499406874975e-03
1.881729404212343297e+03 2.419122442503027388e-03
1.904907479972092005e+03 2.371303062500659982e-03
1.928371040591383235e+03 2.324429270206572647e-03
1.952123602393396823e+03 2.278482354810372999e-03
1.976168725011938250e+03 2.233443994404500470e-03
2.000510011924910259e+03 2.189296214836014727e-03
2.025151110994304645e+03 2.146021387698222177e-03
2.050095715012933397e+03 2.103602255095712338e-03
2.075347562257818026e+03 2.062021894659295251e-03
2.100910437050390101e+03 2.021263709337813887e-03
2.126788170323681697e+03 1.981311430535280527e-03
2.152984640196394139e+03 1.942149129037618917e-03
2.179503772554106490e+03 1.903761177863745341e-03
2.206349541637619950e+03 1.866132248050679770e-03
2.233525970638521358e+03 1.829247337027113673e-03
2.261037132302171813e+03 1.793091731208332294e-03
2.288887149537982623e+03 1.757651000194575524e-03
2.317080196037362839e+03 1.722910998748986098e-03
2.345620496899158297e+03 1.688857877777362720e-03
2.374512329262851381e+03 1.655478050873894231e-03
2.403760022949542872e+03 1.622758189065180365e-03
2.433367961110817760e+03 1.590685249196934891e-03
2.463340580885655527e+03 1.559246438587213231e-03
2.493682374065370368e+03 1.528429210532659867e-03
2.524397887766744134e+03 1.498221265946341439e-03
2.555491725113522079e+03 1.468611417256853076e-03
2.586968545926206389e+03 1.439588083397164934e-03
2.618833067420432144e+03 1.411138515088809862e-03
2.651090064913839797e+03 1.383251374343232032e-03
2.683744372541795656e+03 1.355915540622097074e-03
2.716800883981817606e+03 1.329120107037616658e-03
2.750264553186917055e+03 1.302854382301866371e-03
2.784140395128089949e+03 1.277107898994770101e-03
2.818433486545826781e+03 1.251870388762093677e-03
2.853148966710935383e+03 1.227131777110251811e-03
2.888292038194751512e+03 1.202882205343591259e-03
2.923867967648753620e+03 1.179112004639548683e-03
2.959882086593917393e+03 1.155811691455671010e-03
2.996339792219679111e+03 1.132971971076666973e-03
3.033246548192737464e+03 1.110583741325572599e-03
3.070607885475924832e+03 1.088638074390464120e-03
3.108429403157051638e+03 1.067126211087902204e-03
3.146716769288028900e+03 1.046039578925540229e-03
3.185475721734248054e+03 1.025369771239932528e-03
3.224712069034543674e+03 1.005108542245971865e-03
3.264431691271656291e+03 9.852478109077566007e-04
3.304640540953386335e+03 9.657796623619568921e-04
3.345344643904749319e+03 9.466963342737244949e-04
3.386550100170960377e+03 9.279902109976504061e-04
3.428263084931616049e+03 9.096538383727035756e-04
3.470489849426160163e+03 8.916799070970422673e-04
3.513236721890637000e+03 8.740612477657451820e-04
3.556510108506155120e+03 8.567908340820604325e-04
3.600316494358895852e+03 8.398617837636099086e-04
3.644662444411942488e+03 8.232673477545520736e-04
3.689554604489212124e+03 8.070009046108510622e-04
3.734999702271364185e+03 7.910559725461917269e-04
3.781004548304067157e+03 7.754261963408835053e-04
3.827576037018574880e+03 7.601053424150453885e-04
3.874721147765048499e+03 7.450873014876874256e-04
3.922446945858457184e+03 7.303660891078383836e-04
3.970760583637356376e+03 7.159358369625938578e-04
4.019669301535860086e+03 7.017907884568504694e-04
4.069180429168650790e+03 6.879253070079562049e-04
4.119301386429428931e+03 6.743338669115586485e-04
4.170039684602907073e+03 6.610110482188954334e-04
4.221402927490400543e+03 6.479515389341290038e-04
4.273398812549464310e+03 6.351501352802847115e-04
4.326035132047394654e+03 6.226017347007357667e-04
4.379319774228974893e+03 6.103013324970012286e-04
4.433260724498707532e+03 5.982440270029388933e-04
4.487866066617490105e+03 5.864250137335980367e-04
4.543143983914085766e+03 5.748395801410419257e-04
4.599102760511446832e+03 5.634831074258991618e-04
4.655750782568293289e+03 5.523510706222616983e-04
4.713096539535853481e+03 5.414390331959883888e-04
4.771148625430051652e+03 5.307426437099450021e-04
4.829915740119535258e+03 5.202576397390587006e-04
4.889406690629424702e+03 5.099798438638082892e-04
4.949630392461141128e+03 4.999051585805175651e-04
5.010595870928556906e+03 4.900295677910720873e-04
5.072312262510468827e+03 4.803491367706025795e-04
5.134788816219939690e+03 4.708600080440368194e-04
5.198034894990328212e+03 4.615583981405952958e-04
5.262059977078381962e+03 4.524406004746163446e-04
5.326873657484801697e+03 4.435029827530355493e-04
5.392485649392106097e+03 4.347419823879379152e-04
5.458905785620298957e+03 4.261541072079252489e-04
5.526144020100396119e+03 4.177359357168952680e-04
5.594210429366241442e+03 4.094841138929552864e-04
5.663115214064575412e+03 4.013953520760732939e-04
5.732868700483660177e+03 3.934664270042586426e-04
5.803481342100934853e+03 3.856941802805268459e-04
5.874963721149518278e+03 3.780755145509960644e-04
5.947326550204137675e+03 3.706073930963560414e-04
6.020580673786542320e+03 3.632868406898508411e-04
6.094737069990630516e+03 3.561109410341375264e-04
6.169806852127812817e+03 3.490768338116256777e-04
6.245801270392300466e+03 3.421817160353356202e-04
6.322731713547249456e+03 3.354228414842824703e-04
6.400609710631457347e+03 3.287975170494220794e-04
6.479446932687115805e+03 3.223031021411047314e-04
6.559255194508941713e+03 3.159370095819309188e-04
6.640046456414648674e+03 3.096967036552927084e-04
6.721832826037512859e+03 3.035796973368528684e-04
6.804626560140803122e+03 2.975835530936883893e-04
6.888440066454520093e+03 2.917058831098007406e-04
6.973285905535017264e+03 2.859443456916366645e-04
7.059176792647270304e+03 2.802966447097604867e-04
7.146125599670455813e+03 2.747605303993875831e-04
7.234145357026987767e+03 2.693337979681694784e-04
7.323249255635174450e+03 2.640142849378274799e-04
7.413450648886282579e+03 2.587998715606158739e-04
7.504763054645467491e+03 2.536884816394034507e-04
7.597200157277807193e+03 2.486780790257164244e-04
7.690775809698969169e+03 2.437666670972344100e-04
7.785504035451275740e+03 2.389522894073415824e-04
7.881399030805378970e+03 2.342330290588955132e-04
7.978475166887573323e+03 2.296070056574798547e-04
8.076746991833751053e+03 2.250723757929211843e-04
8.176229232969491932e+03 2.206273342108341787e-04
8.276936799017075828e+03 2.162701104281619094e-04
8.378884782329918380e+03 2.119989682469768707e-04
8.482088461154267861e+03 2.078122063299503398e-04
8.586563301918871730e+03 2.037081579956801598e-04
8.692324961552731111e+03 1.996851881625992271e-04
8.799389289831678980e+03 1.957416937195892957e-04
8.907772331753574690e+03 1.918761049903708934e-04
9.017490329942753306e+03 1.880868824848783193e-04
9.128559727084411861e+03 1.843725164490588953e-04
9.240997168388639693e+03 1.807315274293963287e-04
9.354819504084905930e+03 1.771624662047019275e-04
9.470043791947391583e+03 1.736639110334999491e-04
9.586687299851102580e+03 1.702344677664879890e-04
9.704767508359980638e+03 1.668727715570304890e-04
9.824302113346429906e+03 1.635774837612764083e-04
9.945309028643183410e+03 1.603472915231247877e-04
1.006780638872816962e+04 1.571809083281847314e-04
1.019181255144200622e+04 1.540770740325915489e-04
1.031734610073931071e+04 1.510345523908948303e-04
1.044442584947350770e+04 1.480521309233462997e-04
1.057307084221649347e+04 1.451286229723265674e-04
1.070330035811255402e+04 1.422628644755214822e-04
1.083513391376749496e+04 1.394537137854588477e-04
1.096859126617370202e+04 1.367000521591115185e-04
1.110369241567081554e+04 1.340007838531415791e-04
1.124045760894309024e+04 1.313548339096267661e-04
1.137890734205367517e+04 1.287611478305036123e-04
1.151906236351604093e+04 1.262186938918793294e-04
1.166094367740368216e+04 1.237264598294187919e-04
1.180457254649772040e+04 1.212834528685836953e-04
1.194997049547324968e+04 1.188887001543410707e-04
1.209715931412543068e+04 1.165412488893277751e-04
1.224616106063472580e+04 1.142401643554150645e-04
1.239699806487274509e+04 1.119845294896449771e-04
1.254969293174845734e+04 1.097734471862299617e-04
1.270426854459613060e+04 1.076060372164886251e-04
1.286074806860456374e+04 1.054814362581955726e-04
1.301915495428850409e+04 1.033987983158909203e-04
1.317951294100340056e+04 1.013572948841652620e-04
1.334184606050275761e+04 9.935611318402973700e-05
1.350617864053972880e+04 9.739445566788395518e-05
1.367253530851297910e+04 9.547154227948159450e-05
1.384094099515720700e+04 9.358660759817977182e-05
1.401142093827968165e+04 9.173903435090864341e-05
1.418400068654228926e+04 8.992795074560031151e-05
1.435870610329013471e+04 8.815263385270061128e-05
1.453556337042793166e+04 8.641237705234487091e-05
1.471459899234337718e+04 8.470648693754690957e-05
1.489583979987935891e+04 8.303428530706752700e-05
1.507931295435466200e+04 8.139510670717413224e-05
1.526504595163478007e+04 7.978829838522507288e-05
1.545306662625240097e+04 7.821322082686785063e-05
1.564340315557854410e+04 7.666924758957836339e-05
1.583608406404574271e+04 7.515576421283454243e-05
1.603113822742245975e+04 7.367216773708506767e-05
1.622859487714067654e+04 7.221786834212413344e-05
1.642848360467659222e+04 7.079228736998265060e-05
1.663083436598505796e+04 6.939485719107004423e-05
1.683567748598934486e+04 6.802502168961325384e-05
1.704304366312517595e+04 6.668223607452568747e-05
1.725296397394178348e+04 6.536596602134829071e-05
1.746546987775886009e+04 6.407568721714161728e-05
1.768059322138121934e+04 6.281088670059541156e-05
1.789836624387150368e+04 6.157106128649382135e-05
1.811882158138142404e+04 6.035571737113379657e-05
1.834199227204302224e+04 5.916437134501661738e-05
1.856791176091980014e+04 5.799654942903790210e-05
1.879661390501855931e+04 5.685178697825549990e-05
1.902813297836380298e+04 5.572962806957889714e-05
1.926250367713390733e+04 5.462962657833735970e-05
1.949976112486076454e+04 5.355134494614517747e-05
1.973994087769370526e+04 5.249435393813689879e-05
1.998307892972764239e+04 5.145823299373703669e-05
2.022921171839786621e+04 5.044257008727089054e-05
2.047837612994003211e+04 4.944696114714394394e-05
2.073060950491854965e+04 4.847100975297679117e-05
2.098594964382235776e+04 4.751432788404748807e-05
2.124443481272978534e+04 4.657653504777937970e-05
2.150610374904339551e+04 4.565725798151549055e-05
2.177099566729484650e+04 4.475613095057987770e-05
2.203915026502238106e+04 4.387279563189408417e-05
2.231060772871962399e+04 4.300690063609670833e-05
2.258540873985784856e+04 4.215810126336597716e-05
2.286359448098315625e+04 4.132606003300946470e-05
2.314520664188788214e+04 4.051044607445236320e-05
2.343028742585842701e+04 3.971093479640969712e-05
2.371887955600007626e+04 3.892720814008593833e-05
2.401102628163922054e+04 3.815895448406377705e-05
2.430677138480556459e+04 3.740586826028020027e-05
2.460615918679258175e+04 3.666764972204273449e-05
2.490923455480039411e+04 3.594400535127966118e-05
2.521604290865930307e+04 3.523464742668142068e-05
2.552663022763662593e+04 3.453929367993206008e-05
2.584104305732741341e+04 3.385766751074360380e-05
2.615932851662951362e+04 3.318949791111913791e-05
2.648153430480555107e+04 3.253451915714527620e-05
2.680770870863102755e+04 3.189247059112598911e-05
2.713790060963035648e+04 3.126309692820259463e-05
2.747215949140307566e+04 3.064614795954460446e-05
2.781053544703916850e+04 3.004137823807358524e-05
2.815307918662641896e+04 2.944854720522582683e-05
2.849984204484950169e+04 2.886741917204735299e-05
2.885087598868386340e+04 2.829776306159283844e-05
2.920623362518330032e+04 2.773935220692973170e-05
2.956596820936349832e+04 2.719196457342638537e-05
2.993013365218362742e+04 2.665538257104813199e-05
3.029878452862524864e+04 2.612939277334579613e-05
3.067197608587109789e+04 2.561378596307589954e-05
3.104976425158479833e+04 2.510835716640820198e-05
3.143220564229183947e+04 2.461290543443658818e-05
3.181935757186505725e+04 2.412723365740101209e-05
3.221127806011350185e+04 2.365114871854729121e-05
3.260802584147705056e+04 2.318446140260283850e-05
3.300966037382936338e+04 2.272698610812202383e-05
3.341624184738787153e+04 2.227854088224963934e-05
3.382783119373434602e+04 2.183894746263595216e-05
3.424449009494577331e+04 2.140803109904900435e-05
3.466628099283901247e+04 2.098562038354204033e-05
3.509326709832812776e+04 2.057154734970768927e-05
3.552551240089695057e+04 2.016564745575785179e-05
3.596308167818959919e+04 1.976775929659200701e-05
3.640604050571770495e+04 1.937772462927685809e-05
3.685445526668787352e+04 1.899538841833355181e-05
3.730839316195024003e+04 1.862059870160002323e-05
3.776792222006883821e+04 1.825320641698895965e-05
3.823311130751743622e+04 1.789306547184594837e-05
3.870403013899962389e+04 1.754003277947856535e-05
3.918074928789606929e+04 1.719396797578720830e-05
3.966334019684175291e+04 1.685473343686985659e-05
4.015187518843196449e+04 1.652219432356002581e-05
4.064642747606112971e+04 1.619621849679275360e-05
4.114707117489413940e+04 1.587667632196397679e-05
4.165388131297448854e+04 1.556344073068434257e-05
4.216693384246766800e+04 1.525638729299264322e-05
4.268630565104314883e+04 1.495539394214241106e-05
4.321207457339799294e+04 1.466034098557846249e-05
4.374431940292072977e+04 1.437111115361180220e-05
4.428311990349976259e+04 1.408758953522418872e-05
4.482855682147721382e+04 1.380966339445382086e-05
4.538071189774906816e+04 1.353722220906221558e-05
4.593966788001629175e+04 1.327015777257382770e-05
4.650550853518505755e+04 1.300836392981008342e-05
4.707831866191972222e+04 1.275173658233889212e-05
4.765818410335225053e+04 1.250017374165317052e-05
4.824519175994605757e+04 1.225357547510049448e-05
4.883942960251973273e+04 1.201184374302034731e-05
4.944098668542966334e+04 1.177488241430351865e-05
5.004995315991729876e+04 1.154259739033865933e-05
5.066642028761887923e+04 1.131489635243592654e-05
5.129048045424155134e+04 1.109168876374570328e-05
5.192222718340985739e+04 1.087288592519523113e-05
5.256175515068059758e+04 1.065840092942718219e-05
5.320916019773152220e+04 1.044814851648430653e-05
5.386453934672452306e+04 1.024204506875440730e-05
5.452799081484498311e+04 1.004000876287689068e-05
5.519961402902227564e+04 9.841959308415049689e-06
5.587950964082858263e+04 9.647817962620255038e-06
5.656777954156433407e+04 9.457507583814031441e-06
5.726452687752704514e+04 9.270952591696473178e-06
5.796985606546945928e+04 9.088078839522426488e-06
5.868387280824791378e+04 8.908813595434624910e-06
5.940668411066241970e+04 8.733085706747430242e-06
6.013839829549410933e+04 8.560825344980089839e-06
6.087912501973819599e+04 8.391964024490736391e-06
6.162897529103670240e+04 8.226434654778219408e-06
6.238806148431590555e+04 8.064171505869181258e-06
6.315649735862625676e+04 7.905110095148356773e-06
6.393439807419085992e+04 7.749187161100761954e-06
6.472188020966406475e+04 7.596340825968704764e-06
6.551906177960123023e+04 7.446510361380269069e-06
6.632606225214657024e+04 7.299636202163209051e-06
6.714300256693495612e+04 7.155659999088870911e-06
6.797000515321816783e+04 7.014524588327561373e-06
6.880719394821146852e+04 6.876173891294877331e-06
6.965469441566745809e+04 6.740552883380082920e-06
7.051263356467873382e+04 6.607607752331695790e-06
7.138113996871083509e+04 6.477285683603536026e-06
7.226034378487229696e+04 6.349534868430290835e-06
7.315037677341957169e+04 6.224304563304961923e-06
7.405137231750210049e+04 6.101545051758299463e-06
7.496346544315339997e+04 5.981209750479730253e-06
7.588679283952528203e+04 5.863255777475091709e-06
7.682149287937273039e+04 5.747628805554223845e-06
7.776770563979129656e+04 5.634282912343316271e-06
7.872557292320815031e+04 5.523173046366178023e-06
7.969523827863538463e+04 5.414255089267718332e-06
8.067684702317995834e+04 5.307485808901812879e-06
8.167054626382380957e+04 5.202822798681623807e-06
8.267648491946845024e+04 5.100224445824121073e-06
8.369481374325271463e+04 4.999650052812059211e-06
8.472568534514536441e+04 4.901059681836030977e-06
8.576925421481451485e+04 4.804414151549799228e-06
8.682567674478182744e+04 4.709675089842750074e-06
8.789511125385905325e+04 4.616804895193950286e-06
8.897771801087314088e+04 4.525766686043754760e-06
9.007365925868660270e+04 4.436524272727945789e-06
9.118309923851054918e+04 4.349042255099808287e-06
9.230620421451896254e+04 4.263285899760517109e-06
9.344314249876413669e+04 4.179221130411404683e-06
9.459408447640258237e+04 4.096814572445688644e-06
9.575920263122863253e+04 4.016033521454756859e-06
9.693867157152197615e+04 3.936845900293737687e-06
9.813266805621740059e+04 3.859220236559131074e-06
9.934137102139298804e+04 3.783125737086697968e-06
1.005649616070862976e+05 3.708532194450393511e-06
1.018036231844410795e+05 3.635409972047245087e-06
1.030575413831861806e+05 3.563730041625546847e-06
1.043269041194570746e+05 3.493463957949467292e-06
1.056119016239563643e+05 3.424583821501203657e-06
1.069127264704609988e+05 3.357062263618928267e-06
1.082295736046845705e+05 3.290872497502503763e-06
1.095626403734908235e+05 3.225988251745693031e-06
1.109121265544691560e+05 3.162383750849678360e-06
1.122782343858741806e+05 3.100033746666391507e-06
1.136611685969321843e+05 3.038913498337832608e-06
1.150611364385255147e+05 2.978998740645254310e-06
1.164783477142483316e+05 2.920265671730253683e-06
1.179130148118514917e+05 2.862690990550409908e-06
1.193653527350700751e+05 2.806251848701849335e-06
1.208355791358446149e+05 2.750925828630071689e-06
1.223239143469398987e+05 2.696690969844554221e-06
1.238305814149626240e+05 2.643525753351566856e-06
1.253558061337913387e+05 2.591409074998382453e-06
1.268998170784106624e+05 2.540320234118214010e-06
1.284628456391697400e+05 2.490238961987394439e-06
1.300451260564572003e+05 2.441145387018122919e-06
1.316468954558055266e+05 2.393020012103164339e-06
1.332683938834274595e+05 2.345843736073631615e-06
1.349098643421908491e+05 2.299597842134285618e-06
1.365715528280332801e+05 2.254263975264643623e-06
1.382537083668319101e+05 2.209824131759448868e-06
1.399565830517188006e+05 2.166260680492783865e-06
1.416804320808641787e+05 2.123556338016180972e-06
1.434255137957191037e+05 2.081694148648306590e-06
1.451920897197318554e+05 2.040657497208885190e-06
1.469804245975412778e+05 2.000430104117497320e-06
1.487907864346499555e+05 1.960996005258423992e-06
1.506234465375922446e+05 1.922339542379086075e-06
1.524786795545886271e+05 1.884445378636397220e-06
1.543567635167094995e+05 1.847298481817273265e-06
1.562579798795392562e+05 1.810884105778954515e-06
1.581826135653568781e+05 1.775187797894745524e-06
1.601309530058351811e+05 1.740195398372716004e-06
1.621032901852668147e+05 1.705893022474483652e-06
1.640999206843191350e+05 1.672267051728097744e-06
1.661211437243359396e+05 1.639304144958944124e-06
1.681672622121737513e+05 1.606991228299904694e-06
1.702385827856015239e+05 1.575315476352543372e-06
1.723354158592516033e+05 1.544264317822709366e-06
1.744580756711400754e+05 1.513825436627673607e-06
1.766068803297600825e+05 1.483986756476991702e-06
1.787821518617519177e+05 1.454736432852889164e-06
1.809842162601676828e+05 1.426062860503335086e-06
1.832134035333202046e+05 1.397954668692725025e-06
1.854700477542437729e+05 1.370400702508182335e-06
1.877544871107570070e+05 1.343390026982970462e-06
1.900670639561450516e+05 1.316911929299308000e-06
1.924081248604657885e+05 1.290955906702994080e-06
1.947780206624889106e+05 1.265511657054110407e-06
1.971771065222711186e+05 1.240569085091588839e-06
1.996057419743832725e+05 1.216118301268088778e-06
2.020642909817928448e+05 1.192149603515287868e-06
2.045531219904063328e+05 1.168653480111931324e-06
2.070726079842862673e+05 1.145620612649239220e-06
2.096231265415480011e+05 1.123041867045151541e-06
2.122050598909455875e+05 1.100908282478611829e-06
2.148187949691503309e+05 1.079211077165384059e-06
2.174647234787442139e+05 1.057941649740484946e-06
2.201432419469149318e+05 1.037091561707949266e-06
2.228547517848868156e+05 1.016652539273987881e-06
2.255996593480739975e+05 9.966164773147238450e-07
2.283783759969789244e+05 9.769754312637428194e-07
2.311913181588404696e+05 9.577216072579142087e-07
2.340389073900414223e+05 9.388473660578001455e-07
2.369215704392819898e+05 9.203452266325623515e-07
2.398397393115352606e+05 9.022078494496309323e-07
2.427938513327906840e+05 8.844280374619433000e-07
2.457843492155907152e+05 8.669987408226506836e-07
2.488116811253773922e+05 8.499130495230296242e-07
2.518763007476564671e+05 8.331641846234251572e-07
2.549786673559886985e+05 8.167455006388369467e-07
2.581192458808142983e+05 8.006504911235286318e-07
2.612985069791355636e+05 7.848727722161922524e-07
2.645169271050436073e+05 7.694060834266614385e-07
2.677749885811273707e+05 7.542442927562721636e-07
2.710731796707530157e+05 7.393813899865208541e-07
2.744119946512368624e+05 7.248114788809919320e-07
2.777919338879208663e+05 7.105287782489152541e-07
2.812135039091542712e+05 6.965276295621353008e-07
2.846772174822113593e+05 6.828024799657249667e-07
2.881835936901274254e+05 6.693478835998711073e-07
2.917331580094984383e+05 6.561585067905729082e-07
2.953264423892256455e+05 6.432291219075645796e-07
2.989639853302361444e+05 6.305546004340332368e-07
3.026463319661849528e+05 6.181299132193493913e-07
3.063740341451511486e+05 6.059501387955002773e-07
3.101476505123347742e+05 5.940104472601471547e-07
3.139677465937860543e+05 5.823061013394822511e-07
3.178348948811462615e+05 5.708324617301720637e-07
3.217496749174529104e+05 5.595849814597518565e-07
3.257126733839860535e+05 5.485591997312185983e-07
3.297244841881918255e+05 5.377507416547798633e-07
3.337857085526887677e+05 5.271553266550543616e-07
3.378969551053626346e+05 5.167687536907396097e-07
3.420588399705883930e+05 5.065869018323379514e-07
3.462719868615519954e+05 4.966057357389216703e-07
3.505370271737326402e+05 4.868213004368563080e-07
3.548546000795196742e+05 4.772297158765564569e-07
3.592253526240030769e+05 4.678271762916117393e-07
3.636499398219403229e+05 4.586099585096559739e-07
3.681290247559222043e+05 4.495744084467465877e-07
3.726632786757369759e+05 4.407169411456157759e-07
3.772533810989772901e+05 4.320340469054916647e-07
3.819000199128625682e+05 4.235222854676330204e-07
3.866038914773384458e+05 4.151782818915789929e-07
3.913657007294296636e+05 4.069987254799746197e-07
3.961861612888854579e+05 3.989803778558507531e-07
4.010659955651264754e+05 3.911200606615990951e-07
4.060059348655009526e+05 3.834150530620450339e-07
4.110067195048922440e+05 3.758621466698380829e-07
4.160690989166512736e+05 3.684580819200364197e-07
4.211938317649204982e+05 3.611999238860678952e-07
4.263816860583241214e+05 3.540847934500043858e-07
4.316334392650641385e+05 3.471098743316719058e-07
4.369498784294359502e+05 3.402724025921031289e-07
4.423318002897780389e+05 3.335696662011397735e-07
4.477800113978668815e+05 3.269990103621997704e-07
4.532953282398016308e+05 3.205578326019463763e-07
4.588785773583512637e+05 3.142435800051025296e-07
4.645305954768355004e+05 3.080537482631193494e-07
4.702522296245109173e+05 3.019858873435607742e-07
4.760443372635123087e+05 2.960375931264354430e-07
4.819077864173556445e+05 2.902065066105645167e-07
4.878434558010156616e+05 2.844903183617425896e-07
4.938522349526262260e+05 2.788867645562779217e-07
4.999350243667734903e+05 2.733936244875146357e-07
5.060927356294609490e+05 2.680087199811716137e-07
5.123262915547149023e+05 2.627299195319244566e-07
5.186366263228813768e+05 2.575551319797457033e-07
5.250246856206262019e+05 2.524823053844337301e-07
5.314914267826605355e+05 2.475094307258946042e-07
5.380378189352012705e+05 2.426345387529836433e-07
5.446648431412222562e+05 2.378556976988574456e-07
5.513734925474629272e+05 2.331710130887198569e-07
5.581647725332784466e+05 2.285786304918506509e-07
5.650397008613017388e+05 2.240767309546992807e-07
5.719993078299697954e+05 2.196635296183483844e-07
5.790446364279297413e+05 2.153372787821006659e-07
5.861767424903357169e+05 2.110962654294413449e-07
5.933966948570957175e+05 2.069388092130861128e-07
6.007055755330318352e+05 2.028632622377552982e-07
6.081044798500508768e+05 1.988680111935497991e-07
6.155945166312835645e+05 1.949514738888472366e-07
6.231768083572590258e+05 1.911120977732137137e-07
6.308524913341235369e+05 1.873483624601970045e-07
6.386227158639333211e+05 1.836587778201755462e-07
6.464886464170343243e+05 1.800418821927125560e-07
6.544514618065792602e+05 1.764962421544306751e-07
6.625123553651928669e+05 1.730204541568607106e-07
6.706725351238007424e+05 1.696131419219807056e-07
6.789332239926725160e+05 1.662729550055324403e-07
6.872956599446886685e+05 1.629985707317382813e-07
6.957610962008719798e+05 1.597886928503082087e-07
7.043308014181869803e+05 1.566420499171374965e-07
7.130060598796847044e+05 1.535573950551687713e-07
7.217881716869472293e+05 1.505335071972047035e-07
7.306784529549437575e+05 1.475691891383056706e-07
7.396782360092577292e+05 1.446632662943312587e-07
7.487888695857550483e+05 1.418145879380251840e-07
7.580117190327111166e+05 1.390220264675517321e-07
7.673481665154277580e+05 1.362844758931491073e-07
7.767996112233612221e+05 1.336008515969910399e-07
7.863674695798143512e+05 1.309700912626938485e-07
7.960531754542117706e+05 1.283911534858384055e-07
8.058581803769766120e+05 1.258630165720253031e-07
8.157839537570632529e+05 1.233846794088886014e-07
8.258319831021683058e+05 1.209551610968677088e-07
8.360037742416550172e+05 1.185734995633971052e-07
8.463008515522106318e+05 1.162387513262621718e-07
8.567247581863157684e+05 1.139499921761391865e-07
8.672770563034795923e+05 1.117063162425192600e-07
8.779593273043747758e+05 1.095068347862383048e-07
8.887731720678161364e+05 1.073506768616002551e-07
8.997202111906773644e+05 1.052369891809304638e-07
9.108020852307634195e+05 1.031649348555809753e-07
9.220204549526526826e+05 1.011336931656392075e-07
9.333770015766128199e+05 9.914246004954730113e-08
9.448734270305221435e+05 9.719044752513572336e-08
9.565114542049525771e+05 9.527688250137379218e-08
9.682928272113539279e+05 9.340100726679915502e-08
9.802193116434321273e+05 9.156207950946530875e-08
9.922926948417507811e+05 8.975937129715130660e-08
1.004514786161589087e+06 8.799216865406540713e-08
1.016887417244082782e+06 8.625977204331599398e-08
1.029412442290746025e+06 8.456149602395386469e-08
1.042091738341317861e+06 8.289666809994794668e-08
1.054927205555087887e+06 8.126462906569437748e-08
1.067920767495645676e+06 7.966473315931729208e-08
1.081074371419153176e+06 7.809634719641468636e-08
1.094389988566175336e+06 7.655885006507452644e-08
1.107869614457074087e+06 7.505163316230021608e-08
1.121515269191098167e+06 7.357410024014981476e-08
1.135328997749083908e+06 7.212566630460305294e-08
1.149312870299953967e+06 7.070575784424709884e-08
1.163468982510941802e+06 6.931381310597921828e-08
1.177799455861660652e+06 6.794928128235807107e-08
1.192306437962032156e+06 6.661162205790544185e-08
1.206992102874142118e+06 6.530030594016949096e-08
1.221858651438029949e+06 6.401481426399020066e-08
1.236908311601549853e+06 6.275463814872738403e-08
1.252143338754218537e+06 6.151927863221772795e-08
1.267566016065247823e+06 6.030824703875729855e-08
1.283178654825689504e+06 5.912106421705755057e-08
1.298983594794817502e+06 5.795726013315975762e-08
1.314983204550776165e+06 5.681637410681628504e-08
1.331179881845521973e+06 5.569795498428208182e-08
1.347576053964196006e+06 5.460156007675327529e-08
1.364174178088840097e+06 5.352675527638569739e-08
1.380976741666677874e+06 5.247311547620458616e-08
1.397986262782867998e+06 5.144022385600048936e-08
1.415205290537878638e+06 5.042767151750899769e-08
1.432636405429503182e+06 4.943505764231727383e-08
1.450282219739587745e+06 4.846198980954291224e-08
1.468145377925493754e+06 4.750808290315900203e-08
1.486228557016443927e+06 4.657295923627831833e-08
1.504534467014663387e+06 4.565624899973122450e-08
1.523065851301551796e+06 4.475758959346164452e-08
1.541825487048791023e+06 4.387662529994779275e-08
1.560816185634545982e+06 4.301300739932019829e-08
1.580040793064793572e+06 4.216639452426909226e-08
1.599502190399808343e+06 4.133645165620120388e-08
1.619203294185972773e+06 4.052285019300684323e-08
1.639147056892808294e+06 3.972526842876822292e-08
1.659336467355485540e+06 3.894339092839709777e-08
1.679774551222716924e+06 3.817690823559474529e-08
1.700464371410195483e+06 3.742575277593515311e-08
1.721409028559612343e+06 3.669351337637853870e-08
1.742611661503337091e+06 3.598052141828135264e-08
1.764075447734783171e+06 3.528718187983910080e-08
1.785803603884648299e+06 3.461396967059557555e-08
1.807799386202909984e+06 3.396142302413540445e-08
1.830066091046871385e+06 3.333013374354532121e-08
1.852607055375128752e+06 3.272073484835305494e-08
1.875425657247673022e+06 3.213388607610011191e-08
1.898525316332138143e+06 3.157025625931515278e-08
1.921909494416255504e+06 3.103050383018324389e-08
1.945581695926703745e+06 3.051525652031178025e-08
1.969545468454226153e+06 3.002509002505141111e-08
1.993804403285343200e+06 2.956050645456194224e-08
2.018362135940520093e+06 2.912191374762681794e-08
2.043222346719008405e+06 2.870960722322902246e-08
2.068388761250381591e+06 2.832375267691110108e-08
2.093865151052885456e+06 2.796437247916134780e-08
2.119655334098616149e+06 2.763133573388042507e-08
2.145763175385718234e+06 2.732435190419561727e-08
2.172192587517618202e+06 2.704296834729213992e-08
