1.293808595657190708e+01 2.274511403010484904e-04
1.308018915543305027e+01 3.843329675903893548e-04
1.322406080904626080e+01 6.332959199683500622e-04
1.336972292558748165e+01 1.020110201054918661e-03
1.351719778712145370e+01 1.606276276398544908e-03
1.366650795301014831e+01 2.470172112543562656e-03
1.381767626336361943e+01 3.708565692111361750e-03
1.397072584253402461e+01 5.436374177880096831e-03
1.412568010265284535e+01 7.783728999439409879e-03
1.428256274721234043e+01 1.097163266751722058e-02
1.444139777469151653e+01 1.518620551176985689e-02
1.460220948222704074e+01 2.053380644080774614e-02
1.476502246933021567e+01 2.716976440014962080e-02
1.492986164164977403e+01 3.512050336624622515e-02
1.509675221478188156e+01 4.430615103854289305e-02
1.526571971812736095e+01 5.467270694926508467e-02
1.543678999879679203e+01 6.604903243496726417e-02
1.560998922556460755e+01 7.766509560119023992e-02
1.578534389287201023e+01 8.935140038947674002e-02
1.596288082487982329e+01 1.016132383659544836e-01
1.614262717957192805e+01 1.147156633142606685e-01
1.632461045290949286e+01 1.287473836792600856e-01
1.650885848303723336e+01 1.436778534520171402e-01
1.669539945454173591e+01 1.593903962898538529e-01
1.688426190276276984e+01 1.757023020797987001e-01
1.707547471815861329e+01 1.924597321778816761e-01
1.726906715072530929e+01 2.096466399534376301e-01
1.746506881447097115e+01 2.273758565420982980e-01
1.766350969194608922e+01 2.457000971516544452e-01
1.786442013882977164e+01 2.644778786878719812e-01
1.806783088857343600e+01 2.835499356531177018e-01
1.827377305710210109e+01 3.028845013585308443e-01
1.848227814757406051e+01 3.224608989094935318e-01
1.869337805520022044e+01 3.422313681785899009e-01
1.890710507212293834e+01 3.621774018809037488e-01
1.912349189235580127e+01 3.823264656242316151e-01
1.934257161678498704e+01 4.026736944907405302e-01
1.956437775823252423e+01 4.231227993459715231e-01
1.978894424658301077e+01 4.435746979474731733e-01
2.001630543397376272e+01 4.639331665889542822e-01
2.024649610004964373e+01 4.840769204879953880e-01
2.047955145728350601e+01 5.041026318681564033e-01
2.071550715636254481e+01 5.241857042370466901e-01
2.095439929164180626e+01 5.443147743804975791e-01
2.119626440666572975e+01 5.643806241905955368e-01
2.144113949975797340e+01 5.843225108258238709e-01
2.168906202968139141e+01 6.041025893784073286e-01
2.194006992136793599e+01 6.236967278470251230e-01
2.219420157172003982e+01 6.430965937993421422e-01
2.245149585548446680e+01 6.622911551471281077e-01
2.271199213119865945e+01 6.812389568750810698e-01
2.297573024721178570e+01 6.999145250671959806e-01
2.324275054778023630e+01 7.183986410609666251e-01
2.351309387923897276e+01 7.367786581298089166e-01
2.378680159625012891e+01 7.549805969692229279e-01
2.406391556812889831e+01 7.728798516765810200e-01
2.434447818524821372e+01 7.903570201647214244e-01
2.462853236552354730e+01 8.074892095195499442e-01
2.491612156097774289e+01 8.244316728891080137e-01
2.520728976438821078e+01 8.412275257789637584e-01
2.550208151601643536e+01 8.578687396990940517e-01
2.580054191042117750e+01 8.743345155858434081e-01
2.610271660335692445e+01 8.904892076253586586e-01
2.640865181875773615e+01 9.061655633297647228e-01
2.671839435580803723e+01 9.214386575343164187e-01
2.703199159610183244e+01 9.365677033371100357e-01
2.734949151089037755e+01 9.515480348228826379e-01
2.767094266842067185e+01 9.660820852677176607e-01
2.799639424136488941e+01 9.800569701088559516e-01
2.832589601434215254e+01 9.936458162186746490e-01
2.865949839153454803e+01 1.007055993881141420e+00
2.899725240439707363e+01 1.020120891785803119e+00
2.933920971946430001e+01 1.032633221002168922e+00
2.968542264625369143e+01 1.044676748461975668e+00
3.003594414526733303e+01 1.056329391333206580e+00
3.039082783609362792e+01 1.067483491615384583e+00
3.075012800560936910e+01 1.078043005761602391e+00
3.111389961628387368e+01 1.088005385010761605e+00
3.148219831458700924e+01 1.097369876779860975e+00
3.185508043950132162e+01 1.106114337693373750e+00
3.223260303114003023e+01 1.114236468011390313e+00
3.261482383947299724e+01 1.121711289916914822e+00
3.300180133316020914e+01 1.128436750701806268e+00
3.339359470849631606e+01 1.134317334537301214e+00
3.379026389846568890e+01 1.139332709576987845e+00
3.419186958191020409e+01 1.143452722050727566e+00
3.459847319281195155e+01 1.146604298261393984e+00
3.501013692969006996e+01 1.148722303346831897e+00
3.544741512866264088e+01 1.149781647379772176e+00
3.589549922830721584e+01 1.149677671014404767e+00
3.634915967290158534e+01 1.148341200758167702e+00
3.680846585929132431e+01 1.145676670874160363e+00
3.727348804795588677e+01 1.141661586341787382e+00
3.774429737375698579e+01 1.136299836411849284e+00
3.822096585681985204e+01 1.129592733699964491e+00
3.870356641355005678e+01 1.121550322739449435e+00
3.919217286778803100e+01 1.112173709798751853e+00
3.968685996210173528e+01 1.101482360834984187e+00
4.018770336921988928e+01 1.089549066818396694e+00
4.069477970360811980e+01 1.076423070703490081e+00
4.120816653318853184e+01 1.062123507857053895e+00
4.172794239120509729e+01 1.046712970934858156e+00
4.225418678823756835e+01 1.030304052292805528e+00
4.278698022436354620e+01 1.013005065866825261e+00
4.332640420147328797e+01 9.949132956742997580e-01
4.387254123573684694e+01 9.761375807094067047e-01
4.442547487022641661e+01 9.567923494733812095e-01
4.498528968769656444e+01 9.369881042010475003e-01
4.555207132352222033e+01 9.168328765471662756e-01
4.612590647879908090e+01 8.964311136373457334e-01
4.670688293360602472e+01 8.758850441675999354e-01
4.729508956043265044e+01 8.552915968867239593e-01
4.789061633777473759e+01 8.347457585303982297e-01
4.849355436389809171e+01 8.143363946661901220e-01
4.910399587077353800e+01 7.941434306267759480e-01
4.972203423818646684e+01 7.742381992106438515e-01
5.034776400802078911e+01 7.546813115320616383e-01
5.098128089872085411e+01 7.355228314159911740e-01
5.162268181993431426e+01 7.168039902568681399e-01
5.227206488733560263e+01 6.985616760992596763e-01
5.292952943763553009e+01 6.808246351726668921e-01
5.359517604377661826e+01 6.636130074161203929e-01
5.426910653031752929e+01 6.469396073614548381e-01
5.495142398900991054e+01 6.308126776410117875e-01
5.564223279456762583e+01 6.152338829555403787e-01
5.634163862063390127e+01 6.001967875109718298e-01
5.704974845594585986e+01 5.856918161210337148e-01
5.776667062070036707e+01 5.717089209260461935e-01
5.849251478312476848e+01 5.582358396982963766e-01
5.922739197625184460e+01 5.452549916081939063e-01
5.997141461490559067e+01 5.327456750992654033e-01
6.072469651289701886e+01 5.206880276718245382e-01
6.148735290043399715e+01 5.090623187564852214e-01
6.225950044174877718e+01 4.978491661529704793e-01
6.304125725294402827e+01 4.870282854127103711e-01
6.383274292006060335e+01 4.765795329348024856e-01
6.463407851737156307e+01 4.664835938034689322e-01
6.544538662590269951e+01 4.567207528110494574e-01
6.626679135218330430e+01 4.472716531351348945e-01
6.709841834723196996e+01 4.381180985403264616e-01
6.794039482577633748e+01 4.292437716083650767e-01
6.879284958571420816e+01 4.206342691838633185e-01
6.965591302781557204e+01 4.122752676249563097e-01
7.052971717566956045e+01 4.041526334029968415e-01
7.141439569588132485e+01 3.962530644203609564e-01
7.231008391851787565e+01 3.885648349708565874e-01
7.321691885781078213e+01 3.810770179901347143e-01
7.413503923311486687e+01 3.737784756371292927e-01
7.506458549012776871e+01 3.666590182515711005e-01
7.600569982237490763e+01 3.597093503101985723e-01
7.695852619296064745e+01 3.529213562435069562e-01
7.792321035658983419e+01 3.462884809074623371e-01
7.889989988186508185e+01 3.398052631213003272e-01
7.988874417385986249e+01 3.334651852672811390e-01
8.088989449697288592e+01 3.272608778522346218e-01
8.190350399806801818e+01 3.211859959695429478e-01
8.292972772990015073e+01 3.152356988431036511e-01
8.396872267483486496e+01 3.094057572243422150e-01
8.502064776886169284e+01 3.036922383846409335e-01
8.608566392590611827e+01 2.980908371469292995e-01
8.716393406244603170e+01 2.925976118098597700e-01
8.825562312243178553e+01 2.872092692710839779e-01
8.936089810251894505e+01 2.819230186794609572e-01
9.047992807761343670e+01 2.767361611658050169e-01
9.161288422673477783e+01 2.716460574782400550e-01
9.275993985920237606e+01 2.666508455611251716e-01
9.392127044114558032e+01 2.617489103121423688e-01
9.509705362234610959e+01 2.569382851147556379e-01
9.628746926341260348e+01 2.522168864112465658e-01
9.749269946329442860e+01 2.475829062992580820e-01
9.871292858713673013e+01 2.430346202621793406e-01
9.994834329448421784e+01 2.385696562657975417e-01
1.011991325678332316e+02 2.341857584009487681e-01
1.024654877415418781e+02 2.298814318412485125e-01
1.037476025310979253e+02 2.256550817672117737e-01
1.050456730627512769e+02 2.215052030481171608e-01
1.063598979035166536e+02 2.174304423349232851e-01
1.076904780915472344e+02 2.134297097951614874e-01
1.090376171668889214e+02 2.095015492682728020e-01
1.104015212026155126e+02 2.056443995630748700e-01
1.117823988363512342e+02 2.018573472762037191e-01
1.131804613021876236e+02 1.981390162650850661e-01
1.145959224629945368e+02 1.944879852709725798e-01
1.160289988431365487e+02 1.909030687994720810e-01
1.174799096615941068e+02 1.873829985423282052e-01
1.189488768654970414e+02 1.839265038711316858e-01
1.204361251640775237e+02 1.805320188868722586e-01
1.219418820630422857e+02 1.771988565192054443e-01
1.234663778993760701e+02 1.739264708447025298e-01
1.250098458765753122e+02 1.707137454954881783e-01
1.265725221003222316e+02 1.675594951893239759e-01
1.281546456146009234e+02 1.644625001989750146e-01
1.297564584382660087e+02 1.614212958969255263e-01
1.313782056020624509e+02 1.584347693373302779e-01
1.330201351861098544e+02 1.555018137239783937e-01
1.346824983578508466e+02 1.526217233000347617e-01
1.363655494104713171e+02 1.497935738271716499e-01
1.380695458018021782e+02 1.470161606660524978e-01
1.397947481937003715e+02 1.442885283590776280e-01
1.415414204919246117e+02 1.416099284011285153e-01
1.433098298865044740e+02 1.389796734294904412e-01
1.451002468926118922e+02 1.363966587807745601e-01
1.469129453919439641e+02 1.338601421337455855e-01
1.487482026746166639e+02 1.313690084923213042e-01
1.506062994815841023e+02 1.289224790279674404e-01
1.524875200475831321e+02 1.265200316760519694e-01
1.543921521446116287e+02 1.241606201259222164e-01
1.563204871259518711e+02 1.218433948049147397e-01
1.582728199707360091e+02 1.195676655489128909e-01
1.602494493290723483e+02 1.173326223341060875e-01
1.622506775677278767e+02 1.151375787271378681e-01
1.642768108163829766e+02 1.129816124973727076e-01
1.663281590144588620e+02 1.108644279768619262e-01
1.684050359585313004e+02 1.087853993486496973e-01
1.705077593503298488e+02 1.067438948773315188e-01
1.726366508453398012e+02 1.047391506453151377e-01
1.747920361020043458e+02 1.027707743055599615e-01
1.769742448315400338e+02 1.008381700445488555e-01
1.791836108483759631e+02 9.894054350230843675e-02
1.814204721212140043e+02 9.707755585551110233e-02
1.836851708247314150e+02 9.524871916358818025e-02
1.859780533919219465e+02 9.345330670563861686e-02
1.882994705670893723e+02 9.169090124026914312e-02
1.906497774595035253e+02 8.996110129312301362e-02
1.930293335977185336e+02 8.826337786765375837e-02
1.954385029845733186e+02 8.659724302111602989e-02
1.978776541528712869e+02 8.496194540782615878e-02
2.003471602217567238e+02 8.335708652327741830e-02
2.028473989537886837e+02 8.178193676200976037e-02
2.053787528127311930e+02 8.023593054053310136e-02
2.079416090220554736e+02 7.871866774770125419e-02
2.105363596241765265e+02 7.722960269210542295e-02
2.131634015404236777e+02 7.576823400111482032e-02
2.158231366317560003e+02 7.433413076868695957e-02
2.185159717602387559e+02 7.292683005563735388e-02
2.212423188512776733e+02 7.154599098343092378e-02
2.240025949566351358e+02 7.019121993962616768e-02
2.267972223182250389e+02 6.886194062346071010e-02
2.296266284327024323e+02 6.755777601694434864e-02
2.324912461168613049e+02 6.627821826154875473e-02
2.353915135738392053e+02 6.502290276802577540e-02
2.383278744601528842e+02 6.379117388766934738e-02
2.413007779535633972e+02 6.258258713602360412e-02
2.443106788217854728e+02 6.139664727189848847e-02
2.473580374920578890e+02 6.023284538428104462e-02
2.504433201215706504e+02 5.909088403977943993e-02
2.535669986687775292e+02 5.797018105817133837e-02
2.567295509655898513e+02 5.687043979793188209e-02
2.599314607904716468e+02 5.579122561363960425e-02
2.631732179424419087e+02 5.473225990573155064e-02
2.664553183160031722e+02 5.369320836347737241e-02
2.697782639769945376e+02 5.267350738229043677e-02
2.731425632393970204e+02 5.167296365863281726e-02
2.765487307430890951e+02 5.069112580528521705e-02
2.799972875325703399e+02 4.972762506632096707e-02
2.834887611366693818e+02 4.878194975549068890e-02
2.870236856492361994e+02 4.785370838084147121e-02
2.906026018108472613e+02 4.694254132012456310e-02
2.942260570915208291e+02 4.604790034864843229e-02
2.978946057744622635e+02 4.516962708946629934e-02
3.016088090408582048e+02 4.430730716731524910e-02
3.053692350557146256e+02 4.346054710839046542e-02
3.091764590547753642e+02 4.262915717837262308e-02
3.130310634325127239e+02 4.181281972279544956e-02
3.169336378312191869e+02 4.101118451958619959e-02
3.208847792312021738e+02 4.022404339692513958e-02
3.248850920421094770e+02 3.945118707337751107e-02
3.289351881953813859e+02 3.869233547233064119e-02
3.330356872378623621e+02 3.794717497696097758e-02
3.371872164265726042e+02 3.721543212210642187e-02
3.413904108246569535e+02 3.649692267857500283e-02
3.456459133985368339e+02 3.579140599545797830e-02
3.499543751162595413e+02 3.509863697904233582e-02
3.543164550470817744e+02 3.441840418130516499e-02
3.587328204622871795e+02 3.375047401314182349e-02
3.632041469372557572e+02 3.309463109584338814e-02
3.677311184548133838e+02 3.245071724778786360e-02
3.723144275098552498e+02 3.181853322788585903e-02
3.769547752152823250e+02 3.119788481023078389e-02
3.816528714092492010e+02 3.058855406309225408e-02
3.864094347637461055e+02 2.999033428351588482e-02
3.912251928945403279e+02 2.940303879334348405e-02
3.961008824724746660e+02 2.882651283280802945e-02
4.010372493361609258e+02 2.826050588172819567e-02
4.060350486060693243e+02 2.770470980025487029e-02
4.110950448000412507e+02 2.715900578363643347e-02
4.162180119502343132e+02 2.662313331814284909e-02
4.214047337215340008e+02 2.609693806713812847e-02
4.266560035314236075e+02 2.558020464023132504e-02
4.319726246713605065e+02 2.507273601859639697e-02
4.373554104296537162e+02 2.457432481665708379e-02
4.428051842158704403e+02 2.408476412770225311e-02
4.483227796868001747e+02 2.360398316102883115e-02
4.539090408739734812e+02 2.313178253054633954e-02
4.595648223127789151e+02 2.266797332882262983e-02
4.652909891731814014e+02 2.221242897053374299e-02
4.710884173920630360e+02 2.176503696783541053e-02
4.769579938072245113e+02 2.132572016315359420e-02
4.829006162930369896e+02 2.089432393271056093e-02
4.889171938977968921e+02 2.047080168741561429e-02
4.950086469827822953e+02 2.005508717669848839e-02
5.011759073630371972e+02 1.964702739493623396e-02
5.074199184499201465e+02 1.924663321233913843e-02
5.137416353954095030e+02 1.885380086658309390e-02
5.201420252382220042e+02 1.846852612411948452e-02
5.266220670517373037e+02 1.809076970414777788e-02
5.331827520937687268e+02 1.772043792729592615e-02
5.398250839581944547e+02 1.735749232445202989e-02
5.465500787284842090e+02 1.700187152511269117e-02
5.533587651331222332e+02 1.665350929961506229e-02
5.602521847029803439e+02 1.631238452743170170e-02
5.672313919306392336e+02 1.597839458685817310e-02
5.742974544316906531e+02 1.565142718969545280e-02
5.814514531080607185e+02 1.533146262454918723e-02
5.886944823133458158e+02 1.501837887688557346e-02
5.960276500202262469e+02 1.471206212106658182e-02
6.034520779899496574e+02 1.441240815262403822e-02
6.109689019439248341e+02 1.411929727109879212e-02
6.185792717374613403e+02 1.383261496320191755e-02
6.262843515356549915e+02 1.355221936720254691e-02
6.340853199914806737e+02 1.327795771010520376e-02
6.419833704260847753e+02 1.300969501410768545e-02
6.499797110113333929e+02 1.274727602046476539e-02
6.580755649546206314e+02 1.249055866265328871e-02
6.662721706859940696e+02 1.223941208830651994e-02
6.745707820475868175e+02 1.199366846775722778e-02
6.829726684854297218e+02 1.175315350797546433e-02
6.914791152436326911e+02 1.151773186733200116e-02
7.000914235609945990e+02 1.128724983801056639e-02
7.088109108700434717e+02 1.106158551477459326e-02
7.176389109985831283e+02 1.084059874401798601e-02
7.265767743737169440e+02 1.062413258705510212e-02
7.356258682284284305e+02 1.041210218952293674e-02
7.447875768107300019e+02 1.020439183098976847e-02
7.540633015954014127e+02 1.000084602185102520e-02
7.634544614983916517e+02 9.801371888137028893e-03
7.729624930938613261e+02 9.605876825800351015e-03
7.825888508339380678e+02 9.414273708810719232e-03
7.923350072712057681e+02 9.226466405749662175e-03
8.022024532839666335e+02 9.042359847140107876e-03
8.121926983042878874e+02 8.861885375761506881e-03
8.223072705489205418e+02 8.684943606699383964e-03
8.325477172530605685e+02 8.511493022778027912e-03
8.429156049070353447e+02 8.341451307456823616e-03
8.534125194959190139e+02 8.174750248316738424e-03
8.640400667421615708e+02 8.011320754316063331e-03
8.747998723512051811e+02 7.851097228638016096e-03
8.856935822601719792e+02 7.694035088340551130e-03
8.967228628896448299e+02 7.540054027714211161e-03
9.078894013985857327e+02 7.389113924779104961e-03
9.191949059424061943e+02 7.241175427335991115e-03
9.306411059342883618e+02 7.096160148338862689e-03
9.422297523097186058e+02 6.954020168157253740e-03
9.539626177943357561e+02 6.814707417267931722e-03
9.658414971751083158e+02 6.678153469561006438e-03
9.778682075748700981e+02 6.544317482047393338e-03
9.900445887303100108e+02 6.413154446817398956e-03
1.002372503273383927e+03 6.284610890967255205e-03
1.014853837016243801e+03 6.158623833954511573e-03
1.027490499239717565e+03 6.035146011452247050e-03
1.040284422985371748e+03 5.914136534544629439e-03
1.053237565351197418e+03 5.795555093136332825e-03
1.066351907791013218e+03 5.679348438846380971e-03
1.079629456417554593e+03 5.565464688466069745e-03
1.093072242309356625e+03 5.453855868377048728e-03
1.106682321821435380e+03 5.344485710228722569e-03
1.120461776899874849e+03 5.237316238023176362e-03
1.134412715400287198e+03 5.132303861842217770e-03
1.148537271410256608e+03 5.029396671701224369e-03
1.162837605575796260e+03 4.928556193878677605e-03
1.177315905431858255e+03 4.829737935907482335e-03
1.191974385736972181e+03 4.732899776406403192e-03
1.206815288812019389e+03 4.638016056278433316e-03
1.221840884883269155e+03 4.545033960026976724e-03
1.237053472429638987e+03 4.453910670598921172e-03
1.252455378534307101e+03 4.364623279493968534e-03
1.268048959240665226e+03 4.277132335363635629e-03
1.283836599912755901e+03 4.191398572415525395e-03
1.299820715600143785e+03 4.107383739381964549e-03
1.316003751407353320e+03 4.025053336675901358e-03
1.332388182867898195e+03 3.944373595267973084e-03
1.348976516322971747e+03 3.865311420081559129e-03
1.365771289304821039e+03 3.787834349402749261e-03
1.382775070924949887e+03 3.711910584243913354e-03
1.399990462267096291e+03 3.637508995977690313e-03
1.417420096785132273e+03 3.564599052600106455e-03
1.435066640705883401e+03 3.493150814678727244e-03
1.452932793437019200e+03 3.423134978610280037e-03
1.471021287979959425e+03 3.354522832059220108e-03
1.489334891347951498e+03 3.287286210043772680e-03
1.507876404989340699e+03 3.221397516417889330e-03
1.526648665216112477e+03 3.156829739093622994e-03
1.545654543637770075e+03 3.093556389410377985e-03
1.564896947600582962e+03 3.031551488136349434e-03
1.584378820632364750e+03 2.970789603698907426e-03
1.604103142892719688e+03 2.911245825599693884e-03
1.624072931628935294e+03 2.852895716617854290e-03
1.644291241637507255e+03 2.795715327464619489e-03
1.664761165731472602e+03 2.739681217379828435e-03
1.685485835213493374e+03 2.684770404831502040e-03
1.706468420354863611e+03 2.630960347989824786e-03
1.727712130880466475e+03 2.578228974228565992e-03
1.749220216459776793e+03 2.526554671028184706e-03
1.770995967203939017e+03 2.475916235422411481e-03
1.793042714169095916e+03 2.426292882671610314e-03
1.815363829865921389e+03 2.377664270608353687e-03
1.837962728775527012e+03 2.330010460162052974e-03
1.860842867871748240e+03 2.283311892097832779e-03
1.884007747150008754e+03 2.237549408474909414e-03
1.907460910162684286e+03 2.192704257828261959e-03
1.931205944561173737e+03 2.148758043324120511e-03
1.955246482644702610e+03 2.105692726347416395e-03
1.979586201915960601e+03 2.063490653277585529e-03
2.004228825643660684e+03 2.022134524480478229e-03
2.029178123432057646e+03 1.981607368842854076e-03
2.054437911797637298e+03 1.941892559267834484e-03
2.080012054752900895e+03 1.902973823234720488e-03
2.105904464397459378e+03 1.864835200102116968e-03
2.132119101516440878e+03 1.827461034325400437e-03
2.158659976186423137e+03 1.790836005109213910e-03
2.185531148388830843e+03 1.754945102650221382e-03
2.212736728630995003e+03 1.719773601451261586e-03
2.240280878574944381e+03 1.685307070829415287e-03
2.268167811674021323e+03 1.651531388764822771e-03
2.296401793817422458e+03 1.618432707305794607e-03
2.324987143982720681e+03 1.585997441381212843e-03
2.353928234896601225e+03 1.554212293008179046e-03
2.383229493703724529e+03 1.523064238946873110e-03
2.412895402643937359e+03 1.492540502137544751e-03
2.442930499737964510e+03 1.462628557989543998e-03
2.473339379481569267e+03 1.433316150469412988e-03
2.504126693548384083e+03 1.404591264318014480e-03
2.535297151501475128e+03 1.376442111622948371e-03
2.566855521513774420e+03 1.348857149523111521e-03
2.598806631097482295e+03 1.321827658398404184e-03
2.631155367842490705e+03 1.295340254873879023e-03
2.663906680164103363e+03 1.269383671324918412e-03
2.697065578059966811e+03 1.243947274206678435e-03
2.730637133876468852e+03 1.219020641389224847e-03
2.764626483084613483e+03 1.194593547837260019e-03
2.799038825065669698e+03 1.170655977274855054e-03
2.833879423906477314e+03 1.147198127760315663e-03
2.869153609204719032e+03 1.124210382751655943e-03
2.904866776884179671e+03 1.101683311001101827e-03
2.941024390020176725e+03 1.079607683201719379e-03
2.977631979675260482e+03 1.057974455956818029e-03
3.014695145745253285e+03 1.036774757106270544e-03
3.052219557815953522e+03 1.015999893296800315e-03
3.090210956030353827e+03 9.956413570069528804e-04
3.128675151966756403e+03 9.756908047954017393e-04
3.167618029527712679e+03 9.561400513887883699e-04
3.207045545840173418e+03 9.369810861919669002e-04
3.246963732166700083e+03 9.182060619790029547e-04
3.287378694828085372e+03 8.998072803906270300e-04
3.328296616137444289e+03 8.817771962788778463e-04
3.369723755345942664e+03 8.641084255243429088e-04
3.411666449600224496e+03 8.467937284201412437e-04
3.454131114911891018e+03 8.298260024349041458e-04
3.497124247138911414e+03 8.131982940222378742e-04
3.540652422979329458e+03 7.969037936915609978e-04
3.584722300977249233e+03 7.809358215249907927e-04
3.629340622541471930e+03 7.652878289399391715e-04
3.674514212976705039e+03 7.499534068118918250e-04
3.720249982527624979e+03 7.349262729702661862e-04
3.766554927435951868e+03 7.202002644656258813e-04
3.813436131010671488e+03 7.057693453128006771e-04
3.860900764711594547e+03 6.916276063602677660e-04
3.908956089246310057e+03 6.777692513549500326e-04
3.957609455680966221e+03 6.641885966776186817e-04
4.006868306564692830e+03 6.508800794190637215e-04
4.056740177068146750e+03 6.378382481978427587e-04
4.107232696136089544e+03 6.250577553181125689e-04
4.158353587654503826e+03 6.125333614013684248e-04
4.210110671632054618e+03 6.002599383687576024e-04
4.262511865396329995e+03 5.882324567396204646e-04
4.315565184804978344e+03 5.764459836548514477e-04
4.369278745471914590e+03 5.648956906512311296e-04
4.423660764008684055e+03 5.535768471901121850e-04
4.478719559281505099e+03 5.424848129596869604e-04
4.534463553683701321e+03 5.316150405395584028e-04
4.590901274424157236e+03 5.209630788827021748e-04
4.648041354831639183e+03 5.105245640172564490e-04
4.705892535675549880e+03 5.002952147799029489e-04
4.764463666502957494e+03 4.902708401499029965e-04
4.823763706992313928e+03 4.804473350387450143e-04
4.883801728324044234e+03 4.708206729202751070e-04
4.944586914568163593e+03 4.613869069647529649e-04
5.006128564089193787e+03 4.521421737425158124e-04
5.068436090968459212e+03 4.430826863246182558e-04
5.131519026444299925e+03 4.342047297951890619e-04
5.195387020369979837e+03 4.255046661733207143e-04
5.260049842689873913e+03 4.169789329645221844e-04
5.325517384933918038e+03 4.086240362189358464e-04
5.391799661730838125e+03 4.004365503939289459e-04
5.458906812340002034e+03 3.924131220785396991e-04
5.526849102202483664e+03 3.845504650253106266e-04
5.595636924511348298e+03 3.768453556530939447e-04
5.665280801801541202e+03 3.692946360831340729e-04
5.735791387559440409e+03 3.618952146222610884e-04
5.807179467852664857e+03 3.546440594405342967e-04
5.879455962979928699e+03 3.475381974537908856e-04
5.952631929141605724e+03 3.405747179275864754e-04
6.026718560130860169e+03 3.337507690535696956e-04
6.101727189046177955e+03 3.270635535916290222e-04
6.177669290024832662e+03 3.205103304990244485e-04
6.254556479998196664e+03 3.140884165289584791e-04
6.332400520468728246e+03 3.077951808535443019e-04
6.411213319309166764e+03 3.016280431215915495e-04
6.491006932584134120e+03 2.955844768291787834e-04
6.571793566394208028e+03 2.896620071364566199e-04
6.653585578743317456e+03 2.838582067500135990e-04
6.736395481429007305e+03 2.781706966464478326e-04
6.820235941956450006e+03 2.725971477744967061e-04
6.905119785476090328e+03 2.671352772594957946e-04
6.991059996745693752e+03 2.617828457116587525e-04
7.078069722116522826e+03 2.565376601206654735e-04
7.166162271544372743e+03 2.513975727385949865e-04
7.255351120625587100e+03 2.463604772873819186e-04
7.345649912658484027e+03 2.414243089613364254e-04
7.437072460730357307e+03 2.365870461390543996e-04
7.529632749830389912e+03 2.318467077096229086e-04
7.623344938989118418e+03 2.272013504319806971e-04
7.718223363444238203e+03 2.226490707309920563e-04
7.814282536833533413e+03 2.181880046150999066e-04
7.911537153414918066e+03 2.138163243615610215e-04
8.010002090314424095e+03 2.095322378928542997e-04
8.109692409801820759e+03 2.053339904292833269e-04
8.210623361594776725e+03 2.012198627071019495e-04
8.312810385191582100e+03 1.971881684637240869e-04
8.416269112232992484e+03 1.932372553840547172e-04
8.521015368893284176e+03 1.893655057076021916e-04
8.627065178301398191e+03 1.855713334236929141e-04
8.734434762991861135e+03 1.818531831742359469e-04
8.843140547386470644e+03 1.782095317955204625e-04
8.953199160306561680e+03 1.746388872408371324e-04
9.064627437516972350e+03 1.711397862400934600e-04
9.177442424301301799e+03 1.677107946311952682e-04
9.291661378069338753e+03 1.643505082873713500e-04
9.407301770996957202e+03 1.610575509345044652e-04
9.524381292698877587e+03 1.578305726954445324e-04
9.642917852934660914e+03 1.546682514483702130e-04
9.762929584348246863e+03 1.515692923166817095e-04
9.884434845241956282e+03 1.485324255318742708e-04
1.000745222238460883e+04 1.455564063668300786e-04
1.013200053385485626e+04 1.426400160208013065e-04
1.025809883191961671e+04 1.397820601734363539e-04
1.038576640594877426e+04 1.369813673534833211e-04
1.051502278536573249e+04 1.342367899453185019e-04
1.064588774263485902e+04 1.315472041575274512e-04
1.077838129628613387e+04 1.289115081323888670e-04
1.091252371397744719e+04 1.263286215630765217e-04
1.104833551559474654e+04 1.237974865110266494e-04
1.118583747639127432e+04 1.213170664846801379e-04
1.132505063016540407e+04 1.188863449212202068e-04
1.146599627247827084e+04 1.165043256977991152e-04
1.160869596391119921e+04 1.141700334418974713e-04
1.175317153336412775e+04 1.118825120009838705e-04
1.189944508139459867e+04 1.096408237759600172e-04
1.204753898359855702e+04 1.074440504573534612e-04
1.219747589403314487e+04 1.052912925122323912e-04
1.234927874868215258e+04 1.031816678001694652e-04
1.250297076896454746e+04 1.011143117072240051e-04
1.265857546528654348e+04 9.908837766050975512e-05
1.281611664063825265e+04 9.710303594407652700e-05
1.297561839423469610e+04 9.515747282353126087e-05
1.313710512520231714e+04 9.325089118874875006e-05
1.330060153631122739e+04 9.138251035797082325e-05
1.346613263775423002e+04 8.955156483772545764e-05
1.363372375097250551e+04 8.775730419346733802e-05
1.380340051252906596e+04 8.599899361289508552e-05
1.397518887803044163e+04 8.427591308025864807e-05
1.414911512609715101e+04 8.258735638526422287e-05
1.432520586238337637e+04 8.093263162039836202e-05
1.450348802364715993e+04 7.931106124304886746e-05
1.468398888187075136e+04 7.772198098172645704e-05
1.486673604843249450e+04 7.616473953664917504e-05
1.505175747833037894e+04 7.463869907531178445e-05
1.523908147445868963e+04 7.314323473813473336e-05
1.542873669193725982e+04 7.167773366995524469e-05
1.562075214249493001e+04 7.024159529025143984e-05
1.581515719890752734e+04 6.883423154873049177e-05
1.601198159949105684e+04 6.745506601001398025e-05
1.621125545265078472e+04 6.610353341842515359e-05
1.641300924148680497e+04 6.477908012037142166e-05
1.661727382845732063e+04 6.348116380902539655e-05
1.682408046009957252e+04 6.220925266663555257e-05
1.703346077180971770e+04 6.096282541138959123e-05
1.724544679268181062e+04 5.974137162996254430e-05
1.746007095040785498e+04 5.854439110767428289e-05
1.767736607623787495e+04 5.737139327045050343e-05
1.789736541000233410e+04 5.622189753262626683e-05
1.812010260519679650e+04 5.509543322815717889e-05
1.834561173413001234e+04 5.399153886021941756e-05
1.857392729313571908e+04 5.290976198321973071e-05
1.880508420784996270e+04 5.184965956208699173e-05
1.903911783855350586e+04 5.081079752417028974e-05
1.927606398558098226e+04 4.979275011492674346e-05
1.951595889479702601e+04 4.879510017288414396e-05
1.975883926314132259e+04 4.781743920473153673e-05
2.000474224424182466e+04 4.685936673576777094e-05
2.025370545409827901e+04 4.592049008348801371e-05
2.050576697683637394e+04 4.500042468670973175e-05
2.076096537053349675e+04 4.409879385074801295e-05
2.101933967311710148e+04 4.321522809249897512e-05
2.128092940833597822e+04 4.234936530427342068e-05
2.154577459180681763e+04 4.150085094841927171e-05
2.181391573713509206e+04 4.066933750352904383e-05
2.208539386211255987e+04 3.985448416913750969e-05
2.236025049499152374e+04 3.905595713584332479e-05
2.263852768083790215e+04 3.827342947649403193e-05
2.292026798796260118e+04 3.750658055989764450e-05
2.320551451443330370e+04 3.675509607855965521e-05
2.349431089466720732e+04 3.601866830913804404e-05
2.378670130610582783e+04 3.529699568126178663e-05
2.408273047597294499e+04 3.458978242471575320e-05
2.438244368811620734e+04 3.389673878336567597e-05
2.468588678993480789e+04 3.321758101168430444e-05
2.499310619939239041e+04 3.255203087520257098e-05
2.530414891211791110e+04 3.189981557645285652e-05
2.561906250859411011e+04 3.126066800602655423e-05
2.593789516143662695e+04 3.063432646841385162e-05
2.626069564276254823e+04 3.002053427650170969e-05
2.658751333165125834e+04 2.941903991332919018e-05
2.691839822169798936e+04 2.882959710840228492e-05
2.725340092866147825e+04 2.825196441756892140e-05
2.759257269820631336e+04 2.768590507560889747e-05
2.793596541374262233e+04 2.713118722235328048e-05
2.828363160436233738e+04 2.658758376479509729e-05
2.863562445287482115e+04 2.605487193715991679e-05
2.899199780394186382e+04 2.553283341524442864e-05
2.935280617231494762e+04 2.502125445204899661e-05
2.971810475117406531e+04 2.451992552856135322e-05
3.008794942057071603e+04 2.402864116089507498e-05
3.046239675597595851e+04 2.354720008604678093e-05
3.084150403693482076e+04 2.307540522219226616e-05
3.122532925582847383e+04 2.261306325358502614e-05
3.161393112674492659e+04 2.215998466832160685e-05
3.200736909446131540e+04 2.171598394550863545e-05
3.240570334353672661e+04 2.128087926996338723e-05
3.280899480751891679e+04 2.085449231110081866e-05
3.321730517826489086e+04 2.043664836653663310e-05
3.363069691537868493e+04 2.002717638510339866e-05
3.404923325576537900e+04 1.962590861398398823e-05
3.447297822330467898e+04 1.923268056259991204e-05
3.490199663864459581e+04 1.884733119862115196e-05
3.533635412911740423e+04 1.846970274736364678e-05
3.577611713877799048e+04 1.809964044503221983e-05
3.622135293856883072e+04 1.773699264439821874e-05
3.667212963660988316e+04 1.738161088272016354e-05
3.712851618861741736e+04 1.703334958863560159e-05
3.759058240845164983e+04 1.669206600153995941e-05
3.805839897879715136e+04 1.635762033541636207e-05
3.853203746197458531e+04 1.602987567724163415e-05
3.901157031088788790e+04 1.570869771710011858e-05
3.949707088010739972e+04 1.539395482027558251e-05
3.998861343709097855e+04 1.508551812793232157e-05
4.048627317354494153e+04 1.478326131719999946e-05
4.099012621692557150e+04 1.448706048910385714e-05
4.150024964208532765e+04 1.419679429852626033e-05
4.201672148306247982e+04 1.391234393577657548e-05
4.253962074501829193e+04 1.363359284304874736e-05
4.306902741632188554e+04 1.336042675719916496e-05
4.360502248078714183e+04 1.309273383344885063e-05
4.414768793006021588e+04 1.283040445237163450e-05
4.469710677616196335e+04 1.257333108809988178e-05
4.525336306418645836e+04 1.232140840690166371e-05
4.581654188515754504e+04 1.207453329607225006e-05
4.638672938904465263e+04 1.183260461122464829e-05
4.696401279794221773e+04 1.159552316832003484e-05
4.754848041941151314e+04 1.136319188903761802e-05
4.814022165998939454e+04 1.113551564875640165e-05
4.873932703886421950e+04 1.091240113267189892e-05
4.934588820172371925e+04 1.069375690770746104e-05
4.995999793477346248e+04 1.047949347700689839e-05
5.058175017893055337e+04 1.026952307213231623e-05
5.121124004419390258e+04 1.006375960751715238e-05
5.184856382419318834e+04 9.862118814830508865e-06
5.249381901091935288e+04 9.664518147565593798e-06
5.314710430963707768e+04 9.470876624647684740e-06
5.380851965398511675e+04 9.281114879102658104e-06
5.447816622126239236e+04 9.095155230456718667e-06
5.515614644790562306e+04 8.912921515581065498e-06
5.584256404515819304e+04 8.734339024320418652e-06
5.653752401493628713e+04 8.559334603127854326e-06
5.724113266589035629e+04 8.387836620414269243e-06
5.795349762966727576e+04 8.219774799446816883e-06
5.867472787737497129e+04 8.055080247007889469e-06
5.940493373625208187e+04 7.893685538083349066e-06
6.014422690654383041e+04 7.735524580362873682e-06
6.089272047859026497e+04 7.580532537162165586e-06
6.165052895012502267e+04 7.428645902579583328e-06
6.241776824379040772e+04 7.279802516762713755e-06
6.319455572486940218e+04 7.133941393163583362e-06
6.398101021924049564e+04 6.991002730191411675e-06
6.477725203155359486e+04 6.850928003732005832e-06
6.558340296363351808e+04 6.713659860740430741e-06
6.639958633311188896e+04 6.579142034477968883e-06
6.722592699229139544e+04 6.447319398176855759e-06
6.806255134724466188e+04 6.318138002089114762e-06
6.890958737714971357e+04 6.191544926755786801e-06
6.976716465386863274e+04 6.067488262439272047e-06
7.063541436176719435e+04 5.945917210322269426e-06
7.151446931778287399e+04 5.826782001067111361e-06
7.240446399174080580e+04 5.710033805785764602e-06
7.330553452692537394e+04 5.595624772419980025e-06
7.421781876090519654e+04 5.483508073727473456e-06
7.514145624661841430e+04 5.373637788975694669e-06
7.607658827372030646e+04 5.265968865816188338e-06
7.702335789019645017e+04 5.160459210786532799e-06
7.798190992424522119e+04 5.057073646929072056e-06
7.895239100643103302e+04 4.955759299796547989e-06
7.993494959211652167e+04 4.856474647292084111e-06
8.092973598417046014e+04 4.759179057514710420e-06
8.193690235596054117e+04 4.663832694822177128e-06
8.295660277462998056e+04 4.570396476489334988e-06
8.398899322466754529e+04 4.478832132977153609e-06
8.503423163176699018e+04 4.389102197319712867e-06
8.609247788698572549e+04 4.301169910740476108e-06
8.716389387120331230e+04 4.214999231607368946e-06
8.824864347988492227e+04 4.130554889449674590e-06
8.934689264815117349e+04 4.047802314502066231e-06
9.045880937616352458e+04 3.966707591093591819e-06
9.158456375482189469e+04 3.887237495980543959e-06
9.272432799178450659e+04 3.809359513519176450e-06
9.387827643780899234e+04 3.733041744802171013e-06
9.504658561342529720e+04 3.658252905731505205e-06
9.622943423593672924e+04 3.584962379854837498e-06
9.742700324675886077e+04 3.513140166854933744e-06
9.863947583909815876e+04 3.442756835035156637e-06
9.986703748597551021e+04 3.373783545573742976e-06
1.011098759685982659e+05 3.306192074214744921e-06
1.023681814050838730e+05 3.239954741431279045e-06
1.036421462795449042e+05 3.175044393224179639e-06
1.049319654715320939e+05 3.111434453056583405e-06
1.062378362858442269e+05 3.049098885748518183e-06
1.075599584827122890e+05 2.988012150757814381e-06
1.088985343083555781e+05 2.928149215748042202e-06
1.102537685259196296e+05 2.869485580810283584e-06
1.116258684467991989e+05 2.811997225783333025e-06
1.130150439623508137e+05 2.755660585517461531e-06
1.144215075759999745e+05 2.700452588617784521e-06
1.158454744357486925e+05 2.646350640399608408e-06
1.172871623670847184e+05 2.593332577013080015e-06
1.187467919063054287e+05 2.541376670431928570e-06
1.202245863342521479e+05 2.490461653622302231e-06
1.217207717104640615e+05 2.440566681262065774e-06
1.232355769077615696e+05 2.391671303706326895e-06
1.247692336472555471e+05 2.343755492299170578e-06
1.263219765337939752e+05 2.296799637762357637e-06
1.278940430918500351e+05 2.250784506517273309e-06
1.294856738018561882e+05 2.205691238913845732e-06
1.310971121369913744e+05 2.161501374208857659e-06
1.327286046004231030e+05 2.118196822080491438e-06
1.343804007630185806e+05 2.075759836518547311e-06
1.360527533015198715e+05 2.034173030674796146e-06
1.377459180371949333e+05 1.993419385913753479e-06
1.394601539749738004e+05 1.953482211548733321e-06
1.411957233430664637e+05 1.914345137871012636e-06
1.429528916330771171e+05 1.875992140145502459e-06
1.447319276406163990e+05 1.838407518768569326e-06
1.465331035064191674e+05 1.801575873944789523e-06
1.483566947579744447e+05 1.765482113972172846e-06
1.502029803516735265e+05 1.730111466001566637e-06
1.520722427154796605e+05 1.695449446633502830e-06
1.539647677921351278e+05 1.661481847855846962e-06
1.558808450829003414e+05 1.628194759497934752e-06
1.578207676918371290e+05 1.595574556563625937e-06
1.597848323706488300e+05 1.563607875278496629e-06
1.617733395640724630e+05 1.532281616307616895e-06
1.637865934558382141e+05 1.501582956164346156e-06
1.658249020152011071e+05 1.471499325738305470e-06
1.678885770440511114e+05 1.442018395130763510e-06
1.699779342246097804e+05 1.413128089180245651e-06
1.720932931677211018e+05 1.384816582867851824e-06
1.742349774617400544e+05 1.357072279249386640e-06
1.764033147220369137e+05 1.329883808459969268e-06
1.785986366411073250e+05 1.303240039134790627e-06
1.808212790393164323e+05 1.277130063187455504e-06
1.830715819162670523e+05 1.251543180803020841e-06
1.853498895028101979e+05 1.226468909842147906e-06
1.876565503137024352e+05 1.201896987255553504e-06
1.899919172009184549e+05 1.177817349341837629e-06
1.923563474076272396e+05 1.154220127495736785e-06
1.947502026228407631e+05 1.131095659196720953e-06
1.971738490367383929e+05 1.108434477770117982e-06
1.996276573966884462e+05 1.086227297995427715e-06
2.021120030639591278e+05 1.064465020835689577e-06
2.046272660711354984e+05 1.043138738654423303e-06
2.071738311802582757e+05 1.022239718304368594e-06
2.097520879416781536e+05 1.001759394354984696e-06
2.123624307536461565e+05 9.816893793203537586e-07
2.150052589226453274e+05 9.620214573793704654e-07
2.176809767244729737e+05 9.427475709000052968e-07
2.203899934660830186e+05 9.238598222371777006e-07
2.231327235481989046e+05 9.053504791804132344e-07
2.259095865287015040e+05 8.872119632158684000e-07
2.287210071868153464e+05 8.694368403413950483e-07
2.315674155880800390e+05 8.520178298570063780e-07
2.344492471501450054e+05 8.349478014298176701e-07
2.373669427093707200e+05 8.182197627182300079e-07
2.403209485882660083e+05 8.018268589233831323e-07
2.433117166637617920e+05 7.857623781484329553e-07
2.463397044363351597e+05 7.700197433054407987e-07
2.494053750999935146e+05 7.545925031898327457e-07
2.525091976131312258e+05 7.394743378062538691e-07
2.556516467702620721e+05 7.246590585258092043e-07
2.588332032746554469e+05 7.101405974538914721e-07
2.620543538118665747e+05 6.959130050037745220e-07
2.653155911241825670e+05 6.819704549509128203e-07
2.686174140860032639e+05 6.683072392221505074e-07
2.719603277801511576e+05 6.549177594994684500e-07
2.753448435751345241e+05 6.417965298268364509e-07
2.787714792033725535e+05 6.289381788003472711e-07
2.822407588403932168e+05 6.163374407566041366e-07
2.857532131850167061e+05 6.039891518496646667e-07
2.893093795405378914e+05 5.918882546617936783e-07
2.929098018969141413e+05 5.800297952593695723e-07
2.965550310139873764e+05 5.684089154625990773e-07
3.002456245057252818e+05 5.570208534446622986e-07
3.039821469255283591e+05 5.458609469547630802e-07
3.077651698525850079e+05 5.349246264996027174e-07
3.115952719793081051e+05 5.242074102908184741e-07
3.154730391998579726e+05 5.137049082750739135e-07
3.193990646997670992e+05 5.034128209771616047e-07
3.233739490466802963e+05 4.933269325109079059e-07
3.273983002822253620e+05 4.834431099181681455e-07
3.314727340150204254e+05 4.737573061609287393e-07
3.355978735148522537e+05 4.642655557169945269e-07
3.397743498080143472e+05 4.549639689979823578e-07
3.440028017738313065e+05 4.458487352593742493e-07
3.482838762423974113e+05 4.369161229632923341e-07
3.526182280935167801e+05 4.281624736002693944e-07
3.570065203568826546e+05 4.195842000712346151e-07
3.614494243135016877e+05 4.111777893664196568e-07
3.659476195983799407e+05 4.029397998687205301e-07
3.705017943044881104e+05 3.948668562227115029e-07
3.751126450880202465e+05 3.869556506695695013e-07
3.797808772749564960e+05 3.792029443526033447e-07
3.845072049689661944e+05 3.716055624480537725e-07
3.892923511606408865e+05 3.641603916579273778e-07
3.941370478380854474e+05 3.568643825309772089e-07
3.990420360989010660e+05 3.497145481023872317e-07
4.040080662635447807e+05 3.427079592647787778e-07
4.090358979901083512e+05 3.358417449095730377e-07
4.141263003905240330e+05 3.291130937592805558e-07
4.192800521482164040e+05 3.225192507309605662e-07
4.244979416372196865e+05 3.160575137807656064e-07
4.297807670427690609e+05 3.097252358494844007e-07
4.351293364834109088e+05 3.035198245349897194e-07
4.405444681346147554e+05 2.974387379848791615e-07
4.460269903539268998e+05 2.914794841891555806e-07
4.515777418076939066e+05 2.856396229331776413e-07
4.571975715993483900e+05 2.799167633435027685e-07
4.628873393992980127e+05 2.743085603668598064e-07
4.686479155764300376e+05 2.688127162445779993e-07
4.744801813312535523e+05 2.634269809935936558e-07
4.803850288306958973e+05 2.581491488212139522e-07
4.863633613445815863e+05 2.529770568881463324e-07
4.924160933837973280e+05 2.479085869870519473e-07
4.985441508401984465e+05 2.429416641595456747e-07
5.047484711282365024e+05 2.380742533099170563e-07
5.110300033283511293e+05 2.333043599125694625e-07
5.173897083321634564e+05 2.286300311262585291e-07
5.238285589894564473e+05 2.240493527872717583e-07
5.303475402569950093e+05 2.195604477683732547e-07
5.369476493491947185e+05 2.151614773761837563e-07
5.436298958906681510e+05 2.108506407297148384e-07
5.503953020706665702e+05 2.066261717963035072e-07
5.572449027994491626e+05 2.024863393891571012e-07
5.641797458665821468e+05 1.984294484314441132e-07
5.712008921012396459e+05 1.944538378316971971e-07
5.783094155344584724e+05 1.905578784510476506e-07
5.855064035634514876e+05 1.867399742253184682e-07
5.927929571179375052e+05 1.829985621295459162e-07
6.001701908285546815e+05 1.793321096214598470e-07
6.076392331973648397e+05 1.757391141127300263e-07
6.152012267704842379e+05 1.722181042404539072e-07
6.228573283128575422e+05 1.687676385281274282e-07
6.306087089852121426e+05 1.653863030817139931e-07
6.384565545232021250e+05 1.620727124508786676e-07
6.464020654188067419e+05 1.588255100367454720e-07
6.544464571039623115e+05 1.556433659195970290e-07
6.625909601364802802e+05 1.525249759709214283e-07
6.708368203883025562e+05 1.494690629946377423e-07
6.791852992360742064e+05 1.464743760446589181e-07
6.876376737540977774e+05 1.435396880815218986e-07
6.961952369096905459e+05 1.406637964780638562e-07
7.048592977609696100e+05 1.378455237866145826e-07
7.136311816571005620e+05 1.350837159222566121e-07
7.225122304410398938e+05 1.323772410530414899e-07
7.315038026547858026e+05 1.297249905210957498e-07
7.406072737472170265e+05 1.271258786263728214e-07
7.498240362844717456e+05 1.245788405565181118e-07
7.591555001629914623e+05 1.220828324129227332e-07
7.686030928251820151e+05 1.196368322064246033e-07
7.781682594777728664e+05 1.172398384372124580e-07
7.878524633128929418e+05 1.148908688179889457e-07
7.976571857318956172e+05 1.125889609880238217e-07
8.075839265719705727e+05 1.103331726282480970e-07
8.176342043355773203e+05 1.081225797127170564e-07
8.278095564227204304e+05 1.059562762087439456e-07
8.381115393661453854e+05 1.038333749866386487e-07
8.485417290694338735e+05 1.017530069572851445e-07
8.591017210480599897e+05 9.971431962926181662e-08
8.697931306734796381e+05 9.771647763354133311e-08
8.806175934202190256e+05 9.575866308695245753e-08
8.915767651160616660e+05 9.384007413602011314e-08
9.026723221953384345e+05 9.195992442117317005e-08
9.139059619553757366e+05 9.011744386253585163e-08
9.252794028161312453e+05 8.831187827621928152e-08
9.367943845830658684e+05 8.654248782553024962e-08
9.484526687132689403e+05 8.480854737626781095e-08
9.602560385849366430e+05 8.310934704155026953e-08
9.722062997701455606e+05 8.144419098826208468e-08
9.843052803110792302e+05 7.981239674579514002e-08
9.965548309996514581e+05 7.821329584198319990e-08
1.008956825660626870e+06 7.664623376120027477e-08
1.021513161438260344e+06 7.511056846778180464e-08
1.034225759086507256e+06 7.360567051657872440e-08
1.047096563262840500e+06 7.213092375019152260e-08
1.060127542825732846e+06 7.068572433872930262e-08
1.073320691135815345e+06 6.926947999340513769e-08
1.086678026360833086e+06 6.788161045399802632e-08
1.100201591784348479e+06 6.652154764296975617e-08
1.113893456118295202e+06 6.518873442419906656e-08
1.127755713819454191e+06 6.388262444570675453e-08
1.141790485409829766e+06 6.260268287747433798e-08
1.155999917801029515e+06 6.134838572692925529e-08
1.170386184622680768e+06 6.011921897684602107e-08
1.184951486554933712e+06 5.891467893802317039e-08
1.199698051665097941e+06 5.773427254206511385e-08
1.214628135748480912e+06 5.657751631688832997e-08
1.229744022673435742e+06 5.544393608845924013e-08
1.245048024730758741e+06 5.433306758033204311e-08
1.260542482987387339e+06 5.324445608042672790e-08
1.276229767644498963e+06 5.217765550505793165e-08
1.292112278400113340e+06 5.113222863167763027e-08
1.308192444816157455e+06 5.010774749180298259e-08
1.324472726690121926e+06 4.910379253788437164e-08
1.340955614431338385e+06 4.811995224628895900e-08
1.357643629441939993e+06 4.715582357972371758e-08
1.374539324502568226e+06 4.621101194707159767e-08
1.391645284162850818e+06 4.528513022499020164e-08
1.408964125136798015e+06 4.437779888709414196e-08
1.426498496703064069e+06 4.348864646578969054e-08
1.444251081110195955e+06 4.261730888663087326e-08
1.462224593986970372e+06 4.176342900867878155e-08
1.480421784757786198e+06 4.092665696672443605e-08
1.498845437063249527e+06 4.010665030531667603e-08
1.517498369185991120e+06 3.930307309098870741e-08
1.536383434481780976e+06 3.851559588026048693e-08
1.555503521816008724e+06 3.774389624366779133e-08
1.574861556005603401e+06 3.698765824551562674e-08
1.594460498266417766e+06 3.624657194725545968e-08
1.614303346666248050e+06 3.552033365116856243e-08
1.634393136583432090e+06 3.480864611822796264e-08
1.654732941171154380e+06 3.411121784316984161e-08
1.675325871827585157e+06 3.342776288272647578e-08
1.696175078671812546e+06 3.275826313732215505e-08
1.717283751025721198e+06 3.210586003404554117e-08
1.738655117901869817e+06 3.147083530507710206e-08
1.760292448497432517e+06 3.085353571137813280e-08
1.782199052694291575e+06 3.025436958201492907e-08
1.804378281565362820e+06 2.967380059417598759e-08
1.826833527887180913e+06 2.911233912379714924e-08
1.849568226658946602e+06 2.857053165489063453e-08
1.872585855627922108e+06 2.804894734784177741e-08
1.895889935821480583e+06 2.754816258721247111e-08
1.919484032085686689e+06 2.706874394616912078e-08
1.943371753630624851e+06 2.661123026204188754e-08
1.967556754582502181e+06 2.617611366972769473e-08
1.992042734542622697e+06 2.576382077860720427e-08
2.016833439153319225e+06 2.537469500011556636e-08
2.041932660670938669e+06 2.500897998549450723e-08
2.067344238545908825e+06 2.466680506510757709e-08
2.093072060010115383e+06 2.434817330574125685e-08
2.119120060671510175e+06 2.405295303091333955e-08
2.145492225116117857e+06 2.378087220434219061e-08
2.172192587517616805e+06 2.353151649962169882e-08
