1.260530179142627638e+01 2.004531913819170008e-04
1.275100452835970621e+01 3.376172891048291776e-04
1.289852051580110626e+01 5.568193503071162780e-04
1.304787231940343517e+01 8.997709387021214991e-04
1.319908278564617632e+01 1.423703138918108908e-03
1.335217504533010491e+01 2.202830122153512371e-03
1.350717251711555811e+01 3.330148509532287679e-03
1.366409891110495778e+01 4.917926761861320106e-03
1.382297823246962665e+01 7.095685624025425964e-03
1.398383478512196376e+01 1.005468718893609559e-02
1.414669317543326343e+01 1.396543483532289992e-02
1.431157831599761998e+01 1.895394758525109635e-02
1.447851542944304093e+01 2.515534542136192708e-02
1.464753005228956617e+01 3.263463307704003724e-02
1.481864803885577686e+01 4.139477422434365006e-02
1.499189556521372602e+01 5.141913593002039873e-02
1.516729913319295342e+01 6.258908979099840619e-02
1.534488557443474122e+01 7.415366890592436921e-02
1.552468205449643079e+01 8.590583151201459933e-02
1.570671607700692363e+01 9.823107788340275370e-02
1.589101548787407658e+01 1.114168477609717989e-01
1.607760847954414984e+01 1.255497928428374599e-01
1.626652359531460590e+01 1.405676439830806368e-01
1.645778973370030940e+01 1.563376277789129132e-01
1.665143615285405332e+01 1.727102601708565277e-01
1.684749247504244352e+01 1.896169145101651576e-01
1.704598869117710436e+01 2.070482047900081279e-01
1.724695516540232276e+01 2.250599379051418381e-01
1.745042263974010410e+01 2.436515258696332342e-01
1.765642223879258665e+01 2.626911009942497488e-01
1.786498547450336716e+01 2.820509454140121552e-01
1.807614425097787247e+01 3.016886375624219796e-01
1.828993086936359092e+01 3.215549214044383097e-01
1.850637803279149551e+01 3.416080635116127695e-01
1.872551885137846028e+01 3.618484810618820546e-01
1.894738684729217582e+01 3.822833428083503016e-01
1.917201595987918950e+01 4.028833511579932858e-01
1.939944055085640429e+01 4.235054869502130059e-01
1.962969540956769876e+01 4.440424915721918886e-01
1.986281575830549784e+01 4.645006481878994342e-01
2.009883725769875440e+01 4.848670101923073794e-01
2.033779601216812338e+01 5.051787158121300303e-01
2.057972857544877954e+01 5.255216604266139679e-01
2.082467195618204059e+01 5.457704802469669492e-01
2.107266362357680478e+01 5.658711623584895545e-01
2.132374151314093780e+01 5.858519743086854081e-01
2.157794403248464121e+01 6.056539401650951060e-01
2.183531006719548984e+01 6.252361336171506911e-01
2.209587898678676154e+01 6.445710104191465506e-01
2.235969065072006501e+01 6.636702493224484467e-01
2.262678541450233993e+01 6.825270637658843453e-01
2.289720413585940761e+01 7.010933845893595473e-01
2.317098818098584445e+01 7.194226194771466965e-01
2.344817943087269185e+01 7.376070310170275146e-01
2.372882028771430996e+01 7.555926499453460288e-01
2.401295368139452080e+01 7.732829646312502359e-01
2.430062307605350469e+01 7.906229393069014177e-01
2.459187247673687438e+01 8.076591897163856171e-01
2.488674643612680271e+01 8.244540114987761736e-01
2.518529006135756987e+01 8.409716933824445961e-01
2.548754902091556929e+01 8.572240903770431686e-01
2.579356955162505116e+01 8.732903763776670436e-01
2.610339846572133737e+01 8.891077935092109863e-01
2.641708315801158236e+01 9.045270748573441821e-01
2.673467161312463247e+01 9.195615089488394789e-01
2.705621241285162881e+01 9.343526817868157419e-01
2.738175474357724326e+01 9.488716500245426566e-01
2.771134840380405606e+01 9.629387668280487977e-01
2.804504381177019212e+01 9.765516564486662610e-01
2.838289201316161581e+01 9.898746376109144318e-01
2.872494468892105957e+01 1.002994350353329622e+00
2.907125416315327726e+01 1.015707286469412995e+00
2.942187341112944665e+01 1.027819142872830493e+00
2.977685606739068191e+01 1.039403250236965670e+00
3.013625643395246456e+01 1.050594176834304116e+00
3.050012948861152395e+01 1.061362778122096451e+00
3.086853089335572164e+01 1.071599768858707113e+00
3.124151700287848143e+01 1.081237164300764553e+00
3.161914487319984346e+01 1.090249320555864321e+00
3.200147227039416720e+01 1.098651435117779407e+00
3.238855767942645514e+01 1.106450704563860743e+00
3.278046031309931863e+01 1.113595761366898973e+00
3.317724012111026610e+01 1.120011751086021690e+00
3.357895779922276347e+01 1.125649921799984909e+00
3.398567479855069706e+01 1.130474858723971021e+00
3.439745333495834245e+01 1.134408322190676000e+00
3.481435639857825493e+01 1.137376089273455904e+00
3.523644776344608687e+01 1.139357395882724333e+00
3.567589480143197278e+01 1.140341814156452305e+00
3.612397885394454278e+01 1.140240352349389585e+00
3.657763925082036849e+01 1.138980787140940087e+00
3.703694538889770627e+01 1.136493302615147361e+00
3.750196752864862049e+01 1.132763662290722451e+00
3.797277680492735641e+01 1.127774890287355447e+00
3.844944523785155610e+01 1.121512609837975294e+00
3.893204574381913119e+01 1.113998089185256113e+00
3.942065214666273221e+01 1.105245062064438288e+00
3.991533918894247535e+01 1.095260704286395326e+00
4.041618254337911509e+01 1.084079811064676324e+00
4.092325882443020646e+01 1.071729609994487964e+00
4.143664560000971164e+01 1.058234300997414890e+00
4.195642140335333892e+01 1.043664758297818684e+00
4.248266574503247028e+01 1.028125382665333376e+00
4.301545912511625147e+01 1.011705688573600659e+00
4.355488304548634915e+01 9.944888256491726253e-01
4.410102002230414797e+01 9.765641246610307080e-01
4.465395359863305913e+01 9.580324277017777668e-01
4.521376835721874698e+01 9.389965299599927206e-01
4.578054993342712464e+01 9.195562289361711716e-01
4.635438502834478669e+01 8.998119957544514769e-01
4.693536142204137462e+01 8.798618836609253258e-01
4.752356798699712925e+01 8.598020044806644613e-01
4.811909470169836567e+01 8.397242790935657286e-01
4.872203266440131131e+01 8.197134327743718085e-01
4.933247410706709957e+01 7.998492777269087251e-01
4.995051240947127980e+01 7.802039958310893475e-01
5.057624211348783660e+01 7.608415703529468610e-01
5.120975893755105091e+01 7.418151522898627226e-01
5.185115979129835750e+01 7.231685670376014619e-01
5.250054279039388661e+01 7.049433559351423462e-01
5.315800727153801120e+01 6.871731190749247320e-01
5.382365380766265872e+01 6.698816275977172996e-01
5.449758422331577634e+01 6.530876444168385309e-01
5.517990161023817564e+01 6.368046050126168200e-01
5.587071034313274964e+01 6.210382710797008876e-01
5.657011609563160448e+01 6.057889059606348381e-01
5.727822585646059395e+01 5.910527482746260608e-01
5.799514794580520771e+01 5.768245256800292875e-01
5.872099203188124505e+01 5.630958795081644208e-01
5.945586914770981934e+01 5.498520977783645236e-01
6.019989170810308821e+01 5.370757090209227202e-01
6.095317352686009826e+01 5.247495947705275166e-01
6.171582983417660273e+01 5.128569039390740159e-01
6.248797729427257508e+01 5.013808588018665580e-01
6.326973402323825013e+01 4.903018960863059217e-01
6.406121960710193264e+01 4.796030505396220445e-01
6.486255512012391478e+01 4.692649821492997919e-01
6.567386314331710651e+01 4.592699199987742564e-01
6.649526778319777520e+01 4.495988864820479880e-01
6.732689469077124045e+01 4.402357702593633348e-01
6.816887108075179924e+01 4.311643395948963620e-01
6.902132575102368151e+01 4.223699221471143850e-01
6.988438910234319223e+01 4.138374822828257971e-01
7.075819315828556455e+01 4.055524049050371338e-01
7.164287158544188117e+01 3.975026832879890448e-01
7.253855971386491319e+01 3.896749960547801761e-01
7.344539455777184855e+01 3.820591147260848919e-01
7.436351483650287264e+01 3.746434816719864669e-01
7.529306099574088762e+01 3.674169779501068045e-01
7.623417522899633525e+01 3.603709720849356812e-01
7.718700149935847321e+01 3.534966969336547082e-01
7.815168556151675716e+01 3.467858438873295257e-01
7.912837498405832548e+01 3.402319322290512926e-01
8.011721917204091881e+01 3.338282757113792409e-01
8.111836938984733081e+01 3.275670834082275995e-01
8.213197878432532661e+01 3.214419471825904484e-01
8.315820240821348364e+01 3.154477465025443683e-01
8.419719724386088444e+01 3.095785377559702178e-01
8.524912222724033484e+01 3.038302306321228885e-01
8.631413827226037938e+01 2.981987404370738948e-01
8.739240829538179867e+01 2.926794155006657294e-01
8.848409724053756520e+01 2.872689942991082934e-01
8.958937210436569387e+01 2.819643962874715526e-01
9.070840196175434755e+01 2.767620216462693961e-01
9.184135799170501002e+01 2.716584338791900866e-01
9.298841350351885637e+01 2.666514253402555990e-01
9.414974396330678985e+01 2.617388688910789463e-01
9.532552702083185636e+01 2.569179083834652322e-01
9.651594253668375245e+01 2.521865179692939218e-01
9.772117260979271691e+01 2.475425822035771384e-01
9.894140160528446870e+01 2.429849976598077999e-01
1.001768161826841066e+02 2.385109695801921337e-01
1.014276053244680895e+02 2.341186939241570175e-01
1.026939603649744015e+02 2.298060608086097689e-01
1.039760750196704180e+02 2.255712158566101078e-01
1.052741454147854228e+02 2.214131825890747474e-01
1.065883701173132607e+02 2.173299968277117022e-01
1.079189501653859509e+02 2.133206734075758226e-01
1.092660890990279938e+02 2.093834656605551847e-01
1.106299929912915161e+02 2.055171327345147458e-01
1.120108704797787738e+02 2.017199766959001106e-01
1.134089327985591069e+02 1.979910105868043224e-01
1.148243938104798900e+02 1.943286621045205997e-01
1.162574700398828895e+02 1.907316355631205329e-01
1.177083807057255029e+02 1.871987232381092658e-01
1.191773477551142264e+02 1.837285780313716310e-01
1.206645958972575841e+02 1.803203501993294877e-01
1.221703526378384055e+02 1.769730347398778547e-01
1.236948483138171468e+02 1.736858311996614945e-01
1.252383161286657867e+02 1.704580352142178457e-01
1.268009921880416471e+02 1.672884584124088025e-01
1.283831155359036984e+02 1.641758436098966212e-01
1.299849281910811669e+02 1.611193527314979668e-01
1.316066751842931239e+02 1.581176286915300655e-01
1.332486045956331679e+02 1.551696391785530871e-01
1.349109675925174656e+02 1.522748521268980915e-01
1.365940184681051903e+02 1.494321466111996621e-01
1.382980146802001400e+02 1.466404170319621225e-01
1.400232168906318577e+02 1.438989252226649806e-01
1.417698890051313185e+02 1.412067585903855893e-01
1.435382982136999601e+02 1.385631293802508934e-01
1.453287150314812948e+02 1.359674051581306331e-01
1.471414133401435436e+02 1.334186858883508742e-01
1.489766704297736055e+02 1.309161190440177036e-01
1.508347670412959758e+02 1.284590525124407745e-01
1.527159874094176928e+02 1.260468998558772757e-01
1.546206193061063061e+02 1.236786967584912744e-01
1.565489540846134560e+02 1.213534832160231697e-01
1.585012867240402841e+02 1.190705996446553283e-01
1.604779158744636334e+02 1.168291829070788185e-01
1.624791439026187447e+02 1.146283267102184283e-01
1.645052769381537985e+02 1.124669828885042772e-01
1.665566249204573523e+02 1.103447301394738789e-01
1.686335016460722329e+02 1.082609449177397432e-01
1.707362248166945733e+02 1.062149383064781016e-01
1.728651160877757604e+02 1.042058552986293019e-01
1.750205011177247911e+02 1.022332526421848159e-01
1.772027096177235421e+02 1.002966066706579285e-01
1.794120754021659536e+02 9.839518871601127259e-02
1.816489364397183692e+02 9.652859947868219770e-02
1.839136349050220645e+02 9.469633217231421263e-02
1.862065172310343257e+02 9.289782722950737370e-02
1.885279341620220919e+02 9.113251883381962015e-02
1.908782408072177930e+02 8.939990329788065349e-02
1.932577966951377277e+02 8.769945669357860629e-02
1.956669658285825619e+02 8.603063955137098262e-02
1.981061167403169350e+02 8.439270752825295263e-02
2.005756225494458533e+02 8.278507949298605229e-02
2.030758610184886948e+02 8.120719693944546125e-02
2.056072146111692120e+02 7.965856514817989953e-02
2.081700705509178704e+02 7.813875247880874841e-02
2.107648208801085445e+02 7.664721322725218111e-02
2.133918625200286669e+02 7.518351135468522017e-02
2.160515973315951328e+02 7.374751555942443693e-02
2.187444321768303723e+02 7.233865939333035400e-02
2.214707789810968279e+02 7.095657809449371078e-02
2.242310547961129714e+02 6.960093611165385497e-02
2.270256818637482752e+02 6.827125954935875374e-02
2.298550876806128542e+02 6.696714431159900283e-02
2.327197050634551942e+02 6.568801549772454451e-02
2.356199722153666869e+02 6.443350069060325980e-02
2.385563327928174431e+02 6.320289611696935927e-02
2.415292359735212813e+02 6.199577439534961765e-02
2.445391365251451248e+02 6.081170908960879806e-02
2.475864948748792358e+02 5.965002670997636425e-02
2.506717771798646766e+02 5.851050591246805682e-02
2.537954553985055099e+02 5.739269275962628064e-02
2.569580073626628973e+02 5.629619856259818200e-02
2.601599168507498234e+02 5.522061884209653743e-02
2.634016736617339234e+02 5.416569430723089384e-02
2.666837736900653795e+02 5.313101954305486652e-02
2.700067190015307119e+02 5.211619075544636492e-02
2.733710179100573328e+02 5.112081426346316848e-02
2.767771850554696016e+02 5.014442705155815194e-02
2.802257414822122996e+02 4.918668322885139110e-02
2.837172147190585747e+02 4.824702631410465042e-02
2.872521388598021872e+02 4.732506328712271504e-02
2.908310546449627623e+02 4.642035067469969800e-02
2.944545095445009792e+02 4.553233938009408621e-02
2.981230578415639343e+02 4.466086113503835858e-02
3.018372607172790936e+02 4.380555645988083724e-02
3.055976863365928580e+02 4.296601892096712366e-02
3.094049099351884138e+02 4.214200896098096311e-02
3.132595139074767872e+02 4.133321518812893558e-02
3.171620878956886145e+02 4.053924725346047531e-02
3.211132288800683909e+02 3.975990751680032881e-02
3.251135412702003578e+02 3.899496491006191473e-02
3.291636369974604577e+02 3.824403256605202889e-02
3.332641356086278961e+02 3.750690662135916509e-02
3.374156643606570469e+02 3.678318715675778228e-02
3.416188583166258468e+02 3.607262942249706700e-02
3.458743604428880758e+02 3.537501191697781794e-02
3.501828217074225904e+02 3.469005048773812078e-02
3.545449011794167973e+02 3.401757168640973800e-02
3.589612661300840841e+02 3.335714985545468886e-02
3.634325921347334543e+02 3.270873665116386109e-02
3.679595631761188770e+02 3.207205902261820590e-02
3.725428717490625559e+02 3.144703063984223557e-02
3.771832189663918484e+02 3.083334420932556247e-02
3.818813146661865403e+02 3.023084089646092473e-02
3.866378775203614850e+02 2.963933567988379786e-02
3.914536351446072899e+02 2.905858164749974826e-02
3.963293242096892754e+02 2.848845135858552036e-02
4.012656905541407468e+02 2.792869079923541997e-02
4.062634892983525674e+02 2.737898365520503863e-02
4.113234849600856933e+02 2.683930462075032747e-02
4.164464515714163326e+02 2.630931625367266546e-02
4.216331727971475516e+02 2.578890419499736339e-02
4.268844420546791412e+02 2.527788981456923628e-02
4.322010626353840053e+02 2.477608008423001426e-02
4.375838478274856698e+02 2.428330455691737194e-02
4.430336210404645385e+02 2.379942567226282432e-02
4.485512159310226821e+02 2.332427903784332901e-02
4.541374765306016457e+02 2.285772597417024682e-02
4.597932573745002856e+02 2.239963763290646337e-02
4.655194236325924066e+02 2.194986042388096317e-02
4.713168512416680187e+02 2.150831378182841563e-02
4.771864270394345908e+02 2.107490207538179061e-02
4.831290489001686410e+02 2.064946863093236606e-02
4.891456258720711503e+02 2.023199102898663726e-02
4.952370783163233909e+02 1.982235394790110572e-02
5.014043380478712493e+02 1.942040974207617787e-02
5.076483484779740252e+02 1.902620476438598301e-02
5.139700647585096931e+02 1.863958049304908354e-02
5.203704539280934114e+02 1.826050953543773350e-02
5.268504950600014354e+02 1.788894769454617631e-02
5.334111794119432943e+02 1.752476110883570068e-02
5.400535105776912133e+02 1.716789082598921615e-02
5.467785046406083893e+02 1.681830022524484838e-02
5.535871903290704950e+02 1.647586911535940668e-02
5.604806091738400937e+02 1.614054457560994832e-02
5.674598156673868061e+02 1.581222734461388765e-02
5.745258774251901741e+02 1.549079563489811490e-02
5.816798753490625131e+02 1.517620638927762861e-02
5.889229037924851582e+02 1.486830551502315093e-02
5.962560707280219958e+02 1.456701008918877618e-02
6.036804979168023237e+02 1.427217131024315772e-02
6.111973210801158984e+02 1.398369227601148693e-02
6.188076900731508658e+02 1.370141188933278117e-02
6.265127690608810553e+02 1.342523542745034659e-02
6.343137366961570933e+02 1.315498275864126348e-02
6.422117862999999716e+02 1.289052718685547438e-02
6.502081260441486847e+02 1.263173528118451128e-02
6.583039791358685306e+02 1.237847429405039730e-02
6.665005840050770303e+02 1.213059978330714196e-02
6.747991944937753033e+02 1.188796428087883147e-02
6.832010800478606143e+02 1.165040551703268659e-02
6.917075259113078118e+02 1.141782925428242237e-02
7.003198333227787771e+02 1.119006013701226779e-02
7.090393197146631792e+02 1.096698809511664416e-02
7.178673189146242066e+02 1.074849178054139258e-02
7.268051813496233535e+02 1.053443244370949952e-02
7.358542742525004314e+02 1.032470648128559418e-02
7.450159818711221078e+02 1.011922492373590159e-02
7.542917056801206854e+02 9.917855548144302244e-03
7.636828645952961097e+02 9.720494651842534473e-03
7.731908951906576704e+02 9.527057304600442325e-03
7.828172519181800908e+02 9.337458418559343304e-03
7.925634073302924207e+02 9.151605895016236628e-03
8.024308523051399789e+02 8.969416841999569914e-03
8.124210962746311679e+02 8.790814014285068881e-03
8.225356674553564744e+02 8.615715039887655163e-03
8.327761130823488429e+02 8.444066655342937974e-03
8.431439996457710322e+02 8.275779202631472833e-03
8.536409131305302935e+02 8.110802836983951186e-03
8.642684592589079102e+02 7.949068357014433747e-03
8.750282637361747220e+02 7.790513268125315999e-03
8.859219724992800593e+02 7.635089848275545578e-03
8.969512519686312544e+02 7.482718467820141314e-03
9.081177893030130690e+02 7.333350817410556541e-03
9.194232926576571572e+02 7.186941878020559546e-03
9.308694914455637672e+02 7.043430529766935011e-03
9.424581366020352107e+02 6.902758056350081876e-03
9.541910008525237572e+02 6.764873092668537147e-03
9.660698789838090761e+02 6.629715081877809654e-03
9.780965881185339867e+02 6.497240227154013961e-03
9.902729679931939017e+02 6.367400545035296032e-03
1.002600881239548585e+03 6.240144667362676825e-03
1.015082213669551720e+03 6.115419081429425245e-03
1.027718874563830468e+03 5.993167852016559501e-03
1.040512796963748087e+03 5.873349861663075891e-03
1.053465937967089531e+03 5.755927531715910109e-03
1.066580279027465167e+03 5.640850964575349485e-03
1.079857826257399438e+03 5.528066385841945950e-03
1.093300610735213922e+03 5.417526576665131210e-03
1.106910688815708227e+03 5.309197845824981978e-03
1.120690142444747380e+03 5.203042442985973161e-03
1.134641079477721632e+03 5.099013620426056347e-03
1.148765634001990975e+03 4.997059143603786724e-03
1.163065966663341442e+03 4.897146457115335826e-03
1.177544264996494576e+03 4.799232236355559754e-03
1.192202743759747364e+03 4.703275181785865691e-03
1.207043645273744914e+03 4.609244294955306027e-03
1.222069239764518215e+03 4.517093003289506491e-03
1.237281825710742623e+03 4.426780975156892686e-03
1.252683730195352155e+03 4.338279917069834575e-03
1.268277309261490018e+03 4.251552039206967122e-03
1.284064948272947959e+03 4.166559981788974139e-03
1.300049062279036889e+03 4.083267262305198195e-03
1.316232096384024089e+03 4.001639874485720359e-03
1.332616526121162224e+03 3.921644512801474199e-03
1.349204857831381787e+03 3.843248564193337512e-03
1.365999629046662676e+03 3.766420031669276934e-03
1.383003408878238588e+03 3.691127548766134307e-03
1.400218798409573765e+03 3.617340420639571490e-03
1.417648431094262833e+03 3.545028549068034943e-03
1.435294973158851462e+03 3.474162411945080301e-03
1.453161124010724961e+03 3.404713094077016326e-03
1.471249616651015913e+03 3.336652287771714725e-03
1.489563218092680472e+03 3.269952218073336747e-03
1.508104729783769471e+03 3.204585654371408868e-03
1.526876988035969362e+03 3.140525948169673332e-03
1.545882864458482345e+03 3.077746974629063780e-03
1.565125266397271162e+03 3.016223106164874802e-03
1.584607137379840196e+03 2.955929237456344019e-03
1.604331457565480150e+03 2.896840797505967867e-03
1.624301244201161580e+03 2.838933676140681719e-03
1.644519552083058215e+03 2.782184232966954801e-03
1.664989474023882167e+03 2.726569331929794716e-03
1.685714141325965784e+03 2.672066296576642869e-03
1.706696724260270003e+03 2.618652880687646033e-03
1.727940432551340109e+03 2.566307286483526448e-03
1.749448515868309642e+03 2.515008185187719326e-03
1.771224264321976079e+03 2.464734648214453577e-03
1.793271008968132492e+03 2.415466151811250864e-03
1.815592122317097846e+03 2.367182609063521199e-03
1.838191018849624470e+03 2.319864336534089265e-03
1.861071155539184247e+03 2.273492023220034623e-03
1.884236032380832967e+03 2.228046742877941907e-03
1.907689192926573241e+03 2.183509980724130956e-03
1.931434224827426760e+03 2.139863569969389923e-03
1.955474760382236809e+03 2.097089692449248879e-03
1.979814477093306778e+03 2.055170908264440481e-03
2.004457098228957420e+03 2.014090131799371828e-03
2.029406393393047210e+03 1.973830600077771530e-03
2.054666179101660873e+03 1.934375880718076706e-03
2.080240319366892436e+03 1.895709899670438387e-03
2.106132726287942205e+03 1.857816888330755291e-03
2.132347360649520851e+03 1.820681377311220454e-03
2.158888232527785476e+03 1.784288224674662965e-03
2.185759401903732396e+03 1.748622599636488273e-03
2.212964979284260608e+03 1.713669951015021637e-03
2.240509126330962317e+03 1.679416011622099098e-03
2.268396056496735127e+03 1.645846825957060847e-03
2.296630035670327743e+03 1.612948706489164379e-03
2.325215382828857855e+03 1.580708224310193146e-03
2.354156470698552312e+03 1.549112231624956036e-03
2.383457726423604981e+03 1.518147854798395768e-03
2.413123632243391057e+03 1.487802462584919463e-03
2.443158726178157849e+03 1.458063667591221781e-03
2.473567602723186610e+03 1.428919353457719756e-03
2.504354913551619120e+03 1.400357638873130257e-03
2.535525368226026330e+03 1.372366866561863363e-03
2.567083734918839127e+03 1.344935619884790210e-03
2.599034841141750348e+03 1.318054247892057936e-03
2.631383574484137171e+03 1.291710429308797229e-03
2.664134883360782624e+03 1.265893174169345319e-03
2.697293777768807558e+03 1.240591964688416912e-03
2.730865330054064998e+03 1.215796489182908047e-03
2.764854675687019153e+03 1.191496630327089790e-03
2.799267014048391957e+03 1.167682476534314794e-03
2.834107609224470252e+03 1.144344328986191634e-03
2.869381790812375129e+03 1.121472671323488646e-03
2.905094954735324336e+03 1.099058167653097764e-03
2.941252564068061019e+03 1.077091685574433667e-03
2.977860149872552938e+03 1.055564273800304416e-03
3.014923312044033992e+03 1.034467149871799935e-03
3.052447720167706393e+03 1.013791707797948504e-03
3.090439114385958419e+03 9.935295269622628281e-04
3.128903306276481089e+03 9.736723468091247917e-04
3.167846179741206925e+03 9.542120621008935103e-04
3.207273691906460499e+03 9.351407432334631585e-04
3.247191874034168450e+03 9.164506197385980822e-04
3.287606832444480915e+03 8.981340678570531779e-04
3.328524749449863521e+03 8.801836152196472387e-04
3.369951884300823167e+03 8.625919509098282098e-04
3.411894574143337195e+03 8.453519039667670458e-04
3.454359234988331991e+03 8.284564383943962898e-04
3.497352362693093255e+03 8.118986685336926227e-04
3.540880533954973544e+03 7.956718488360182582e-04
3.584950407317376630e+03 7.797693613311745429e-04
3.629568724188393844e+03 7.641847179521593127e-04
3.674742309872015539e+03 7.489115712032879020e-04
3.720478074612190539e+03 7.339436958846847587e-04
3.766783014649903180e+03 7.192749842240848263e-04
3.813664213293395278e+03 7.048994570676103645e-04
3.861128842001721750e+03 6.908112585019183811e-04
3.909184161481708998e+03 6.770046436266219814e-04
3.957837522798730788e+03 6.634739790323892659e-04
4.007096368501135203e+03 6.502137536608938555e-04
4.056968233758786027e+03 6.372185632774847105e-04
4.107460747515642652e+03 6.244831058571177805e-04
4.158581633656875056e+03 6.120021894804072212e-04
4.210338712190325168e+03 5.997707304058573366e-04
4.262739900442748876e+03 5.877837416254643073e-04
4.315793214270952376e+03 5.760363319219237964e-04
4.369506769287993848e+03 5.645237162634654656e-04
4.423888782104558231e+03 5.532412031420211058e-04
4.478947571585986225e+03 5.421841899680788363e-04
4.534691560124716489e+03 5.313481686922539140e-04
4.591129274928736777e+03 5.207287254521308006e-04
4.648269349325903931e+03 5.103215312471091241e-04
4.706120524084702993e+03 5.001223393812212394e-04
4.764691648751269895e+03 4.901269950865548390e-04
4.823991683003116123e+03 4.803314255819941987e-04
4.884029698019710850e+03 4.707316354275460873e-04
4.944814877870102464e+03 4.613237103751553205e-04
5.006356520917836860e+03 4.521038181534520282e-04
5.068664041243247084e+03 4.430682007080199948e-04
5.131746970083671840e+03 4.342131713167727506e-04
5.195614957291357314e+03 4.255351223115490158e-04
5.260277772809652561e+03 4.170305179418710160e-04
5.325745308167453913e+03 4.086958898105168703e-04
5.392027577992432271e+03 4.005278392645205874e-04
5.459134721542889565e+03 3.925230389761448307e-04
5.527077004258820125e+03 3.846782264995201000e-04
5.595864819332195111e+03 3.769902012358811562e-04
5.665508689296855664e+03 3.694558305982350807e-04
5.736019267638054771e+03 3.620720450101048136e-04
5.807407340422280868e+03 3.548358335855025586e-04
5.879683827947097598e+03 3.477442453635811608e-04
5.952859786411715504e+03 3.407943914205636624e-04
6.026946409608122849e+03 3.339834395317901319e-04
6.101955030633612296e+03 3.273086111167472717e-04
6.177897123624250526e+03 3.207671861629285111e-04
6.254784305510189370e+03 3.143564997245712500e-04
6.332628337792648381e+03 3.080739380794285517e-04
6.411441128343114542e+03 3.019169390078473903e-04
6.491234733224941920e+03 2.958829942214153438e-04
6.572021358537424021e+03 2.899696449606104193e-04
6.653813362283191054e+03 2.841744790126698550e-04
6.736623256258470974e+03 2.784951347229947189e-04
6.820463707967103801e+03 2.729292982664773687e-04
6.905347542558184614e+03 2.674747006883559366e-04
6.991287744788115560e+03 2.621291173625705053e-04
7.078297461006772210e+03 2.568903704746685907e-04
7.166390001168554591e+03 2.517563254234701331e-04
7.255578840868385669e+03 2.467248881254323865e-04
7.345877623403148391e+03 2.417940080363867512e-04
7.437300161858685897e+03 2.369616761831650398e-04
7.529860441222707777e+03 2.322259228009007095e-04
7.623572620524261765e+03 2.275848165182442343e-04
7.718451034999538024e+03 2.230364664311461993e-04
7.814510198284790022e+03 2.185790192796597056e-04
7.911764804636389272e+03 2.142106571905447925e-04
8.010229731178800648e+03 2.099295997299500027e-04
8.109920040180209980e+03 2.057341026067152580e-04
8.210850981356681586e+03 2.016224557772589130e-04
8.313037994204882125e+03 1.975929824634293651e-04
8.416496710363924649e+03 1.936440408877512244e-04
8.521242956006415625e+03 1.897740220290837737e-04
8.627292754259617141e+03 1.859813477893394219e-04
8.734662327656344132e+03 1.822644722725018829e-04
8.843368100616669835e+03 1.786218809949067024e-04
8.953426701960179344e+03 1.750520893761065358e-04
9.064854967449939068e+03 1.715536416686938895e-04
9.177669942367754629e+03 1.681251124332673206e-04
9.291888884121601222e+03 1.647651046576578779e-04
9.407529264885513840e+03 1.614722483868649380e-04
9.524608774272353912e+03 1.582452013844486952e-04
9.643145322039797975e+03 1.550826486956975443e-04
9.763157040829875768e+03 1.519833014658889393e-04
9.884662288942980013e+03 1.489458958406415952e-04
1.000767965314597495e+04 1.459691942613253668e-04
1.013222795151553328e+04 1.430519837328194299e-04
1.025832623631656679e+04 1.401930749622202598e-04
1.038599379691693321e+04 1.373913025840020705e-04
1.051525016273797883e+04 1.346455248847560704e-04
1.064611510624199582e+04 1.319546229136080823e-04
1.077860864595685598e+04 1.293174994271349514e-04
1.091275104953831760e+04 1.267330799616359126e-04
1.104856283687016912e+04 1.242003113099716537e-04
1.118606478320347014e+04 1.217181609754418276e-04
1.132527792233437867e+04 1.192856172043901971e-04
1.146622354982179240e+04 1.169016887121004900e-04
1.160892322624476765e+04 1.145654040172310186e-04
1.175339878050094558e+04 1.122758105389288401e-04
1.189967231314554192e+04 1.100319753876002687e-04
1.204776619977215341e+04 1.078329841078725650e-04
1.219770309443553742e+04 1.056779403192071134e-04
1.234950593311706871e+04 1.035659656300633928e-04
1.250319793723327348e+04 1.014961993725131467e-04
1.265880261718789552e+04 9.946779808866073886e-05
1.281634377596854029e+04 9.747993478656420154e-05
1.297584551278769322e+04 9.553179950128436724e-05
1.313733222676923651e+04 9.362259824880168619e-05
1.330082862068067698e+04 9.175155281394882924e-05
1.346635970471218934e+04 8.991790058779930840e-05
1.363395080030229110e+04 8.812089432737976096e-05
1.380362754401129860e+04 8.635980170867517262e-05
1.397541589144300815e+04 8.463390476055674533e-05
1.414934212121518067e+04 8.294250025861208873e-05
1.432543283897919355e+04 8.128489881862556909e-05
1.450371498149026047e+04 7.966042480837661952e-05
1.468421582072775891e+04 7.806841613952842035e-05
1.486696296806712962e+04 7.650822406600998849e-05
1.505198437850342270e+04 7.497921273897875140e-05
1.523930835492794540e+04 7.348075881238042418e-05
1.542896355245751511e+04 7.201225175860951190e-05
1.562097898281792368e+04 7.057309301865662349e-05
1.581538401878190598e+04 6.916269600880047930e-05
1.601220839866234019e+04 6.778048591081372004e-05
1.621148223086132748e+04 6.642589949551408544e-05
1.641323599847574951e+04 6.509838467890037962e-05
1.661750056396056971e+04 6.379740025249741814e-05
1.682430717384974196e+04 6.252241618009981802e-05
1.703368746353609095e+04 6.127291277737343907e-05
1.724567346211030599e+04 6.004838075187548163e-05
1.746029759726097836e+04 5.884832105173782386e-05
1.767759270023467616e+04 5.767224469478324754e-05
1.789759201085837412e+04 5.651967232089482408e-05
1.812032918262408930e+04 5.539013404405841517e-05
1.834583828783698846e+04 5.428316970036827508e-05
1.857415382282718565e+04 5.319832809108860023e-05
1.880531071322704884e+04 5.213516702552608824e-05
1.903934431931361905e+04 5.109325323119758770e-05
1.927629044141777194e+04 5.007216218818430107e-05
1.951618532540032174e+04 4.907147767414599745e-05
1.975906566819709769e+04 4.809079173715766881e-05
2.000496862343214525e+04 4.712970486676397805e-05
2.025393180710125671e+04 4.618782533446267561e-05
2.050599330332610407e+04 4.526476920440560719e-05
2.076119167018002918e+04 4.436016030228077646e-05
2.101956594558637516e+04 4.347363008208886184e-05
2.128115565328977755e+04 4.260481714309043681e-05
2.154600080890271056e+04 4.175336730149736819e-05
2.181414192602639741e+04 4.091893370551220958e-05
2.208562002244827454e+04 4.010117626601773344e-05
2.236047662641627539e+04 3.929976162476920409e-05
2.263875378299189833e+04 3.851436316562596008e-05
2.292049406048157107e+04 3.774466094666816760e-05
2.320574055694844355e+04 3.699034117511884010e-05
2.349453690680512591e+04 3.625109633998168962e-05
2.378692728748848094e+04 3.552662530693237127e-05
2.408295642621759180e+04 3.481663282061237235e-05
2.438266960683533762e+04 3.412082943715539780e-05
2.468611267673608745e+04 3.343893156322048476e-05
2.499333205387861017e+04 3.277066145324944544e-05
2.530437473388691433e+04 3.211574666255330554e-05
2.561928829723873423e+04 3.147392019141326947e-05
2.593812091654464530e+04 3.084492059683986010e-05
2.626092136391660097e+04 3.022849154839477725e-05
2.658773901842879422e+04 2.962438173138406801e-05
2.691862387367119663e+04 2.903234490825451700e-05
2.725362654539721916e+04 2.845213996092322355e-05
2.759279827926606231e+04 2.788353034853664652e-05
2.793619095868240402e+04 2.732628424310811117e-05
2.828385711273263951e+04 2.678017466138381025e-05
2.863584992422053983e+04 2.624497906772658217e-05
2.899222323780223087e+04 2.572047925374157870e-05
2.935303156822346864e+04 2.520646142072174598e-05
2.971833010865843244e+04 2.470271623849057996e-05
3.008817473915274604e+04 2.420903834752374258e-05
3.046262203517151647e+04 2.372522645814632359e-05
3.084172927625375087e+04 2.325108349529329870e-05
3.122555445477451212e+04 2.278641626927617816e-05
3.161415628481563908e+04 2.233103531677470559e-05
3.200759421114801808e+04 2.188475500312911707e-05
3.240592841832439808e+04 2.144739359521859846e-05
3.280921983988612919e+04 2.101877280725077720e-05
3.321753016768372618e+04 2.059871786573752147e-05
3.363092186131465860e+04 2.018705765437283441e-05
3.404945815767735621e+04 1.978362446316128535e-05
3.447320308064478013e+04 1.938825379388208056e-05
3.490222145085813827e+04 1.900078445975740066e-05
3.533657889564278594e+04 1.862105868629627408e-05
3.577634185904663173e+04 1.824892169306134267e-05
3.622157761200507957e+04 1.788422172955359210e-05
3.667235426263090631e+04 1.752681021648571437e-05
3.712874076663314190e+04 1.717654156232753450e-05
3.759080693786466145e+04 1.683327295158761478e-05
3.805862345900258515e+04 1.649686441983240487e-05
3.853226189236006758e+04 1.616717899257643303e-05
3.901179469083341974e+04 1.584408229666329181e-05
3.949729520898525516e+04 1.552744257172138930e-05
3.998883771426563180e+04 1.521713080630964698e-05
4.048649739837295056e+04 1.491302061029176748e-05
4.099035038875549799e+04 1.461498799424546179e-05
4.150047376025760605e+04 1.432291142059510930e-05
4.201694554690935183e+04 1.403667197277133719e-05
4.253984475386368285e+04 1.375615299513198336e-05
4.306925136948131694e+04 1.348124008417682482e-05
4.360524637756760785e+04 1.321182121849871687e-05
4.414791176976008137e+04 1.294778667703479674e-05
4.469733055807087658e+04 1.268902881612892297e-05
4.525358678758521273e+04 1.243544210251670029e-05
4.581676554931799910e+04 1.218692328855153442e-05
4.638695299322957726e+04 1.194337110449696786e-05
4.696423634140523791e+04 1.170468621729294488e-05
4.754870390139694791e+04 1.147077135739104685e-05
4.814044507973216969e+04 1.124153127437337595e-05
4.873955039558972931e+04 1.101687251462063667e-05
4.934611149464771734e+04 1.079670344676499136e-05
4.996022116310195997e+04 1.058093442094015545e-05
5.058197334185965883e+04 1.036947752448077483e-05
5.121146314090973465e+04 1.016224651503024855e-05
5.184878685387173755e+04 9.959156928162180456e-06
5.249404197272633610e+04 9.760126075574308439e-06
5.314732720272784354e+04 9.565072823583906718e-06
5.380874247750451468e+04 9.373917611346481985e-06
5.447838897434460523e+04 9.186582595027025354e-06
5.515636912967407261e+04 9.002991456251531046e-06
5.584278665472538705e+04 8.823069322173554254e-06
5.653774655140369578e+04 8.646742844865879147e-06
5.724135512834825931e+04 8.473940241356810144e-06
5.795372001719463151e+04 8.304591074228131903e-06
5.867495018903929304e+04 8.138626263096598572e-06
5.940515597110925592e+04 7.975978214936105571e-06
6.014444906363799237e+04 7.816580676567843729e-06
6.089294255695368338e+04 7.660368646494896300e-06
6.165075094877789525e+04 7.507278429555076460e-06
6.241799016174073768e+04 7.357247709887796197e-06
6.319477756111286726e+04 7.210215336641845736e-06
6.398123197276027349e+04 7.066121329339870028e-06
6.477747370132018841e+04 6.924906995514958378e-06
6.558362454860463913e+04 6.786514819776861162e-06
6.639980783223225444e+04 6.650888371295104995e-06
6.722614840449261828e+04 6.517972339729684824e-06
6.806277267144504003e+04 6.387712622091034969e-06
6.890980861225409899e+04 6.260056132792268143e-06
6.976738579876821314e+04 6.134950792544615009e-06
7.063563541533940588e+04 6.012345637074811085e-06
7.151469027889116842e+04 5.892190736399079102e-06
7.240468485923444678e+04 5.774437100660719202e-06
7.330575529963936424e+04 5.659036702622582653e-06
7.421803943766001612e+04 5.545942565338365789e-06
7.514167682621986023e+04 5.435108605137678049e-06
7.607680875495933287e+04 5.326489607231218656e-06
7.702357827184893540e+04 5.220042499084624628e-06
7.798213020507182227e+04 5.115728667508644038e-06
7.895261118517698196e+04 5.013499380706614599e-06
7.993516966751145083e+04 4.913312944518981726e-06
8.092995595492816938e+04 4.815128577209287943e-06
8.193712222077885235e+04 4.718906280527461557e-06
8.295682253219047561e+04 4.624606810063987919e-06
8.398921287363542069e+04 4.532191741081557411e-06
8.503445117079083866e+04 4.441623451428972645e-06
8.609269731469728868e+04 4.352865027328441843e-06
8.716411318621733517e+04 4.265880265390339022e-06
8.824886268079889123e+04 4.180633753639635431e-06
8.934711173354514176e+04 4.097090768041478028e-06
9.045902834459985024e+04 4.015217239357069777e-06
9.158478260484505154e+04 3.934979799139777066e-06
9.272454672192088037e+04 3.856345785292368875e-06
9.387849504656658974e+04 3.779283151905841537e-06
9.504680409929358575e+04 3.703760463525797666e-06
9.622965259738636087e+04 3.629746970920633838e-06
9.742722148224146804e+04 3.557212528611649406e-06
9.863969394704610750e+04 3.486127560109413349e-06
9.986725546480162302e+04 3.416463090000782626e-06
1.011100938166956621e+05 3.348190759007489062e-06
1.023683991208256484e+05 3.281282748361938794e-06
1.036423638612838986e+05 3.215711762953140844e-06
1.049321829176006722e+05 3.151451102351482774e-06
1.062380535945539887e+05 3.088474595740792582e-06
1.075601756523538352e+05 3.026756566920800798e-06
1.088987513371981913e+05 2.966271855555280870e-06
1.102539854122111283e+05 2.906995837950437364e-06
1.116260851887655299e+05 2.848904363711506615e-06
1.130152605581958487e+05 2.791973735207828668e-06
1.144217240239052917e+05 2.736180766639516711e-06
1.158456907338731835e+05 2.681502737454592153e-06
1.172873785135643848e+05 2.627917357391735834e-06
1.187470078992530762e+05 2.575402779017317127e-06
1.202248021717570809e+05 2.523937622139239071e-06
1.217209873905918212e+05 2.473500920056881296e-06
1.232357924285536428e+05 2.424072100144385046e-06
1.247694490067289880e+05 2.375631027901268643e-06
1.263221917299412162e+05 2.328157977909318169e-06
1.278942581226384937e+05 2.281633599340682484e-06
1.294858886652279907e+05 2.236038921587560399e-06
1.310973268308630504e+05 2.191355380719369226e-06
1.327288191226852650e+05 2.147564773903285673e-06
1.343806151115355606e+05 2.104649241434972954e-06
1.360529674741294293e+05 2.062591298764071939e-06
1.377461320317079371e+05 2.021373820589391082e-06
1.394603677891738480e+05 1.980980007905490681e-06
1.411959369747095916e+05 1.941393388246915084e-06
1.429531050798914221e+05 1.902597842989380868e-06
1.447321409003016888e+05 1.864577568725773673e-06
1.465333165766466991e+05 1.827317060930993721e-06
1.483569076363864006e+05 1.790801137297569944e-06
1.502031930358828395e+05 1.755014928368143044e-06
1.520724552030694613e+05 1.719943850794562933e-06
1.539649800806585117e+05 1.685573601572230536e-06
1.558810571698799904e+05 1.651890185278828516e-06
1.578209795747648168e+05 1.618879881548839279e-06
1.597850440469851892e+05 1.586529230454038584e-06
1.617735510312464903e+05 1.554825048896988982e-06
1.637868047112468921e+05 1.523754426069284738e-06
1.658251130562090548e+05 1.493304701404327542e-06
1.678887878679901769e+05 1.463463456742598701e-06
1.699781448287785170e+05 1.434218539876643295e-06
1.720935035493845062e+05 1.405558038629507446e-06
1.742351876181291009e+05 1.377470268040409273e-06
1.764035246503480885e+05 1.349943781040069192e-06
1.785988463385022187e+05 1.322967367462281332e-06
1.808214885029213328e+05 1.296530035857086803e-06
1.830717911431724788e+05 1.270621004962001279e-06
1.853500984900704352e+05 1.245229722533206378e-06
1.876567590583351557e+05 1.220345846405593321e-06
1.899921256999041652e+05 1.195959232521081954e-06
1.923565556579089607e+05 1.172059941300625571e-06
1.947504106213233317e+05 1.148638239209586668e-06
1.971740567802882579e+05 1.125684583799943164e-06
1.996278648821329407e+05 1.103189614976820732e-06
2.021122102880862367e+05 1.081144169890629879e-06
2.046274730306931306e+05 1.059539269345984390e-06
2.071740378719539149e+05 1.038366106997330430e-06
2.097522943621783052e+05 1.017616052309388103e-06
2.123626368995757948e+05 9.972806538776440631e-07
2.150054647905874590e+05 9.773516271786825789e-07
2.176811823109681136e+05 9.578208459531874353e-07
2.203901987676285498e+05 9.386803542691056485e-07
2.231329285612487292e+05 9.199223556958975609e-07
2.259097912496652862e+05 9.015392051890253411e-07
2.287212116120581341e+05 8.835234090548065168e-07
2.315676197139216529e+05 8.658676291320584044e-07
2.344494509728593985e+05 8.485646729444146079e-07
2.373671462251855410e+05 8.316074854240549242e-07
2.403211517933619034e+05 8.149891586300185372e-07
2.433119195542719390e+05 7.987029230962163656e-07
2.463399070083445404e+05 7.827421416124510014e-07
2.494055773495384783e+05 7.671003080642598227e-07
2.525093995361987036e+05 7.517710508758648486e-07
2.556518483627891401e+05 7.367481254506630896e-07
2.588334045325285406e+05 7.220254067083529797e-07
2.620545547309209942e+05 7.075968966945262266e-07
2.653157917002017493e+05 6.934567176319386905e-07
2.686176143147181720e+05 6.795991072353712528e-07
2.719605276572396979e+05 6.660184168287005624e-07
2.753450430962207029e+05 6.527091141633044995e-07
2.787716783640259528e+05 6.396657775397470133e-07
2.822409576361283544e+05 6.268830892773084700e-07
2.857534116112921620e+05 6.143558415738973312e-07
2.893095775927557843e+05 6.020789308878337155e-07
2.929099995704194298e+05 5.900473544921262514e-07
2.965552283040670445e+05 5.782562081506390923e-07
3.002458214076075819e+05 5.667006884690591785e-07
3.039823434343823465e+05 5.553760880051168048e-07
3.077653659635193762e+05 5.442777902847080272e-07
3.115954676873708377e+05 5.334012734810557500e-07
3.154732345000354107e+05 5.227421063071419261e-07
3.193992595869831857e+05 5.122959454449404342e-07
3.233741435157957021e+05 5.020585329912467179e-07
3.273984943280369625e+05 4.920256985718587874e-07
3.314729276322601945e+05 4.821933547069759922e-07
3.355980666981867398e+05 4.725574935958819105e-07
3.397745425520435674e+05 4.631141891512762969e-07
3.440029940730883391e+05 4.538595937937182798e-07
3.482840680913469987e+05 4.447899366606449691e-07
3.526184194865548634e+05 4.359015209998839473e-07
3.570067112883355585e+05 4.271907260582401215e-07
3.614496147776250145e+05 4.186540026678792505e-07
3.659478095893579302e+05 4.102878713087401306e-07
3.705019838164324174e+05 4.020889233121586205e-07
3.751128341149693588e+05 3.940538179896561305e-07
3.797810658108747448e+05 3.861792813445339007e-07
3.845073930077428231e+05 3.784621038197422016e-07
3.892925386960890028e+05 3.708991418684475019e-07
3.941372348639411503e+05 3.634873137388210222e-07
3.990422226088226889e+05 3.562235985347313420e-07
4.040082522511114366e+05 3.491050368150337629e-07
4.090360834488194669e+05 3.421287280347296200e-07
4.141264853137980681e+05 3.352918295623266952e-07
4.192802365293899784e+05 3.285915548290126707e-07
4.244981254695463576e+05 3.220251746199110639e-07
4.297809503194185090e+05 3.155900130427730229e-07
4.351295191974677728e+05 3.092834473586726449e-07
4.405446502790777595e+05 3.031029081522030540e-07
4.460271719217073987e+05 2.970458770845342610e-07
4.515779227916152449e+05 2.911098860136477398e-07
4.571977519921445637e+05 2.852925156447628558e-07
4.628875191936124465e+05 2.795913964216025092e-07
4.686480947648147703e+05 2.740042049095624499e-07
4.744803599061678397e+05 2.685286640348636717e-07
4.803852067845052225e+05 2.631625430074664849e-07
4.863635386695563793e+05 2.579036554063749325e-07
4.924162700721117435e+05 2.527498581967600869e-07
4.985443268839294324e+05 2.476990508815912259e-07
5.047486465193622862e+05 2.427491762100192271e-07
5.110301780587501125e+05 2.378982168111165465e-07
5.173898823936129920e+05 2.331441956897626780e-07
5.238287323736315593e+05 2.284851760525204109e-07
5.303477129554670537e+05 2.239192596614200182e-07
5.369478213534302777e+05 2.194445857635923874e-07
5.436300671920275781e+05 2.150593305940729099e-07
5.503954726604026509e+05 2.107617080887858788e-07
5.572450726687057177e+05 2.065499666951743550e-07
5.641799150063931011e+05 2.024223898709337744e-07
5.712010605025269324e+05 1.983772960723544992e-07
5.783095831880314508e+05 1.944130372710698235e-07
5.855065704600049648e+05 1.905279978131211754e-07
5.927931232480503386e+05 1.867205941957168137e-07
6.001703561826886144e+05 1.829892757937114721e-07
6.076393977658631047e+05 1.793325218642236312e-07
6.152013905435695779e+05 1.757488419893803809e-07
6.228574912806311622e+05 1.722367762366139062e-07
6.306088711376520805e+05 1.687948938176139108e-07
6.384567158501616213e+05 1.654217918938829154e-07
6.464022259100128431e+05 1.621160955643231754e-07
6.544466167490142398e+05 1.588764586085981950e-07
6.625911189248476876e+05 1.557015607067822829e-07
6.708369783093241276e+05 1.525901077649446115e-07
6.791854562789559131e+05 1.495408322264889883e-07
6.876378299079112476e+05 1.465524919355886888e-07
6.961953921633715509e+05 1.436238688380032191e-07
7.048594521033160854e+05 1.407537691468878481e-07
7.136313350767712109e+05 1.379410241026910835e-07
7.225123829265518580e+05 1.351844874230359887e-07
7.315039541945138481e+05 1.324830354739663685e-07
7.406074243293908658e+05 1.298355676656777302e-07
7.498241858971747570e+05 1.272410056449082933e-07
7.591556487941588275e+05 1.246982918000116795e-07
7.686032404625986237e+05 1.222063896230057930e-07
7.781684061090715695e+05 1.197642843962644963e-07
7.878526089255526895e+05 1.173709809407352188e-07
7.976573303132397123e+05 1.150255036285802890e-07
8.075840701091643423e+05 1.127268968215061345e-07
8.176343468156266026e+05 1.104742243723650993e-07
8.278096978324691299e+05 1.082665680230692671e-07
8.381116796922737267e+05 1.061030277945458617e-07
8.485418682984563056e+05 1.039827226992971096e-07
8.591018591663232073e+05 1.019047887488520715e-07
8.697932676671603695e+05 9.986837882575084679e-08
8.806177292753220536e+05 9.787266314665917630e-08
8.915768998184174998e+05 9.591682901741493085e-08
9.026724557306014467e+05 9.400007918058381456e-08
9.139060943090214860e+05 9.212163219411473685e-08
9.252795339734546142e+05 9.028072317655464816e-08
9.367945145291788504e+05 8.847660204121049970e-08
9.484527974330981961e+05 8.670853325389396929e-08
9.602561660632214043e+05 8.497579630689424497e-08
9.722064259914347203e+05 8.327768567943290223e-08
9.843054052597298287e+05 8.161350918360479172e-08
9.965549546598255401e+05 7.998258830270287722e-08
1.008956948016289505e+06 7.838425893285382767e-08
1.021513282473177183e+06 7.681786989276361549e-08
1.034225878784241853e+06 7.528278253401570994e-08
1.047096681606751634e+06 7.377837122980599075e-08
1.060127659798972541e+06 7.230402349966355852e-08
1.073320806721325964e+06 7.085913838876288095e-08
1.086678140541343950e+06 6.944312675555148542e-08
1.100201704542374704e+06 6.805541196091400403e-08
1.113893567436134443e+06 6.669542870331320776e-08
1.127755823679183377e+06 6.536262247657271789e-08
1.141790593793303007e+06 6.405645003370795986e-08
1.156000024689875077e+06 6.277637964735983655e-08
1.170386289998298045e+06 6.152188958224502920e-08
1.184951590398490895e+06 6.029246829903230148e-08
1.199698153957528528e+06 5.908761509581963515e-08
1.214628236470481614e+06 5.790683921940043469e-08
1.229744121805462753e+06 5.674965925181376556e-08
1.245048122253024718e+06 5.561560346210531843e-08
1.260542578879859298e+06 5.450421021577464569e-08
1.276229861886894330e+06 5.341502656311835648e-08
1.292112370971897151e+06 5.234760834504465545e-08
1.308192535696539097e+06 5.130152079362967482e-08
1.324472815858052345e+06 5.027633787303894115e-08
1.340955701865506126e+06 4.927164162438435569e-08
1.357643715120768873e+06 4.828702241361225760e-08
1.374539408404213144e+06 4.732207945945964891e-08
1.391645366265194956e+06 4.637641953192505978e-08
1.408964205417449120e+06 4.544965697692612754e-08
1.426498575139351655e+06 4.454141427569626198e-08
1.444251157679167110e+06 4.365132157550962541e-08
1.462224668665386736e+06 4.277901601736616785e-08
1.480421857522120001e+06 4.192414189605372244e-08
1.498845507889680099e+06 4.108635124028448419e-08
1.517498438050401863e+06 4.026530267918289389e-08
1.536383501359754475e+06 3.946066135755406699e-08
1.555503586682824185e+06 3.867209946530572313e-08
1.574861618836231995e+06 3.789929592392671616e-08
1.594460559035519836e+06 3.714193571419827432e-08
1.614303405348167988e+06 3.639970996608048149e-08
1.634393193152195308e+06 3.567231654145667107e-08
1.654732995600462891e+06 3.495945909369598509e-08
1.675325924090813613e+06 3.426084689079597195e-08
1.696175128742004512e+06 3.357634989248029269e-08
1.717283798875584500e+06 3.290928152610852251e-08
1.738655163503773045e+06 3.225993199192175134e-08
1.760292491823399905e+06 3.162865831877907791e-08
1.782199093715999508e+06 3.101588112375623486e-08
1.804378320254134946e+06 3.042207819384017903e-08
1.826833564213984180e+06 2.984777566205649073e-08
1.849568260594386840e+06 2.929353710310508760e-08
1.872585887142238906e+06 2.875994989154008608e-08
1.895889964884543559e+06 2.824760928908349439e-08
1.919484058666990371e+06 2.775710080493017582e-08
1.943371777699284023e+06 2.728898190678576580e-08
1.967556776107247220e+06 2.684376240627244017e-08
1.992042753491794923e+06 2.642188504276464179e-08
2.016833455494866241e+06 2.602370718324439254e-08
2.041932674372408772e+06 2.564948381431743988e-08
2.067344249574446585e+06 2.529935244794324298e-08
2.093072068332456518e+06 2.497332069224241832e-08
2.119120066253975965e+06 2.467125755558137958e-08
2.145492227924611885e+06 2.439288758272269776e-08
2.172192587517616805e+06 2.413778882015223035e-08
