1.196380919556770017e+01 1.705845384795940224e-04
1.210260655413589070e+01 2.715985731486532774e-04
1.224314590485305487e+01 4.280501725949144580e-04
1.238544911079127786e+01 6.659156842992154874e-04
1.252953830941753210e+01 1.021251383317361289e-03
1.267543591603766373e+01 1.540323213572716062e-03
1.282316462728335793e+01 2.282933302093373765e-03
1.297274742464296082e+01 3.322143120248501752e-03
1.312420757803670135e+01 4.745491786555306249e-03
1.327756864943652459e+01 6.651363445392586941e-03
1.343285449653161123e+01 9.153982791110253439e-03
1.359008927643984954e+01 1.236392117471067295e-02
1.374929744946576804e+01 1.643502468988765688e-02
1.391050378290571565e+01 2.146297952287228722e-02
1.407373335490094668e+01 2.751684373892491348e-02
1.423901155833869581e+01 3.469366651978329080e-02
1.440636410480255059e+01 4.303977521552831281e-02
1.457581702857232031e+01 5.249828152395526887e-02
1.474739669067396441e+01 6.267154719501494275e-02
1.492112978298055914e+01 7.331732884219882562e-02
1.509704333236460272e+01 8.445421918127415939e-02
1.527516470490243350e+01 9.626447274162845680e-02
1.545552161013145742e+01 1.089144661534055120e-01
1.563814210536082072e+01 1.223937771614111436e-01
1.582305460003610698e+01 1.365943968208121750e-01
1.601028786015893246e+01 1.514212686822010434e-01
1.619987101276193897e+01 1.668361706288752910e-01
1.639183355043988399e+01 1.828583378299000473e-01
1.658620533593772350e+01 1.994652844695039284e-01
1.678301660679622387e+01 2.166364545089728144e-01
1.698229798005585067e+01 2.343355352218927379e-01
1.718408045701973919e+01 2.524929592930048594e-01
1.738839542807651739e+01 2.710194822130926884e-01
1.759527467758337238e+01 2.898432045505343613e-01
1.780475038881073857e+01 3.088981725823627400e-01
1.801685514894891682e+01 3.281193857525118163e-01
1.823162195417740605e+01 3.475221456387333485e-01
1.844908421479806648e+01 3.671296898973646639e-01
1.866927576043261539e+01 3.868693985712317041e-01
1.889223084528527608e+01 4.066545445835739181e-01
1.911798415347157132e+01 4.264095677854675692e-01
1.934657080441403565e+01 4.460486366366981370e-01
1.957802635830543991e+01 4.655972274170646630e-01
1.981238682164097753e+01 4.851708957933129063e-01
2.004968865281938761e+01 5.047378263369755036e-01
2.028996876781472380e+01 5.242716878545625736e-01
2.053326454591923067e+01 5.435970927093903837e-01
2.077961383555821229e+01 5.626785215365923687e-01
2.102905496017794817e+01 5.816482256560424613e-01
2.128162672420764778e+01 6.005139403782756569e-01
2.153736841909581301e+01 6.191567896833554130e-01
2.179631982942283130e+01 6.375003783502346533e-01
2.205852123909000539e+01 6.555738001330356779e-01
2.232401343758636969e+01 6.734290077902306271e-01
2.259283772633406784e+01 6.910545152031614125e-01
2.286503592511359528e+01 7.084072575171459496e-01
2.314065037856928697e+01 7.254839941679208648e-01
2.341972396279679813e+01 7.423272606629131021e-01
2.370230009201316079e+01 7.589644756524430713e-01
2.398842272531048891e+01 7.753787524200241865e-01
2.427813637349449039e+01 7.915529741331327473e-01
2.457148610600897243e+01 8.074699618860446959e-01
2.486851755794681651e+01 8.230961209155986946e-01
2.516927693714941938e+01 8.383298134432801696e-01
2.547381103139496972e+01 8.532187034713794027e-01
2.578216721567699921e+01 8.678939427600252943e-01
2.609439345957445511e+01 8.823793179218856197e-01
2.641053833471381651e+01 8.965943590715886868e-01
2.673065102232543566e+01 9.104976647715052884e-01
2.705478132089425003e+01 9.240958613887804152e-01
2.738297965390684752e+01 9.373319155883254039e-01
2.771529707769552431e+01 9.501477221194719602e-01
2.805178528938089499e+01 9.626009940065167747e-01
2.839249663491436593e+01 9.747940165676860502e-01
2.873748411722101181e+01 9.867467065085244737e-01
2.908680140444529272e+01 9.983784585174140247e-01
2.944050283829983883e+01 1.009571833741572888e+00
2.979864344251909003e+01 1.020236807713715388e+00
3.016127893141938188e+01 1.030385200528198153e+00
3.052846571856577640e+01 1.040141240577581838e+00
3.090026092554828097e+01 1.049558871992060993e+00
3.127672239086798101e+01 1.058531394043745522e+00
3.165790867893470661e+01 1.066938316079231397e+00
3.204387908917759376e+01 1.074767906705216047e+00
3.243469366527000375e+01 1.082066763944835364e+00
3.283041320447051703e+01 1.088812982582011424e+00
3.323109926708043815e+01 1.094933700142295852e+00
3.363681418602078566e+01 1.100417113505484323e+00
3.404762107652901193e+01 1.105271010428604095e+00
3.446358384597753854e+01 1.109424064798116394e+00
3.488476720381580520e+01 1.112756758127541712e+00
3.531123667163637236e+01 1.115215781221907232e+00
3.574305859336812574e+01 1.116827647820675562e+00
3.618887803659836067e+01 1.117589883807752926e+00
3.663696198329002840e+01 1.117415716044086071e+00
3.709062227302801773e+01 1.116250189791596181e+00
3.754992830263421411e+01 1.114053807541802499e+00
3.801495033256407652e+01 1.110816846958081694e+00
3.848575949765505300e+01 1.106504085516015756e+00
3.896242781800777522e+01 1.101081024011894005e+00
3.944502821000293125e+01 1.094568835082633695e+00
3.993363449745574911e+01 1.087000072097514147e+00
4.042832142290868092e+01 1.078374319615426957e+00
4.092916465906461809e+01 1.068668667442015607e+00
4.143624082036302525e+01 1.057868199467309589e+00
4.194962747469953257e+01 1.046001821250428065e+00
4.246940315529131027e+01 1.033148383220907851e+00
4.299564737269096781e+01 1.019392576424928976e+00
4.352844062694862970e+01 1.004790062089843117e+00
4.406786441992672110e+01 9.893951807589781433e-01
4.461400126776713648e+01 9.732658869313342009e-01
4.516693471351356237e+01 9.564780770253065167e-01
4.572674933989167556e+01 9.391162551160691097e-01
4.629353078224718843e+01 9.212630402431521981e-01
4.686736574164618929e+01 9.030068000752408119e-01
4.744834199813760733e+01 8.844340450229702943e-01
4.803654842418070103e+01 8.656340903788609653e-01
4.863207499824051894e+01 8.466914404034666664e-01
4.923501281855178746e+01 8.276829792125447449e-01
4.984545411705385476e+01 8.086848150265982804e-01
5.046349227350021494e+01 7.897678829684204871e-01
5.108922182974252735e+01 7.709996086389167003e-01
5.172273850419246344e+01 7.524380037467639504e-01
5.236413920646457854e+01 7.341322153293827757e-01
5.301352205219983205e+01 7.161301273951554691e-01
5.367098637807512773e+01 6.984732729198612766e-01
5.433663275699864670e+01 6.811931471915249059e-01
5.501056301349429845e+01 6.643190293629694931e-01
5.569288023927853004e+01 6.478740567400133044e-01
5.638368880902959290e+01 6.318730547852251522e-01
5.708309439635464599e+01 6.163281690374431410e-01
5.779120398995426200e+01 6.012469667055784228e-01
5.850812590998835105e+01 5.866332405205002543e-01
5.923396982464682736e+01 5.724861441069721835e-01
5.996884676692456395e+01 5.587983798555818948e-01
6.071286915160718678e+01 5.455596059605462012e-01
6.146615079246685553e+01 5.327593435239961206e-01
6.222880691967210964e+01 5.203891848513313434e-01
6.300095419741537484e+01 5.084360109448756715e-01
6.378271074175898292e+01 4.968830363759779156e-01
6.457419613870300168e+01 4.857183916362088905e-01
6.537553146247913105e+01 4.749245358384484028e-01
6.618683929407133348e+01 4.644872907131802897e-01
6.700824373996655936e+01 4.543897836884990271e-01
6.783987045114047021e+01 4.446192314621136843e-01
6.868184664227729286e+01 4.351602026788258804e-01
6.953430111123087443e+01 4.259982250229449874e-01
7.039736425872669656e+01 4.171179349469523734e-01
7.127116810830882798e+01 4.085045209326848559e-01
7.215584632653677488e+01 4.001472236765604151e-01
7.305153424343134816e+01 3.920316020207543772e-01
7.395836887317739183e+01 3.841479128723773728e-01
7.487648893508232106e+01 3.764844063851462419e-01
7.580603487479586988e+01 3.690293465195392808e-01
7.674714888579489980e+01 3.617743487313576645e-01
7.769997493113464770e+01 3.547096636397181757e-01
7.866465876547019320e+01 3.478249912211100470e-01
7.964134795735378702e+01 3.411123060669623008e-01
8.063019191180791267e+01 3.345641136168618912e-01
8.163134189317962353e+01 3.281720792075441540e-01
8.264495104828050387e+01 3.219295255363773256e-01
8.367117442981256659e+01 3.158307200418503657e-01
8.471016902008774707e+01 3.098677453966529050e-01
8.576209375504137711e+01 3.040357264767338252e-01
8.682710954854397301e+01 2.983306176117110353e-01
8.790537931701781815e+01 2.927469827184159268e-01
8.899706800435698995e+01 2.872810930918899275e-01
9.010234260716001131e+01 2.819291984974552356e-01
9.122137220027514104e+01 2.766864549555582142e-01
9.235432796266344724e+01 2.715482065386818356e-01
9.350138320358513511e+01 2.665114384874070486e-01
9.466271338910969746e+01 2.615730709037913937e-01
9.583849616895824397e+01 2.567289390069650290e-01
9.702891140367796652e+01 2.519767171795965210e-01
9.823414119215611606e+01 2.473138306085345961e-01
9.945436989947482687e+01 2.427391368247209247e-01
1.006897841851151725e+02 2.382494939741274520e-01
1.019405730315089613e+02 2.338435983966054843e-01
1.032069277729489869e+02 2.295183538740516727e-01
1.044890421248568799e+02 2.252714465870933047e-01
1.057871122134155968e+02 2.211024601906145526e-01
1.071013366055721008e+02 2.170085521011350382e-01
1.084319163394109324e+02 2.129883958282119683e-01
1.097790549549085171e+02 2.090401900755440856e-01
1.111429585250683090e+02 2.051627781057126232e-01
1.125238356874433094e+02 2.013535745746284911e-01
1.139218976760529500e+02 1.976119511920637895e-01
1.153373583536941283e+02 1.939359836768598522e-01
1.167704342446574515e+02 1.903239858056523237e-01
1.182213445678485613e+02 1.867752082686241488e-01
1.196903112703215015e+02 1.832881229181253790e-01
1.211775590612318041e+02 1.798626130363368825e-01
1.226833154462084821e+02 1.764973073254286207e-01
1.242078107621576493e+02 1.731910207529483436e-01
1.257512782124962030e+02 1.699434301560713567e-01
1.273139539028257019e+02 1.667532719452978485e-01
1.288960768770486425e+02 1.636195543452436674e-01
1.304978891539371091e+02 1.605420596470685246e-01
1.321196357641523207e+02 1.575191526918034435e-01
1.337615647877292986e+02 1.545501727623989907e-01
1.354239273920248650e+02 1.516343794662198818e-01
1.371069778701381381e+02 1.487705758947006907e-01
1.388109736798120935e+02 1.459579181361811417e-01
1.405361754828147980e+02 1.431956449885279370e-01
1.422828471848148126e+02 1.404829343988902857e-01
1.440512559757505358e+02 1.378187052214611685e-01
1.458416723707015024e+02 1.352028799294226757e-01
1.476543702512713878e+02 1.326343601913106685e-01
1.494896269074814938e+02 1.301127419314879186e-01
1.513477230801900930e+02 1.276373372027722886e-01
1.532289430040370348e+02 1.252076980794701033e-01
1.551335744509219694e+02 1.228229375327011402e-01
1.570619087740276427e+02 1.204821022225651544e-01
1.590142409523856202e+02 1.181845033796677519e-01
1.609908696360021452e+02 1.159294798040360619e-01
1.629920971915411201e+02 1.137157096949506369e-01
1.650182297485783636e+02 1.115422902057438548e-01
1.670695772464293043e+02 1.094085337378023215e-01
1.691464534815626166e+02 1.073137128209231406e-01
1.712491761555994003e+02 1.052571449250277041e-01
1.733780669239150996e+02 1.032380709418773829e-01
1.755334514448417735e+02 1.012557975765135954e-01
1.777156594294835088e+02 9.930995152984027630e-02
1.799250246921552900e+02 9.739999307247942939e-02
1.821618852014437664e+02 9.552540486212171555e-02
1.844265831319093252e+02 9.368562131135188542e-02
1.867194649164274836e+02 9.188036659195544797e-02
1.890408812991823027e+02 9.010879094917503829e-02
1.913911873893223685e+02 8.837037435177483302e-02
1.937707427152790842e+02 8.666465440876749970e-02
1.961799112797671398e+02 8.499093456851403161e-02
1.986190616154641759e+02 8.334854058497367935e-02
2.010885668413870349e+02 8.173664600057523044e-02
2.035888047199659070e+02 8.015484721266301349e-02
2.061201577148341926e+02 7.860269840838259026e-02
2.086830130493309525e+02 7.707972754322545139e-02
2.112777627657374069e+02 7.558540729110721501e-02
2.139048037852473385e+02 7.411932314991794002e-02
2.165645379686826573e+02 7.268153825670899126e-02
2.192573721779697848e+02 7.127145080322938586e-02
2.219837183383738193e+02 6.988865441707182991e-02
2.247439935015147512e+02 6.853278703085918799e-02
2.275386199091623780e+02 6.720350405187061615e-02
2.303680250578258040e+02 6.590032208441615191e-02
2.332326417641513103e+02 6.462263231728608559e-02
2.361329082311268053e+02 6.337001539635007952e-02
2.390692681151176657e+02 6.214172507380763544e-02
2.420421705937315835e+02 6.093739250465613627e-02
2.450520704345280762e+02 5.975663213510845617e-02
2.480994280645886931e+02 5.859861604780064459e-02
2.511847096409443907e+02 5.746315145081133668e-02
2.543083871218878187e+02 5.634994838092545477e-02
2.574709383391672191e+02 5.525850643568806786e-02
2.606728470710813781e+02 5.418850074940505246e-02
2.639146031164822830e+02 5.313964429524323241e-02
2.671967023697029617e+02 5.211151613334447791e-02
2.705196468964113024e+02 5.110382908280740322e-02
2.738839450104147772e+02 5.011601293582716721e-02
2.772901113514161580e+02 4.914767394255283722e-02
2.807386669637372734e+02 4.819843684676389239e-02
2.842301393760264432e+02 4.726771779192075890e-02
2.877650626819515765e+02 4.635518378353766650e-02
2.913439776219044006e+02 4.546028607463546700e-02
2.949674316657163899e+02 4.458256433362420279e-02
2.986359790964037870e+02 4.372168870039367522e-02
3.023501810949614423e+02 4.287742928481246690e-02
3.061106058262014926e+02 4.204940177293078896e-02
3.099178285256714389e+02 4.123729905908780219e-02
3.137724315876448031e+02 4.044076133560949027e-02
3.176750046542127848e+02 3.965942741594036952e-02
3.216261447054789073e+02 3.889304670826018023e-02
3.256264561508849056e+02 3.814138474664412887e-02
3.296765509216618852e+02 3.740389089013653606e-02
3.337770485644430778e+02 3.668051727043860483e-02
3.379285763360344390e+02 3.597072985569603476e-02
3.421317692993641231e+02 3.527419351398263653e-02
3.463872704206338540e+02 3.459066916619185639e-02
3.506957306676690109e+02 3.391977877406489317e-02
3.550578091095011359e+02 3.326143908267287230e-02
3.594741730171861036e+02 3.261500438754500603e-02
3.639454979658734715e+02 3.198059216633229729e-02
3.684724679381555461e+02 3.135774739990822291e-02
3.730557754286909926e+02 3.074652488453882143e-02
3.776961215501416973e+02 3.014649525728012314e-02
3.823942161404196440e+02 2.955750975914158557e-02
3.871507778712701224e+02 2.897942740509927909e-02
3.919665343582118453e+02 2.841191227585284848e-02
3.968422222718361922e+02 2.785486976217809232e-02
4.017785874505003108e+02 2.730802090319672457e-02
4.067763850144165758e+02 2.677102235933917496e-02
4.118363794811656362e+02 2.624395718105725778e-02
4.169593448826407780e+02 2.572642597318670205e-02
4.221460648834599851e+02 2.521833953984943186e-02
4.273973329008357496e+02 2.471955455062502596e-02
4.327139522259512319e+02 2.422986676894015035e-02
4.380967361468378272e+02 2.374915000667220111e-02
4.435465080727815348e+02 2.327734463883759236e-02
4.490641016602875766e+02 2.281419060699539994e-02
4.546503609405980910e+02 2.235964490594436610e-02
4.603061404488101971e+02 2.191356376428109376e-02
4.660323053545932908e+02 2.147581116225228542e-02
4.718297315945306991e+02 2.104634490805335628e-02
4.776993060061202527e+02 2.062501751128300101e-02
4.836419264634264437e+02 2.021168288640327881e-02
4.896585020144357259e+02 1.980630646639366943e-02
4.957499530201118887e+02 1.940876197730494190e-02
5.019172112951808344e+02 1.901890474054810515e-02
5.081612202506789231e+02 1.863675816244783623e-02
5.144829350382586881e+02 1.826213301954295390e-02
5.208833226963068910e+02 1.789496075605646191e-02
5.273633622978685480e+02 1.753517779320464334e-02
5.339240451004189936e+02 1.718259990914687910e-02
5.405663746974937567e+02 1.683714170648543951e-02
5.472913671722157005e+02 1.649877465281316888e-02
5.541000512527177762e+02 1.616731578783624224e-02
5.609934684695164151e+02 1.584267833285477045e-02
5.679726733148322637e+02 1.552475495948384132e-02
5.750387334038929339e+02 1.521343074569570658e-02
5.821927296382550594e+02 1.490861992450780681e-02
5.894357563711420198e+02 1.461012961878194703e-02
5.967689215748555398e+02 1.431790449131131390e-02
6.041933470102604815e+02 1.403175641941053868e-02
6.117101683983779594e+02 1.375160792852267271e-02
6.193205355941249763e+02 1.347725354739938257e-02
6.270256127622000122e+02 1.320864142097238729e-02
6.348265785551756153e+02 1.294558401831344234e-02
6.427246262937909478e+02 1.268797208271931799e-02
6.507209641494995367e+02 1.243569675467501301e-02
6.588168153292779152e+02 1.218863017133138202e-02
6.670134182627510882e+02 1.194662450942137605e-02
6.753120267916240209e+02 1.170956963812820953e-02
6.837139103614942997e+02 1.147732995915098399e-02
6.922203542160332290e+02 1.124984961474372221e-02
7.008326595935952810e+02 1.102694774341749472e-02
7.095521439262589638e+02 1.080853106695482679e-02
7.183801410413726671e+02 1.059450766326014426e-02
7.273180013655788798e+02 1.038477264382629134e-02
7.363670921313944291e+02 1.017920190337239308e-02
7.455287975863591328e+02 9.977732422729722328e-03
7.548045192047742376e+02 9.780271204229950763e-03
7.641956759021048811e+02 9.586712671032549676e-03
7.737037042520206569e+02 9.396983958373451157e-03
7.833300587061531814e+02 9.211000117859680786e-03
7.930762118165836227e+02 9.028675834704626493e-03
8.029436544611050977e+02 8.849945709359959348e-03
8.129338960712697144e+02 8.674726734250366028e-03
8.230484648633068900e+02 8.502953929073400405e-03
8.332889080718841797e+02 8.334558811572695056e-03
8.436567921867945188e+02 8.169452642497609593e-03
8.541537031925704468e+02 8.007598385850352857e-03
8.647812468111142152e+02 7.848929157380179350e-03
8.755410487473126295e+02 7.693387523550527032e-03
8.864347549377263249e+02 7.540917554544049849e-03
8.974640318023691634e+02 7.391444246832068292e-03
9.086305664996272071e+02 7.244908846384382275e-03
9.199360671843289765e+02 7.101257788388918094e-03
9.313822632690662431e+02 6.960445584909286804e-03
9.429709056887277256e+02 6.822404143667464872e-03
9.547037671683469853e+02 6.687078884891166364e-03
9.665826424942799804e+02 6.554417426049639027e-03
9.786093487887404763e+02 6.424373495595940738e-03
9.907857257877892607e+02 6.296895985076655933e-03
1.003113636122746129e+03 6.171934711024496673e-03
1.015594965605119569e+03 6.049446695277140539e-03
1.028231623515085857e+03 5.929370023051195281e-03
1.041025542893551346e+03 5.811663210460059868e-03
1.053978680837839192e+03 5.696289942831423390e-03
1.067093018801091830e+03 5.583204218480630754e-03
1.080370562895359853e+03 5.472351824872608884e-03
1.093813344198485311e+03 5.363687493904831759e-03
1.107423419064781683e+03 5.257182318524122877e-03
1.121202869439622873e+03 5.152796898913357231e-03
1.135153803177901182e+03 5.050481553729534341e-03
1.149278354366472286e+03 4.950186403661091181e-03
1.163578683650612447e+03 4.851883671943548956e-03
1.178056978564526162e+03 4.755533177789832491e-03
1.192715453865987683e+03 4.661096128598662090e-03
1.207556351875112568e+03 4.568534239312999068e-03
1.222581942817395202e+03 4.477810266977202101e-03
1.237794525170968882e+03 4.388887772724209442e-03
1.253196426018217380e+03 4.301730983184674437e-03
1.268790001401727750e+03 4.216304799215597927e-03
1.284577636684728532e+03 4.132574889567734548e-03
1.300561746915960157e+03 4.050507601616072130e-03
1.316744777199112150e+03 3.970069896674198115e-03
1.333129203066853506e+03 3.891229401763451022e-03
1.349717530859521730e+03 3.813954449356234556e-03
1.366512298108497816e+03 3.738213956523617470e-03
1.383516073924409056e+03 3.663977417383431322e-03
1.400731459390104874e+03 3.591214989331565147e-03
1.418161087958558483e+03 3.519897432602055436e-03
1.435807625855685728e+03 3.449998020546961395e-03
1.453673772488234135e+03 3.381489737810446528e-03
1.471762260856691455e+03 3.314341747897419505e-03
1.490075857973359689e+03 3.248527050389578112e-03
1.508617365285628466e+03 3.184019138590808706e-03
1.527389619104514168e+03 3.120792079337232801e-03
1.546395491038541195e+03 3.058820468489068141e-03
1.565637888432985619e+03 2.998079368226077082e-03
1.585119754814656062e+03 2.938544323022425180e-03
1.604844070342139958e+03 2.880191418553003715e-03
1.624813852261695502e+03 2.822997193229081006e-03
1.645032155368774511e+03 2.766938613754300457e-03
1.665502072475359000e+03 2.711993138373995638e-03
1.686226734883041672e+03 2.658138687747873402e-03
1.707209312862034949e+03 2.605353595290502144e-03
1.728453016136125598e+03 2.553616604888600452e-03
1.749961094373680226e+03 2.502906930320125678e-03
1.771736837684719148e+03 2.453204184471811152e-03
1.793783577124248723e+03 2.404488354370265969e-03
1.816104685201791426e+03 2.356739845787441008e-03
1.838703576397293546e+03 2.309939469113985507e-03
1.861583707683410239e+03 2.264068399253358396e-03
1.884748579054370339e+03 2.219108162022557715e-03
1.908201734061340176e+03 2.175040690770264386e-03
1.931946760354494472e+03 2.131848268293128155e-03
1.955987290231817951e+03 2.089513506340293786e-03
1.980327001194745662e+03 2.048019373567399118e-03
2.004969616510719561e+03 2.007349191962150455e-03
2.029918905782707270e+03 1.967486604046561529e-03
2.055178685525892888e+03 1.928415555431855187e-03
2.080752819751457082e+03 1.890120343449692639e-03
2.106645220557676566e+03 1.852585570005834976e-03
2.132859848728326597e+03 1.815796127196345634e-03
2.159400714338617490e+03 1.779737212122558003e-03
2.186271877368586956e+03 1.744394329707610845e-03
2.213477448324162651e+03 1.709753265805811009e-03
2.241021588865953618e+03 1.675800069969026309e-03
2.268908512445863835e+03 1.642521094264524657e-03
2.297142484951632923e+03 1.609902956056416621e-03
2.325727825359360395e+03 1.577932528288702486e-03
2.354668906394239002e+03 1.546596945517311923e-03
2.383970155199417150e+03 1.515883610473483384e-03
2.413636054013211833e+03 1.485780170568828072e-03
2.443671140854798523e+03 1.456274503538490875e-03
2.474080010218374355e+03 1.427354747958693064e-03
2.504867313775980620e+03 1.399009272897457339e-03
2.536037761089077321e+03 1.371226671678275628e-03
2.567596120328969846e+03 1.343995763783613785e-03
2.599547219006210071e+03 1.317305601667461681e-03
2.631895944709021023e+03 1.291145449839111326e-03
2.664647245851016578e+03 1.265504774294111011e-03
2.697806132428135697e+03 1.240373266873586290e-03
2.731377676785032236e+03 1.215740819099668827e-03
2.765367014390958502e+03 1.191597518698381090e-03
2.799779344625407703e+03 1.167933649940777101e-03
2.834619931573424310e+03 1.144739699234279071e-03
2.869894104830870674e+03 1.122006335992275280e-03
2.905607260319689431e+03 1.099724406800479861e-03
2.941764861113334064e+03 1.077884953334145223e-03
2.978372438272466297e+03 1.056479190594421247e-03
3.015435591690997171e+03 1.035498504520710079e-03
3.052959990952790577e+03 1.014934451988861591e-03
3.090951376198878734e+03 9.947787660425126081e-04
3.129415559005579780e+03 9.750233370888973690e-04
3.168358423273436983e+03 9.556602110712802403e-04
3.207785926127368384e+03 9.366816031498866697e-04
3.247704098827876351e+03 9.180798789533219399e-04
3.288119047693668108e+03 8.998475522327299822e-04
3.329036955035749997e+03 8.819772853676741955e-04
3.370464080103150991e+03 8.644618951475918633e-04
3.412406760040350491e+03 8.472943332152307536e-04
3.454871410856760576e+03 8.304676874101991728e-04
3.497864528408133083e+03 8.139751928681943820e-04
3.541392689390267151e+03 7.978102154895048547e-04
3.585462552344993583e+03 7.819662490026182619e-04
3.630080858678813001e+03 7.664369163171804496e-04
3.675254433694101408e+03 7.512159761621125783e-04
3.720990187633178266e+03 7.362973026896353071e-04
3.767295116735374449e+03 7.216748890508683546e-04
3.814176304307258761e+03 7.073428563521534868e-04
3.861640921806193091e+03 6.932954401100970433e-04
3.909696229937288535e+03 6.795269857597196865e-04
3.958349579764184000e+03 6.660319507215556063e-04
4.007608413833468148e+03 6.528049123472920000e-04
4.057480267313226250e+03 6.398405469703006762e-04
4.107972769145615530e+03 6.271336342800069765e-04
4.159093643213983341e+03 6.146790649198710481e-04
4.210850709524323065e+03 6.024718303857874062e-04
4.263251885401521577e+03 5.905070163368459279e-04
4.316305186700491504e+03 5.787798054793922469e-04
4.370018729032376541e+03 5.672854861554566582e-04
4.424400729005917128e+03 5.560194323212624924e-04
4.479459505484493093e+03 5.449771070517182760e-04
4.535203480858552211e+03 5.341540696388326868e-04
4.591641182334068617e+03 5.235459685964288009e-04
4.648781243236860064e+03 5.131485329637998838e-04
4.706632404333348859e+03 5.029575759644734374e-04
4.765203515167579098e+03 4.929690031649668807e-04
4.824503535414947692e+03 4.831787951173661683e-04
4.884541536252781043e+03 4.735830088257019649e-04
4.945326701747957486e+03 4.641777845600213582e-04
5.006868330261829215e+03 4.549593416959331641e-04
5.069175835872504649e+03 4.459239687888237190e-04
5.132258749815070587e+03 4.370680269522153453e-04
5.196126721939497656e+03 4.283879577618078679e-04
5.260789522186823888e+03 4.198802690919283985e-04
5.326257042083611850e+03 4.115415341289028594e-04
5.392539296255165937e+03 4.033683980033213583e-04
5.459646423957394290e+03 3.953575760152197235e-04
5.527588690627867436e+03 3.875058432540019011e-04
5.596376489456100899e+03 3.798100368831857526e-04
5.666020342973451079e+03 3.722670642075425135e-04
5.736530904662656212e+03 3.648738913673518791e-04
5.807918960587656329e+03 3.576275401658027221e-04
5.880195431043435747e+03 3.505250946785075697e-04
5.953371372226595668e+03 3.435637007311978562e-04
6.027457977926478634e+03 3.367408260130327988e-04
6.102466581237701575e+03 3.300536652641431097e-04
6.178408656293622698e+03 3.234992976487895545e-04
6.255295820021649888e+03 3.170750879007675524e-04
6.333139833920222372e+03 3.107784486698258455e-04
6.411952605858018615e+03 3.046068460832195620e-04
6.491746191895543234e+03 2.985578002187372695e-04
6.572532798129208459e+03 2.926288773854168333e-04
6.654324782558725929e+03 2.868176888029477052e-04
6.737134656977366831e+03 2.811218986490352390e-04
6.820975088885981677e+03 2.755392171477857475e-04
6.905858903430636019e+03 2.700673963195428587e-04
6.991799085364665189e+03 2.647042336776317070e-04
7.078808781034840649e+03 2.594475739559332344e-04
7.166901300392418307e+03 2.542953027075513304e-04
7.256090119029139714e+03 2.492453439546026364e-04
7.346388880238665479e+03 2.442956675034658087e-04
7.437811397103576383e+03 2.394442835226998718e-04
7.530371654608278732e+03 2.346892389596955120e-04
7.624083811778476957e+03 2.300286194465410048e-04
7.718962203846976081e+03 2.254605518724492417e-04
7.815021344446600779e+03 2.209831989707428308e-04
7.912275927830254659e+03 2.165947569201906626e-04
8.010740831118887399e+03 2.122934611225519349e-04
8.110431116577127796e+03 2.080775822589426465e-04
8.211362033917439476e+03 2.039454235043293429e-04
8.313549022632842025e+03 1.998953209953122090e-04
8.417007714358756857e+03 1.959256468396811340e-04
8.521753935264052416e+03 1.920348045146040225e-04
8.627803708472209109e+03 1.882212268054540556e-04
8.735173256512209264e+03 1.844833799512469942e-04
8.843879003800244391e+03 1.808197610292330447e-04
8.953937579151977843e+03 1.772288957713790607e-04
9.065365818326497902e+03 1.737093380989599345e-04
9.178180766601581126e+03 1.702596733064492478e-04
9.292399681381131813e+03 1.668785139360139146e-04
9.408040034835059487e+03 1.635644983526932811e-04
9.525119516572043722e+03 1.603162934980312997e-04
9.643656036345531902e+03 1.571325932070230936e-04
9.763667726793275506e+03 1.540121164816762487e-04
9.885172946211327144e+03 1.509536066552057826e-04
1.000819028136216548e+04 1.479558343157480688e-04
1.013273855031801395e+04 1.450175936089291530e-04
1.025883680533929146e+04 1.421377014820174095e-04
1.038650433578929551e+04 1.393149993763986134e-04
1.051576067108476309e+04 1.365483521266414653e-04
1.064662558368331156e+04 1.338366466049422483e-04
1.077911909210809245e+04 1.311787908385929054e-04
1.091326146401007099e+04 1.285737164092686229e-04
1.104907321926819714e+04 1.260203753018781874e-04
1.118657513312861374e+04 1.235177395858273850e-04
1.132578823938252208e+04 1.210648024012301411e-04
1.146673383358378305e+04 1.186605772342366521e-04
1.160943347630636708e+04 1.163040967647353200e-04
1.175390899644275487e+04 1.139944121380584560e-04
1.190018249454294528e+04 1.117305948439796314e-04
1.204827634619524906e+04 1.095117340717247274e-04
1.219821320544907758e+04 1.073369366134706770e-04
1.235001600828038499e+04 1.052053275128624315e-04
1.250370797610021509e+04 1.031160494785833602e-04
1.265931261930675828e+04 1.010682618491717420e-04
1.281685374088200115e+04 9.906114009102278599e-05
1.297635544003273571e+04 9.709387732823452949e-05
1.313784211587707978e+04 9.516568199183425005e-05
1.330133847117671212e+04 9.327577790070734078e-05
1.346686951611589575e+04 9.142340475086718982e-05
1.363446057212717096e+04 8.960781757528883933e-05
1.380413727576479869e+04 8.782828576901976234e-05
1.397592558262644525e+04 8.608409280377114889e-05
1.414985177132366516e+04 8.437453753229793131e-05
1.432594244750155485e+04 8.269893203617968030e-05
1.450422454790896518e+04 8.105660180464026472e-05
1.468472534451883257e+04 7.944688612727867564e-05
1.486747244870007671e+04 7.786913768670543031e-05
1.505249381544114658e+04 7.632272152648259596e-05
1.523981774762666282e+04 7.480701494017011734e-05
1.542947290036668164e+04 7.332140868536106383e-05
1.562148828538013549e+04 7.186530496200721626e-05
1.581589327543282889e+04 7.043811758410733277e-05
1.601271760883061506e+04 6.903927234977661593e-05
1.621199139396848295e+04 6.766820682823696778e-05
1.641374511393611829e+04 6.632436918998335076e-05
1.661800963118119034e+04 6.500721824231658940e-05
1.682481619223028247e+04 6.371622461006550280e-05
1.703419643246873602e+04 6.245086883792200455e-05
1.724618238097969152e+04 6.121064148240866042e-05
1.746080646544407136e+04 5.999504350485001549e-05
1.767810151710069113e+04 5.880358624906579850e-05
1.789810077576867479e+04 5.763579012893961815e-05
1.812083789493209770e+04 5.649118481381419383e-05
1.834634694688807576e+04 5.536931027572584578e-05
1.857466242795857397e+04 5.426971517027393850e-05
1.880581926376771662e+04 5.319195674942432081e-05
1.903985281458419558e+04 5.213560127735758986e-05
1.927679888073042457e+04 5.110022420406203590e-05
1.951669370805866129e+04 5.008540875569597692e-05
1.975957399349607294e+04 4.909074619352194266e-05
2.000547689065792656e+04 4.811583670303550594e-05
2.025444001553112685e+04 4.716028814796324932e-05
2.050650145222835999e+04 4.622371574412226290e-05
2.076169975881385471e+04 4.530574249938635023e-05
2.102007397320174277e+04 4.440599955829440326e-05
2.128166361912731372e+04 4.352412476293859254e-05
2.154650871219360488e+04 4.265976288626517263e-05
2.181464976599226065e+04 4.181256643288678622e-05
2.208612779830104046e+04 4.098219472121138575e-05
2.236098433735806611e+04 4.016831334473153551e-05
2.263926142821490066e+04 3.937059464026911048e-05
2.292100163916792371e+04 3.858871810420568752e-05
2.320624806827010980e+04 3.782236906391139462e-05
2.349504434992376264e+04 3.707123879824693509e-05
2.378743466155530768e+04 3.633502527223807514e-05
2.408346373037327066e+04 3.561343250480666716e-05
2.438317684020983143e+04 3.490616990459695720e-05
2.468661983844853967e+04 3.421295267470763940e-05
2.499383914303719212e+04 3.353350229441507844e-05
2.530488174958870513e+04 3.286754537136577967e-05
2.561979523856956803e+04 3.221481360184994078e-05
2.593862778257899117e+04 3.157504445609823505e-05
2.626142815371740289e+04 3.094802638562913741e-05
2.658824573104733645e+04 3.033345997805123582e-05
2.691913050814695816e+04 2.973109722126266049e-05
2.725413310075772461e+04 2.914069611514291048e-05
2.759330475452672908e+04 2.856201918965757574e-05
2.793669735284640410e+04 2.799483332762193766e-05
2.828436342479073210e+04 2.743891040209778511e-05
2.863635615315093310e+04 2.689402699707167245e-05
2.899272938257041096e+04 2.635996380168860762e-05
2.935353762778204691e+04 2.583650570968776719e-05
2.971883608194698536e+04 2.532344238108329805e-05
3.008868062509765878e+04 2.482056749096784570e-05
3.046312783268580824e+04 2.432767848262705818e-05
3.084223498423691490e+04 2.384457707246087591e-05
3.122606007211234828e+04 2.337106909390865476e-05
3.161466181038007562e+04 2.290696401457844423e-05
3.200809964379694429e+04 2.245207488180906425e-05
3.240643375690150060e+04 2.200621887369083124e-05
3.280972508322069189e+04 2.156921671354266272e-05
3.321803531459046644e+04 2.114089241467694038e-05
3.363142691059355275e+04 2.072107362923859781e-05
3.404996310811343574e+04 2.030959161030522088e-05
3.447370793100796436e+04 1.990628082108736392e-05
3.490272619990303065e+04 1.951097878431684216e-05
3.533708354210848483e+04 1.912352660524796022e-05
3.577684640165656310e+04 1.874376849102911015e-05
3.622208204946676415e+04 1.837155154316121036e-05
3.667285859363579948e+04 1.800672596337448444e-05
3.712924498985640093e+04 1.764914509648540434e-05
3.759131105196494900e+04 1.729866511022409774e-05
3.805912746262189467e+04 1.695514481619036010e-05
3.853276578412347590e+04 1.661844611602418363e-05
3.901229846934888337e+04 1.628843361432669970e-05
3.949779887284343567e+04 1.596497446974390929e-05
3.998934126203962660e+04 1.564793848957678359e-05
4.048700082861811097e+04 1.533719821826305072e-05
4.099085370000918920e+04 1.503262867477360060e-05
4.150097695103900332e+04 1.473410717870969046e-05
4.201744861571918591e+04 1.444151370665372572e-05
4.254034769918403617e+04 1.415473058883791694e-05
4.306975418977537629e+04 1.387364240554102368e-05
4.360574907127944607e+04 1.359813600831016361e-05
4.414841433531439543e+04 1.332810063287181892e-05
4.469783299387276202e+04 1.306342766807601203e-05
4.525408909201992356e+04 1.280401051721994107e-05
4.581726772075069312e+04 1.254974486994159011e-05
4.638745503000505414e+04 1.230052846145823722e-05
4.696473824184771365e+04 1.205626100143412849e-05
4.754920566380977107e+04 1.181684416373835046e-05
4.814094670239758125e+04 1.158218169234025728e-05
4.874005187676858623e+04 1.135217919245245052e-05
4.934661283257925243e+04 1.112674404612355460e-05
4.996072235600347631e+04 1.090578559986134591e-05
5.058247438792627509e+04 1.068921497707433359e-05
5.121196403831410862e+04 1.047694502895257990e-05
5.184928760076378239e+04 1.026889031408301375e-05
5.249454256723296567e+04 1.006496718648240005e-05
5.314782764295262314e+04 9.865093605329269014e-06
5.380924276152743550e+04 9.669189095187984180e-06
5.447888910022175696e+04 9.477174874605257337e-06
5.515686909543735237e+04 9.288973705206111209e-06
5.584328645838220109e+04 9.104509853567672892e-06
5.653824619093664660e+04 8.923709071663354889e-06
5.724185460171486193e+04 8.746498676038411135e-06
5.795421932232694962e+04 8.572807362972324923e-06
5.867544932384368440e+04 8.402565203050593181e-06
5.940565493346600852e+04 8.235703736639834059e-06
6.014494785140102613e+04 8.072155843216935722e-06
6.089344116795019363e+04 7.911855705799423924e-06
6.165124938080805441e+04 7.754738799643360784e-06
6.241848841257733147e+04 7.600741970918592320e-06
6.319527562850097456e+04 7.449803247775710065e-06
6.398172985441688797e+04 7.301861861938166022e-06
6.477797139493392024e+04 7.156858324866834088e-06
6.558412205183530750e+04 7.014734311289672135e-06
6.640030514271058200e+04 6.875432620645423455e-06
6.722664551981982368e+04 6.738897176213825737e-06
6.806326958919249591e+04 6.605073106156774087e-06
6.891030532996293914e+04 6.473906550703238316e-06
6.976788231394901231e+04 6.345344701373138653e-06
7.063613172547169961e+04 6.219335861483623908e-06
7.151518638142316195e+04 6.095829352130437042e-06
7.240518075158260763e+04 5.974775461127696763e-06
7.330625097918795655e+04 5.856125453479004370e-06
7.421853490176080959e+04 5.739831650433715508e-06
7.514217207219160628e+04 5.625847248241356815e-06
7.607730378008745902e+04 5.514126353449947769e-06
7.702407307338506507e+04 5.404624037161732204e-06
7.798262478023338190e+04 5.297296267347667418e-06
7.895310553114679351e+04 5.192099839840976413e-06
7.993566378143723705e+04 5.088992398437258372e-06
8.093044983392217546e+04 4.987932514808733636e-06
8.193761586191736569e+04 4.888879519651611259e-06
8.295731593251346203e+04 4.791793527619846361e-06
8.398970603014592780e+04 4.696635490095656118e-06
8.503494408045466116e+04 4.603367151660416979e-06
8.609318997444245906e+04 4.511950964662888576e-06
8.716460559293365804e+04 4.422350117149742295e-06
8.824935483133744856e+04 4.334528608126528275e-06
8.934760362471782719e+04 4.248451101576934078e-06
9.045951997317890346e+04 4.164082933686255400e-06
9.158527396756253438e+04 4.081390164907203527e-06
9.272503781546816754e+04 4.000339558804143623e-06
9.387898586759390309e+04 3.920898487094245261e-06
9.504729464440947049e+04 3.843034955148768787e-06
9.623014286315710342e+04 3.766717675259261677e-06
9.742771146519067406e+04 3.691915947553178268e-06
9.864018364365409070e+04 3.618599646185881542e-06
9.986774487150492496e+04 3.546739271222605033e-06
1.011105829298864410e+05 3.476305946372203895e-06
1.023688879368511989e+05 3.407271320799969799e-06
1.036428523764460260e+05 3.339607585609962037e-06
1.049326711281551834e+05 3.273287548288673702e-06
1.062385414967100805e+05 3.208284537917756360e-06
1.075606632422735129e+05 3.144572372607915627e-06
1.088992386109957442e+05 3.082125412410349305e-06
1.102544723659524316e+05 3.020918565833557987e-06
1.116265718184675497e+05 2.960927200915382033e-06
1.130157468598259584e+05 2.902127147056569977e-06
1.144222099933806749e+05 2.844498098223417351e-06
1.158461763670602231e+05 2.788014376484402771e-06
1.172878638062780228e+05 2.732652242185980359e-06
1.187474928472561587e+05 2.678389414865291149e-06
1.202252867707597470e+05 2.625204093607389750e-06
1.217214716362507897e+05 2.573074882794563623e-06
1.232362763164716162e+05 2.521980781528325163e-06
1.247699325324539241e+05 2.471901251091990727e-06
1.263226748889656737e+05 2.422816162576959761e-06
1.278947409103989339e+05 2.374705753664866984e-06
1.294863710771040787e+05 2.327550657728223879e-06
1.310978088621769857e+05 2.281331927843891259e-06
1.327293007687009813e+05 2.236030974925738168e-06
1.343810963674580271e+05 2.191629548705189597e-06
1.360534483351040399e+05 2.148109797544560964e-06
1.377466124928196368e+05 2.105454229135246053e-06
1.394608478454463475e+05 2.063645674131688964e-06
1.411964166211047850e+05 2.022667299291550211e-06
1.429535843113083974e+05 1.982502638052236216e-06
1.447326197115761170e+05 1.943135538232882003e-06
1.465337949625499605e+05 1.904550142269032623e-06
1.483573855916247994e+05 1.866730933846744675e-06
1.502036705550968181e+05 1.829662710693668815e-06
1.520729322808327561e+05 1.793330556131652991e-06
1.539654567114773381e+05 1.757719839558531610e-06
1.558815333481921698e+05 1.722816250060545829e-06
1.578214552949389617e+05 1.688605752009014257e-06
1.597855193033198593e+05 1.655074567926538854e-06
1.617740258179692610e+05 1.622209211204722743e-06
1.637872790225135104e+05 1.589996469720227482e-06
1.658255868861025374e+05 1.558423383392179422e-06
1.678892612105198496e+05 1.527477236567008298e-06
1.699786176778792578e+05 1.497145592477143645e-06
1.720939758989156689e+05 1.467416253357758666e-06
1.742356594618735835e+05 1.438277249082139126e-06
1.764039959820114600e+05 1.409716857793118540e-06
1.785993171517116716e+05 1.381723596975758326e-06
1.808219587912248098e+05 1.354286205573248748e-06
1.830722609000375960e+05 1.327393634079549288e-06
1.853505677088834927e+05 1.301035073589899979e-06
1.876572277324001770e+05 1.275199923256867740e-06
1.899925938224418496e+05 1.249877782940512529e-06
1.923570232220556063e+05 1.225058465131223962e-06
1.947508776201298751e+05 1.200731990493311352e-06
1.971745232067190809e+05 1.176888573698089678e-06
1.996283307290649100e+05 1.153518613679238175e-06
2.021126755483075685e+05 1.130612716343501708e-06
2.046279376969023142e+05 1.108161668606291050e-06
2.071745019367585483e+05 1.086156434036555839e-06
2.097527578180939890e+05 1.064588158992535176e-06
2.123630997390249686e+05 1.043448170916109618e-06
2.150059270058982947e+05 1.022727966165105760e-06
2.176816438943732937e+05 1.002419202048308317e-06
2.203906597112641030e+05 9.825137145617436751e-07
2.231333888571528078e+05 9.630034967025139957e-07
2.259102508897769731e+05 9.438806963574136409e-07
2.287216705882161623e+05 9.251376197690862522e-07
2.315680780178631830e+05 9.067667303342296281e-07
2.344499085962188547e+05 8.887606377648119952e-07
2.373676031594931555e+05 8.711120924808888092e-07
2.403216080300424946e+05 8.538139999027742213e-07
2.433123750846436305e+05 8.368594012213504499e-07
2.463403618236174225e+05 8.202414730819494726e-07
2.494060314408132981e+05 8.039535299144165746e-07
2.525098528944653517e+05 7.879890225138496818e-07
2.556523009789254575e+05 7.723415280395941085e-07
2.588338563972987758e+05 7.570047465531857562e-07
2.620550058349745232e+05 7.419725130688719079e-07
2.653162420340715908e+05 7.272387799531706857e-07
2.686180638688194449e+05 7.127976175775725116e-07
2.719609764218683122e+05 6.986432161267355385e-07
2.753454910615517292e+05 6.847698848205736624e-07
2.787721255201123422e+05 6.711720416171305627e-07
2.822414039728990756e+05 6.578442114773421836e-07
2.857538571185509791e+05 6.447810375012247423e-07
2.893100222601795685e+05 6.319772642736653866e-07
2.929104433875565301e+05 6.194277385545658995e-07
2.965556712603357737e+05 6.071274112346592445e-07
3.002462634922945290e+05 5.950713377532448273e-07
3.039827846366407466e+05 5.832546666028335305e-07
3.077658062723675976e+05 5.716726398523269302e-07
3.115959070916905184e+05 5.603206026053289631e-07
3.154736729885697714e+05 5.491939881450182580e-07
3.193996971483353991e+05 5.382883178300753154e-07
3.233745801384272054e+05 5.275992034829297007e-07
3.273989300002654199e+05 5.171223490871633550e-07
3.314733623422580422e+05 5.068535381306919810e-07
3.355985004339790321e+05 4.967886358762475522e-07
3.397749753015065216e+05 4.869235970519761588e-07
3.440034258239471819e+05 4.772544537003183923e-07
3.482844988311742782e+05 4.677773134659184840e-07
3.526188492027684697e+05 4.584883623814348829e-07
3.570071399681967450e+05 4.493838679970781798e-07
3.614500424082364771e+05 4.404601660292019718e-07
3.659482361576618860e+05 4.317136631423233914e-07
3.705024093092086259e+05 4.231408435515248604e-07
3.751132585188330850e+05 4.147382597906889551e-07
3.797814891122745466e+05 4.065025290402531324e-07
3.845078151929587475e+05 3.984303362795609507e-07
3.892929597512301989e+05 3.905184386891098786e-07
3.941376547749440651e+05 3.827636521355791446e-07
3.990426413614486228e+05 3.751628536770722976e-07
4.040086698309445637e+05 3.677129875918286281e-07
4.090364998412645655e+05 3.604110587520325996e-07
4.141269005040782504e+05 3.532541271986988999e-07
4.192806505025445367e+05 3.462393116611495528e-07
4.244985382104282617e+05 3.393637943755934550e-07
4.297813618126922520e+05 3.326248086893347824e-07
4.351299294276071014e+05 3.260196404742896085e-07
4.405450592303631711e+05 3.195456337524720554e-07
4.460275795782236964e+05 3.132001863619344372e-07
4.515783291372492095e+05 3.069807435390420353e-07
4.571981570105823921e+05 3.008848010101516138e-07
4.628879228683374240e+05 2.949099099199789209e-07
4.686484970791045926e+05 2.890536666210189026e-07
4.744807608430920518e+05 2.833137122817163613e-07
4.803856063269226579e+05 2.776877383002567626e-07
4.863639368001125986e+05 2.721734838754294255e-07
4.924166667732364149e+05 2.667687291869471539e-07
4.985447221378333634e+05 2.614714601987812423e-07
5.047490403080350952e+05 2.562796141132263801e-07
5.110305703639572021e+05 2.511908588762070419e-07
5.173902731968928711e+05 2.462031449419299566e-07
5.238291216562928166e+05 2.413144662509136409e-07
5.303481006985858548e+05 2.365228586370348391e-07
5.369482075378472218e+05 2.318263939659093862e-07
5.436304517983448459e+05 2.272231807959005729e-07
5.503958556689812103e+05 2.227113696009649031e-07
5.572454540596615989e+05 2.182891464729409026e-07
5.641802947595953010e+05 2.139547305467021550e-07
5.712014385975940386e+05 2.097063781609948177e-07
5.783099596043280326e+05 2.055423822676896863e-07
5.855069451766388956e+05 2.014610677520808299e-07
5.927934962438696530e+05 1.974607906974106152e-07
6.001707274362780154e+05 1.935399435220927681e-07
6.076397672555407044e+05 1.896969501069230718e-07
6.152017582473837538e+05 1.859302631804029026e-07
6.228578571763570653e+05 1.822383671285950878e-07
6.306092352027883753e+05 1.786197783617299558e-07
6.384570780619268771e+05 1.750730415240688784e-07
6.464025862453421578e+05 1.715967278919003224e-07
6.544469751845555147e+05 1.681894402710897244e-07
6.625914754369582515e+05 1.648498089749425609e-07
6.708373328740673605e+05 1.615764897259691659e-07
6.791858088720970554e+05 1.583681651884654614e-07
6.876381805049137911e+05 1.552235459791984408e-07
6.961957407393939793e+05 1.521413675561962109e-07
7.048597986332076835e+05 1.491203883942353710e-07
7.136316795350679895e+05 1.461593941461501404e-07
7.225127252874731785e+05 1.432571944329475892e-07
7.315042944319581147e+05 1.404126213205963090e-07
7.406077624169316841e+05 1.376245298667810194e-07
7.498245218080569757e+05 1.348917994720532878e-07
7.591559825012941146e+05 1.322133312891678669e-07
7.686035719385616248e+05 1.295880466135194536e-07
7.781687353260958334e+05 1.270148899746564309e-07
7.878529358555260114e+05 1.244928268180752260e-07
7.976576549276998267e+05 1.220208423793799827e-07
8.075843923792951973e+05 1.195979415909855093e-07
8.176346667122532381e+05 1.172231505951253273e-07
8.278100153260537190e+05 1.148955144205463088e-07
8.381119947529106867e+05 1.126140958529193818e-07
8.485421808958679903e+05 1.103779775457516991e-07
8.591021692698551342e+05 1.081862603704498498e-07
8.697935752457763301e+05 1.060380625730120841e-07
8.806180342976000393e+05 1.039325194352623032e-07
8.915772022525442299e+05 1.018687846446483289e-07
9.026727555443677120e+05 9.984602821288603654e-08
9.139063914698171429e+05 9.786343582812168991e-08
9.252798284482639283e+05 9.592021023510669545e-08
9.367948062845750246e+05 9.401557000323671290e-08
9.484530864352385979e+05 9.214874891337537271e-08
9.602564522778419778e+05 9.031899555719071155e-08
9.722067093838453293e+05 8.852557448002447470e-08
9.843056857948084362e+05 8.676776430697063360e-08
9.965552323020129697e+05 8.504485748330223182e-08
1.008957222729584202e+06 8.335616115261818183e-08
1.021513554221129394e+06 8.170099620346023574e-08
1.034226147529948386e+06 8.007869677044176082e-08
1.047096947312850039e+06 7.848860988215120458e-08
1.060127922427635174e+06 7.693009646163126764e-08
1.073321066234254511e+06 7.540252953364952618e-08
1.086678396899763728e+06 7.390529426080858480e-08
1.100201957707028138e+06 7.243778856020244680e-08
1.113893817367275478e+06 7.099942227253731909e-08
1.127756070336571429e+06 6.958961670828713711e-08
1.141790837136196671e+06 6.820780442314964361e-08
1.156000264677026076e+06 6.685343009096275694e-08
1.170386526587944478e+06 6.552594879662529912e-08
1.184951823548351415e+06 6.422482624503737896e-08
1.199698383624795359e+06 6.294953924894650351e-08
1.214628462611814495e+06 6.169957497252296268e-08
1.229744344376981491e+06 6.047443047651147461e-08
1.245048341210304061e+06 5.927361263406729208e-08
1.260542794177920325e+06 5.809663889154680944e-08
1.276230073480198393e+06 5.694303567785852787e-08
1.292112578814339126e+06 5.581233867601423470e-08
1.308192739741440164e+06 5.470409322271119791e-08
1.324473016058152542e+06 5.361785370794064150e-08
1.340955898172957357e+06 5.255318302656620529e-08
1.357643907487127697e+06 5.150965260958345760e-08
1.374539596780433320e+06 5.048684315706747699e-08
1.391645550601619761e+06 4.948434313428241788e-08
1.408964385663803667e+06 4.850174901562467666e-08
1.426498751244735904e+06 4.753866565786005201e-08
1.444251329592047026e+06 4.659470588957413472e-08
1.462224836333587067e+06 4.566948982193261865e-08
1.480422020892816363e+06 4.476264497666967973e-08
1.498845666909391060e+06 4.387380701954195107e-08
1.517498592664979398e+06 4.300261834859917751e-08
1.536383651514377445e+06 4.214872825927304141e-08
1.555503732321989257e+06 4.131179332304147486e-08
1.574861759903745027e+06 4.049147715729111152e-08
1.594460695474487031e+06 3.968744960560293866e-08
1.614303537100987742e+06 3.889938694195604562e-08
1.634393320160549134e+06 3.812697255831473835e-08
1.654733117805306567e+06 3.736989574446697777e-08
1.675326041432368336e+06 3.662785170260850036e-08
1.696175241159746889e+06 3.590073089472050344e-08
1.717283906308238627e+06 3.519203592186771553e-08
1.738655265889300266e+06 3.450208044049925844e-08
1.760292589098989498e+06 3.383124925182774278e-08
1.782199185818058671e+06 3.317999488323576546e-08
1.804378407118280185e+06 3.254883072136934403e-08
1.826833645775030134e+06 3.193832171092430584e-08
1.849568336786336964e+06 3.134907275679701344e-08
1.872585957898275927e+06 3.078171424936436764e-08
1.895890030137018068e+06 3.023688508390171810e-08
1.919484118347411277e+06 2.971521394786160868e-08
1.943371831738308072e+06 2.921729987368294852e-08
1.967556824434667826e+06 2.874369129430734802e-08
1.992042796036532149e+06 2.829486531887110791e-08
2.016833492184955161e+06 2.787120831450199529e-08
2.041932705134989228e+06 2.747299770797794343e-08
2.067344274335751543e+06 2.710038581491608315e-08
2.093072087017801125e+06 2.675338658341355524e-08
2.119120078787745442e+06 2.643186630747497322e-08
2.145492234230250586e+06 2.613553728441488459e-08
2.172192587517616805e+06 2.586395552172995849e-08
