1.182962159928068324e+01 1.781382619535519973e-04
1.197007638107314875e+01 2.811904281622931191e-04
1.211229395669463571e+01 4.399186722438165197e-04
1.225629645029109760e+01 6.801203069500795983e-04
1.240210626368001101e+01 1.037819562607560737e-03
1.254974607983548829e+01 1.558485524741481682e-03
1.269923886641688782e+01 2.301968470521080154e-03
1.285060787934178528e+01 3.340992063808985099e-03
1.300387666640389561e+01 4.763004195898351729e-03
1.315906907093613398e+01 6.663636001206812119e-03
1.331620923551991176e+01 9.157870314226639746e-03
1.347532160574090554e+01 1.235319603643693191e-02
1.363643093399189610e+01 1.639352944465293990e-02
1.379956228332335577e+01 2.137884309581046527e-02
1.396474103134257128e+01 2.738673425390002539e-02
1.413199287416128769e+01 3.451419121298883452e-02
1.430134383039325741e+01 4.281014474173804041e-02
1.447282024520186638e+01 5.218077463985739545e-02
1.464644879439844161e+01 6.219979353561942703e-02
1.482225648859216527e+01 7.272779889448954815e-02
1.500027067739198650e+01 8.383151521521729765e-02
1.518051905366122689e+01 9.568121432940550342e-02
1.536302965782565266e+01 1.084105652850160251e-01
1.554783088223563148e+01 1.219642877960595839e-01
1.573495147558293361e+01 1.362159869748287011e-01
1.592442054737311352e+01 1.510907082454622241e-01
1.611626757245393193e+01 1.665729829815909280e-01
1.631052239560056805e+01 1.826792784501416744e-01
1.650721523615847275e+01 1.993665623927911856e-01
1.670637669274446324e+01 2.166117910936728175e-01
1.690803774800678383e+01 2.343929340736358446e-01
1.711222977344494822e+01 2.526535999079016492e-01
1.731898453429016627e+01 2.712930118055518203e-01
1.752833419444669616e+01 2.902247689912336726e-01
1.774031132149560008e+01 3.093779472587111501e-01
1.795494889176114128e+01 3.286778911178570017e-01
1.817228029544064682e+01 3.481601661934395908e-01
1.839233934179898000e+01 3.678578377525133503e-01
1.861516026442808069e+01 3.876590864765904754e-01
1.884077772657247962e+01 4.074638963133477287e-01
1.906922682652171375e+01 4.272745515332406208e-01
1.930054310307045284e+01 4.470149164113340068e-01
1.953476254104700516e+01 4.666311406821489483e-01
1.977192157691152730e+01 4.862177969683317280e-01
2.001205710442404495e+01 5.057497159912117679e-01
2.025520648038395422e+01 5.252091519208169634e-01
2.050140753044145825e+01 5.444570646132497194e-01
2.075069855498191274e+01 5.634517580022836425e-01
2.100311833508399317e+01 5.823485448483299853e-01
2.125870613855289903e+01 6.011718360832239982e-01
2.151750172602875821e+01 6.197567675532990039e-01
2.177954535717224616e+01 6.380061790216986495e-01
2.204487779692748006e+01 6.559766363593435567e-01
2.231354032186370873e+01 6.737326550377269463e-01
2.258557472659644105e+01 6.912588162989522500e-01
2.286102333028941658e+01 7.085107939609532890e-01
2.313992898323777681e+01 7.254549692717088272e-01
2.342233507353422439e+01 7.421203740189350473e-01
2.370828553381870307e+01 7.585801627924287915e-01
2.399782484811277428e+01 7.748345378891586810e-01
2.429099805873977758e+01 7.908277253045196131e-01
2.458785077333201841e+01 8.065294480335115646e-01
2.488842917192548398e+01 8.219310224565183898e-01
2.519278001414403789e+01 8.369831221238798191e-01
2.550095064647355159e+01 8.517203462683042847e-01
2.581298900962735487e+01 8.662200197421263681e-01
2.612894364600434116e+01 8.804889738387065012e-01
2.644886370724016444e+01 8.944593816983220647e-01
2.677279896185382313e+01 9.081164257031414389e-01
2.710079980298973723e+01 9.214999213757184560e-01
2.743291725625732624e+01 9.345472731441526459e-01
2.776920298766872008e+01 9.471705618257757475e-01
2.810970931167622666e+01 9.593980771699968102e-01
2.845448919931083864e+01 9.713037822241890051e-01
2.880359628642234426e+01 9.829200516326063175e-01
2.915708488202352200e+01 9.942365675578503925e-01
2.951500997673860383e+01 1.005198268576706244e+00
2.987742725135787225e+01 1.015686259025482263e+00
3.024439308549996852e+01 1.025625559976278911e+00
3.061596456638219266e+01 1.035123618367749243e+00
3.099219949770155935e+01 1.044277599160123193e+00
3.137315640862701471e+01 1.052998114355299331e+00
3.175889456290456181e+01 1.061163828326616487e+00
3.214947396807659175e+01 1.068773062844045940e+00
3.254495538481700834e+01 1.075868651633230533e+00
3.294540033638369891e+01 1.082413131976206699e+00
3.335087111818903338e+01 1.088334290705878171e+00
3.376143080749117331e+01 1.093632233728356384e+00
3.417714327320663159e+01 1.098314604041916498e+00
3.459807318584599756e+01 1.102301190391060448e+00
3.502428602757474607e+01 1.105483488070162945e+00
3.545584810239952844e+01 1.107820262436810310e+00
3.589282654648310000e+01 1.109327996098824265e+00
3.634134309747568636e+01 1.109995361606901598e+00
3.678942701271604676e+01 1.109757714242365800e+00
3.724308727061133339e+01 1.108578119133720730e+00
3.770239326797854318e+01 1.106411396593255159e+00
3.816741526526820394e+01 1.103241669522625035e+00
3.863822439731278280e+01 1.099043575768658743e+00
3.911489268420784526e+01 1.093784706625657188e+00
3.959749304232897060e+01 1.087472688816030209e+00
4.008609929548619988e+01 1.080140575536520542e+00
4.058078618621673428e+01 1.071796384366468402e+00
4.108162938721816460e+01 1.062414805036466792e+00
4.158870551292456241e+01 1.051972288972709224e+00
4.210209213122612937e+01 1.040495578418952904e+00
4.262186777533451476e+01 1.028060220476584741e+00
4.314811195579675740e+01 1.014744343912875824e+00
4.368090517265731165e+01 1.000598013381813978e+00
4.422032892777290414e+01 9.856685703645934327e-01
4.476646573727962419e+01 9.700112830375678952e-01
4.531939914421528215e+01 9.536976041057829701e-01
4.587921373129965019e+01 9.368060737279333416e-01
4.644599513387240819e+01 9.194149047473429981e-01
4.701983005299356222e+01 9.016071700247612064e-01
4.760080626870588105e+01 8.834647906787477245e-01
4.818901265346238461e+01 8.650724101356747076e-01
4.878453918572181180e+01 8.465120434322180865e-01
4.938747696371248708e+01 8.278590215401355756e-01
4.999791821936727843e+01 8.091865081653769609e-01
5.061595633243314296e+01 7.905633828789470074e-01
5.124168584475509647e+01 7.720558879740135882e-01
5.187520247473808865e+01 7.537223733028396433e-01
5.251660313198987495e+01 7.356132990736624633e-01
5.316598593214452251e+01 7.177762407799019861e-01
5.382345021187197176e+01 7.002535046654509987e-01
5.448909654407334102e+01 6.830786526715145746e-01
5.516302675326539173e+01 6.662825723261762700e-01
5.584534393115733764e+01 6.498902385429684569e-01
5.653615245242010445e+01 6.339190986061766786e-01
5.723555799065342597e+01 6.183831415959787359e-01
5.794366753455037156e+01 6.032923801172025424e-01
5.866058940426324853e+01 5.886524157018799830e-01
5.938643326797426880e+01 5.744639656702256181e-01
6.012131015867051786e+01 5.607224561395588447e-01
6.086533249112972754e+01 5.474195988473177232e-01
6.161861407911607813e+01 5.345471440468981816e-01
6.238127015279000176e+01 5.221002507529004522e-01
6.315341737633575292e+01 5.100657176842493534e-01
6.393517386580736428e+01 4.984282041994593238e-01
6.472665920719651922e+01 4.871762649939269663e-01
6.552799447472639827e+01 4.762938854525237686e-01
6.633930224937238052e+01 4.657675421711643393e-01
6.716070663761269088e+01 4.555816581427457601e-01
6.799233329041419438e+01 4.457237161800697844e-01
6.883430942245216499e+01 4.361788477246084650e-01
6.968676383157141174e+01 4.269330697774063599e-01
7.054982691848827869e+01 4.179716003559685866e-01
7.142363070673755487e+01 4.092800423917983821e-01
7.230830886286935311e+01 4.008471197325422786e-01
7.320399671689501986e+01 3.926593745201217289e-01
7.411083128298974998e+01 3.847066291362367108e-01
7.502895128045125261e+01 3.769774775568530689e-01
7.595849715491935683e+01 3.694607855311778377e-01
7.689961109986099075e+01 3.621475771277257172e-01
7.785243707832127313e+01 3.550280679015624941e-01
7.881712084494502335e+01 3.480924055989088051e-01
7.979380996827417505e+01 3.413325034967157889e-01
8.078265385332069570e+01 3.347403971629475672e-01
8.178380376442105160e+01 3.283078054029370252e-01
8.279741284837605519e+01 3.220279029397080106e-01
8.382363615787683386e+01 3.158947839013576120e-01
8.486263067522432380e+01 3.099009465346823644e-01
8.591455533634265862e+01 3.040410521313554604e-01
8.697957105509111386e+01 2.983108229335059147e-01
8.805784074788050475e+01 2.927050223700527476e-01
8.914952935859334104e+01 2.872194953376306925e-01
9.025480388381642172e+01 2.818502822644840533e-01
9.137383339838615370e+01 2.765925854985288868e-01
9.250678908125155431e+01 2.714416915761856397e-01
9.365384424166070687e+01 2.663943291845020100e-01
9.481517434567075497e+01 2.614472404566444697e-01
9.599095704299033116e+01 2.565962396232222553e-01
9.718137219415405070e+01 2.518386825365154791e-01
9.838660189803633216e+01 2.471719813659970788e-01
9.960683051970640633e+01 2.425942159795771713e-01
1.008422447186322302e+02 2.381024630678502119e-01
1.020930334772323391e+02 2.336952929291349068e-01
1.033593881297860975e+02 2.293695270609586723e-01
1.046415023917015645e+02 2.251227809913340094e-01
1.059395723891478980e+02 2.209544698992366996e-01
1.072537966890581487e+02 2.168617535995455703e-01
1.085843763295027173e+02 2.128428961720776613e-01
1.099315148504437900e+02 2.088963994476794317e-01
1.112954183248703117e+02 2.050207922905445679e-01
1.126762953903206324e+02 2.012136926755697108e-01
1.140743572807994184e+02 1.974743036313599820e-01
1.154898178590884896e+02 1.938005893952109426e-01
1.169228936494632762e+02 1.901906711809186468e-01
1.183738038708140579e+02 1.866441082088132475e-01
1.198427704701792891e+02 1.831593135193954891e-01
1.213300181566986993e+02 1.797359207260766922e-01
1.228357744359853569e+02 1.763726353781587264e-01
1.243602696449292324e+02 1.730682580151290950e-01
1.259037369869307952e+02 1.698222881539927509e-01
1.274664125675750768e+02 1.666334033594516206e-01
1.290485354307477905e+02 1.635008775130632475e-01
1.306503475952040390e+02 1.604242570565697634e-01
1.322720940915878032e+02 1.574019685074202202e-01
1.339140229999167104e+02 1.544335707999027474e-01
1.355763854875299614e+02 1.515179418979888948e-01
1.372594358475088541e+02 1.486540576938001901e-01
1.389634315375782307e+02 1.458411730666319128e-01
1.406886332194878833e+02 1.430782469480905428e-01
1.424353047988878984e+02 1.403647294543400870e-01
1.442037134656978594e+02 1.376994159067182755e-01
1.459941297349783724e+02 1.350821236525756586e-01
1.478068274883138145e+02 1.325117786854295432e-01
1.496420840157060468e+02 1.299880349483985009e-01
1.515001800579937026e+02 1.275100226582333574e-01
1.533813998497965656e+02 1.250774863124766156e-01
1.552860311629941918e+02 1.226895047755597878e-01
1.572143653507488352e+02 1.203452627475078140e-01
1.591666973920713417e+02 1.180440104972814153e-01
1.611433259369470647e+02 1.157853184834021082e-01
1.631445533520185620e+02 1.135677831588375458e-01
1.651706857668402790e+02 1.113907736237481350e-01
1.672220331207057882e+02 1.092535315650364908e-01
1.692989092100618223e+02 1.071552403627044209e-01
1.714016317365071416e+02 1.050952914052133980e-01
1.735305223553946234e+02 1.030731146249812269e-01
1.756859067250334761e+02 1.010878698669444575e-01
1.778681145565045938e+02 9.913922231487613812e-02
1.800774796640996271e+02 9.722671054323987760e-02
1.823143400163814078e+02 9.534979160534108600e-02
1.845790377878863637e+02 9.350787362606442776e-02
1.868719194114656545e+02 9.170071618215470954e-02
1.891933356312787566e+02 8.992741165753685706e-02
1.915436415564493302e+02 8.818754906635743740e-02
1.939231967153835399e+02 8.648071111096972130e-02
1.963323651107704961e+02 8.480613243236032051e-02
1.987715152752619758e+02 8.316318867548759541e-02
2.012410203278486733e+02 8.155106848717610935e-02
2.037412580309342331e+02 7.996929179510690877e-02
2.062726108481252254e+02 7.841736843341508278e-02
2.088354660027334830e+02 7.689483058668689086e-02
2.114302155370127991e+02 7.540116622726146522e-02
2.140572563721290180e+02 7.393590037437922091e-02
2.167169903688758836e+02 7.249889839048767604e-02
2.194098243891512254e+02 7.108965325361969734e-02
2.221361703581912650e+02 6.970775264359931056e-02
2.248964453275867186e+02 6.835274277928302111e-02
2.276910715390776829e+02 6.702426372892857087e-02
2.305204764891433342e+02 6.572179863958235724e-02
2.333850929943995425e+02 6.444479093820969229e-02
2.362853592578034920e+02 6.319279162970509178e-02
2.392217189356893243e+02 6.196507688497317895e-02
2.421946212056333252e+02 6.076130601772790352e-02
2.452045208351629810e+02 5.958104491857764418e-02
2.482518782513276108e+02 5.842353471205587179e-02
2.513371596111254007e+02 5.728851505682076850e-02
2.544608368728158894e+02 5.617567848337241820e-02
2.576233878681138094e+02 5.508454212777978698e-02
2.608252963752839264e+02 5.401481113748748258e-02
2.640670521931438657e+02 5.296615225343957040e-02
2.673491512159918670e+02 5.193821693731125871e-02
2.706720955094605756e+02 5.093062324079132563e-02
2.740363933873217661e+02 4.994289457198438503e-02
2.774425594892421714e+02 4.897470873456951507e-02
2.808911148595068994e+02 4.802563861808738926e-02
2.843825870267273785e+02 4.709513134641243881e-02
2.879175100845339443e+02 4.618290567631162108e-02
2.914964247732804665e+02 4.528842592056615823e-02
2.951198785627598227e+02 4.441130661137202701e-02
2.987884257359494882e+02 4.355109537592689872e-02
3.025026274738049210e+02 4.270760422656434685e-02
3.062630519410983538e+02 4.188048279363743021e-02
3.100702743733369289e+02 4.106942757651695780e-02
3.139248771647531271e+02 4.027403099060528763e-02
3.178274499573969933e+02 3.949400424587078129e-02
3.217785897313301007e+02 3.872904007961922024e-02
3.257789008959516082e+02 3.797892734028553846e-02
3.298289953824498753e+02 3.724310732120256900e-02
3.339294927374144777e+02 3.652153019616560803e-02
3.380810202176074313e+02 3.581370212653663121e-02
3.422842128859122681e+02 3.511928543183572698e-02
3.465397137084856354e+02 3.443800343973902472e-02
3.508481736531071533e+02 3.376944689954158862e-02
3.552102517887622071e+02 3.311356196890048731e-02
3.596266153864597186e+02 3.246975039852263711e-02
3.640979400213018948e+02 3.183806715222385619e-02
3.686249096758330097e+02 3.121804370757621377e-02
3.732082168446631840e+02 3.060971674925463959e-02
3.778485626404049640e+02 3.001269106138973464e-02
3.825466569009206523e+02 2.942675535812630180e-02
3.873032182979049480e+02 2.885177926129064985e-02
3.921189744468256322e+02 2.828742510256425022e-02
3.969946620182223000e+02 2.773359279765975904e-02
4.019310268503997463e+02 2.718998683152169110e-02
4.069288240635173679e+02 2.665625119798944315e-02
4.119888181751021534e+02 2.613244687520604667e-02
4.171117832169930466e+02 2.561821524781266249e-02
4.222985028537530638e+02 2.511344007975440176e-02
4.275497705025389337e+02 2.461796329043124121e-02
4.328663894544774280e+02 2.413156653422833531e-02
4.382491729975429280e+02 2.365411610945581528e-02
4.436989445409636232e+02 2.318553399954483007e-02
4.492165377411862437e+02 2.272559289480643313e-02
4.548027966293935833e+02 2.227425651631866760e-02
4.604585757406229050e+02 2.183129662260919340e-02
4.661847402444827821e+02 2.139662420646138569e-02
4.719821660774950942e+02 2.097019068632259564e-02
4.778517400770954282e+02 2.055182761078294673e-02
4.837943601172852368e+02 2.014140015881414267e-02
4.898109352459871957e+02 1.973883466234215012e-02
4.959023858241004632e+02 1.934405461578903723e-02
5.020696436662855149e+02 1.895691137689224648e-02
5.083136521835126587e+02 1.857736669678827085e-02
5.146353665273671822e+02 1.820527152174775468e-02
5.210357537361679761e+02 1.784055085122005987e-02
5.275157928828915601e+02 1.748313088700234261e-02
5.340764752249434650e+02 1.713283373869492476e-02
5.407188043557887340e+02 1.678957659317440593e-02
5.474437963584790623e+02 1.645330794915942849e-02
5.542524799610752098e+02 1.612385739141626237e-02
5.611458966940203936e+02 1.580114813925112549e-02
5.681251010494614775e+02 1.548506212395042887e-02
5.751911606425508126e+02 1.517550153022043449e-02
5.823451563747693172e+02 1.487237308412532599e-02
5.895881825992635186e+02 1.457549014324022868e-02
5.969213472882574933e+02 1.428478323317271780e-02
6.043457722025372050e+02 1.400008503995379960e-02
6.118625930630441871e+02 1.372130689132616474e-02
6.194729597246144976e+02 1.344826230652561988e-02
6.271780363518653303e+02 1.318087852125034674e-02
6.349790015972860147e+02 1.291899467685411231e-02
6.428770487815322667e+02 1.266250608267491945e-02
6.508733860759726895e+02 1.241129812344394720e-02
6.589692366874980962e+02 1.216523581743567985e-02
6.671658390456464076e+02 1.192418483488970685e-02
6.754644469920347092e+02 1.168804166461228332e-02
6.838663299721713429e+02 1.145667846261266137e-02
6.923727732296373460e+02 1.123002197041327206e-02
7.009850780026962411e+02 1.100791272123637608e-02
7.097045617233336543e+02 1.079025720106840426e-02
7.185325582188045246e+02 1.057696539532903927e-02
7.274704179156565260e+02 1.036793875090389130e-02
7.365195080463105342e+02 1.016305860835960313e-02
7.456812128582092782e+02 9.962251432755015942e-03
7.549569338255555522e+02 9.765428930516588737e-03
7.643480898637147902e+02 9.572496958701336850e-03
7.738561175462559731e+02 9.383383479055092818e-03
7.834824713247083992e+02 9.198001213730251299e-03
7.932286237510501223e+02 9.016265650949909297e-03
8.030960657029693266e+02 8.838111327150562774e-03
8.130863066119123914e+02 8.663460746802131851e-03
8.232008746940014134e+02 8.492242980182152998e-03
8.334413171837954906e+02 8.324390982429302061e-03
8.438092005709772820e+02 8.159825586783395202e-03
8.543061108399682553e+02 7.998498371240069654e-03
8.649336537125578843e+02 7.840344510881232243e-03
8.756934548935188332e+02 7.685307058872265298e-03
8.865871603192963448e+02 7.533327026120925987e-03
8.976164364097870703e+02 7.384332445042583910e-03
9.087829703232588372e+02 7.238265699116668873e-03
9.200884702144201128e+02 7.095072915979513603e-03
9.315346654957414785e+02 6.954700889836983035e-03
9.431233071019886438e+02 6.817086685344573606e-03
9.548561677580709102e+02 6.682177003489844780e-03
9.667350422502179299e+02 6.549916817850612999e-03
9.787617477005161390e+02 6.420261342953643806e-03
9.909381238448971772e+02 6.293160441709992267e-03
1.003266033314549986e+03 6.168562390536458905e-03
1.015747361920850835e+03 6.046421612163934735e-03
1.028384018943841738e+03 5.926681622669589984e-03
1.041177937424293987e+03 5.809300907658313841e-03
1.054131074459392721e+03 5.694240926356117401e-03
1.067245411502141678e+03 5.581454896610570093e-03
1.080522954664450253e+03 5.470890510615779648e-03
1.093965735024018159e+03 5.362503216935786410e-03
1.107575808935014720e+03 5.256264994963485808e-03
1.121355258342667184e+03 5.152134802411910408e-03
1.135306191101720287e+03 5.050064307116020057e-03
1.149430741298880321e+03 4.950005977792743851e-03
1.163731069579270979e+03 4.851928910710789911e-03
1.178209363476943736e+03 4.755794138274038740e-03
1.192867837749517548e+03 4.661563966599562188e-03
1.207708734716950175e+03 4.569200457310007395e-03
1.222734324604576841e+03 4.478666635630736484e-03
1.237946905890369635e+03 4.389926317881068414e-03
1.253348805656548848e+03 4.302943971394256745e-03
1.268942379945536004e+03 4.217684741076969078e-03
1.284730014120392525e+03 4.134114527349920173e-03
1.300714123229688767e+03 4.052199908746785539e-03
1.316897152376943723e+03 3.971908059337022831e-03
1.333281577094651539e+03 3.893206825538934705e-03
1.349869903722974186e+03 3.816064747799775749e-03
1.366664669793114854e+03 3.740450945747786707e-03
1.383668444415520071e+03 3.666335110213040684e-03
1.400883828672856907e+03 3.593687586857418487e-03
1.418313456017913722e+03 3.522479329350398317e-03
1.435959992676419006e+03 3.452685435044213370e-03
1.453826138054931107e+03 3.384280002475620764e-03
1.471914625153745646e+03 3.317229606687580479e-03
1.490228220984970449e+03 3.251507423410427214e-03
1.508769726995798919e+03 3.187087109382208058e-03
1.527541979497048260e+03 3.123942890068704716e-03
1.546547850097040737e+03 3.062049524147168224e-03
1.565790246140848694e+03 3.001382225495967740e-03
1.585272111155074526e+03 2.941916687518687529e-03
1.604996425298096028e+03 2.883629134642598686e-03
1.624966205815959711e+03 2.826496252246691373e-03
1.645184507503902978e+03 2.770495141281185524e-03
1.665654423173690702e+03 2.715603388623400415e-03
1.686379084126695716e+03 2.661799045454416555e-03
1.707361660632908297e+03 2.609060572537149052e-03
1.728605362415889658e+03 2.557366834443788525e-03
1.750113439143778578e+03 2.506697155703059392e-03
1.771889180926363906e+03 2.457031270285918358e-03
1.793935918818418713e+03 2.408349276847993482e-03
1.816257025329228327e+03 2.360631684624550381e-03
1.838855914938499609e+03 2.313859407962033220e-03
1.861736044618645110e+03 2.268013728012585693e-03
1.884900914363648099e+03 2.223076268533936452e-03
1.908354067724425931e+03 2.179029051569050107e-03
1.932099092350901174e+03 2.135854457780529160e-03
1.956139620540804572e+03 2.093535191934948938e-03
1.980479329795312196e+03 2.052054306017323665e-03
2.005121943381604979e+03 2.011395204196715983e-03
2.030071230902385878e+03 1.971541616482790429e-03
2.055331008872571147e+03 1.932477569204271110e-03
2.080905141303070195e+03 1.894187430406398323e-03
2.106797540291885525e+03 1.856655879702740364e-03
2.133012166622513632e+03 1.819867886446618118e-03
2.159553030369884254e+03 1.783808715087986012e-03
2.186424191513749520e+03 1.748463934936082776e-03
2.213629760559748320e+03 1.713819402978942639e-03
2.241173899168198659e+03 1.679861236006868069e-03
2.269060820790707567e+03 1.646575842069217905e-03
2.297294791314715894e+03 1.613949899606046713e-03
2.325880129716019837e+03 1.581970345215909495e-03
2.354821208719505194e+03 1.550624368061237750e-03
2.384122455468009775e+03 1.519899421202194770e-03
2.413788352199535893e+03 1.489783208832481639e-03
2.443823436932940695e+03 1.460263664557370561e-03
2.474232304162097989e+03 1.431328971375574535e-03
2.505019605558723924e+03 1.402967545858587253e-03
2.536190050683946993e+03 1.375168032988790048e-03
2.567748407708737432e+03 1.347919297164993941e-03
2.599699504143309241e+03 1.321210430012393928e-03
2.632048227575542569e+03 1.295030740458487893e-03
2.664799526418703408e+03 1.269369740537934586e-03
2.697958410668378292e+03 1.244217157527691131e-03
2.731529952668866827e+03 1.219562919420151331e-03
2.765519287889059342e+03 1.195397155231383689e-03
2.799931615708084792e+03 1.171710186500473337e-03
2.834772200210618394e+03 1.148492529940238266e-03
2.870046370992147331e+03 1.125734889252311957e-03
2.905759523974236799e+03 1.103428148364345163e-03
2.941917122229956021e+03 1.081563377443831410e-03
2.978524696819578821e+03 1.060131819263393201e-03
3.015587847636622882e+03 1.039124892178065144e-03
3.053112244264554647e+03 1.018534183685586899e-03
3.091103626844002974e+03 9.983514503438778269e-04
3.129567806950878094e+03 9.785686086537714531e-04
3.168510668485310816e+03 9.591777342529341378e-04
3.207938168571800361e+03 9.401710655137304621e-04
3.247856338470425271e+03 9.215409891482206775e-04
3.288271284499465764e+03 9.032800437553330274e-04
3.329189188969493443e+03 8.853809164509822242e-04
3.370616311129097539e+03 8.678364423953509061e-04
3.412558988122313622e+03 8.506395927061032036e-04
3.455023635958102204e+03 8.337834783748804485e-04
3.498016750491760376e+03 8.172613535383062766e-04
3.541544908418624345e+03 8.010666000593839268e-04
3.585614768280058797e+03 7.851927302297681327e-04
3.630233071482090054e+03 7.696333866400770869e-04
3.675406643326616631e+03 7.543823424126972106e-04
3.721142394055470959e+03 7.394334859670029193e-04
3.767447319907494602e+03 7.247808281798763042e-04
3.814328504188757961e+03 7.104185053472853806e-04
3.861793118356120431e+03 6.963407651432524043e-04
3.909848423114182424e+03 6.825419665122339037e-04
3.958501769526067619e+03 6.690165821665361489e-04
4.007760600137842175e+03 6.557592007683748061e-04
4.057632450117062945e+03 6.427645090842701693e-04
4.108124948405351461e+03 6.300272999611082701e-04
4.159245818885511653e+03 6.175424757596649581e-04
4.211002881562989387e+03 6.053050373468168207e-04
4.263404053762115836e+03 5.933100798524669744e-04
4.316457351337240652e+03 5.815527974956068158e-04
4.370170889898936366e+03 5.700284875264038887e-04
4.424552886055369527e+03 5.587325315118784989e-04
4.479611658669335156e+03 5.476604018738675693e-04
4.535355630130687132e+03 5.368076666677252954e-04
4.591793327644805686e+03 5.261699816648629470e-04
4.648933384536899212e+03 5.157430822116522385e-04
4.706784541572777016e+03 5.055227900063853988e-04
4.765355648295863830e+03 4.955050172931599935e-04
4.824655664380925373e+03 4.856857502131891745e-04
4.884693661004652313e+03 4.760610520854463698e-04
4.945478822233279971e+03 4.666270694253768546e-04
5.007020446427503884e+03 4.573800271741607776e-04
5.069327947664775820e+03 4.483162180039185554e-04
5.132410857179511368e+03 4.394320089810624386e-04
5.196278824821004491e+03 4.307238462629221949e-04
5.260941620529606553e+03 4.221882419144537373e-04
5.326409135831187086e+03 4.138217730445295744e-04
5.392691385350346536e+03 4.056210889316290945e-04
5.459798508342282730e+03 3.975829090301071043e-04
5.527740770243844054e+03 3.897040110862903545e-04
5.596528564243817527e+03 3.819812360922990183e-04
5.666172412872821042e+03 3.744114941815566825e-04
5.736682969612843408e+03 3.669917546605467782e-04
5.808071020527069777e+03 3.597190413879878070e-04
5.880347485909716852e+03 3.525904410320120823e-04
5.953523421956610946e+03 3.456031021473617406e-04
6.027610022456306979e+03 3.387547183359623576e-04
6.102618620502627891e+03 3.320424397631553106e-04
6.178560690228126077e+03 3.254631533552782485e-04
6.255447848559392696e+03 3.190142265698650342e-04
6.333291856994043883e+03 3.126930734640759237e-04
6.412104623399920456e+03 3.064971619840327712e-04
6.491898203836682114e+03 3.004240139416849737e-04
6.572684804399883433e+03 2.944711971997272305e-04
6.654476783088368393e+03 2.886363243703441079e-04
6.737286651694530519e+03 2.829170602740952193e-04
6.821127077718331748e+03 2.773111168659027803e-04
6.906010886304936321e+03 2.718162469077494824e-04
6.991951062206768256e+03 2.664302486103847832e-04
7.078960751769677699e+03 2.611509672267058784e-04
7.167053264943983777e+03 2.559762892965104569e-04
7.256242077320484896e+03 2.509041392674523697e-04
7.346540832191881236e+03 2.459324867582839916e-04
7.437963342639786788e+03 2.410593426803266169e-04
7.530523593647625603e+03 2.362827542657660142e-04
7.624235744240107124e+03 2.316008070453292927e-04
7.719114129649030474e+03 2.270116275021862788e-04
7.815173263506201693e+03 2.225133787937528499e-04
7.912427840063493022e+03 2.181042569668983596e-04
8.010892736440810950e+03 2.137824966220599435e-04
8.110583014901725619e+03 2.095463683070288800e-04
8.211513925157632912e+03 2.053941751268544707e-04
8.313700906700461928e+03 2.013242525785053510e-04
8.417159591164545418e+03 1.973349716735926795e-04
8.521905804717636784e+03 1.934247357973015429e-04
8.627955570482090479e+03 1.895919772920753041e-04
8.735325110985751962e+03 1.858351611357075047e-04
8.844030850643663143e+03 1.821527836050794652e-04
8.954089418270312308e+03 1.785433700498508707e-04
9.065517649623612670e+03 1.750054734059621050e-04
9.178332589980143894e+03 1.715376774285800091e-04
9.292551496742593372e+03 1.681385940690710307e-04
9.408191842079650087e+03 1.648068610296659221e-04
9.525271315598749425e+03 1.615411437168981002e-04
9.643807827052083667e+03 1.583401346760937686e-04
9.763819509076127360e+03 1.552025522177947483e-04
9.885324719965648910e+03 1.521271385565805450e-04
1.000834204648182094e+04 1.491126624545934508e-04
1.013289030669554813e+04 1.461579170300397984e-04
1.025898855286590697e+04 1.432617183875194438e-04
1.038665607435484344e+04 1.404229063033152376e-04
1.051591240057772484e+04 1.376403439757388058e-04
1.064677730399078246e+04 1.349129173117096631e-04
1.077927080311575810e+04 1.322395331853515343e-04
1.091341316560219821e+04 1.296191211950132878e-04
1.104922491132760661e+04 1.270506319664852716e-04
1.118672681553667644e+04 1.245330365732636455e-04
1.132593991201912650e+04 1.220653264550254380e-04
1.146688549632732611e+04 1.196465132605168508e-04
1.160958512903372866e+04 1.172756284614183273e-04
1.175406063902928690e+04 1.149517220164099482e-04
1.190033412686244628e+04 1.126738634066177234e-04
1.204842796811994776e+04 1.104411402279133691e-04
1.219836481684961109e+04 1.082526581286198317e-04
1.235016760902578244e+04 1.061075405111152958e-04
1.250385956605787396e+04 1.040049281575913142e-04
1.265946419834242624e+04 1.019439789946909882e-04
1.281700530885975604e+04 9.992386726485937292e-05
1.297650699681496189e+04 9.794378413839255793e-05
1.313799366132445357e+04 9.600293630392350602e-05
1.330149000514816908e+04 9.410054631240455901e-05
1.346702103846862155e+04 9.223585231571758316e-05
1.363461208271657415e+04 9.040810741022062974e-05
1.380428877444448335e+04 8.861657943505036250e-05
1.397607706924819831e+04 8.686055060861652666e-05
1.415000324573742728e+04 8.513931792854121305e-05
1.432609390955539857e+04 8.345219166786753103e-05
1.450437599744907311e+04 8.179849595629521612e-05
1.468487678138947194e+04 8.017756860993497650e-05
1.486762387274357934e+04 7.858876043550673258e-05
1.505264522649787978e+04 7.703143483866601215e-05
1.523996914553500937e+04 7.550496782892385651e-05
1.542962428496300890e+04 7.400874844000494542e-05
1.562163965649877900e+04 7.254217707756941574e-05
1.581604463290605963e+04 7.110466612674283830e-05
1.601286895248861947e+04 6.969563995790662998e-05
1.621214272363933196e+04 6.831453437281448165e-05
1.641389642944574007e+04 6.696079587037754525e-05
1.661816093235335575e+04 6.563388195319325678e-05
1.682496747888655955e+04 6.433326165827826467e-05
1.703434770442848458e+04 6.305841380410047393e-05
1.724633363806000489e+04 6.180882747672685710e-05
1.746095770745978007e+04 6.058400225329030878e-05
1.767825274386432284e+04 5.938344783872420447e-05
1.789825198709041797e+04 5.820668298853552399e-05
1.812098909061977611e+04 5.705323606640548198e-05
1.834649812674713030e+04 5.592264555816130048e-05
1.857481359179201536e+04 5.481445850226487621e-05
1.880597041137611086e+04 5.372823067409531503e-05
1.904000394576562394e+04 5.266352699246506803e-05
1.927694999528045446e+04 5.161992140101287599e-05
1.951684480577032082e+04 5.059699554047859452e-05
1.975972507415980726e+04 4.959433936824354924e-05
2.000562795406157602e+04 4.861155166003525195e-05
2.025459106145989790e+04 4.764823879584659673e-05
2.050665248046477063e+04 4.670401453572836648e-05
2.076185076913773446e+04 4.577850058310373085e-05
2.102022496539016720e+04 4.487132670080696238e-05
2.128181459295459354e+04 4.398212925305460268e-05
2.154665966743123863e+04 4.311055172063641355e-05
2.181480070240889836e+04 4.225624526954268234e-05
2.208627871566246176e+04 4.141886787198863229e-05
2.236113523542712574e+04 4.059808370842120991e-05
2.263941230675151382e+04 3.979356387178385653e-05
2.292115249792900795e+04 3.900498656434602657e-05
2.320639890700956676e+04 3.823203576422102114e-05
2.349519516839241987e+04 3.747440148913318628e-05
2.378758545950090047e+04 3.673178043194726854e-05
2.408361450754039106e+04 3.600387539033929178e-05
2.438332759633989554e+04 3.529039444403157810e-05
2.468677057327974399e+04 3.459105161264098129e-05
2.499398985630447351e+04 3.390556714420884241e-05
2.530503244102370445e+04 3.323366643502956259e-05
2.561994590790058646e+04 3.257507996538101585e-05
2.593877842953094660e+04 3.192954399874458216e-05
2.626157877801179347e+04 3.129688379956325101e-05
2.658839633240218973e+04 3.067675971450844097e-05
2.691928108627679467e+04 3.006892221623295896e-05
2.725428365537351056e+04 2.947312817988635960e-05
2.759345528533584002e+04 2.888913909352424937e-05
2.793684785955256666e+04 2.831672072924636927e-05
2.828451390709399129e+04 2.775564387733777693e-05
2.863650661074759410e+04 2.720568411353747090e-05
2.899287981515300271e+04 2.666662107123074160e-05
2.935368803503927484e+04 2.613823861882886155e-05
2.971898646356368045e+04 2.562032535001562098e-05
3.008883098075472662e+04 2.511267398785508898e-05
3.046327816206018542e+04 2.461508095395841171e-05
3.084238528700151437e+04 2.412734695159276887e-05
3.122621034793601575e+04 2.364927685057971652e-05
3.161481205892753496e+04 2.318067917119166299e-05
3.200824986472875025e+04 2.272136600121070756e-05
3.240658394987397696e+04 2.227115351482624849e-05
3.280987524788589508e+04 2.182986155758681954e-05
3.321818545059610915e+04 2.139731321921451012e-05
3.363157701758296753e+04 2.097333520584713980e-05
3.405011318572552409e+04 2.055775785687107295e-05
3.447385797887713125e+04 2.015041478098804112e-05
3.490287621765912627e+04 1.975114261306172835e-05
3.533723352937675372e+04 1.935978152650609692e-05
3.577699635805760045e+04 1.897617490650904470e-05
3.622223197461642121e+04 1.860016902379529383e-05
3.667300848714516178e+04 1.823161320621773904e-05
3.712939485133170820e+04 1.787035993825171297e-05
3.759146088100753695e+04 1.751626460792425223e-05
3.805927725882815139e+04 1.716918522304670302e-05
3.853291554708474723e+04 1.682898282438368442e-05
3.901244819865145109e+04 1.649552124231246924e-05
3.949794856806840835e+04 1.616866688729295200e-05
3.998949092276292504e+04 1.584828876738556089e-05
4.048715045441035909e+04 1.553425862172207463e-05
4.099100329043567763e+04 1.522645075316940511e-05
4.150112650565961667e+04 1.492474176186672370e-05
4.201759813408832269e+04 1.462901083217168378e-05
4.254049718085054337e+04 1.433913956835075552e-05
4.306990363428250566e+04 1.405501187399127533e-05
4.360589847816474503e+04 1.377651387530589725e-05
4.414856370410967065e+04 1.350353406242813245e-05
4.469798232410398487e+04 1.323596316096070411e-05
4.525423838320717186e+04 1.297369392924347145e-05
4.581741697240806388e+04 1.271662133506133485e-05
4.638760424164061988e+04 1.246464243654333971e-05
4.696488741296339140e+04 1.221765632607745704e-05
4.754935479390130058e+04 1.197556402831254469e-05
4.814109579095443041e+04 1.173826860187941824e-05
4.874020092327385646e+04 1.150567503586371101e-05
4.934676183650961320e+04 1.127769012978024156e-05
4.996087131682909239e+04 1.105422257910136087e-05
5.058262330511071923e+04 1.083518287867713251e-05
5.121211291131426697e+04 1.062048331400660562e-05
5.184943642902978900e+04 1.041003786648924983e-05
5.249469135020810063e+04 1.020376226385895202e-05
5.314797638007326168e+04 1.000157389401555284e-05
5.380939145222291700e+04 9.803391753554611834e-06
5.447903774391433399e+04 9.609136477299143352e-06
5.515701769154207432e+04 9.418730248063358654e-06
5.584343500630684866e+04 9.232096811965090344e-06
5.653839469008162268e+04 9.049161405672174194e-06
5.724200305147310428e+04 8.869850778515819714e-06
5.795436772208385082e+04 8.694093099147960526e-06
5.867559767297698272e+04 8.521817956660710053e-06
5.940580323134570790e+04 8.352956372330107410e-06
6.014509609738927975e+04 8.187440697358659464e-06
6.089358936140121659e+04 8.025204634347712449e-06
6.165139752106802189e+04 7.866183195747758451e-06
6.241863649898430594e+04 7.710312718050933229e-06
6.319542366038474574e+04 7.557530743796141818e-06
6.398187783109892916e+04 7.407776064200954364e-06
6.477811931572725734e+04 7.260988730701746477e-06
6.558426991604440263e+04 7.117109939310102745e-06
6.640045294963127526e+04 6.976082046233549317e-06
6.722679326873914397e+04 6.837848557679956388e-06
6.806341727938863914e+04 6.702354146295458523e-06
6.891045296070509357e+04 6.569544507817412351e-06
6.976802988449727127e+04 6.439366430797623090e-06
7.063627923507698870e+04 6.311767807995300212e-06
7.151533382932703535e+04 6.186697530446757924e-06
7.240532813701720443e+04 6.064105478407138943e-06
7.330639830137584067e+04 5.943942538487180212e-06
7.421868215991489706e+04 5.826160627930280845e-06
7.514231926551500510e+04 5.710712539659999682e-06
7.607745090777335281e+04 5.597552010744983025e-06
7.702422013461661118e+04 5.486633743235750678e-06
7.798277177418358042e+04 5.377913321625078276e-06
7.895325245697831269e+04 5.271347168120465701e-06
7.993581063830235507e+04 5.166892582402045898e-06
8.093059662096262036e+04 5.064507778209205715e-06
8.193776257826418441e+04 4.964151723286759770e-06
8.295746257728686032e+04 4.865784193274880623e-06
8.398985260245519748e+04 4.769365806943763551e-06
8.503509057939800550e+04 4.674857968440938156e-06
8.609333639910684724e+04 4.582222788956550087e-06
8.716475194239467965e+04 4.491423144532677835e-06
8.824950110465921171e+04 4.402422714123184427e-06
8.934774982095281302e+04 4.315185837880679607e-06
9.045966609136774787e+04 4.229677541792017397e-06
9.158542000673398434e+04 4.145863585597214049e-06
9.272518377463886281e+04 4.063710430955853475e-06
9.387913174576824531e+04 3.983185141655771668e-06
9.504744044057944848e+04 3.904255439656523241e-06
9.623028857630220591e+04 3.826889748760923813e-06
9.742785709427765687e+04 3.751057082227440128e-06
9.864032918763687485e+04 3.676727031090262582e-06
9.986789032932439295e+04 3.603869823104964571e-06
1.011107283004703058e+05 3.532456314032460193e-06
1.023690332191138150e+05 3.462457877632231187e-06
1.036429975692882581e+05 3.393846447051052841e-06
1.049328162304642028e+05 3.326594569205068095e-06
1.062386865073592198e+05 3.260675320027542351e-06
1.075608081601220765e+05 3.196062259861024431e-06
1.088993834348888340e+05 3.132729503485274564e-06
1.102546170947207866e+05 3.070651718905518106e-06
1.116267164509273571e+05 3.009804029942625773e-06
1.130158913947786787e+05 2.950162031627620660e-06
1.144223544296128239e+05 2.891707950018014723e-06
1.158463207033432554e+05 2.834413798830473659e-06
1.172880080413680989e+05 2.778254784761346276e-06
1.187476369798939268e+05 2.723208410505888569e-06
1.202254307996701973e+05 2.669252661043507974e-06
1.217216155601430655e+05 2.616365929699268921e-06
1.232364201340387663e+05 2.564527006976085716e-06
1.247700762423727574e+05 2.513715145003543513e-06
1.263228184898965119e+05 2.463910018675518891e-06
1.278948844009854365e+05 2.415091664154093726e-06
1.294865144559730397e+05 2.367240518609168930e-06
1.310979521279380715e+05 2.320337440425395525e-06
1.327294439199466142e+05 2.274363654299444211e-06
1.343812394027630507e+05 2.229300721580097243e-06
1.360535912530256028e+05 2.185130602583033417e-06
1.377467552918969304e+05 2.141835627774123037e-06
1.394609905242003442e+05 2.099398449794152208e-06
1.411965591780380637e+05 2.057802058666538344e-06
1.429537267449049687e+05 2.017029811131625696e-06
1.447327620203010156e+05 1.977065389512069755e-06
1.465339371448492166e+05 1.937892768310906970e-06
1.483575276459250599e+05 1.899496262163049159e-06
1.502038124798051431e+05 1.861860507938023248e-06
1.520730740743363858e+05 1.824970431679227770e-06
1.539655983721434604e+05 1.788811244326611300e-06
1.558816748743676289e+05 1.753368474888830006e-06
1.578215966849500546e+05 1.718627939988882980e-06
1.597856605554720154e+05 1.684575713441162738e-06
1.617741669305468677e+05 1.651198156736006883e-06
1.637874199937795638e+05 1.618481911945495625e-06
1.658257277142984385e+05 1.586413879642204729e-06
1.678894018938651425e+05 1.554981202672099399e-06
1.699787582145712513e+05 1.524171300067338722e-06
1.720941162871292909e+05 1.493971841140782631e-06
1.742357996997610608e+05 1.464370724224375225e-06
1.764041360677020275e+05 1.435356091577378650e-06
1.785994570833111939e+05 1.406916328745801044e-06
1.808220985668156936e+05 1.379040050487710416e-06
1.830724005176783248e+05 1.351716081946786861e-06
1.853507071666083939e+05 1.324933484890535215e-06
1.876573670282191306e+05 1.298681538274770183e-06
1.899927329543399392e+05 1.272949725414157377e-06
1.923571621879928571e+05 1.247727737774577815e-06
1.947510164180409338e+05 1.223005476815121343e-06
1.971746618345128954e+05 1.198773046140721308e-06
1.996284691846244095e+05 1.175020734127776414e-06
2.021128138294893142e+05 1.151739030943337672e-06
2.046280758015361498e+05 1.128918614857204623e-06
2.071746398626473965e+05 1.106550345922857536e-06
2.097528955630133860e+05 1.084625263076057855e-06
2.123632373007228016e+05 1.063134586537068576e-06
2.150060643820943660e+05 1.042069712873875819e-06
2.176817810827590583e+05 1.021422201749811816e-06
2.203907967095023196e+05 1.001183786061149947e-06
2.231335256628770730e+05 9.813463607444958641e-07
2.259103875005914888e+05 9.619019813121658833e-07
2.287218070016953279e+05 9.428428592519618472e-07
2.315682142315511883e+05 9.241613618782316046e-07
2.344500446076293010e+05 9.058500089627717452e-07
2.373677389661087363e+05 8.879014644285609982e-07
2.403217436293145583e+05 8.703085422471891164e-07
2.433125104739918315e+05 8.530641952236698104e-07
2.463404970004292845e+05 8.361615173405547728e-07
2.494061664024438069e+05 8.195937396734296335e-07
2.525099876382366347e+05 8.033542271873621903e-07
2.556524355021262600e+05 7.874364759642346067e-07
2.588339906971841701e+05 7.718341092652017009e-07
2.620551399087653554e+05 7.565408812329359032e-07
2.653163758789541316e+05 7.415506648346265544e-07
2.686181974819449824e+05 7.268574563229670137e-07
2.719611098003526567e+05 7.124553722991025362e-07
2.753456242024748353e+05 6.983386456901786978e-07
2.787722584205177845e+05 6.845016214581842869e-07
2.822415366297936416e+05 6.709387561154937746e-07
2.857539895289041451e+05 6.576446215110483673e-07
2.893101544209232088e+05 6.446138912714685863e-07
2.929105752955842763e+05 6.318413455324668082e-07
2.965558029125026078e+05 6.193218699668801351e-07
3.002463948854163173e+05 6.070504524928549329e-07
3.039829157674937160e+05 5.950221760191838098e-07
3.077659371376878698e+05 5.832322213469334442e-07
3.115960376881735283e+05 5.716758709572454811e-07
3.154738033128698589e+05 5.603484949822004546e-07
3.193998271970653441e+05 5.492455548484438299e-07
3.233747099081574706e+05 5.383626044544673561e-07
3.273990594875239767e+05 5.276952881916997560e-07
3.314734915435295552e+05 5.172393307670347580e-07
3.355986293457044521e+05 5.069905426087471966e-07
3.397751039200825035e+05 4.969448231226495507e-07
3.440035541457255022e+05 4.870981484394199600e-07
3.482846268524613115e+05 4.774465723522342402e-07
3.526189769198246067e+05 4.679862293013936218e-07
3.570072673772359267e+05 4.587133343285605135e-07
3.614501695054254960e+05 4.496241708023775932e-07
3.659483629391198047e+05 4.407150962146141046e-07
3.705025357710061362e+05 4.319825456718344539e-07
3.751133846569921006e+05 4.234230224207672358e-07
3.797816149227674468e+05 4.150330953058975136e-07
3.845079406717077945e+05 4.068094032762032889e-07
3.892930848941068398e+05 3.987486572497023408e-07
3.941377795777684660e+05 3.908476267070006665e-07
3.990427658199888538e+05 3.831031445559039172e-07
4.040087939409160754e+05 3.755121114022719213e-07
4.090366235983293736e+05 3.680714887811545206e-07
4.141270239038445870e+05 3.607782934146978883e-07
4.192807735405658023e+05 3.536296030550571548e-07
4.244986608822026174e+05 3.466225589010692332e-07
4.297814841136618052e+05 3.397543534176545519e-07
4.351300513531572651e+05 3.330222328757456671e-07
4.405451807758218492e+05 3.264235023821296285e-07
4.460277007388607599e+05 3.199555216569977895e-07
4.515784499082755647e+05 3.136156974095734974e-07
4.571982773871493991e+05 3.074014887978556546e-07
4.628880428455360816e+05 3.013104104203093367e-07
4.686486166519647813e+05 2.953400227304802840e-07
4.744808800065818941e+05 2.894879314106198071e-07
4.803857250759475864e+05 2.837517931425705497e-07
4.863640551295147161e+05 2.781293135639645542e-07
4.924167846777934465e+05 2.726182387878643900e-07
4.985448396122582490e+05 2.672166573213109666e-07
5.047491573469748837e+05 2.619225283359435543e-07
5.110306869619923527e+05 2.567332854960559533e-07
5.173903893485363224e+05 2.516468479026560169e-07
5.238292373559893458e+05 2.466611790458701710e-07
5.303482159407110885e+05 2.417742852624752938e-07
5.369483223167066462e+05 2.369842088506998718e-07
5.436305661081732251e+05 2.322890295452996372e-07
5.503959695039414801e+05 2.276868690790328530e-07
5.572455674138441682e+05 2.231758861237573596e-07
5.641804076270168880e+05 2.187542720778699179e-07
5.712015509721970884e+05 2.144202561618660234e-07
5.783100714799793204e+05 2.101721049104853675e-07
5.855070565471291775e+05 2.060081172653793151e-07
5.927936071029121522e+05 2.019266236389406834e-07
6.001708377775078407e+05 1.979259907805187174e-07
6.076398770725138020e+05 1.940046183018764674e-07
6.152018675335759763e+05 1.901609345142898745e-07
6.228579659251627745e+05 1.863933996428710194e-07
6.306093434075198602e+05 1.827005064579810769e-07
6.384571857158131897e+05 1.790807767929463950e-07
6.464026933415279491e+05 1.755327591242713405e-07
6.544470817161005689e+05 1.720550334255658980e-07
6.625915813968356233e+05 1.686462083832662359e-07
6.708374382551626768e+05 1.653049182613617342e-07
6.791859136672073510e+05 1.620298242572141797e-07
6.876382847067466937e+05 1.588196158499598912e-07
6.961958443405661965e+05 1.556730083479131414e-07
7.048599016262440709e+05 1.525887401304434979e-07
7.136317819124002708e+05 1.495655765464174615e-07
7.225128270414392464e+05 1.466023078837889957e-07
7.315043955548001686e+05 1.436977473369657234e-07
7.406078629007954150e+05 1.408507309448913999e-07
7.498246216449904023e+05 1.380601192226296814e-07
7.591560816832463024e+05 1.353247954843816936e-07
7.686036704573814059e+05 1.326436633545887191e-07
7.781688331735305255e+05 1.300156493315449364e-07
7.878530330232204869e+05 1.274397015837106622e-07
7.976577514071947662e+05 1.249147887186729945e-07
8.075844881620260421e+05 1.224398988599219867e-07
8.176347617895487929e+05 1.200140413326145339e-07
8.278101096891349880e+05 1.176362453029262432e-07
8.381120883928893600e+05 1.153055580084480932e-07
8.485422738037451636e+05 1.130210461422817868e-07
8.591022614365197951e+05 1.107817951475222523e-07
8.697936666620044271e+05 1.085869085622501094e-07
8.806181249540523859e+05 1.064355068943531135e-07
8.915772921397654573e+05 1.043267288809314682e-07
9.026728446527848719e+05 1.022597303900367193e-07
9.139064797897380777e+05 1.002336834076871063e-07
9.252799159698759904e+05 9.824777659157514458e-08
9.367948929979434470e+05 9.630121474349840804e-08
9.484531723303047474e+05 9.439321860467645282e-08
9.602565373444223078e+05 9.252302381274868465e-08
9.722067936116292840e+05 9.068988164334491469e-08
9.843057691733574029e+05 8.889305810851031965e-08
9.965553148207584163e+05 8.713183355699553063e-08
1.008957304377825931e+06 8.540550272582429009e-08
1.021513634988034144e+06 8.371337424978348806e-08
1.034226227404547855e+06 8.205477067198211607e-08
1.047097026284039835e+06 8.042902764267645864e-08
1.060128000484172255e+06 7.883549434627733529e-08
1.073321143364756368e+06 7.727353256653820250e-08
1.086678473092705943e+06 7.574251675326689953e-08
1.100202032950743102e+06 7.424183393672508113e-08
1.113893891649949830e+06 7.277088308281382498e-08
1.127756143646245357e+06 7.132907517458109760e-08
1.141790909460761119e+06 6.991583274395770798e-08
1.156000336004221579e+06 6.853059012025070163e-08
1.170386596905359067e+06 6.717279237218654362e-08
1.184951892843418289e+06 6.584189569959635876e-08
1.199698451884791721e+06 6.453736737513109161e-08
1.214628529823858989e+06 6.325868493497836916e-08
1.229744410528032575e+06 6.200533623407558918e-08
1.245048406287157442e+06 6.077681929671613847e-08
1.260542858167208033e+06 5.957264247845086012e-08
1.276230136368385982e+06 5.839232329732446431e-08
1.292112640587723348e+06 5.723538899554470356e-08
1.308192800386147574e+06 5.610137652281717150e-08
1.324473075560136698e+06 5.498983177592574940e-08
1.340955956517997663e+06 5.390030944876609777e-08
1.357643964660825906e+06 5.283237314085871641e-08
1.374539652768211905e+06 5.178559557912756112e-08
1.391645605388720520e+06 5.075955733341979618e-08
1.408964439235284226e+06 4.975384736821830244e-08
1.426498803585467860e+06 4.876806314401127833e-08
1.444251380686714081e+06 4.780181001997195740e-08
1.462224886166682001e+06 4.685470080581465844e-08
1.480422069448639173e+06 4.592635608167027299e-08
1.498845714172046166e+06 4.501640452379071609e-08
1.517498638618373778e+06 4.412448155629452258e-08
1.536383696142217377e+06 4.325022978727850212e-08
1.555503775607778225e+06 4.239329925564098939e-08
1.574861801830781624e+06 4.155334702225425182e-08
1.594460736025861697e+06 4.073003643841744381e-08
1.614303576259580674e+06 3.992303762965550191e-08
1.634393357909027021e+06 3.913202783270125694e-08
1.654733154126120964e+06 3.835669020128557214e-08
1.675326076307752170e+06 3.759671398603247029e-08
1.696175274571711896e+06 3.685214100715524464e-08
1.717283938238572795e+06 3.612642481437317481e-08
1.738655296319565037e+06 3.541988841028821407e-08
1.760292618010516278e+06 3.473292737211405154e-08
1.782199213191947434e+06 3.406600602060803768e-08
1.804378432935395045e+06 3.341965041805698737e-08
1.826833670015997253e+06 3.279443887947024241e-08
1.849568359431541525e+06 3.219099017440016994e-08
1.872585978927858640e+06 3.160994861168101777e-08
1.895890049530873075e+06 3.105196672328398284e-08
1.919484136085181963e+06 3.051768638410031311e-08
1.943371847799384734e+06 3.000771883892165640e-08
1.967556838798184181e+06 2.952262342949338426e-08
1.992042808681362309e+06 2.906288649393806855e-08
2.016833503089710372e+06 2.862890177191421017e-08
2.041932714278014610e+06 2.822095175117058834e-08
2.067344281695122365e+06 2.783919124168428143e-08
2.093072092571320012e+06 2.748363401513000584e-08
2.119120082512939349e+06 2.715414328654362813e-08
2.145492236104365438e+06 2.685042527033353837e-08
2.172192587517616805e+06 2.657202679741884237e-08
