1.169323469354376321e+01 1.858157895336859703e-04
1.183537406341523379e+01 2.909394918744810741e-04
1.197929736973139470e+01 4.519816943683887503e-04
1.212502700199101824e+01 6.945577406929728283e-04
1.227258563069474206e+01 1.054659291238302030e-03
1.242199621087197947e+01 1.576945512772273380e-03
1.257328198565184785e+01 2.321315621777020506e-03
1.272646648987899809e+01 3.360149938007174313e-03
1.288157355377492941e+01 4.780803630334807056e-03
1.303862730664498315e+01 6.676109701901217219e-03
1.319765218063211698e+01 9.161821553115295433e-03
1.335867291451774541e+01 1.234229511516528668e-02
1.352171455757015650e+01 1.635135410015796376e-02
1.368680247344131651e+01 2.129332768854303240e-02
1.385396234411272864e+01 2.725449229890135328e-02
1.402322017389044007e+01 3.433177433969211018e-02
1.419460229345053293e+01 4.257675066769732453e-02
1.436813536393530377e+01 5.185806387768190917e-02
1.454384638110070682e+01 6.172030792252743148e-02
1.472176267951606476e+01 7.212860666188304626e-02
1.490191193681635973e+01 8.319860524834565840e-02
1.508432217800787889e+01 9.508839642157169980e-02
1.526902177982794839e+01 1.078984055762245431e-01
1.545603947515941279e+01 1.215277591808370389e-01
1.564540435750041603e+01 1.358313750626838345e-01
1.583714588549040947e+01 1.507547299853746192e-01
1.603129388749290740e+01 1.663054817382978168e-01
1.622787856623567393e+01 1.824972843208469142e-01
1.642693050350926498e+01 1.992662222798199934e-01
1.662848066492453114e+01 2.165867234496375582e-01
1.683256040472972970e+01 2.344512736817569443e-01
1.703920147068820867e+01 2.528168733922450118e-01
1.724843600901733964e+01 2.715710244965547915e-01
1.746029656938917896e+01 2.906125872013080591e-01
1.767481610999418606e+01 3.098655853517144343e-01
1.789202800266841464e+01 3.292455502810331391e-01
1.811196603808491190e+01 3.488086437849660659e-01
1.833466443101045584e+01 3.685979198139752167e-01
1.856015782562822025e+01 3.884617172181039080e-01
1.878848130092712765e+01 4.082865131656577828e-01
1.901967037615895961e+01 4.281537122018553854e-01
1.925376101636396697e+01 4.479970333296285356e-01
1.949078963796567976e+01 4.676819995910720396e-01
1.973079311443626338e+01 4.872818566565890741e-01
1.997380878203252053e+01 5.067781903264498844e-01
2.021987444560422986e+01 5.261619808466925230e-01
2.046902838447529405e+01 5.453311312947721756e-01
2.072130935839863497e+01 5.642376676681294390e-01
2.097675661358585586e+01 5.830603421403836029e-01
2.123540988881277514e+01 6.018405145749646801e-01
2.149730942160112335e+01 6.203665789476190406e-01
2.176249595447832164e+01 6.385202696709795234e-01
2.203101074131551940e+01 6.563860749955893192e-01
2.230289555374532995e+01 6.740412790064651549e-01
2.257819268765996412e+01 6.914664658512550410e-01
2.285694496979121126e+01 7.086160273475896609e-01
2.313919576437254477e+01 7.254254686629102444e-01
2.342498897988524220e+01 7.419100965417969595e-01
2.371436907588902088e+01 7.581895511169641777e-01
2.400738106993837206e+01 7.742814037845500152e-01
2.430407054458574834e+01 7.900905897840927450e-01
2.460448365447276586e+01 8.055735193359341295e-01
2.490866713351002204e+01 8.207468282529577497e-01
2.521666830214746824e+01 8.356143587871931455e-01
2.552853507473576755e+01 8.501974312726520155e-01
2.584431596698009415e+01 8.645186614409855475e-01
2.616406010348768874e+01 8.785676473717546342e-01
2.648781722540962846e+01 8.922894124476965505e-01
2.681563769817910625e+01 9.056961585745810783e-01
2.714757251934638660e+01 9.188614343943817264e-01
2.748367332651239536e+01 9.317169909343717693e-01
2.782399240536162921e+01 9.441446064351481926e-01
2.816858269779604740e+01 9.561426651292947998e-01
2.851749781017116447e+01 9.677563435966416439e-01
2.887079202163500113e+01 9.790306786034236319e-01
2.922852029257235884e+01 9.900267917849365773e-01
2.959073827315462069e+01 1.000753021501864515e+00
2.995750231199692237e+01 1.011061127700633167e+00
3.032886946492438440e+01 1.020787909811447403e+00
3.070489750384760086e+01 1.030023758274181578e+00
3.108564492575018434e+01 1.038909767260371764e+00
3.147117096178886086e+01 1.047374145254087230e+00
3.186153558650778805e+01 1.055294697806457460e+00
3.225679952716847509e+01 1.062679964620182327e+00
3.265702427319684631e+01 1.069568953427283198e+00
3.306227208574910037e+01 1.075908389023383593e+00
3.347260600739700465e+01 1.081626718190763725e+00
3.388808987193542066e+01 1.086736151048551813e+00
3.430878831431255804e+01 1.091244183463702111e+00
3.473476678068487189e+01 1.095061573412952294e+00
3.516609153859855041e+01 1.098091010485326313e+00
3.560282968729794817e+01 1.100303532490614966e+00
3.604504916816425464e+01 1.101705426496638385e+00
3.649630703200784154e+01 1.102276366616418590e+00
3.694439091528142427e+01 1.101974199232302221e+00
3.739805114081210746e+01 1.100780304681596933e+00
3.785735710541194265e+01 1.098643727967513861e+00
3.832237906952644124e+01 1.095542336354600632e+00
3.879318816798298997e+01 1.091460789670562592e+00
3.926985642087203132e+01 1.086368803970579888e+00
3.975245674456392919e+01 1.080260238047565879e+00
4.024106296286347373e+01 1.073168653117805293e+00
4.073574981830252284e+01 1.065110637996704357e+00
4.123659298357326008e+01 1.056058443003027536e+00
4.174366907310431429e+01 1.045979745614674883e+00
4.225705565478033776e+01 1.034899089303709330e+00
4.277683126180737361e+01 1.022888663702441914e+00
4.330307540472679051e+01 1.010019927744717716e+00
4.383586858357731586e+01 9.963372577843766509e-01
4.437529230020984272e+01 9.818808815271687918e-01
4.492142907075458425e+01 9.667033367984784187e-01
4.547436243824338931e+01 9.508715597583755619e-01
4.603417698538998337e+01 9.344580289016073404e-01
4.660095834752795696e+01 9.175364786585645804e-01
4.717479322571112021e+01 9.001846003011555464e-01
4.775576939997597492e+01 8.824796504382308449e-01
4.834397574276921006e+01 8.645015240590072647e-01
4.893950223254314125e+01 8.463297061783721098e-01
4.954243996751959145e+01 8.280379491683454996e-01
5.015288117962486325e+01 8.096964239602846281e-01
5.077091924859922756e+01 7.913719208832989960e-01
5.139664871628097131e+01 7.731294795286277610e-01
5.203016530106821591e+01 7.550277934342294328e-01
5.267156591256179610e+01 7.371186575017805165e-01
5.332094866638878727e+01 7.194493336532363781e-01
5.397841289921203867e+01 7.020629140743228636e-01
5.464405918392549211e+01 6.849950612314813503e-01
5.531798934503864729e+01 6.682782973890237788e-01
5.600030647425334962e+01 6.519394651862415735e-01
5.669111494623310676e+01 6.359986767003011909e-01
5.739052043457009233e+01 6.204717947680161716e-01
5.809862992794975156e+01 6.053713174697095134e-01
5.881555174651666817e+01 5.907046847844867887e-01
5.954139555844520970e+01 5.764742033566874202e-01
6.027627239671456039e+01 5.626780676717314522e-01
6.102029467609443003e+01 5.493100766674647861e-01
6.177357621034086321e+01 5.363642462839179892e-01
6.253623222960609951e+01 5.238393607025847443e-01
6.330837939806604453e+01 5.117221350103809963e-01
6.409013583176631812e+01 4.999986970327769953e-01
6.488162111669007004e+01 4.886580326216157233e-01
6.568295632705184062e+01 4.776856784490710606e-01
6.649426404381826217e+01 4.670687767096096676e-01
6.731566837345870624e+01 4.567930671949944621e-01
6.814729496693108501e+01 4.468463031946963149e-01
6.898927103890157753e+01 4.372141881709890043e-01
6.984172538720582679e+01 4.278832364614615358e-01
7.070478841255085456e+01 4.188392571803842279e-01
7.157859213846204227e+01 4.100682745016785979e-01
7.246327023147996726e+01 4.015584869531657053e-01
7.335895802160629842e+01 3.932974360926109747e-01
7.426579252300649614e+01 3.852745026545138507e-01
7.518391245496833619e+01 3.774786300722714483e-01
7.611345826312164320e+01 3.698992957470230714e-01
7.705457214092321294e+01 3.625269226672710454e-01
7.800739805140787553e+01 3.553516907493368127e-01
7.897208174921007640e+01 3.483642028480340436e-01
7.994877080286117632e+01 3.415563099209031894e-01
8.093761461736252727e+01 3.349195699631781764e-01
8.193876445703978106e+01 3.284457561251295510e-01
8.295237346868283623e+01 3.221278927301652328e-01
8.397859670497174989e+01 3.159598977554657906e-01
8.501759114819626006e+01 3.099346918331158940e-01
8.606951573426918856e+01 3.040464650724541418e-01
8.713453137703828588e+01 2.982907038242502695e-01
8.821280099290277121e+01 2.926623742994765576e-01
8.930448952573338772e+01 2.871568880077715047e-01
9.040976397210501148e+01 2.817700726093059771e-01
9.152879340684197018e+01 2.764971775387644604e-01
9.266174900888111665e+01 2.713334308534995354e-01
9.380880408745812815e+01 2.662753004821615810e-01
9.497013410861765692e+01 2.613193476721493158e-01
9.614591672205565942e+01 2.564613653215531142e-01
9.733633178829389010e+01 2.516983855316115570e-01
9.854156140619380722e+01 2.470278072410695136e-01
9.976178994081146811e+01 2.424469199090547034e-01
1.009972040516015284e+02 2.379530223526893362e-01
1.022479927209690374e+02 2.335445567629625963e-01
1.035143472831797169e+02 2.292182610044073421e-01
1.047964614536277992e+02 2.249716787944381347e-01
1.060945313584684300e+02 2.208040540748339720e-01
1.074087555646205203e+02 2.167125490981416103e-01
1.087393351101401322e+02 2.126950118039613868e-01
1.100864735349748997e+02 2.087502521184845250e-01
1.114503769120991024e+02 2.048764793545867213e-01
1.128312538790361970e+02 2.010715181385102635e-01
1.142293156697757439e+02 1.973344000530406483e-01
1.156447761470843574e+02 1.936629760267661038e-01
1.170778518352220061e+02 1.900551715545745202e-01
1.185287619530633094e+02 1.865108594436942213e-01
1.199977284476308910e+02 1.830283929588615022e-01
1.214849760280484787e+02 1.796071519526940274e-01
1.229907321999128840e+02 1.762459200811355431e-01
1.245152273000976493e+02 1.729434832191401594e-01
1.260586945319866174e+02 1.696991606572982314e-01
1.276213700011479659e+02 1.665115701500418932e-01
1.292034927514503408e+02 1.633802555899376285e-01
1.308053048016315927e+02 1.603045237037824533e-01
1.324270511823182517e+02 1.572828636963082560e-01
1.340689799735102099e+02 1.543150577531849088e-01
1.357313423425287624e+02 1.513995959399274116e-01
1.374143925824370456e+02 1.485356297815149107e-01
1.391183881509415698e+02 1.457225145673634314e-01
1.408435897097735108e+02 1.429589247758639714e-01
1.425902611645641116e+02 1.402445871529940935e-01
1.443586697052139129e+02 1.375781714625562147e-01
1.461490858467642227e+02 1.349593882030766800e-01
1.479617834707798920e+02 1.323871880917360799e-01
1.497970398672429724e+02 1.298612840413252978e-01
1.516551357769720596e+02 1.273806214522691937e-01
1.535363554345667296e+02 1.249451403991271303e-01
1.554409866118859327e+02 1.225538850806400654e-01
1.573693206620711749e+02 1.202061804992066024e-01
1.593216525641122416e+02 1.179012149629926204e-01
1.612982809679731417e+02 1.156387943858531997e-01
1.632995082402749745e+02 1.134174321346363701e-01
1.653256405105502438e+02 1.112367737134879325e-01
1.673769877180704668e+02 1.090959889358294466e-01
1.694538636592599516e+02 1.069941705707189994e-01
1.715565860356948065e+02 1.049307851366691191e-01
1.736854765027049723e+02 1.029054547050948509e-01
1.758408607185764083e+02 1.009171898538184231e-01
1.780230683943665042e+02 9.896569488020889871e-02
1.802324333443430930e+02 9.705058794595673721e-02
1.824692935370448765e+02 9.517130008033108934e-02
1.847339911469838967e+02 9.332721268966608086e-02
1.870268726069865579e+02 9.151812133594638965e-02
1.893482886611873539e+02 8.974305959344314187e-02
1.916985944186846211e+02 8.800172730891860085e-02
1.940781494078588310e+02 8.629375301713798629e-02
1.964873176313731449e+02 8.461830142397361310e-02
1.989264676218530496e+02 8.297479888308706419e-02
2.013959724982626369e+02 8.136244939325688874e-02
2.038962100229785790e+02 7.978069515917737831e-02
2.064275626595801896e+02 7.822900093503577790e-02
2.089904176313516473e+02 7.670690320382708705e-02
2.115851669805187782e+02 7.521390548705227108e-02
2.142122076282190903e+02 7.374947133406842270e-02
2.168719414352177068e+02 7.231326509123064961e-02
2.195647752633834102e+02 7.090487607638502887e-02
2.222911210379230340e+02 6.952388592410413404e-02
2.250513958103975369e+02 6.816974763630670453e-02
2.278460218225169172e+02 6.684208569082537854e-02
2.306754265707297975e+02 6.554034922908469341e-02
2.335400428716212105e+02 6.426403477239883699e-02
2.364403089281170764e+02 6.301266319887716127e-02
2.393766683965199320e+02 6.178553346556778236e-02
2.423495704543738896e+02 6.058233350641725745e-02
2.453594698691741200e+02 5.940257986061227985e-02
2.484068270679370301e+02 5.824558382616742969e-02
2.514921082076275809e+02 5.711101640519815337e-02
2.546157852464716029e+02 5.599855233499495544e-02
2.577783360161497512e+02 5.490772657760386449e-02
2.609802442948923726e+02 5.383827478551785062e-02
2.642219998814819633e+02 5.278981670972084095e-02
2.675040986701815768e+02 5.176207740006885660e-02
2.708270427265878766e+02 5.075457858762082858e-02
2.741913403644364848e+02 4.976693883073797509e-02
2.775975062233573567e+02 4.879890865937828309e-02
2.810460613475985383e+02 4.785000825896239263e-02
2.845375332657336571e+02 4.691971624154189086e-02
2.880724560713550773e+02 4.600780396332977695e-02
2.916513705047779581e+02 4.511374901091462497e-02
2.952748240357562963e+02 4.423724200728174072e-02
2.989433709472279475e+02 4.337770605897667275e-02
3.026575724201082380e+02 4.253499576757152623e-02
3.064179966191290418e+02 4.170879526406291726e-02
3.102252187797562897e+02 4.089880471193911571e-02
3.140798212961810236e+02 4.010456796662405232e-02
3.179823938104112244e+02 3.932586982117533547e-02
3.219335333024658325e+02 3.856234541319983333e-02
3.259338441817008629e+02 3.781380728761016968e-02
3.299839383792610761e+02 3.707968853983220625e-02
3.340844354416918236e+02 3.635993735366561258e-02
3.382359626257103855e+02 3.565410074244791672e-02
3.424391549941549897e+02 3.496183843537513380e-02
3.466946555131364676e+02 3.428283555076034467e-02
3.510031151503878846e+02 3.361665111388633526e-02
3.553651929748476164e+02 3.296326117706288583e-02
3.597815562574770638e+02 3.232211572395606025e-02
3.642528805733301738e+02 3.169320617995645406e-02
3.687798499049025054e+02 3.107605029801821864e-02
3.733631567467546688e+02 3.047066635437956084e-02
3.780035022114492449e+02 2.987669383990978686e-02
3.827015961367978321e+02 2.929385791708551817e-02
3.874581571944440270e+02 2.872203898842756037e-02
3.922739129998035423e+02 2.816089760793313856e-02
3.971496002233634499e+02 2.761032812651651597e-02
4.020859647033753959e+02 2.707001820362515618e-02
4.070837615599448895e+02 2.653959895890438403e-02
4.121437553105442930e+02 2.601910893642745901e-02
4.172667199869574119e+02 2.550823096901430262e-02
4.224534392536913288e+02 2.500682133724981687e-02
4.277047065278462128e+02 2.451470696860170301e-02
4.330213251004914810e+02 2.403165517716906660e-02
4.384041082595434773e+02 2.355752462454881527e-02
4.438538794141716721e+02 2.309221860115223332e-02
4.493714722207632803e+02 2.263554308278820787e-02
4.549577307104410693e+02 2.218746862705654743e-02
4.606135094181810814e+02 2.174768113796743743e-02
4.663396735135302720e+02 2.131613939136755079e-02
4.721370989329480494e+02 2.089278831122940577e-02
4.780066725138067341e+02 2.047743814158756517e-02
4.839492921300437160e+02 2.006996551054658282e-02
4.899658668295168127e+02 1.967025700811998387e-02
4.960573169730595851e+02 1.927828671279539427e-02
5.022245743752658882e+02 1.889390195367282241e-02
5.084685824470387843e+02 1.851700181618363972e-02
5.147902963398954626e+02 1.814747807470466073e-02
5.211906830920859193e+02 1.778524917828298163e-02
5.276707217765165296e+02 1.743023094180227994e-02
5.342314036505224522e+02 1.708225191007493871e-02
5.408737323074968799e+02 1.674123189660765496e-02
5.475987238304192033e+02 1.640709605478934269e-02
5.544074069472766269e+02 1.607968672005754759e-02
5.613008231884381303e+02 1.575893727359003668e-02
5.682800270459753165e+02 1.544471873031256007e-02
5.753460861349644802e+02 1.513695066204155670e-02
5.825000813568093463e+02 1.483553216485039919e-02
5.897431070645783393e+02 1.454028293321331031e-02
5.970762712304165234e+02 1.425111912384643791e-02
6.045006956150298265e+02 1.396789457254811635e-02
6.120175159392788373e+02 1.369050922583246732e-02
6.196278820579175317e+02 1.341879590466990048e-02
6.273329581354799984e+02 1.315266059282666107e-02
6.351339228243716661e+02 1.289196954109220541e-02
6.430319694451626447e+02 1.263662269968233130e-02
6.510283061691359308e+02 1.238649960323867129e-02
6.591241562030947989e+02 1.214145803448229283e-02
6.673207579764887214e+02 1.190137737831546520e-02
6.756193653308455396e+02 1.166616085166185743e-02
6.840212477115828733e+02 1.143568849193255313e-02
6.925276903621902420e+02 1.120986935472368176e-02
7.011399945208381723e+02 1.098856571862398025e-02
7.098594776194182714e+02 1.077168382995912811e-02
7.186874734850905497e+02 1.055913561292788454e-02
7.276253325443061613e+02 1.035082895364452388e-02
7.366744220293884382e+02 1.014665072777961793e-02
7.458361261876814297e+02 9.946516712268049093e-03
7.551118464932878851e+02 9.750343394730284774e-03
7.645030018614720575e+02 9.558048253520320600e-03
7.740110288657004958e+02 9.369560090440232428e-03
7.836373819573985884e+02 9.184789260008451028e-03
7.933835336884394565e+02 9.003652066618968164e-03
8.032509749364048730e+02 8.826082981643909239e-03
8.132412151326335561e+02 8.652010111939808026e-03
8.233557824931385767e+02 8.481356480854310154e-03
8.335962242523685291e+02 8.314056504479768947e-03
8.439641068998945457e+02 8.150040745437773029e-03
8.544610164200247482e+02 7.989249209102886398e-03
8.650885585344342417e+02 7.831619163641742251e-03
8.758483589477795022e+02 7.677094156898617988e-03
8.867420635963884479e+02 7.525612090365436588e-03
8.977713389000389270e+02 7.377104082160164736e-03
9.089378720168782593e+02 7.231513671915435794e-03
9.202433711014932669e+02 7.088786674675272813e-03
9.316895655662308400e+02 6.948862040293558515e-03
9.432782063457320874e+02 6.811682074880482350e-03
9.550110661647795496e+02 6.677194781174857451e-03
9.668899398094750950e+02 6.545342445530190865e-03
9.789166444017753292e+02 6.416081792903419699e-03
9.910930196774806973e+02 6.289363673490553329e-03
1.003420928267647355e+03 6.165134798350270506e-03
1.015902255983516966e+03 6.043346948507805939e-03
1.028538912104995461e+03 5.923949159911670245e-03
1.041332829672715889e+03 5.806899887158216596e-03
1.054285965783724123e+03 5.692158326886392200e-03
1.067400301890882247e+03 5.579676903684271071e-03
1.080677844105956865e+03 5.469405245693291333e-03
1.094120623506502398e+03 5.361299529890092667e-03
1.107730696446541742e+03 5.255332636642324508e-03
1.121510144871153898e+03 5.151461854273406762e-03
1.135461076634932624e+03 5.049640221909033888e-03
1.149585625824432100e+03 4.949822594778370208e-03
1.163885953084622088e+03 4.851974890932912732e-03
1.178364245949398082e+03 4.756059375851469720e-03
1.193022719176220789e+03 4.662039472377253399e-03
1.207863615084887897e+03 4.569877594494608022e-03
1.222889203900573193e+03 4.479537040005338901e-03
1.238101784101084149e+03 4.390981884597601297e-03
1.253503682768475528e+03 4.304176840252317213e-03
1.269097255945000597e+03 4.219087299925752474e-03
1.284884888993550476e+03 4.135679399505606292e-03
1.300868996962523397e+03 4.053919952472890068e-03
1.317052024955263732e+03 3.973776349139960043e-03
1.333436448504089412e+03 3.895216658917960081e-03
1.350024773948983238e+03 3.818209633637662231e-03
1.366819538820967409e+03 3.742724598804353115e-03
1.383823312230305419e+03 3.668731445184425077e-03
1.401038695259478345e+03 3.596200709791393547e-03
1.418468321361086964e+03 3.525103542900549954e-03
1.436114856760669682e+03 3.455416895759321101e-03
1.453981000864591806e+03 3.387115999053547793e-03
1.472069486672954326e+03 3.320164796939835752e-03
1.490383081197667934e+03 3.254536644184200921e-03
1.508924585885725719e+03 3.190205363637505735e-03
1.527696837047742520e+03 3.127145341995102822e-03
1.546702706291835966e+03 3.065331503419817250e-03
1.565945100962871038e+03 3.004739215974935613e-03
1.585426964587239809e+03 2.945344324434386821e-03
1.605151277323107706e+03 2.887123194251946679e-03
1.625121056416306146e+03 2.830052660183099596e-03
1.645339356661854254e+03 2.774109959624921056e-03
1.665809270871296576e+03 2.719272810194967548e-03
1.686533930345782210e+03 2.665519395734914330e-03
1.707516505355075424e+03 2.612828306443239039e-03
1.728760205622508693e+03 2.561178529555617131e-03
1.750268280815988419e+03 2.510549502166723075e-03
1.772044021045069258e+03 2.460921081316285331e-03
1.794090757364286446e+03 2.412273479118530375e-03
1.816411862282684524e+03 2.364587309967781069e-03
1.839010750279727063e+03 2.317843593870093279e-03
1.861890878327579912e+03 2.272023719967691119e-03
1.885055746419976231e+03 2.227109411564264993e-03
1.908508898107581217e+03 2.183082780850744125e-03
1.932253921040061186e+03 2.139926307959689328e-03
1.956294447514887679e+03 2.097622792199645234e-03
1.980634155032974604e+03 2.056155370250754583e-03
2.005276766861237320e+03 2.015507529810372372e-03
2.030226052602109348e+03 1.975663089809722057e-03
2.055485828770235457e+03 1.936606158617972060e-03
2.081059959376248571e+03 1.898321176152925052e-03
2.106952356517872431e+03 1.860792901009571641e-03
2.133166980978321590e+03 1.824006381064723591e-03
2.159707842832238839e+03 1.787946949220786718e-03
2.186579002059086633e+03 1.752600240228375812e-03
2.213784569164211462e+03 1.717952183375120881e-03
2.241328705807633469e+03 1.683988963791784640e-03
2.269215625440660006e+03 1.650697046427352429e-03
2.297449593950426788e+03 1.618063171798846513e-03
2.326034930312422148e+03 1.586074341202662078e-03
2.354976007251220381e+03 1.554717799302723349e-03
2.384277251909342795e+03 1.523981050312999850e-03
2.413943146524472013e+03 1.493851856139930250e-03
2.443978229115142312e+03 1.464318207174615180e-03
2.474387094174898721e+03 1.435368331566335602e-03
2.505174393375125874e+03 1.406990694168628285e-03
2.536344836276616206e+03 1.379173992469444766e-03
2.567903191050000260e+03 1.351907136520111036e-03
2.599854285205146425e+03 1.325179257759036234e-03
2.632203006329587424e+03 1.298979710259929449e-03
2.664954302836235911e+03 1.273298052851132940e-03
2.698113184720320987e+03 1.248124048826221473e-03
2.731684724325779825e+03 1.223447663245591814e-03
2.765674057121137139e+03 1.199259067092094946e-03
2.800086382485150352e+03 1.175548619783662978e-03
2.834926964502119517e+03 1.152306868835209584e-03
2.870201132767151648e+03 1.129524552798590997e-03
2.905914283201426770e+03 1.107192593555422159e-03
2.942071878877624840e+03 1.085302090232419855e-03
2.978679450855624509e+03 1.063844313828848529e-03
3.015742599028544191e+03 1.042810715646661423e-03
3.053266992979445149e+03 1.022192914307375146e-03
3.091258372848547879e+03 1.001982690268586433e-03
3.129722550211347880e+03 9.821719865523964154e-04
3.168665408967554868e+03 9.627529089775600920e-04
3.208092906241245146e+03 9.437177195090232749e-04
3.248011073292065248e+03 9.250588262878550651e-04
3.288426016437860653e+03 9.067687931680187483e-04
3.329343917988761405e+03 8.888403324072043088e-04
3.370771037192910626e+03 8.712662978374325490e-04
3.412713711193891413e+03 8.540396803704745996e-04
3.455178356000207259e+03 8.371536145294623506e-04
3.498171467466690956e+03 8.206013737633670573e-04
3.541699622288209866e+03 8.043763561595326230e-04
3.585769479005653466e+03 7.884720928770280312e-04
3.630387779024567863e+03 7.728822465100109894e-04
3.675561347646363629e+03 7.576006048102390924e-04
3.721297095112381157e+03 7.426210706980771164e-04
3.767602017660961792e+03 7.279376730666910385e-04
3.814483198597671617e+03 7.135445636506301684e-04
3.861947809378857983e+03 6.994360024805907142e-04
3.910003110708603799e+03 6.856063622318818137e-04
3.958656453649507966e+03 6.720501311592116294e-04
4.007915280747105044e+03 6.587619094207011836e-04
4.057787127168414827e+03 6.457363943870168040e-04
4.108279621854514517e+03 6.329683922781534572e-04
4.159400488687658253e+03 6.204528173642477520e-04
4.211157547672731198e+03 6.081846800367462103e-04
4.263558716133502458e+03 5.961590850515905218e-04
4.316612009923748701e+03 5.843712383291078385e-04
4.370325544653463112e+03 5.728164461736056290e-04
4.424707536930227434e+03 5.614900978876409109e-04
4.479766305616241880e+03 5.503876753931729758e-04
4.535510273100760060e+03 5.395047556525316536e-04
4.591947966588552845e+03 5.288370018136662881e-04
4.649088019404213810e+03 5.183801556333994314e-04
4.706939172312929259e+03 5.081300474236874563e-04
4.765510274857490913e+03 4.980825962156527550e-04
4.824810286712026027e+03 4.882337938312399182e-04
4.884848279052578619e+03 4.785797100078662209e-04
4.945633435944727353e+03 4.691164976087357913e-04
5.007175055748507475e+03 4.598403872318191352e-04
5.069482552540695906e+03 4.507476757334429821e-04
5.132565457555029752e+03 4.418347362304761590e-04
5.196433420640113582e+03 4.330980195369706531e-04
5.261096211735602992e+03 4.245340419771946269e-04
5.326563722366661750e+03 4.161393846468571661e-04
5.392845967157175437e+03 4.079107010403097765e-04
5.459953085361617923e+03 3.998447148343150614e-04
5.527895342416105450e+03 3.919382064756689603e-04
5.596683131508685619e+03 3.841880208478438931e-04
5.666326975169222351e+03 3.765910709592769877e-04
5.736837526878946846e+03 3.691443293345488506e-04
5.808225572700274824e+03 3.618448219215974603e-04
5.880502032926641732e+03 3.546896380235656666e-04
5.953677963753086260e+03 3.476759289689343099e-04
6.027764558967365701e+03 3.408016179750631086e-04
6.102773151662493547e+03 3.340638099019317101e-04
6.178715215970203644e+03 3.274591962872112536e-04
6.255602368816258604e+03 3.209851473568155287e-04
6.333446371697436007e+03 3.146390785983836278e-04
6.412259132480725384e+03 3.084184598067150288e-04
6.492052707224928781e+03 3.023208145563423179e-04
6.572839302024727658e+03 2.963437122890814684e-04
6.654631274878086515e+03 2.904847670324346709e-04
6.737441137576503934e+03 2.847416442603520749e-04
6.821281557619039631e+03 2.791120576869396235e-04
6.906165360149943808e+03 2.735937608279743333e-04
6.992105529920711888e+03 2.681845526030607828e-04
7.079115213276258146e+03 2.628822787926188547e-04
7.167207720165951287e+03 2.576848269393117803e-04
7.256396526179626562e+03 2.525901219233050760e-04
7.346695274609014632e+03 2.475961331726497664e-04
7.438117778534740864e+03 2.427008723536030815e-04
7.530678022939232505e+03 2.379023869878136611e-04
7.624390166846190368e+03 2.331987625029861247e-04
7.719268545486388575e+03 2.285881249695922925e-04
7.815327672490599980e+03 2.240686379760920498e-04
7.912582242109646359e+03 2.196384974352933958e-04
8.011047131462373727e+03 2.152959371331779749e-04
8.110737402811277207e+03 2.110392274820271626e-04
8.211668305866665833e+03 2.068666715158270423e-04
8.313855280119369127e+03 2.027766040814313049e-04
8.417313957202599340e+03 1.987673950763061998e-04
8.522060163282983922e+03 1.948374477921463856e-04
8.628109921481735000e+03 1.909851941212058874e-04
8.735479454325539336e+03 1.872090977593848186e-04
8.844185186228267412e+03 1.835076541700777163e-04
8.954243746003221531e+03 1.798793883143712485e-04
9.065671969407112556e+03 1.763228521267217472e-04
9.178486901715306885e+03 1.728366277977603886e-04
9.292705800329258636e+03 1.694193266783699549e-04
9.408346137416408965e+03 1.660695857971094950e-04
9.525425602582934516e+03 1.627860690003432500e-04
9.643962105579748822e+03 1.595674675225910067e-04
9.763973779042031310e+03 1.564124989715958997e-04
9.885478981263242531e+03 1.533199044249676578e-04
1.000849629900322907e+04 1.502884507889268794e-04
1.013304455033154954e+04 1.473169301374208985e-04
1.025914278750592530e+04 1.444041577185699158e-04
1.038681029988692535e+04 1.415489716162630527e-04
1.051606661688852364e+04 1.387502333657369838e-04
1.064693151096553993e+04 1.360068278928137507e-04
1.077942500063828811e+04 1.333176608995486679e-04
1.091356735355486853e+04 1.306816599684578720e-04
1.104937908959132437e+04 1.280977743439376071e-04
1.118688098399086266e+04 1.255649740872516072e-04
1.132609407054170151e+04 1.230822489097702348e-04
1.146703964479469323e+04 1.206486085927209651e-04
1.160973926732075415e+04 1.182630833797739672e-04
1.175421476700927451e+04 1.159247220235080629e-04
1.190048824440712815e+04 1.136325919634803626e-04
1.204858207509945714e+04 1.113857791760936868e-04
1.219851891313246597e+04 1.091833881470693644e-04
1.235032169447886372e+04 1.070245406106188496e-04
1.250401364054640908e+04 1.049083753908669567e-04
1.265961826172996007e+04 1.028340489794209541e-04
1.281715936100814179e+04 1.008007343747154276e-04
1.297666103758432837e+04 9.880762076122207949e-05
1.313814769057318881e+04 9.685391305662201125e-05
1.330164402273290216e+04 9.493883252315339356e-05
1.346717504424419349e+04 9.306161574325845964e-05
1.363476607653602332e+04 9.122151384493757363e-05
1.380444275615901643e+04 8.941779308591540952e-05
1.397623103870717205e+04 8.764973441075895981e-05
1.415015720278832305e+04 8.591663293155217583e-05
1.432624785404379872e+04 8.421779708316016035e-05
1.450452992921863915e+04 8.255254961347610089e-05
1.468503070028192087e+04 8.092022684097228014e-05
1.486777777859865637e+04 7.932017766573252820e-05
1.505279911915333651e+04 7.775176382866083851e-05
1.524012302482658015e+04 7.621436003417400898e-05
1.542977815072437988e+04 7.470735356387452259e-05
1.562179350856156998e+04 7.323014299972271501e-05
1.581619847109979310e+04 7.178213927455198598e-05
1.601302277664069697e+04 7.036276530760973962e-05
1.621229653357500683e+04 6.897145510421294240e-05
1.641405022498809194e+04 6.760765346429197355e-05
1.661831471332325964e+04 6.627081656435713402e-05
1.682512124510266585e+04 6.496041182758882388e-05
1.703450145570718087e+04 6.367591631793857547e-05
1.724648737421540136e+04 6.241681762691718709e-05
1.746111142830366953e+04 6.118261392477929769e-05
1.767840644920614795e+04 5.997281325071089517e-05
1.789840567673726400e+04 5.878693267466184285e-05
1.812114276437632361e+04 5.762449923325231539e-05
1.834665178441562239e+04 5.648504990174173414e-05
1.857496723317223950e+04 5.536813007494995910e-05
1.880612403626536252e+04 5.427329402746837504e-05
1.904015755395867745e+04 5.320010531069093232e-05
1.927710358656952303e+04 5.214813633721806829e-05
1.951699837994503832e+04 5.111696713638645511e-05
1.975987863100718823e+04 5.010618634032585082e-05
2.000578149336598653e+04 4.911539129188985359e-05
2.025474458300301194e+04 4.814418686301958348e-05
2.050680598402555916e+04 4.719218533413974327e-05
2.076200425449240356e+04 4.625900708284322180e-05
2.102037843231214720e+04 4.534428046761372459e-05
2.128196804121449168e+04 4.444764035057011196e-05
2.154681309679680635e+04 4.356872889916743726e-05
2.181495411264500217e+04 4.270719591883385968e-05
2.208643210653103233e+04 4.186269801352804728e-05
2.236128860668714333e+04 4.103489792749174722e-05
2.263956565815894646e+04 4.022346548940304285e-05
2.292130582923680049e+04 3.942807758620901906e-05
2.320655221796757178e+04 3.864841682465207818e-05
2.349534845874739403e+04 3.788417194065042985e-05
2.378773872899644266e+04 3.713503833405732606e-05
2.408376775591690239e+04 3.640071756128695693e-05
2.438348082333455750e+04 3.568091635135895280e-05
2.468692377862646026e+04 3.497534752101125904e-05
2.499414303973384449e+04 3.428373006687050729e-05
2.530518560226296540e+04 3.360578815402517233e-05
2.562009904667358569e+04 3.294125102681055975e-05
2.593893154555809815e+04 3.228985372218036746e-05
2.626173187101002259e+04 3.165145892085902287e-05
2.658854940208490734e+04 3.102568606903937038e-05
2.691943413235384287e+04 3.041228409929432806e-05
2.725443667755111892e+04 2.981100874360937897e-05
2.759360828331658558e+04 2.922162043105343675e-05
2.793700083303531574e+04 2.864388380480628686e-05
2.828466685577387761e+04 2.807756855462974652e-05
2.863665953431594971e+04 2.752244923149027927e-05
2.899303271329731433e+04 2.697830439570974041e-05
2.935384090744314381e+04 2.644491687356658496e-05
2.971913930990677181e+04 2.592207417493728016e-05
3.008898380071271822e+04 2.540956805525375207e-05
3.046343095530471692e+04 2.490719389770759305e-05
3.084253805320013635e+04 2.441475137582815757e-05
3.122636308675215332e+04 2.393204438002571020e-05
3.161496477002041502e+04 2.345888046771034169e-05
3.200840254775335779e+04 2.299507075138048186e-05
3.240673660448100782e+04 2.254043038487088063e-05
3.281002787372169405e+04 2.209477832157317895e-05
3.321833804730262636e+04 2.165793671248170590e-05
3.363172958479769295e+04 2.122973130222229326e-05
3.405026572308142931e+04 2.080999150151484971e-05
3.447401048600263312e+04 2.039855005054704490e-05
3.490302869417800684e+04 1.999524268176245981e-05
3.533738597490813117e+04 1.959990862146199887e-05
3.577714877221582719e+04 1.921239041940130148e-05
3.622238435701106937e+04 1.883253350191262885e-05
3.667316083738092857e+04 1.846018630864885665e-05
3.712954716900838685e+04 1.809520044964336327e-05
3.759161316571993666e+04 1.773743052044088781e-05
3.805942951016603183e+04 1.738673371189039670e-05
3.853306776463276765e+04 1.704297018977154229e-05
3.901260038198910479e+04 1.670600299754836869e-05
3.949810071676994994e+04 1.637569778523201893e-05
3.998964303639731224e+04 1.605192274854299337e-05
4.048730253254118725e+04 1.573454880810828797e-05
4.099115533262111421e+04 1.542344953895404997e-05
4.150127851145231398e+04 1.511850080996549902e-05
4.201775010303538147e+04 1.481958100029112783e-05
4.254064911249344004e+04 1.452657097633322502e-05
4.307005552815697592e+04 1.423935395389685937e-05
4.360605033380077657e+04 1.395781532197212404e-05
4.414871552103138674e+04 1.368184281287943016e-05
4.469813410182959342e+04 1.341132647810370769e-05
4.525439012124888541e+04 1.314615842045674300e-05
4.581756867027201952e+04 1.288623287403931503e-05
4.638775589882680651e+04 1.263144620879489193e-05
4.696503902896558429e+04 1.238169688971812683e-05
4.754950636820697400e+04 1.213688528159704988e-05
4.814124732304466306e+04 1.189691374649137151e-05
4.874035241262329509e+04 1.166168664726155195e-05
4.934691328258634894e+04 1.143111019134097728e-05
4.996102271909460978e+04 1.120509241249623646e-05
5.058277466301978711e+04 1.098354316671698210e-05
5.121226422431488027e+04 1.076637416453968348e-05
5.184958769656305958e+04 1.055349880071636344e-05
5.249484257170820638e+04 1.034483216643336370e-05
5.314812755496731552e+04 1.014029106894869080e-05
5.380954257993092324e+04 9.939793968235791351e-06
5.447918882384905737e+04 9.743260905826856957e-06
5.515716872310898907e+04 9.550613476238691189e-06
5.584358598890401481e+04 9.361774896599597132e-06
5.653854562309963512e+04 9.176669879826075083e-06
5.724215393429493997e+04 8.995224598738761331e-06
5.795451855408484698e+04 8.817366685714319633e-06
5.867574845352466218e+04 8.643025240459895859e-06
5.940595395979974273e+04 8.472130756653152960e-06
6.014524677310138213e+04 8.304615048563898237e-06
6.089373998371500784e+04 8.140411330503369910e-06
6.165154808931898151e+04 7.979454144531189711e-06
6.241878701249961887e+04 7.821679309108261205e-06
6.319557411848323682e+04 7.667023873202727298e-06
6.398202823309093947e+04 7.515426180306458814e-06
6.477826966091455688e+04 7.366825814291620917e-06
6.558442020372007391e+04 7.221163484607353635e-06
6.640060317907956778e+04 7.078381096965489549e-06
6.722694343923544511e+04 6.938421733666304374e-06
6.806356739019928500e+04 6.801229604374350044e-06
6.891060301108732529e+04 6.666749953050240376e-06
6.976817987369906041e+04 6.534929158673091339e-06
7.063642916233693541e+04 6.405714696715205271e-06
7.151548369387429557e+04 6.279055021104877022e-06
7.240547793807132985e+04 6.154899597858456303e-06
7.330654803814666229e+04 6.033198928992030193e-06
7.421883183160240878e+04 5.913904521121456079e-06
7.514246887130926189e+04 5.796968757233892688e-06
7.607760044685433968e+04 5.682344998862911180e-06
7.702436960615406861e+04 5.569987572958623876e-06
7.798292117733694613e+04 5.459851674250486120e-06
7.895340179089654703e+04 5.351893345196618641e-06
7.993595990212385368e+04 5.246069535721703172e-06
8.093074581381502503e+04 5.142338095765839439e-06
8.193791169926429575e+04 5.040657624173744553e-06
8.295761162554049224e+04 4.940987552015433313e-06
8.399000157705704623e+04 4.843288159997633499e-06
8.503523947943146050e+04 4.747520506254381278e-06
8.609348522364391829e+04 4.653646355225679564e-06
8.716490069049582235e+04 4.561628265835320193e-06
8.824964977537319646e+04 4.471429591739891283e-06
8.934789841331656498e+04 4.383014343953395135e-06
9.045981460440621595e+04 4.296347233180149061e-06
9.158556843945998116e+04 4.211393713518851291e-06
9.272533212605289009e+04 4.128119939776139605e-06
9.387928001485839195e+04 4.046492662763613742e-06
9.504758862632121600e+04 3.966479316384058277e-06
9.623043667765833379e+04 3.888048031223281421e-06
9.742800511019797705e+04 3.811167528969031929e-06
9.864047711705815163e+04 3.735807112894027022e-06
9.986803817117014842e+04 3.661936733981073569e-06
1.011108760536506743e+05 3.589526975651529928e-06
1.023691808825253684e+05 3.518548931745218744e-06
1.036431451418138458e+05 3.448974273223758247e-06
1.049329637109727628e+05 3.380775282162243451e-06
1.062388338947056036e+05 3.313924777196499079e-06
1.075609554531468893e+05 3.248396056676146787e-06
1.088995306324182748e+05 3.184162986089553966e-06
1.102547641955664294e+05 3.121199988996868238e-06
1.116268634538859624e+05 3.059481940999321233e-06
1.130160382986320619e+05 2.998984198916934830e-06
1.144225012331276521e+05 2.939691562398935243e-06
1.158464674052708142e+05 2.881573698976724023e-06
1.172881546404441469e+05 2.824604744427417356e-06
1.187477834748384921e+05 2.768761981050388837e-06
1.202255771891873883e+05 2.714023176210247110e-06
1.217217618429208378e+05 2.660366508715646309e-06
1.232365663087487774e+05 2.607770557052009590e-06
1.247702223076701048e+05 2.556214360767201129e-06
1.263229644444195728e+05 2.505677395341933914e-06
1.278950302433556644e+05 2.456139492115870063e-06
1.294866601847946877e+05 2.407580888840576606e-06
1.310980977417980321e+05 2.359982246017524723e-06
1.327295894174142159e+05 2.313324599074121231e-06
1.343813847823897959e+05 2.267589317888952398e-06
1.360537365133450076e+05 2.222758171649008624e-06
1.377469004314242047e+05 2.178813310689946031e-06
1.394611355414322461e+05 2.135737206721280545e-06
1.411967040714526665e+05 2.093512670135547249e-06
1.429538715129613411e+05 2.052122878079994631e-06
1.447329066614391631e+05 2.011551344668344188e-06
1.465340816574896162e+05 1.971781873718739759e-06
1.483576720284685725e+05 1.932798608044234154e-06
1.502039567306327226e+05 1.894586021019793935e-06
1.520732181918088754e+05 1.857128878832606825e-06
1.539657423546012433e+05 1.820412231367637895e-06
1.558818187201304536e+05 1.784421444932317608e-06
1.578217403923168022e+05 1.749142185979759135e-06
1.597858041227203794e+05 1.714560377178845726e-06
1.617743103559330630e+05 1.680662225629015495e-06
1.637875632755381521e+05 1.647434225208058664e-06
1.658258708506420080e+05 1.614863134858136367e-06
1.678895448829839588e+05 1.582935953605583448e-06
1.699789010546331992e+05 1.551639953918872648e-06
1.720942589762793505e+05 1.520962670009979775e-06
1.742359422361211618e+05 1.490891866513568488e-06
1.764042784493706713e+05 1.461415547578223931e-06
1.785995993083633366e+05 1.432521964648444693e-06
1.808222406333022227e+05 1.404199606261805696e-06
1.830725424236258841e+05 1.376437170157240245e-06
1.853508489100191509e+05 1.349223586654860593e-06
1.876575086070703110e+05 1.322548012543727319e-06
1.899928743665836810e+05 1.296399812682954348e-06
1.923573034315556870e+05 1.270768555530345052e-06
1.947511574908236507e+05 1.245644021386018858e-06
1.971748027343901922e+05 1.221016200968170667e-06
1.996286099094444653e+05 1.196875270283905329e-06
2.021129543770735618e+05 1.173211601863628539e-06
2.046282161696789844e+05 1.150015763550846602e-06
2.071747800491156231e+05 1.127278510186972744e-06
2.097530355655461026e+05 1.104990771524655478e-06
2.123633771170309628e+05 1.083143658805198233e-06
2.150062040098604630e+05 1.061728467171210309e-06
2.176819205196366820e+05 1.040736657040180633e-06
2.203909359531158698e+05 1.020159856518844160e-06
2.231336647108214383e+05 9.999898608761166884e-07
2.259105263504315808e+05 9.802186317358364561e-07
2.287219456509657612e+05 9.608382842779495624e-07
2.315683526777559018e+05 9.418410881596820138e-07
2.344501828482411511e+05 9.232194717385563142e-07
2.373678769985691761e+05 9.049660110228036808e-07
2.403218814510331722e+05 8.870734270364623387e-07
2.433126480823459569e+05 8.695345827500495570e-07
2.463406343927636335e+05 8.523424881285086029e-07
2.494063035760700586e+05 8.354902895270059154e-07
2.525101245904329699e+05 8.189712646738408219e-07
2.556525722301370406e+05 8.027788272445879890e-07
2.588341271982194157e+05 7.869065224412769346e-07
2.620552761800003937e+05 7.713480222095356818e-07
2.653165119175291620e+05 7.560971188158847684e-07
2.686183332849645521e+05 7.411477331794274372e-07
2.719612453648853116e+05 7.264939071117757122e-07
2.753457595255526248e+05 7.121297959968830372e-07
2.787723934991357964e+05 6.980496706042918346e-07
2.822416714609096525e+05 6.842479178759554336e-07
2.857541241094380966e+05 6.707190372419491520e-07
2.893102887477565673e+05 6.574576302076338129e-07
2.929107093655598001e+05 6.444584091925746751e-07
2.965559367224237067e+05 6.317161935828034568e-07
3.002465284320466453e+05 6.192259026686549859e-07
3.039830490475567058e+05 6.069825527002985636e-07
3.077660701478660339e+05 5.949812622067975056e-07
3.115961704251082847e+05 5.832172500204614382e-07
3.154739357731606578e+05 5.716858220872376082e-07
3.193999593772694352e+05 5.603823789194618772e-07
3.233748418047892628e+05 5.493024155423257096e-07
3.273991910970543977e+05 5.384415157784003416e-07
3.314736228623856441e+05 5.277953445901477591e-07
3.355987603702688357e+05 5.173596566726593480e-07
3.397752346466927556e+05 5.071302952026909347e-07
3.440036845706735621e+05 4.971031794827753902e-07
3.482847569719931344e+05 4.872743085720043720e-07
3.526191067301392904e+05 4.776397644727330302e-07
3.570073968744853046e+05 4.681957088574702116e-07
3.614502986857134965e+05 4.589383718891788970e-07
3.659484917985019274e+05 4.498640610809479679e-07
3.705026643054887536e+05 4.409691616259446272e-07
3.751135128625318175e+05 4.322501266759360008e-07
3.797817427952706930e+05 4.237034759472381839e-07
3.845080682070298935e+05 4.153258016040341391e-07
3.892932120880516595e+05 4.071137675436286608e-07
3.941379064260876621e+05 3.990640961002957519e-07
3.990428923183811130e+05 3.911735753079278955e-07
4.040089200850265916e+05 3.834390613842234419e-07
4.090367493837492075e+05 3.758574718168100340e-07
4.141271493261098512e+05 3.684257792989774961e-07
4.192808985951570794e+05 3.611410199341056649e-07
4.244987855645442614e+05 3.540002932110648056e-07
4.297816084191212431e+05 3.470007500423370273e-07
4.351301752770442399e+05 3.401395964488187679e-07
4.405453043133877218e+05 3.334140979842565775e-07
4.460278238852978102e+05 3.268215756262366109e-07
4.515785726587162935e+05 3.203593969253873833e-07
4.571983997366656549e+05 3.140249838720014394e-07
4.628881647891384782e+05 3.078158139193072163e-07
4.686487381846017088e+05 3.017294110335239991e-07
4.744810011231389362e+05 2.957633448290976632e-07
4.803858457712467061e+05 2.899152367025337535e-07
4.863641753983133822e+05 2.841827581802460105e-07
4.924169045147839934e+05 2.785636207503005440e-07
4.985449590120668290e+05 2.730560171434697413e-07
5.047492763041608850e+05 2.676579288608109478e-07
5.110308054710472934e+05 2.623665514451551696e-07
5.173905074038833845e+05 2.571797721304384656e-07
5.238293549519821536e+05 2.520955234573190702e-07
5.303483330716330092e+05 2.471117817820219997e-07
5.369484389767700341e+05 2.422265593507844849e-07
5.436306822915181983e+05 2.374379066023411842e-07
5.503960852046353975e+05 2.327439160571893046e-07
5.572456826258804649e+05 2.281427185177976890e-07
5.641805223443143768e+05 2.236324771914906808e-07
5.712016651885986794e+05 2.192113937360499387e-07
5.783101851892515551e+05 2.148777078361124652e-07
5.855071697429608321e+05 2.106296920644753226e-07
5.927937197789135389e+05 2.064656507419413494e-07
6.001709499272097601e+05 2.023839245280843683e-07
6.076399886893666117e+05 1.983828883678697188e-07
6.152019786109481938e+05 1.944609457551541145e-07
6.228580764563408447e+05 1.906165323581055340e-07
6.306094533857064089e+05 1.868481169197629587e-07
6.384572951341263251e+05 1.831541980886508160e-07
6.464028021930002142e+05 1.795333011678051185e-07
6.544471899936775444e+05 1.759839829243642333e-07
6.625916890933753457e+05 1.725048300634343906e-07
6.708375453634341247e+05 1.690944550387830989e-07
6.791860201798897469e+05 1.657514972289989995e-07
6.876383906164281070e+05 1.624746246291458877e-07
6.961959496397421462e+05 1.592625320675742085e-07
7.048600063073169440e+05 1.561139374988866041e-07
7.136318859676779248e+05 1.530275856352035752e-07
7.225129304631336126e+05 1.500022471145608800e-07
7.315044983350265538e+05 1.470367159505038387e-07
7.406079650315707549e+05 1.441298088515217446e-07
7.498247231182323303e+05 1.412803671376606281e-07
7.591561824907719856e+05 1.384872559921975462e-07
7.686037705909060314e+05 1.357493610789966942e-07
7.781689326246663695e+05 1.330655905695692036e-07
7.878531317834751680e+05 1.304348750721720374e-07
7.976578494679704309e+05 1.278561662938449113e-07
8.075845855146177346e+05 1.253284352736582783e-07
8.176348584251434077e+05 1.228506742440634660e-07
8.278102055988092907e+05 1.204218962486804670e-07
8.381121835676096380e+05 1.180411327221900784e-07
8.485423682343650144e+05 1.157074341357005059e-07
8.591023551137788454e+05 1.134198702511279154e-07
8.697937595765272854e+05 1.111775296575753311e-07
8.806182170963467797e+05 1.089795178468522864e-07
8.915773835002213018e+05 1.068249583606780227e-07
9.026729352216721745e+05 1.047129926916276703e-07
9.139065695572060067e+05 1.026427788990162229e-07
9.252800049259508960e+05 1.006134913225931432e-07
9.367949811325275805e+05 9.862432077090932171e-08
9.484532596331748646e+05 9.667447473182321320e-08
9.602566238052278059e+05 9.476317567663133146e-08
9.722068792198908050e+05 9.288966139376345645e-08
9.843058539184652036e+05 9.105318507549061784e-08
9.965553986919705058e+05 8.925301477578116742e-08
1.008957387364266906e+06 8.748843262174232782e-08
1.021513717078693211e+06 8.575873479356940065e-08
1.034226308588277083e+06 8.406323205288431437e-08
1.047097106549552525e+06 8.240124848512258025e-08
1.060128079820041545e+06 8.077212134366911864e-08
1.073321221759412671e+06 7.917520098702519609e-08
1.086678550534436246e+06 7.760985097662314163e-08
1.100202109427688178e+06 7.607544727745919919e-08
1.113893967150103068e+06 7.457137780239324312e-08
1.127756218157450901e+06 7.309704303778271838e-08
1.141790982970711542e+06 7.165185532750388822e-08
1.156000408500456484e+06 7.023523848678795182e-08
1.170386668375262991e+06 6.884662740402586622e-08
1.184951963274218375e+06 6.748546861819349903e-08
1.199698521263556788e+06 6.615121970548480314e-08
1.214628598137496272e+06 6.484334841630396040e-08
1.229744477763286792e+06 6.356133324889955899e-08
1.245048472430608468e+06 6.230466323367196797e-08
1.260542923205268336e+06 6.107283748636990298e-08
1.276230200287299231e+06 5.986536446812683752e-08
1.292112703373561846e+06 5.868176284200335086e-08
1.308192862024810398e+06 5.752156103325214400e-08
1.324473136037347373e+06 5.638429630624769914e-08
1.340956015819302062e+06 5.526951501950532136e-08
1.357644022771589924e+06 5.417677281271407343e-08
1.374539709673619829e+06 5.310563430896837171e-08
1.391645661073771538e+06 5.205567205329392444e-08
1.408964493684791261e+06 5.102646737717408653e-08
1.426498856784054777e+06 5.001761022359583298e-08
1.444251432618813124e+06 4.902869835989775944e-08
1.462224936816532165e+06 4.805933717467342573e-08
1.480422118800282944e+06 4.710914019267887937e-08
1.498845762209327659e+06 4.617772898610463753e-08
1.517498685324935475e+06 4.526473189083654040e-08
1.536383741501499200e+06 4.436978471803247329e-08
1.555503819603013340e+06 4.349253086694336342e-08
1.574861844444994582e+06 4.263262073446705956e-08
1.594460777241865871e+06 4.178971107321365296e-08
1.614303616059975466e+06 4.096346575948187508e-08
1.634393396276195534e+06 4.015355577389002820e-08
1.654733191042226506e+06 3.935965803354306048e-08
1.675326111754736863e+06 3.858145573994812638e-08
1.696175308531292714e+06 3.781914455228352964e-08
1.717283970692239236e+06 3.707612816498082414e-08
1.738655327248576097e+06 3.635273907997646130e-08
1.760292647395897890e+06 3.564938382710182869e-08
1.782199241014488973e+06 3.496653871378024822e-08
1.804378459175647469e+06 3.430474268569067952e-08
1.826833694654269377e+06 3.366458764729291159e-08
1.849568382447896758e+06 3.304670646003440355e-08
1.872586000302112428e+06 3.245175757932765850e-08
1.895890069242589641e+06 3.188040739734260528e-08
1.919484154113671277e+06 3.133331119254881660e-08
1.943371864123699255e+06 3.081109262224886568e-08
1.967556853397115832e+06 3.031432211578510196e-08
1.992042821533438982e+06 2.984349539152773199e-08
2.016833514173192671e+06 2.939901368250038217e-08
2.041932723570892354e+06 2.898116462037102601e-08
2.067344289175111800e+06 2.859010555035878096e-08
2.093072098215860315e+06 2.822585006482442002e-08
2.119120086299187969e+06 2.788825824937134116e-08
2.145492238009196706e+06 2.757703013580408007e-08
2.172192587517616805e+06 2.729170322806181292e-08
