1.141351598225158170e+01 1.915882772012059685e-04
1.154570155759848937e+01 2.863229545880893344e-04
1.167956065340607275e+01 4.255056114066309032e-04
1.181511445708994401e+01 6.271982610760837469e-04
1.195238442430672343e+01 9.161619132221545531e-04
1.209139228234983499e+01 1.322781056061360719e-03
1.223216003358864334e+01 1.886690670973707913e-03
1.237470995895108139e+01 2.656269763601049744e-03
1.251906462145012888e+01 3.690255258244094436e-03
1.266524686975534841e+01 5.054890037012847032e-03
1.281327984180918023e+01 6.822265940734241474e-03
1.296318696848945606e+01 9.081921061566466946e-03
1.311499197731785671e+01 1.192470331242902540e-02
1.326871889621579470e+01 1.547928329020991506e-02
1.342439205730731722e+01 1.979311276124588043e-02
1.358203610077068113e+01 2.495353583251449375e-02
1.374167597873822366e+01 3.103540556071227030e-02
1.390333695924598523e+01 3.809553303860162277e-02
1.406704463023308982e+01 4.607828145994254110e-02
1.423282490359180663e+01 5.473054771984725564e-02
1.440070401926908517e+01 6.384605807786168652e-02
1.457070854941960114e+01 7.354014564020447398e-02
1.474286540261191192e+01 8.395509369645853814e-02
1.491720182808732886e+01 9.519104810744336009e-02
1.509374542007322617e+01 1.072662727033052016e-01
1.527252412215039534e+01 1.200572777822936088e-01
1.545356623167630872e+01 1.334435300419006820e-01
1.563690040426379646e+01 1.473956624355023670e-01
1.582255565831693822e+01 1.619359476497441996e-01
1.601056137962392256e+01 1.770874826147215420e-01
1.620094732600838938e+01 1.927961921451198934e-01
1.639374363203958396e+01 2.090189449180212822e-01
1.658898081380194611e+01 2.257367407533114323e-01
1.678668977372547744e+01 2.429299121367777536e-01
1.698690180547669826e+01 2.605334737153277014e-01
1.718964859891222829e+01 2.784611372843637800e-01
1.739496224509435152e+01 2.966454797503508822e-01
1.760287524137073945e+01 3.150163808870506399e-01
1.781342049651792081e+01 3.335127930693683185e-01
1.802663133595038403e+01 3.521577971251388384e-01
1.824254150699510646e+01 3.709738933354261303e-01
1.846118518423331878e+01 3.898397575136795523e-01
1.868259697490972115e+01 4.086463612364236164e-01
1.890681192440998259e+01 4.275185387631091904e-01
1.913386552180801203e+01 4.464339396344786381e-01
1.936379370548300827e+01 4.652168308134331798e-01
1.959663286880801891e+01 4.838974947995086096e-01
1.983241986591017891e+01 5.024722731142406973e-01
2.007119201750422022e+01 5.208934958383608649e-01
2.031298711679940538e+01 5.391060060450754143e-01
2.055784343548179294e+01 5.570802769992962977e-01
2.080579972977156800e+01 5.749158886902266952e-01
2.105689524655787181e+01 5.927140938326496133e-01
2.131116972961045875e+01 6.103857252911411013e-01
2.156866342587058938e+01 6.277678884744866128e-01
2.182941709182144052e+01 6.448291712897425976e-01
2.209347199993888822e+01 6.616466540269368979e-01
2.236086994522445437e+01 6.782650890022524637e-01
2.263165325182034238e+01 6.946547234526129211e-01
2.290586477970895984e+01 7.107756344845598262e-01
2.318354793149642745e+01 7.265785016929332540e-01
2.346474665928286285e+01 7.420763472426623597e-01
2.374950547161873260e+01 7.573828466323651032e-01
2.403786944055014629e+01 7.725145152158555684e-01
2.432988420875260616e+01 7.873605212552641230e-01
2.462559599675550004e+01 8.018631795940547313e-01
2.492505161025815141e+01 8.160693962590658268e-01
2.522829844753788819e+01 8.300281917372919205e-01
2.553538450695277717e+01 8.437575935479559863e-01
2.584635839453843076e+01 8.572431468435124380e-01
2.616126933170184543e+01 8.704384966980368565e-01
2.648016716301186690e+01 8.832910194474170584e-01
2.680310236408903535e+01 8.958293530215158951e-01
2.713012604959454777e+01 9.081483909243774910e-01
2.746128998132116905e+01 9.202454921507923213e-01
2.779664657638579683e+01 9.320188988419615406e-01
2.813624891552630203e+01 9.433877929186127442e-01
2.848015075150334496e+01 9.543168734076881154e-01
2.882840651760811213e+01 9.648265490882965700e-01
2.918107133627848881e+01 9.750292600603445159e-01
2.953820102782350787e+01 9.850421966197948631e-01
2.989985211925912623e+01 9.948211642942288435e-01
3.026608185325488876e+01 1.004171999382514668e+00
3.063694819719496110e+01 1.012985191122509177e+00
3.101250985235269297e+01 1.021354765266509812e+00
3.139282626318248859e+01 1.029375540381179510e+00
3.177795762672835878e+01 1.036987888510194411e+00
3.216796490215212145e+01 1.044113168094025657e+00
3.256290982038233750e+01 1.050770102831830588e+00
3.296285489388474588e+01 1.056973260960686556e+00
3.336786342655727111e+01 1.062658882911760472e+00
3.377799952374939352e+01 1.067769719791462180e+00
3.419332810240938869e+01 1.072322478754919040e+00
3.461391490135887494e+01 1.076317371501017917e+00
3.503982649169865482e+01 1.079672502734525752e+00
3.547113028734507623e+01 1.082317517229067771e+00
3.590789455570103428e+01 1.084234273991393493e+00
3.635018842846090337e+01 1.085408827779182461e+00
3.680702278675789785e+01 1.085802682814495768e+00
3.726771827548029137e+01 1.085375038904238032e+00
3.773419577571000616e+01 1.084102862517729804e+00
3.820652785524495698e+01 1.081926315334043487e+00
3.868478799265333379e+01 1.078811020956122579e+00
3.916905058870459300e+01 1.074754093135394495e+00
3.965939097794355206e+01 1.069728968291265847e+00
4.015588544040978292e+01 1.063715128026072598e+00
4.065861121350449991e+01 1.056751637156384094e+00
4.116764650400548931e+01 1.048858643646739752e+00
4.168307050023376803e+01 1.039993970632329567e+00
4.220496338437245498e+01 1.030117497354378520e+00
4.273340634494031320e+01 1.019271805050761204e+00
4.326848158942193123e+01 1.007532053857981502e+00
4.381027235705627021e+01 9.949558779204152881e-01
4.435886293178613471e+01 9.815738236212139256e-01
4.491433865536937020e+01 9.674210776920713073e-01
4.547678594065539670e+01 9.525573736841693728e-01
4.604629228502800942e+01 9.370463916102769186e-01
4.662294628401684804e+01 9.209563372696604189e-01
4.720683764508019920e+01 9.043585343326844272e-01
4.779805720155976445e+01 8.873271171847854077e-01
4.839669692681162161e+01 8.699351920167948116e-01
4.900284994851397613e+01 8.522628041097832785e-01
4.961661056315463725e+01 8.343870383752697295e-01
5.023807425070017985e+01 8.163788358747771090e-01
5.086733768944976930e+01 7.983047617346373803e-01
5.150449877107428165e+01 7.802325012085492562e-01
5.214965661584535184e+01 7.622256632053207026e-01
5.280291158805496821e+01 7.443434423107114783e-01
5.346436531162850514e+01 7.266365166061401482e-01
5.413412068593441973e+01 7.091535316568624570e-01
5.481228190179110982e+01 6.919366640809729851e-01
5.549895445767594282e+01 6.750243661458021904e-01
5.619424517613695969e+01 6.584493075605337697e-01
5.689826222041085657e+01 6.422382032582836242e-01
5.761111511124941842e+01 6.264114065431447553e-01
5.833291474395703347e+01 6.109870231004820296e-01
5.906377340564269929e+01 5.959772943361436592e-01
5.980380479268727356e+01 5.813886290381855559e-01
6.055312402843114938e+01 5.672246184017294413e-01
6.131184768108344940e+01 5.534830474544589762e-01
6.208009378185578697e+01 5.401617437383887665e-01
6.285798184332440997e+01 5.272571825216840757e-01
6.364563287802151592e+01 5.147620405796631271e-01
6.444316941726097525e+01 5.026679966583119663e-01
6.525071553020003989e+01 4.909651375121198980e-01
6.606839684314007854e+01 4.796410502301157175e-01
6.689634055906977039e+01 4.686830916508466505e-01
6.773467547745336503e+01 4.580785899561533592e-01
6.858353201426787393e+01 4.478155838298367719e-01
6.944304222229065715e+01 4.378800332889820068e-01
7.031333981164263491e+01 4.282587651084280300e-01
7.119456017058899988e+01 4.189380448406046509e-01
7.208684038660065596e+01 4.099042468174906584e-01
7.299031926768097378e+01 4.011446116882897983e-01
7.390513736395865863e+01 3.926479379978097262e-01
7.483143698955306888e+01 3.844024053302646515e-01
7.576936224471313608e+01 3.763971073316105809e-01
7.671905903823454764e+01 3.686219614507115772e-01
7.768067511015789250e+01 3.610655449430000274e-01
7.865436005475245906e+01 3.537176984864023876e-01
7.964026534378722033e+01 3.465692502079794624e-01
8.063854435009491795e+01 3.396115111013354726e-01
8.164935237143171776e+01 3.328345528807911125e-01
8.267284665463587601e+01 3.262306846926230630e-01
8.370918642009063149e+01 3.197923532744905151e-01
8.475853288649230421e+01 3.135132926436448031e-01
8.582104929593114662e+01 3.073861073615730688e-01
8.689690093928597037e+01 3.014044626436404584e-01
8.798625518193772166e+01 2.955639122921736028e-01
8.908928148980568551e+01 2.898585150878366101e-01
9.020615145571038340e+01 2.842831165828004769e-01
9.133703882606828017e+01 2.788331629462404981e-01
9.248211952791960755e+01 2.735030995292288547e-01
9.364157169629724820e+01 2.682883461695849125e-01
9.481557570193810136e+01 2.631850848133441279e-01
9.600431417934268552e+01 2.581889490404639664e-01
9.720797205518709916e+01 2.532954034850795066e-01
9.842673657709050872e+01 2.485021921542299728e-01
9.966079734274477175e+01 2.438049604909587886e-01
1.009103463294094070e+02 2.392004408881103772e-01
1.021755779237764870e+02 2.346873183773217353e-01
1.034566889522106123e+02 2.302621953524137954e-01
1.047538787113678467e+02 2.259216292282491267e-01
1.060673489992005472e+02 2.216648652978751299e-01
1.073973041463486879e+02 2.174892378162145701e-01
1.087439510479276095e+02 2.133912937879213767e-01
1.101074991957131743e+02 2.093703257965861542e-01
1.114881607107325578e+02 2.054239906843213503e-01
1.128861503762614547e+02 2.015500484776290013e-01
1.143016856712379052e+02 1.977472254337478141e-01
1.157349868040943051e+02 1.940132606533920556e-01
1.171862767470140767e+02 1.903453476665371846e-01
1.186557812706188031e+02 1.867436720853082044e-01
1.201437289790899428e+02 1.832063211378391621e-01
1.216503513457316785e+02 1.797322939880806603e-01
1.231758827489812660e+02 1.763203673737531174e-01
1.247205605088685729e+02 1.729692157406510222e-01
1.262846249239358656e+02 1.696778837542282092e-01
1.278683193086196894e+02 1.664448223637873814e-01
1.294718900311029870e+02 1.632697819157434282e-01
1.310955865516399683e+02 1.601517687620166719e-01
1.327396614613647046e+02 1.570892576379792349e-01
1.344043705215853208e+02 1.540812592449624929e-01
1.360899727035711919e+02 1.511268351708471014e-01
1.377967302288406870e+02 1.482252547929687192e-01
1.395249086099527460e+02 1.453759487482743085e-01
1.412747766918132868e+02 1.425771394269979564e-01
1.430466066934958747e+02 1.398288452710508278e-01
1.448406742505911211e+02 1.371294873870719799e-01
1.466572584580858063e+02 1.344787056957098825e-01
1.484966419137798255e+02 1.318753656028869847e-01
1.503591107622502250e+02 1.293192365616669670e-01
1.522449547393633225e+02 1.268089283320433525e-01
1.541544672173488664e+02 1.243447396469107430e-01
1.560879452504385938e+02 1.219254834436939994e-01
1.580456896210771731e+02 1.195507297792020307e-01
1.600280048867139442e+02 1.172195248314215482e-01
1.620351994271810270e+02 1.149320239806620458e-01
1.640675854926679733e+02 1.126862949904124944e-01
1.661254792522950652e+02 1.104827267930610785e-01
1.682092008432996977e+02 1.083199862652826778e-01
1.703190744208381204e+02 1.061971158259203823e-01
1.724554282084137071e+02 1.041137339946196089e-01
1.746185945489358460e+02 1.020696631621407641e-01
1.768089099564218998e+02 1.000634163575604141e-01
1.790267151683467830e+02 9.809516483476668491e-02
1.812723551986504447e+02 9.616433808541843820e-02
1.835461793914095665e+02 9.427032434501324276e-02
1.858485414751836799e+02 9.241245571808190395e-02
1.881797996180429209e+02 9.059073314667545618e-02
1.905403164832878815e+02 8.880360939100721829e-02
1.929304592858651120e+02 8.705161580272030575e-02
1.953505998494951541e+02 8.533384847020386577e-02
1.978011146645141594e+02 8.364937035573100088e-02
2.002823849464445232e+02 8.199792329936368696e-02
2.027947966952965828e+02 8.037834436886090450e-02
2.053387407556185167e+02 7.879030639973337580e-02
2.079146128772976283e+02 7.723300357707681141e-02
2.105228137771255774e+02 7.570621646323907883e-02
2.131637492011360848e+02 7.420920744060308105e-02
2.158378299877242910e+02 7.274147698709182430e-02
2.185454721315613540e+02 7.130231065525560741e-02
2.212870968483056799e+02 6.989174456241636912e-02
2.240631306401313623e+02 6.850880415936182188e-02
2.268740053620766730e+02 6.715315318790324173e-02
2.297201582892272143e+02 6.582429567429232131e-02
2.326020321847385048e+02 6.452154781899190061e-02
2.355200753687158510e+02 6.324473713262819541e-02
2.384747417879578109e+02 6.199284394426128608e-02
2.414664910865739103e+02 6.076569438193835798e-02
2.444957886774899407e+02 5.956276422875392274e-02
2.475631058148497630e+02 5.838345901942608440e-02
2.506689196673259801e+02 5.722720506184836992e-02
2.538137133923527813e+02 5.609379257443284500e-02
2.569979762112855610e+02 5.498253450913239554e-02
2.602222034855088282e+02 5.389339527301567623e-02
2.634868967934964985e+02 5.282572819348855392e-02
2.667925640088420209e+02 5.177953521081542915e-02
2.701397193792629423e+02 5.075412962099034447e-02
2.735288836066023919e+02 4.974916867665964831e-02
2.769605839278315784e+02 4.876455782764899799e-02
2.804353541970697847e+02 4.779979044994599191e-02
2.839537349686333982e+02 4.685424432775003867e-02
2.875162735811269954e+02 4.592784695089761199e-02
2.911235242425934189e+02 4.501998555700946480e-02
2.947760481167243256e+02 4.413059125984155479e-02
2.984744134101619011e+02 4.325879135930693620e-02
3.022191954608907167e+02 4.240451909715748507e-02
3.060109768277396256e+02 4.156747479835110060e-02
3.098503473810113178e+02 4.074740375630604011e-02
3.137379043942407861e+02 3.994371462188061467e-02
3.176742526371140229e+02 3.915630853115533577e-02
3.216600044695480278e+02 3.838469266648892458e-02
3.256957799369532722e+02 3.762876119718322476e-02
3.297822068666907285e+02 3.688786119645917627e-02
3.339199209657405731e+02 3.616194385798330441e-02
3.381095659195976850e+02 3.545058134666161792e-02
3.423517934924038855e+02 3.475343768610137524e-02
3.466472636283419888e+02 3.407011439635190125e-02
3.509966445542991664e+02 3.340011506044560791e-02
3.554006128838229870e+02 3.274342981296529675e-02
3.598598537223745097e+02 3.209957196815547281e-02
3.643750607739101497e+02 3.146840556064247479e-02
3.689469364487973735e+02 3.084942893808154812e-02
3.735761919730854288e+02 3.024261940416544253e-02
3.782635474991473643e+02 2.964764158029388127e-02
3.830097322177112460e+02 2.906413878289487718e-02
3.878154844712963154e+02 2.849178142342654804e-02
3.926815518690761451e+02 2.793040729543101730e-02
3.976086914031767492e+02 2.737988050347395924e-02
4.025976695664414819e+02 2.683988020141540864e-02
4.076492624716686919e+02 2.631000744461984425e-02
4.127642559723522595e+02 2.579026974544541134e-02
4.179434457849272917e+02 2.528036758582301313e-02
4.231876376125607067e+02 2.478012028454575078e-02
4.284976472704888124e+02 2.428934199140642819e-02
4.338743008129307555e+02 2.380777815870159173e-02
4.393184346615936420e+02 2.333528232305227476e-02
4.448308957357899658e+02 2.287171483929547472e-02
4.504125415841933204e+02 2.241693091015571279e-02
4.560642405182369998e+02 2.197087938907920507e-02
4.617868717471974946e+02 2.153311751336797752e-02
4.675813255149677161e+02 2.110373639100013299e-02
4.734485032385484260e+02 2.068260949898289083e-02
4.793893176482794161e+02 2.026954850317990581e-02
4.854046929298251030e+02 1.986441551479688900e-02
4.914955648679488718e+02 1.946704811844187505e-02
4.976628809920877643e+02 1.907751164333293392e-02
5.039076007237555359e+02 1.869558793710402594e-02
5.102306955257956815e+02 1.832110934235941374e-02
5.166331490535062585e+02 1.795404467102272236e-02
5.231159573076672586e+02 1.759427609958527997e-02
5.296801287894768393e+02 1.724171103589666396e-02
5.363266846574446163e+02 1.689616220257815493e-02
5.430566588862457138e+02 1.655756708905540414e-02
5.498710984275762712e+02 1.622580675507857839e-02
5.567710633730159770e+02 1.590073251634805535e-02
5.637576271189468571e+02 1.558231410692229729e-02
5.708318765335350236e+02 1.527035143358828825e-02
5.779949121258099467e+02 1.496484026635777967e-02
5.852478482168659184e+02 1.466560876046741659e-02
5.925918131132116287e+02 1.437248812753251156e-02
6.000279492822945713e+02 1.408539921400389465e-02
6.075574135302347258e+02 1.380419772336793915e-02
6.151813771817759289e+02 1.352878116894049194e-02
6.229010262625089354e+02 1.325897978355872024e-02
6.307175616833726508e+02 1.299469288867984018e-02
6.386321994274806002e+02 1.273581660370077216e-02
6.466461707392782046e+02 1.248226069347998894e-02
6.547607223160855483e+02 1.223387087796019151e-02
6.629771165020413264e+02 1.199049668005858216e-02
6.712966314844780982e+02 1.175206051722886558e-02
6.797205614927659099e+02 1.151846141549384139e-02
6.882502169996462271e+02 1.128958057749305209e-02
6.968869249251054043e+02 1.106530264291360512e-02
7.056320288427818923e+02 1.084552579554506728e-02
7.144868891889926772e+02 1.063015710159670273e-02
7.234528834743729249e+02 1.041911153874894129e-02
7.325314064981545243e+02 1.021230119156241872e-02
7.417238705651598139e+02 1.000960207737820740e-02
7.510317057055046917e+02 9.810940513759467893e-03
7.604563598970617022e+02 9.616228275416015617e-03
7.699992992907158396e+02 9.425415685374768579e-03
7.796620084384458096e+02 9.238401730225108063e-03
7.894459905242714512e+02 9.055100705799925404e-03
7.993527675980944878e+02 8.875428136187326483e-03
8.093838808124791058e+02 8.699336070519245179e-03
8.195408906623977146e+02 8.526739081738905768e-03
8.298253772280039584e+02 8.357553414645597575e-03
8.402389404204176344e+02 8.191734279005638900e-03
8.507832002306305412e+02 8.029200350735668165e-03
8.614597969815166607e+02 7.869883503431766153e-03
8.722703915830099959e+02 7.713730054837168032e-03
8.832166657904848535e+02 7.560672646387212037e-03
8.943003224663799529e+02 7.410645584580600499e-03
9.055230858451028553e+02 7.263587159338945852e-03
9.168867018012628023e+02 7.119449494963459024e-03
9.283929381212694807e+02 6.978153771273984743e-03
9.400435847783331837e+02 6.839645172350990350e-03
9.518404542109439035e+02 6.703880042415028689e-03
9.637853816047821738e+02 6.570788387064444014e-03
9.758802251782628900e+02 6.440327665043016347e-03
9.881268664715684054e+02 6.312450877010055555e-03
1.000527210639371901e+03 6.187099986959701189e-03
1.013083186747206923e+03 6.064221414863798544e-03
1.025796748071565162e+03 5.943770924089317349e-03
1.038669872403760110e+03 5.825704885182237530e-03
1.051704562357601162e+03 5.709979448030049268e-03
1.064902845680929886e+03 5.596544911148302812e-03
1.078266775571067001e+03 5.485352610801463857e-03
1.091798430994239652e+03 5.376353960307780726e-03
1.105499917008945431e+03 5.269523737592968389e-03
1.119373365093492339e+03 5.164816558605499555e-03
1.133420933477533708e+03 5.062186567046538833e-03
1.147644807477834320e+03 4.961590757216055581e-03
1.162047199838228607e+03 4.862989286899118031e-03
1.176630351073845532e+03 4.766344527782180422e-03
1.191396529819655825e+03 4.671620314388502671e-03
1.206348033183393227e+03 4.578778449267639945e-03
1.221487187102905636e+03 4.487781532395713167e-03
1.236816346707984849e+03 4.398592963679165760e-03
1.252337896686769454e+03 4.311176782847561846e-03
1.268054251656663837e+03 4.225497742225277700e-03
1.283967856540041112e+03 4.141521342805956803e-03
1.300081186944531055e+03 4.059213793170103265e-03
1.316396749548167236e+03 3.978541879189910480e-03
1.332917082489332188e+03 3.899473095693144903e-03
1.349644755761605211e+03 3.821975628323798831e-03
1.366582371613563282e+03 3.746018250413046466e-03
1.383732564953603742e+03 3.671570322582676151e-03
1.401098003759843778e+03 3.598601855676179968e-03
1.418681389495164467e+03 3.527083500706464439e-03
1.436485457527466224e+03 3.456986404575016717e-03
1.454512977555193174e+03 3.388282311634309776e-03
1.472766754038229465e+03 3.320943565658692875e-03
1.491249626634112019e+03 3.254943055753639278e-03
1.509964470639869887e+03 3.190254145723840553e-03
1.528914197439248937e+03 3.126850773380857214e-03
1.548101754955658635e+03 3.064707435630913135e-03
1.567530128110758596e+03 3.003799073990216437e-03
1.587202339288809753e+03 2.944101127155270003e-03
1.607121448806851731e+03 2.885589554286211583e-03
1.627290555390785357e+03 2.828240811969466150e-03
1.647712796657425315e+03 2.772033199012338429e-03
1.668391349602597984e+03 2.716943611618096322e-03
1.689329431095408154e+03 2.662948788075404898e-03
1.710530298378596171e+03 2.610026976914365474e-03
1.731997249575349542e+03 2.558156828593369930e-03
1.753733624202299552e+03 2.507317449044708761e-03
1.775742803689072161e+03 2.457488390239876298e-03
1.798028211904312457e+03 2.408649550332904368e-03
1.820593315688320217e+03 2.360781242817269494e-03
1.843441625392373908e+03 2.313864198398902887e-03
1.866576695424815853e+03 2.267879530090701791e-03
1.890002124803997731e+03 2.222808679304113990e-03
1.913721557718155964e+03 2.178633488029365316e-03
1.937738684092360472e+03 2.135336185737884539e-03
1.962057240162452672e+03 2.092899318019864410e-03
1.986681009056385847e+03 2.051305770755241110e-03
2.011613821382662309e+03 2.010538794284486355e-03
2.036859555826282531e+03 1.970581984640624573e-03
2.062422139752126895e+03 1.931419217075578407e-03
2.088305549815923314e+03 1.893034710193438816e-03
2.114513812582865285e+03 1.855413017073394115e-03
2.141051005154019094e+03 1.818538981455929951e-03
2.167921255800575182e+03 1.782397726842912264e-03
2.195128744606060536e+03 1.746974693826394438e-03
2.222677704116625137e+03 1.712255632331984067e-03
2.250572419999459726e+03 1.678226538192558338e-03
2.278817231709552743e+03 1.644873692728410913e-03
2.307416533164650446e+03 1.612183668704086784e-03
2.336374773428939079e+03 1.580143304688489498e-03
2.365696457405049387e+03 1.548739670306469116e-03
2.395386146534924592e+03 1.517960112518766278e-03
2.425448459509404984e+03 1.487792248608071346e-03
2.455888072986735096e+03 1.458223916224960946e-03
2.486709722320103083e+03 1.429243190514185337e-03
2.517918202294282310e+03 1.400838400071215475e-03
2.549518367871548435e+03 1.372998113587971985e-03
2.581515134946918351e+03 1.345711097002108905e-03
2.613913481112962927e+03 1.318966353598928108e-03
2.646718446434017551e+03 1.292753119631011045e-03
2.679935134230404401e+03 1.267060833548895897e-03
2.713568711872204403e+03 1.241879130526142181e-03
2.747624411583178698e+03 1.217197865381890870e-03
2.782107531254713194e+03 1.193007108651043075e-03
2.817023435269989932e+03 1.169297102019004053e-03
2.852377555338494403e+03 1.146058286710096349e-03
2.888175391340997976e+03 1.123281306523944310e-03
2.924422512185166852e+03 1.100956990108420755e-03
2.961124556671863957e+03 1.079076328503932817e-03
2.998287234372410694e+03 1.057630505321578360e-03
3.035916326516679419e+03 1.036610892016652042e-03
3.074017686892617348e+03 1.016009013433245844e-03
3.112597242756753076e+03 9.958165612323991583e-04
3.151660995756345073e+03 9.760254029087842920e-04
3.191215022863006652e+03 9.566275730625509047e-04
3.231265477318082048e+03 9.376152437369408279e-04
3.271818589589883686e+03 9.189807528135989076e-04
3.312880668342916124e+03 9.007166000810758405e-04
3.354458101419314517e+03 8.828154261185992922e-04
3.396557356832546247e+03 8.652700092148084016e-04
3.439184983773634940e+03 8.480732806640556591e-04
3.482347613629948228e+03 8.312183214328382414e-04
3.526051961016910354e+03 8.146983316711814979e-04
3.570304824822388582e+03 7.985066514829461913e-04
3.615113089264574228e+03 7.826367618543429239e-04
3.660483724962768520e+03 7.670822720706069143e-04
3.706423790021843161e+03 7.518369047032359134e-04
3.752940431130227353e+03 7.368945168691237637e-04
3.800040884671674121e+03 7.222490962103468755e-04
3.847732477851008753e+03 7.078947372962807053e-04
3.896022629833974406e+03 6.938256511369454878e-04
3.944918852901406808e+03 6.800361715204234804e-04
3.994428753617864913e+03 6.665207480356837239e-04
4.044560034015031306e+03 6.532739260435513080e-04
4.095320492789709533e+03 6.402903670038534792e-04
4.146718026517251019e+03 6.275648453523501296e-04
4.198760630879817654e+03 6.150922328696271446e-04
4.251456401910314526e+03 6.028674975135879304e-04
4.304813537251829985e+03 5.908857141435384453e-04
4.358840337432915476e+03 5.791420617028619419e-04
4.413545207158849735e+03 5.676318021463251390e-04
4.468936656619141104e+03 5.563502949968972960e-04
4.525023302811392568e+03 5.452929982935015305e-04
4.581813870881814182e+03 5.344554589238909460e-04
4.639317195482635725e+03 5.238333027478037389e-04
4.697542222146257700e+03 5.134222496228323107e-04
4.756498008677162943e+03 5.032181108596472463e-04
4.816193726560759387e+03 4.932167713312953731e-04
4.876638662390249920e+03 4.834141973419621516e-04
4.937842219311294684e+03 4.738064409327745691e-04
4.999813918484809619e+03 4.643896347983744038e-04
5.062563400568130419e+03 4.551599782270556306e-04
5.126100427214768388e+03 4.461137514131668122e-04
5.190434882592985559e+03 4.372473135950369111e-04
5.255576774923426456e+03 4.285570914119767667e-04
5.321536238036056602e+03 4.200395785985775593e-04
5.388323532946617888e+03 4.116913433531093442e-04
5.455949049452995496e+03 4.035090271284434552e-04
5.524423307751252651e+03 3.954893282342637783e-04
5.593756960072551919e+03 3.876290132789825260e-04
5.663960792340008084e+03 3.799249175918922427e-04
5.735045725846718597e+03 3.723739385497453619e-04
5.807022818954726063e+03 3.649730282921901411e-04
5.879903268815303818e+03 3.577192045014356372e-04
5.953698413110870206e+03 3.506095488152631903e-04
6.028419731818708897e+03 3.436411938320736541e-04
6.104078848996886336e+03 3.368113289894268040e-04
6.180687534592510929e+03 3.301172032988701401e-04
6.258257706272860560e+03 3.235561227177052098e-04
6.336801431279084682e+03 3.171254387291452142e-04
6.416330928303805194e+03 3.108225594802800705e-04
6.496858569391643869e+03 3.046449481673774769e-04
6.578396881864014176e+03 2.985901152406962708e-04
6.660958550267891042e+03 2.926556175341361952e-04
6.744556418349141495e+03 2.868391445402257585e-04
6.829203491050517187e+03 2.811384410828135613e-04
6.914912936534796245e+03 2.755510311341758767e-04
7.001698088233294584e+03 2.700746621046282072e-04
7.089572446920057700e+03 2.647071290812454602e-04
7.178549682812244100e+03 2.594462709929653004e-04
7.268643637696462974e+03 2.542899642635223730e-04
7.359868327082425822e+03 2.492361311974507546e-04
7.452237942383015252e+03 2.442827385303796635e-04
7.545766853122073371e+03 2.394277889190985430e-04
7.640469609169803334e+03 2.346693241873212062e-04
7.736360943006236084e+03 2.300054278036031208e-04
7.833455772013062415e+03 2.254342228898467129e-04
7.931769200794293283e+03 2.209538643203423180e-04
8.031316523525988487e+03 2.165625464160630086e-04
8.132113226335532090e+03 2.122585017179944879e-04
8.234174989710709269e+03 2.080399960911795962e-04
8.337517690939050226e+03 2.039053273436662996e-04
8.442157406577909569e+03 1.998528295920317993e-04
8.548110414955104716e+03 1.958808724408082924e-04
8.655393198701698566e+03 1.919878534437358922e-04
8.764022447315755926e+03 1.881722029468381138e-04
8.874015059758852658e+03 1.844323846406924509e-04
8.985388147084902812e+03 1.807668927147823156e-04
9.098159035102074995e+03 1.771742475829161587e-04
9.212345267068067187e+03 1.736530015576264363e-04
9.327964606419245683e+03 1.702017378484336433e-04
9.445035039534030147e+03 1.668190649176486931e-04
9.563574778530879485e+03 1.635036183459802773e-04
9.683602264101724359e+03 1.602540627372059476e-04
9.805136168380206072e+03 1.570690902137911865e-04
9.928195397847006461e+03 1.539474153882207093e-04
1.005279909627059715e+04 1.508877800576003487e-04
1.017896664768555638e+04 1.478889527009135925e-04
1.030671767940799691e+04 1.449497249927902596e-04
1.043607206508892523e+04 1.420689109639715429e-04
1.056704992780586872e+04 1.392453498647380100e-04
1.069967164319334734e+04 1.364779056551904915e-04
1.083395784261262452e+04 1.337654618741338191e-04
1.096992941636117212e+04 1.311069248532901717e-04
1.110760751692271515e+04 1.285012241228927928e-04
1.124701356225734344e+04 1.259473103886808276e-04
1.138816923913400387e+04 1.234441528963714052e-04
1.153109650650376534e+04 1.209907429308853687e-04
1.167581759891604997e+04 1.185860932922340515e-04
1.182235502997755611e+04 1.162292343725645024e-04
1.197073159585457870e+04 1.139192155526576100e-04
1.212097037881930191e+04 1.116551063644822590e-04
1.227309475084062069e+04 1.094359955080556542e-04
1.242712837721998949e+04 1.072609873971325624e-04
1.258309522027296589e+04 1.051292053895645708e-04
1.274101954305684922e+04 1.030397913854491708e-04
1.290092591314522724e+04 1.009919034024444142e-04
1.306283920644998761e+04 9.898471520484734463e-05
1.322678461109065393e+04 9.701741804730980529e-05
1.339278763131350570e+04 9.508922034219788083e-05
1.356087409145857782e+04 9.319934415266369673e-05
1.373107013997728609e+04 9.134702750090626083e-05
1.390340225350017135e+04 8.953152452436767279e-05
1.407789724095577913e+04 8.775210410406462534e-05
1.425458224774117843e+04 8.600804805150242735e-05
1.443348475994484761e+04 8.429865356327320117e-05
1.461463260862257448e+04 8.262323277905260998e-05
1.479805397412692946e+04 8.098111007545935678e-05
1.498377739049147567e+04 7.937162314988632935e-05
1.517183174986900303e+04 7.779412373388954285e-05
1.536224630702702598e+04 7.624797683041658009e-05
1.555505068389810003e+04 7.473255840849430548e-05
1.575027487418828605e+04 7.324725769334031135e-05
1.594794924804313632e+04 7.179147680896265133e-05
1.614810455677213940e+04 7.036462908533516758e-05
1.635077193763266951e+04 6.896613882800175089e-05
1.655598291867376611e+04 6.759544255995789759e-05
1.676376942364090064e+04 6.625198872346858977e-05
1.697416377694208131e+04 6.493523526527678405e-05
1.718719870867677673e+04 6.364465128891128650e-05
1.740290735972683979e+04 6.237971715913735336e-05
1.762132328691305156e+04 6.113992342807563537e-05
1.784248046821459502e+04 5.992476967515382235e-05
1.806641330805531106e+04 5.873376623641214412e-05
1.829315664265566375e+04 5.756643386617897021e-05
1.852274574545207361e+04 5.642230180357991269e-05
1.875521633258430666e+04 5.530090857766967302e-05
1.899060456845162116e+04 5.420180251972822762e-05
1.922894707133869815e+04 5.312454118215330519e-05
1.947028091911221782e+04 5.206868976044259353e-05
1.971464365498881671e+04 5.103382269339624039e-05
1.996207329337557530e+04 5.001952345558943785e-05
2.021260832578401823e+04 4.902538325150735857e-05
2.046628772681721966e+04 4.805100095159592339e-05
2.072315096023408478e+04 4.709598395512923662e-05
2.098323798508757682e+04 4.615994799930659472e-05
2.124658926194143351e+04 4.524251538405886031e-05
2.151324575916435424e+04 4.434331620025947645e-05
2.178324895930317507e+04 4.346198840282179730e-05
2.205664086553625748e+04 4.259817702349263355e-05
2.233346400820764757e+04 4.175153339124081027e-05
2.261376145144332258e+04 4.092171632291346448e-05
2.289757679985043433e+04 4.010839194393335966e-05
2.318495420530113188e+04 3.931123222565032068e-05
2.347593837379999604e+04 3.852991563051728506e-05
2.377057457244016041e+04 3.776412744973657538e-05
2.406890863644416822e+04 3.701355945296365060e-05
2.437098697629489834e+04 3.627790866320503466e-05
2.467685658495529060e+04 3.555687856673479471e-05
2.498656504517885696e+04 3.485017895758892791e-05
2.530016053691192064e+04 3.415752500231240797e-05
2.561769184478872921e+04 3.347863721378637538e-05
2.593920836572065673e+04 3.281324203621887919e-05
2.626476011658060088e+04 3.216107176774513407e-05
2.659439774198435771e+04 3.152186322592290382e-05
2.692817252216801717e+04 3.089535867420725929e-05
2.726613638096691648e+04 3.028130584036432929e-05
2.760834189389199673e+04 2.967945745252540904e-05
2.795484229630928894e+04 2.908957054514963377e-05
2.830569149172136167e+04 2.851140739753834104e-05
2.866094406015290951e+04 2.794475873998903550e-05
2.902065526664142817e+04 2.738937288085562584e-05
2.938488106983463513e+04 2.684502461813573427e-05
2.975367813069565818e+04 2.631149469916095821e-05
3.012710382131738515e+04 2.578856841446682598e-05
3.050521623384826671e+04 2.527603468116250987e-05
3.088807418952801527e+04 2.477368693024255159e-05
3.127573724783993748e+04 2.428132296533838555e-05
3.166826571577494542e+04 2.379874440313703714e-05
3.206572065721389299e+04 2.332575651249789035e-05
3.246816390242685156e+04 2.286216871760320791e-05
3.287565805769177678e+04 2.240779451420192440e-05
3.328826651503391622e+04 2.196245056765416793e-05
3.370605346208735864e+04 2.152595731662391006e-05
3.412908389208047447e+04 2.109813900891269124e-05
3.455742361394655745e+04 2.067882338634025741e-05
3.499113926256148989e+04 2.026784118283047752e-05
3.543029830910964665e+04 1.986502678626954276e-05
3.587496907158078830e+04 1.947021811521513717e-05
3.632522072539645160e+04 1.908325598455648233e-05
3.678112331417323003e+04 1.870398430375251202e-05
3.724274776061755256e+04 1.833225030559097515e-05
3.771016587755954970e+04 1.796790437924241941e-05
3.818345037912452972e+04 1.761079946856605115e-05
3.866267489204474259e+04 1.726079163880766236e-05
3.914791396711317066e+04 1.691774000730174765e-05
3.963924309078107763e+04 1.658150634868932571e-05
4.013673869690103311e+04 1.625195498600513850e-05
4.064047817861735530e+04 1.592895313250185612e-05
4.115053990040646022e+04 1.561237082789755250e-05
4.166700321026599704e+04 1.530208035431748922e-05
4.218994845206088212e+04 1.499795659607974891e-05
4.271945697802026552e+04 1.469987709402485850e-05
4.325561116139392834e+04 1.440772181777317165e-05
4.379849440926656098e+04 1.412137284422733197e-05
4.434819117553301476e+04 1.384071477851314477e-05
4.490478697403644037e+04 1.356563468914387884e-05
4.546836839187124860e+04 1.329602166002828969e-05
4.603902310285313433e+04 1.303176693806811291e-05
4.661683988115784450e+04 1.277276408025307233e-05
4.720190861513234995e+04 1.251890883753551232e-05
4.779432032127626735e+04 1.227009875949147975e-05
4.839416715840361576e+04 1.202623355873038139e-05
4.900154244197734806e+04 1.178721507129938350e-05
4.961654065862700372e+04 1.155294698133382079e-05
5.023925748084746010e+04 1.132333476595187390e-05
5.086978978188211477e+04 1.109828590424992365e-05
5.150823565079318359e+04 1.087770984437233766e-05
5.215469440772084636e+04 1.066151759618970255e-05
5.280926661933407740e+04 1.044962198788886971e-05
5.347205411447539518e+04 1.024193769398533434e-05
5.414316000000181521e+04 1.003838107939645035e-05
5.482268867682459677e+04 9.838869986195202249e-06
5.551074585615147225e+04 9.643324015042343219e-06
5.620743857592919085e+04 9.451664477291826845e-06
5.691287521749815642e+04 9.263814086709535564e-06
5.762716552245027560e+04 9.079697076622097898e-06
5.835042060970207240e+04 8.899239283903503521e-06
5.908275299278077000e+04 8.722368070160933849e-06
5.982427659732755274e+04 8.549012051266238974e-06
6.057510677882035816e+04 8.379101354191185921e-06
6.133536034051926981e+04 8.212567581528699303e-06
6.210515555163712270e+04 8.049343623524319018e-06
6.288461216573774436e+04 7.889363623146231853e-06
6.367385143936683744e+04 7.732563119490797176e-06
6.447299615091241139e+04 7.578879017615111079e-06
6.528217061970860959e+04 7.428249309733658774e-06
6.610150072537251981e+04 7.280613263174703670e-06
6.693111392738806899e+04 7.135911430774879191e-06
6.777113928493398998e+04 6.994085536330819440e-06
6.862170747696107719e+04 6.855078334729276934e-06
6.948295082252126304e+04 6.718833809846816191e-06
7.035500330135186960e+04 6.585297134720803286e-06
7.123800057471827313e+04 6.454414459184244515e-06
7.213208000651779003e+04 6.326132992976540596e-06
7.303738068465032848e+04 6.200401066052757675e-06
7.395404344265219697e+04 6.077168065266601619e-06
7.488221088160936779e+04 5.956384251159571682e-06
7.582202739233781176e+04 5.838000941566580097e-06
7.677363917784727528e+04 5.721970485754315871e-06
7.773719427608512342e+04 5.608246121113021995e-06
7.871284258296595362e+04 5.496781960603965230e-06
7.970073587569022493e+04 5.387533092535140019e-06
8.070102783635551168e+04 5.280455556080135057e-06
8.171387407586417976e+04 5.175506146456258422e-06
8.273943215813103598e+04 5.072642547715934912e-06
8.377786162459483603e+04 4.971823342694537960e-06
8.482932401903711434e+04 4.873007925739617762e-06
8.589398291271456401e+04 4.776156409932286665e-06
8.697200392980116885e+04 4.681229765880592014e-06
8.806355477315855387e+04 4.588189798879119416e-06
8.916880525042099180e+04 4.496998985101263972e-06
9.028792730041308096e+04 4.407620542199528912e-06
9.142109501989757700e+04 4.320018469738617930e-06
9.256848469065838435e+04 4.234157504616727286e-06
9.373027480692430981e+04 4.150002989911167543e-06
9.490664610313593585e+04 4.067521005812146501e-06
9.609778158206370426e+04 3.986678353598987841e-06
9.730386654327256838e+04 3.907442450258033018e-06
9.852508861195409554e+04 3.829781323549540008e-06
9.976163776810806303e+04 3.753663679993173462e-06
1.010137063761032477e+05 3.679058895587072321e-06
1.022814892145962222e+05 3.605936864211579898e-06
1.035651835068382788e+05 3.534268101873965203e-06
1.048649889513520466e+05 3.464023751047812118e-06
1.061811077529997856e+05 3.395175522259353919e-06
1.075137446544389968e+05 3.327695623054796921e-06
1.088631069679733919e+05 3.261556859480265278e-06
1.102294046078035171e+05 3.196732620511640074e-06
1.116128501226816734e+05 3.133196760726768269e-06
1.130136587289793679e+05 3.070923652133906524e-06
1.144320483441627730e+05 3.009888209826467493e-06
1.158682396206997801e+05 2.950065869115845409e-06
1.173224559803786105e+05 2.891432480238649886e-06
1.187949236490716285e+05 2.833964409528390011e-06
1.202858716919229191e+05 2.777638674389307979e-06
1.217955320489854057e+05 2.722434668431545445e-06
1.233241395713023376e+05 2.668327775349476894e-06
1.248719320574416779e+05 2.615296194317066174e-06
1.264391502904896915e+05 2.563318591505136440e-06
1.280260380755077931e+05 2.512373992940250583e-06
1.296328422774628998e+05 2.462441858565568911e-06
1.312598128596251772e+05 2.413502083156155492e-06
1.329072029224618163e+05 2.365534961994504484e-06
1.345752687430020305e+05 2.318521131652779928e-06
1.362642698147131305e+05 2.272441647236457325e-06
1.379744688878625748e+05 2.227277968392992328e-06
1.397061320103959297e+05 2.183011884025779887e-06
1.414595285693237965e+05 2.139625538642552751e-06
1.432349313326294359e+05 2.097101456666671250e-06
1.450326164917016868e+05 2.055422524570341392e-06
1.468528637043008639e+05 2.014571918554193476e-06
1.486959561380660452e+05 1.974533173868633831e-06
1.505621805145602557e+05 1.935290174347016332e-06
1.524518271538831177e+05 1.896827108304839392e-06
1.543651900198248914e+05 1.859128454801606784e-06
1.563025667656071601e+05 1.822179023860291056e-06
1.582642587801773334e+05 1.785963949345216448e-06
1.602505712351037364e+05 1.750468620583929162e-06
1.622618131320428511e+05 1.715678725035616202e-06
1.642982973508125579e+05 1.681580254229211214e-06
1.663603406980646832e+05 1.648159478289567870e-06
1.684482639565691934e+05 1.615402906368111393e-06
1.705623919351170771e+05 1.583297338280168881e-06
1.727030535190484079e+05 1.551829855432956758e-06
1.748705817214192939e+05 1.520987770061992462e-06
1.770653137347995071e+05 1.490758641226340104e-06
1.792875909837382496e+05 1.461130292531460296e-06
1.815377591778670903e+05 1.432090798748621368e-06
1.838161683656909736e+05 1.403628440114544512e-06
1.861231729890356946e+05 1.375731744158940834e-06
1.884591319381906360e+05 1.348389481625513863e-06
1.908244086077387328e+05 1.321590635190662237e-06
1.932193709530885099e+05 1.295324391304608481e-06
1.956443915477145929e+05 1.269580166076691988e-06
1.980998476411173178e+05 1.244347601225013748e-06
2.005861212175131077e+05 1.219616517038390739e-06
2.031035990552492731e+05 1.195376941398191163e-06
2.056526727869859023e+05 1.171619113634617112e-06
2.082337389606066572e+05 1.148333466518342169e-06
2.108471991009210469e+05 1.125510601698046927e-06
2.134934597721181635e+05 1.103141321855395642e-06
2.161729326410184440e+05 1.081216625549288560e-06
2.188860345411138260e+05 1.059727672144745860e-06
2.216331875374127703e+05 1.038665794004412736e-06
2.244148189920990262e+05 1.018022507093547425e-06
2.272313616310133657e+05 9.977895023327692116e-07
2.300832536109756911e+05 9.779586139830686635e-07
2.329709385879364272e+05 9.585218488363794595e-07
2.358948657860087696e+05 9.394713826876885979e-07
2.388554900673366210e+05 9.207995386450971741e-07
2.418532720028712647e+05 9.024987831228704611e-07
2.448886779440044775e+05 8.845617420478317326e-07
2.479621800951316836e+05 8.669811978774597467e-07
2.510742565870997496e+05 8.497500575545150859e-07
2.542253915515921835e+05 8.328613734567203361e-07
2.574160751964428637e+05 8.163083448704534184e-07
2.606468038818954374e+05 8.000843056985235084e-07
2.639180801978191594e+05 7.841827075224274730e-07
2.672304130418944405e+05 7.685971423425849595e-07
2.705843176987842890e+05 7.533213382418075328e-07
2.739803159202835523e+05 7.383491352105602440e-07
2.774189360065013170e+05 7.236744943994177154e-07
2.809007128880289383e+05 7.092915049584341086e-07
2.844261882091733278e+05 6.951943771685727540e-07
2.879959104122057324e+05 6.813774213013719859e-07
2.916104348226861330e+05 6.678350683833919202e-07
2.952703237358513870e+05 6.545618670916490732e-07
2.989761465040894109e+05 6.415524683896398972e-07
3.027284796255105175e+05 6.288016231434260544e-07
3.065279068336289492e+05 6.163041936439597590e-07
3.103750191881785286e+05 6.040551509586411911e-07
3.142704151670472929e+05 5.920495528677756993e-07
3.182147007593986928e+05 5.802825587029022645e-07
3.222084895599221927e+05 5.687494305021502522e-07
3.262524028643068741e+05 5.574455233547806146e-07
3.303470697658790159e+05 5.463662744725290011e-07
3.344931272534746095e+05 5.355072192291260443e-07
3.386912203105307417e+05 5.248639879964490958e-07
3.429420020154229132e+05 5.144322885694771079e-07
3.472461336430615047e+05 5.042079133144527095e-07
3.516042847677624086e+05 4.941867439935755209e-07
3.560171333674162743e+05 4.843647465265851251e-07
3.604853659289422212e+05 4.747379565652628563e-07
3.650096775551046594e+05 4.653024938967689300e-07
3.695907720726224943e+05 4.560545607162701533e-07
3.742293621416846290e+05 4.469904298344225610e-07
3.789261693667912041e+05 4.381064438116967026e-07
3.836819244090329157e+05 4.293990229556956471e-07
3.884973670997402514e+05 4.208646638071645875e-07
3.933732465555827948e+05 4.124999226127518954e-07
3.983103212951049791e+05 4.043014265978216384e-07
4.033093593567248317e+05 3.962658746998881331e-07
4.083711384182150359e+05 3.883900305372412896e-07
4.134964459176798700e+05 3.806707149829383010e-07
4.186860791760630091e+05 3.731048172385563238e-07
4.239408455211640685e+05 3.656892931054013560e-07
4.292615624132560333e+05 3.584211517983557594e-07
4.346490575722273788e+05 3.512974616014808789e-07
4.401041691063715843e+05 3.443153530255380762e-07
4.456277456427495345e+05 3.374720158546310122e-07
4.512206464592149714e+05 3.307646876423440345e-07
4.568837416180866421e+05 3.241906648312480844e-07
4.626179121015004348e+05 3.177473013589286758e-07
4.684240499484591419e+05 3.114320003534506815e-07
4.743030583936012699e+05 3.052422134731390316e-07
4.802558520077231224e+05 2.991754464925832296e-07
4.862833568400328513e+05 2.932292586436728776e-07
4.923865105622407282e+05 2.874012503484731934e-07
4.985662626143979724e+05 2.816890716272879787e-07
5.048235743526254082e+05 2.760904222753401047e-07
5.111594191986459773e+05 2.706030587277367507e-07
5.175747827912256471e+05 2.652249778909115736e-07
5.240706631395026343e+05 2.599537798551150100e-07
5.306480707782432437e+05 2.547873438494240325e-07
5.373080289250457427e+05 2.497235864493063244e-07
5.440515736395161366e+05 2.447604652029555217e-07
5.508797539844545536e+05 2.398959810166436715e-07
5.577936321890273830e+05 2.351281762680233162e-07
5.647942838140483946e+05 2.304551264186590988e-07
5.718827979192626663e+05 2.258749480179213636e-07
5.790602772328020073e+05 2.213857974600342339e-07
5.863278383226961596e+05 2.169858660554379079e-07
5.936866117706056684e+05 2.126733782799226402e-07
6.011377423476766562e+05 2.084465965060096515e-07
6.086823891926386859e+05 2.043038202536388112e-07
6.163217259921251098e+05 2.002433780251725717e-07
6.240569411632549018e+05 1.962636326037868743e-07
6.318892380385227734e+05 1.923629815220909625e-07
6.398198350529675372e+05 1.885398542353979926e-07
6.478499659337574849e+05 1.847927074261054580e-07
6.559808798920740373e+05 1.811200311077869574e-07
6.642138418174877297e+05 1.775203474641173623e-07
6.725501324746891623e+05 1.739922051462712772e-07
6.809910487027721247e+05 1.705341809668184952e-07
6.895379036169466563e+05 1.671448820316826595e-07
6.981920268128288444e+05 1.638229442484946704e-07
7.069547645732761594e+05 1.605670268738803971e-07
7.158274800778243225e+05 1.573758175391445611e-07
7.248115536147492239e+05 1.542480317080862970e-07
7.339083827957902104e+05 1.511824091306986245e-07
7.431193827735849191e+05 1.481777127467631516e-07
7.524459864617846906e+05 1.452327318405440838e-07
7.618896447580126114e+05 1.423462815058487211e-07
7.714518267695239047e+05 1.395171972792181289e-07
7.811340200417945161e+05 1.367443383943658665e-07
7.909377307898973813e+05 1.340265882994548673e-07
8.008644841328341281e+05 1.313628526244272117e-07
8.109158243307862431e+05 1.287520562022428590e-07
8.210933150253499625e+05 1.261931469108994671e-07
8.313985394827849232e+05 1.236850950654301049e-07
8.418331008403112646e+05 1.212268894072195053e-07
8.523986223555202596e+05 1.188175383606900189e-07
8.630967476588597056e+05 1.164560714062413295e-07
8.739291410093770828e+05 1.141415380607501647e-07
8.848974875535664614e+05 1.118730042383076242e-07
8.960034935875689844e+05 1.096495555505645398e-07
9.072488868225794286e+05 1.074702969639463082e-07
9.186354166536305565e+05 1.053343503283835906e-07
9.301648544317398919e+05 1.032408538251680232e-07
9.418389937394680455e+05 1.011889638801105154e-07
9.536596506699390011e+05 9.917785488506622498e-08
9.656286641093580984e+05 9.720671547766124490e-08
9.777478960230981465e+05 9.527475085559301345e-08
9.900192317453135038e+05 9.338118304415378569e-08
1.002444580272293300e+06 9.152524951755339376e-08
1.015025874559370917e+06 8.970620118460655327e-08
1.027765071821689373e+06 8.792330500332438645e-08
1.040664153838612256e+06 8.617584351111064195e-08
1.053725127262080787e+06 8.446311206164294448e-08
1.066950023928733775e+06 8.278441984375954200e-08
1.080340901176014217e+06 8.113909066767565799e-08
1.093899842162213521e+06 7.952646225112115679e-08
1.107628956190539291e+06 7.794588375071885680e-08
1.121530379037252162e+06 7.639671809283550111e-08
1.135606273283912102e+06 7.487834165429472614e-08
1.149858828653824050e+06 7.339014257086022020e-08
1.164290262352635618e+06 7.193152037853589178e-08
1.178902819413323421e+06 7.050188734532001187e-08
1.193698773045371519e+06 6.910066820551388797e-08
1.208680424988472136e+06 6.772729760619416382e-08
1.223850105870547006e+06 6.638122180754021966e-08
1.239210175570334075e+06 6.506189879752668169e-08
1.254763023584501585e+06 6.376879724818287529e-08
1.270511069399367552e+06 6.250139521437001176e-08
1.286456762867290992e+06 6.125918197033783720e-08
1.302602584587779362e+06 6.004165762643334324e-08
1.318951046293406980e+06 5.884833121072524861e-08
1.335504691240501357e+06 5.767872139827506742e-08
1.352266094604860526e+06 5.653235707987971098e-08
1.369237863882279489e+06 5.540877679255803308e-08
1.386422639294265304e+06 5.430752704082658150e-08
1.403823094198705861e+06 5.322816395489141714e-08
1.421441935505778762e+06 5.217025307992199346e-08
1.439281904099047882e+06 5.113336806186691277e-08
1.457345775261851028e+06 5.011709051633762652e-08
1.475636359109036857e+06 4.912101095334652421e-08
1.494156501024115598e+06 4.814472857083435424e-08
1.512909082101934822e+06 4.718784944895973558e-08
1.531897019596809754e+06 4.624998776445270063e-08
1.551123267376438715e+06 4.533076589037167778e-08
1.570590816381326178e+06 4.442981361183851788e-08
1.590302695090167690e+06 4.354676725445071033e-08
1.610261969990877435e+06 4.268127096589287556e-08
1.630471746057721553e+06 4.183297650204005460e-08
1.650935167234275490e+06 4.100154174584097309e-08
1.671655416922546225e+06 4.018663132745962799e-08
1.692635718478192110e+06 3.938803386890991138e-08
1.713879335711964639e+06 3.860967555928854802e-08
1.735389573397447355e+06 3.785189972887851948e-08
1.757169777785155689e+06 3.711512876332977966e-08
1.779223337123134639e+06 3.639985941555399972e-08
1.801553682183972327e+06 3.570665548805508620e-08
1.824164286798622459e+06 3.503613783241263335e-08
1.847058668396689696e+06 3.438897177403200011e-08
1.870240388553736033e+06 3.376585073718579504e-08
1.893713053545255912e+06 3.316747754207278176e-08
1.917480314907723572e+06 3.259454445591453949e-08
1.941545870006641839e+06 3.204771110690585538e-08
1.965913462611721130e+06 3.152758152352886144e-08
1.990586883479282958e+06 3.103468126654557906e-08
2.015569970941962907e+06 3.056943643345323615e-08
2.040866611505861860e+06 3.013215306722494908e-08
2.066480740455063758e+06 2.972299930891487848e-08
2.092416342463952722e+06 2.934199126412096930e-08
2.118677452216957230e+06 2.898898235707635730e-08
2.145268155036335345e+06 2.866365637267376166e-08
2.172192587517616805e+06 2.836552483692320652e-08
