1.084161670903172769e+01 1.656870576004964494e-04
1.093559411511149015e+01 2.171828120632060489e-04
1.103075750688575241e+01 2.816331401688745460e-04
1.112712185137822907e+01 3.602101644450263576e-04
1.122470230449504491e+01 4.702122090786791373e-04
1.132351421340839437e+01 6.103874935872636133e-04
1.142357311897022853e+01 7.814700370355493614e-04
1.152489475815658615e+01 1.007381789145877886e-03
1.162749506654261111e+01 1.301680477253242723e-03
1.173139018080879836e+01 1.658954195548039811e-03
1.183659644127902588e+01 2.099663335229904910e-03
1.194313039449044567e+01 2.683563352889458461e-03
1.205100879579591755e+01 3.385596799264636511e-03
1.216024861199916174e+01 4.217437126505133721e-03
1.227086702402335838e+01 5.283719090292357881e-03
1.238288142961326699e+01 6.572315228079144561e-03
1.249630944607142702e+01 8.076655257228389923e-03
1.261116891302907739e+01 9.847806570916148305e-03
1.272747789525186413e+01 1.203699038462957560e-02
1.284525468548094373e+01 1.453698848493516910e-02
1.296451780731015546e+01 1.737263906489064022e-02
1.308528601809927494e+01 2.071025520452553573e-02
1.320757831192406684e+01 2.455738543358789577e-02
1.333141392256375291e+01 2.885365121088073054e-02
1.345681232652593273e+01 3.362271206305163934e-02
1.358379324610986316e+01 3.907662998280169581e-02
1.371237665250822602e+01 4.503260780050545586e-02
1.384258276894827944e+01 5.132139153180523272e-02
1.397443207387241593e+01 5.786288202328684904e-02
1.410794530415893355e+01 6.482558290385759259e-02
1.424314345838355500e+01 7.222807463465528988e-02
1.438004780012198580e+01 8.008035321068390777e-02
1.451867986129412103e+01 8.840864954092900185e-02
1.465906144555064827e+01 9.733127314575265587e-02
1.480121463170217488e+01 1.067126594006890944e-01
1.494516177719176397e+01 1.164895702101574892e-01
1.509092552161116707e+01 1.266442315070920865e-01
1.523852879026163798e+01 1.372093798162666856e-01
1.538799479775949486e+01 1.482066402908485681e-01
1.553934705168718011e+01 1.596270936619928194e-01
1.569260935629060683e+01 1.714843507141386447e-01
1.584780581622294626e+01 1.837894902946157205e-01
1.600496084033566291e+01 1.965651887079774840e-01
1.616409914551762839e+01 2.096588915006535603e-01
1.632524576058239774e+01 2.230432881489814723e-01
1.648842603020476361e+01 2.366951055272867310e-01
1.665366561890673935e+01 2.506042622381645657e-01
1.682099051509418786e+01 2.647738736362680312e-01
1.699042703514412977e+01 2.792076116554416121e-01
1.716200182754360171e+01 2.938926317410750499e-01
1.733574187708101988e+01 3.087981967806626149e-01
1.751167450909021994e+01 3.238199480277300646e-01
1.768982739374798996e+01 3.388232195504502497e-01
1.787022855042613045e+01 3.538628713600582287e-01
1.805290635209819072e+01 3.689802032168707502e-01
1.823788952980175537e+01 3.842009278229016056e-01
1.842520717715743928e+01 3.994368926887418292e-01
1.861488875494446305e+01 4.146380912247700778e-01
1.880696409573419814e+01 4.298870456574802601e-01
1.900146340858212923e+01 4.451930987070206180e-01
1.919841728377911849e+01 4.605593696441027118e-01
1.939785669766252596e+01 4.760075385756057931e-01
1.959981301748797478e+01 4.915139478958233665e-01
1.980431800636289452e+01 5.069126625933598751e-01
2.001140382824202746e+01 5.221164407374596639e-01
2.022110305298596344e+01 5.371056033753899284e-01
2.043344866148389727e+01 5.519156602432748748e-01
2.064847405084061194e+01 5.665587193975014646e-01
2.086621303962895979e+01 5.810864400444606392e-01
2.108669987320902095e+01 5.955320124220586653e-01
2.130996922911394620e+01 6.098713223102614212e-01
2.153605622250399421e+01 6.240723565792096750e-01
2.176499641168920007e+01 6.381066025661927821e-01
2.199682580372213181e+01 6.519215065767141049e-01
2.223158086006084133e+01 6.655301171012120154e-01
2.246929850230329251e+01 6.789482796750790916e-01
2.271001611799455944e+01 6.921878961354647197e-01
2.295377156650681982e+01 7.052878095258436897e-01
2.320060318499389851e+01 7.182837035657123614e-01
2.345054979442060628e+01 7.311595705025071279e-01
2.370365070566869647e+01 7.437941432330841263e-01
2.395994572571941461e+01 7.562280132301600899e-01
2.421947516391406197e+01 7.684594124684933636e-01
2.448227983829405829e+01 7.804996412610034628e-01
2.474840108202051425e+01 7.923492015312167958e-01
2.501788074987486610e+01 8.039848767530400897e-01
2.529076122484193689e+01 8.153511717523114211e-01
2.556708542477567292e+01 8.264678080200730248e-01
2.584689680914906162e+01 8.374864264689954041e-01
2.613023938588946393e+01 8.483401617229358038e-01
2.641715771829999326e+01 8.589444036865110377e-01
2.670769693206834816e+01 8.692616768775478509e-01
2.700190272236383393e+01 8.793217677479086003e-01
2.729982136102448820e+01 8.891893179011709503e-01
2.760149970383442763e+01 8.988952871964230873e-01
2.790698519789306431e+01 9.084560244005427387e-01
2.821632588907770156e+01 9.178171346221500881e-01
2.852957042959991441e+01 9.268841528328202184e-01
2.884676808565734518e+01 9.355983211034466507e-01
2.916796874518232485e+01 9.439850889724166194e-01
2.949322292568805182e+01 9.521434123900263113e-01
2.982258178221370315e+01 9.601482044510394331e-01
3.015609711537013737e+01 9.678960208004243615e-01
3.049382137948683535e+01 9.753075956617529574e-01
3.083580769086189832e+01 9.824131971192112678e-01
3.118210983611571763e+01 9.892323508319003089e-01
3.153278228065076405e+01 9.957822181979472109e-01
3.188788017721757839e+01 1.002058645866106268e+00
3.224745937458882850e+01 1.008027639927977503e+00
3.261157642634348974e+01 1.013641613944343822e+00
3.298028859976103888e+01 1.018899037630212057e+00
3.335365388482855309e+01 1.023792622570983024e+00
3.373173100336087060e+01 1.028323583568858890e+00
3.411457941823669415e+01 1.032440225062287276e+00
3.450225934275015049e+01 1.036121135352585654e+00
3.489483175008145821e+01 1.039372479388782189e+00
3.529235838288642668e+01 1.042193168387925528e+00
3.569490176300712392e+01 1.044560238556295539e+00
3.610252520130502774e+01 1.046436150816518307e+00
3.651529280761869956e+01 1.047782781304838373e+00
3.693326950084659188e+01 1.048564575034024227e+00
3.740082661792975216e+01 1.048702371827166635e+00
3.787386131060637950e+01 1.048118590025910457e+00
3.835288480527368193e+01 1.046807170228107431e+00
3.883797292247911059e+01 1.044725324581492476e+00
3.932920244268723309e+01 1.041820581669876677e+00
3.982665111843325434e+01 1.038070519753960141e+00
4.033039768662921887e+01 1.033482020623155417e+00
4.084052188102724301e+01 1.028063731744621512e+00
4.135710444483918025e+01 1.021796836499676564e+00
4.188022714351752995e+01 1.014658066781946255e+00
4.240997277769672280e+01 1.006642679826364351e+00
4.294642519629921651e+01 9.977486230449754689e-01
4.348966930980751044e+01 9.879899403358270993e-01
4.403979110370325856e+01 9.774020566618275563e-01
4.459687765207788601e+01 9.660309402506687126e-01
4.516101713141412688e+01 9.539123433660045004e-01
4.573229883454339273e+01 9.410795604475852283e-01
4.631081318477847475e+01 9.275715198152560959e-01
4.689665175022663846e+01 9.134410004362634172e-01
4.748990725828238624e+01 8.987413529966128412e-01
4.809067361030524523e+01 8.835313642747750773e-01
4.869904589648192683e+01 8.678717144869052547e-01
4.931512041087769660e+01 8.518280384674902228e-01
4.993899466667813414e+01 8.354661738156965445e-01
5.057076741162306632e+01 8.188516119507244229e-01
5.121053864363725694e+01 8.020473945819512895e-01
5.185840962665742637e+01 7.851136654591786002e-01
5.251448290666128571e+01 7.681126015267267793e-01
5.317886232789781076e+01 7.511020371519155914e-01
5.385165304932473163e+01 7.341385514960990788e-01
5.453296156125237815e+01 7.172744254126350860e-01
5.522289570220000599e+01 7.005572817777127037e-01
5.592156467596385028e+01 6.840316230420814270e-01
5.662907906890242060e+01 6.677355630584410617e-01
5.734555086744057917e+01 6.517027017338107298e-01
5.807109347579412884e+01 6.359587916958003850e-01
5.880582173392055267e+01 6.205274639418514315e-01
5.954985193569510926e+01 6.054300989852837711e-01
6.030330184731887044e+01 5.906841614253364181e-01
6.106629072595809049e+01 5.763027304501391335e-01
6.183893933862134418e+01 5.622933155310824160e-01
6.262136998127363086e+01 5.486603860972089075e-01
6.341370649819465655e+01 5.354088765656870308e-01
6.421607430158019270e+01 5.225386637771127774e-01
6.502860039139287096e+01 5.100477335801827383e-01
6.585141337546414775e+01 4.979294340574428879e-01
6.668464348985033041e+01 4.861759605881932345e-01
6.752842261944634572e+01 4.747810194909745096e-01
6.838288431886071805e+01 4.637359779126520865e-01
6.924816383355535265e+01 4.530326728964228500e-01
7.012439812125151661e+01 4.426604033322057985e-01
7.101172587360859723e+01 4.326077197546923658e-01
7.191028753817541030e+01 4.228646891895280757e-01
7.282022534062171815e+01 4.134209686332146472e-01
7.374168330724862130e+01 4.042654324666472010e-01
7.467480728778592436e+01 3.953884028170424059e-01
7.561974497847766941e+01 3.867791339882010737e-01
7.657664594545937575e+01 3.784268631134414806e-01
7.754566164843137699e+01 3.703211835452955292e-01
7.852694546463229130e+01 3.624501564998243719e-01
7.952065271311636252e+01 3.548029527738719158e-01
8.052694067933639133e+01 3.473690462266009193e-01
8.154596864004042800e+01 3.401395569613334668e-01
8.257789788848113233e+01 3.331060784497807958e-01
8.362289175994661150e+01 3.262606938419833624e-01
8.468111565761238069e+01 3.195958680262432905e-01
8.575273707872210593e+01 3.131040281591808139e-01
8.683792564109958789e+01 3.067786140443655718e-01
8.793685310999580906e+01 3.006123580942701712e-01
8.904969342527583365e+01 2.945992713761157455e-01
9.017662272895067588e+01 2.887328669711741180e-01
9.131781939305780327e+01 2.830073904682565145e-01
9.247346404789283270e+01 2.774172117948409677e-01
9.364373961060147167e+01 2.719572138668323036e-01
9.482883131413048261e+01 2.666221450097815415e-01
9.602892673654795885e+01 2.614064785580449968e-01
9.724421583073228703e+01 2.563065093278869555e-01
9.847489095443879137e+01 2.513178589937565266e-01
9.972114690074653254e+01 2.464356086078009489e-01
1.009831809288903344e+02 2.416559956405565923e-01
1.022611927954827280e+02 2.369760303996150674e-01
1.035553847861320804e+02 2.323929650992866414e-01
1.048659617474614691e+02 2.279041778084636705e-01
1.061931311195304204e+02 2.235065900333295386e-01
1.075371029686706521e+02 2.191982335904331392e-01
1.088980900207340028e+02 2.149765504732442656e-01
1.102763076947645970e+02 2.108387593780644553e-01
1.116719741370942671e+02 2.067826407318593129e-01
1.130853102558716898e+02 2.028058562749336102e-01
1.145165397560285072e+02 1.989056056152957719e-01
1.159658891746873053e+02 1.950797604804512531e-01
1.174335879170175758e+02 1.913265375079929442e-01
1.189198682925469797e+02 1.876435297087501453e-01
1.204249655519323454e+02 1.840285073439323071e-01
1.219491179241936436e+02 1.804806057820221299e-01
1.234925666544232996e+02 1.769981123575416204e-01
1.250555560419688277e+02 1.735795827358873333e-01
1.266383334791029398e+02 1.702239681588621489e-01
1.282411494901792537e+02 1.669299594548827592e-01
1.298642577712866739e+02 1.636961912809898334e-01
1.315079152304048478e+02 1.605221025901186482e-01
1.331723820280680570e+02 1.574065697731791558e-01
1.348579216185427185e+02 1.543485043820778668e-01
1.365648007915280857e+02 1.513467855379179716e-01
1.382932897143850539e+02 1.484001279690484454e-01
1.400436619748963665e+02 1.455077857187475343e-01
1.418161946245730860e+02 1.426682171748247796e-01
1.436111682225043467e+02 1.398804705821274086e-01
1.454288668797668436e+02 1.371434928093686334e-01
1.472695783043920130e+02 1.344561050969108329e-01
1.491335938469075870e+02 1.318177342617611048e-01
1.510212085464501399e+02 1.292277800888671502e-01
1.529327211774669877e+02 1.266855783319055517e-01
1.548684342970045407e+02 1.241905132587108052e-01
1.568286542925982303e+02 1.217419880510964281e-01
1.588136914307690972e+02 1.193391866111921384e-01
1.608238599061308491e+02 1.169817168362880383e-01
1.628594778911238734e+02 1.146683619493179401e-01
1.649208675863730775e+02 1.123985174221116823e-01
1.670083552716892541e+02 1.101714277467035069e-01
1.691222713577102752e+02 1.079861480962740206e-01
1.712629504382017558e+02 1.058417992350354359e-01
1.734307313430142869e+02 1.037374143024753920e-01
1.756259571917166227e+02 1.016722375047318105e-01
1.778489754479028022e+02 9.964593421297744669e-02
1.801001379741903463e+02 9.765779143741169788e-02
1.823798010879139895e+02 9.570708393293747562e-02
1.846883256175237307e+02 9.379363325553620456e-02
1.870260769596965531e+02 9.191677464000087838e-02
1.893934251371723576e+02 9.007596242650406371e-02
1.917907448573230340e+02 8.827065709789017056e-02
1.942184155714591896e+02 8.650022173579424711e-02
1.966768215348931221e+02 8.476405421103036519e-02
1.991663518677563616e+02 8.306135409670868663e-02
2.016874006165931803e+02 8.139184142693478563e-02
2.042403668167281694e+02 7.975433344948291980e-02
2.068256545554272350e+02 7.814872277464651740e-02
2.094436730358582395e+02 7.657433967631145644e-02
2.120948366418590751e+02 7.503068706049480230e-02
2.147795650035263577e+02 7.351726074319293869e-02
2.174982830636359097e+02 7.203375236999018383e-02
2.202514211449045263e+02 7.057939219409632703e-02
2.230394150180993051e+02 6.915368092080706464e-02
2.258627059710150604e+02 6.775610851156980974e-02
2.287217408783191388e+02 6.638616742022779293e-02
2.316169722722865174e+02 6.504372559193993819e-02
2.345488584144241315e+02 6.372804225553475865e-02
2.375178633680070845e+02 6.243867797424635518e-02
2.405244570715314012e+02 6.117511173224093185e-02
2.435691154130961422e+02 5.993679054536989875e-02
2.466523203057266471e+02 5.872333591593546787e-02
2.497745597636535422e+02 5.753424773794919844e-02
2.529363279795572623e+02 5.636917576361639287e-02
2.561381254027868408e+02 5.522751239099864262e-02
2.593804588185755051e+02 5.410878202010963728e-02
2.626638414282512031e+02 5.301278737557935106e-02
2.659887929304709928e+02 5.193925729378623402e-02
2.693558396034762268e+02 5.088754125808372941e-02
2.727655143883941946e+02 4.985768400175575460e-02
2.762183569735939273e+02 4.884908434244373404e-02
2.797149138801074741e+02 4.786118632993980465e-02
2.832557385481335928e+02 4.689392935299285109e-02
2.868413914246375498e+02 4.594647454188582197e-02
2.904724400520615291e+02 4.501880712867716711e-02
2.941494591581518989e+02 4.411036659800474796e-02
2.978730307469329546e+02 4.322075373186110708e-02
3.016437441908223605e+02 4.234979229452921767e-02
3.054621963239226261e+02 4.149716518639400692e-02
3.093289915364848639e+02 4.066241580833405977e-02
3.132447418705743303e+02 3.984528409657126652e-02
3.172100671169465045e+02 3.904532799054915432e-02
3.212255949131473471e+02 3.826217520662726634e-02
3.252919608428555307e+02 3.749565639294497738e-02
3.294098085364843769e+02 3.674518297682605183e-02
3.335797897730591899e+02 3.601057215759332492e-02
3.378025645833768635e+02 3.529122576315552040e-02
3.420788013544818114e+02 3.458702421424648954e-02
3.464091769354538997e+02 3.389726718346839501e-02
3.507943767445469234e+02 3.322175681192780783e-02
3.552350948776725090e+02 3.256009714529820714e-02
3.597320342182642321e+02 3.191204006863458675e-02
3.642859065485336032e+02 3.127710757584365592e-02
3.688974326621295745e+02 3.065493658069690097e-02
3.735673424782258962e+02 3.004541856279046089e-02
3.782963751570550244e+02 2.944811625411700162e-02
3.830852792169057466e+02 2.886280114771687041e-02
3.879348126525947578e+02 2.828884308225839903e-02
3.928457430554491907e+02 2.772617597175979637e-02
3.978188477347953835e+02 2.717448408228852891e-02
4.028549138409997568e+02 2.663361395246964178e-02
4.079547384900538987e+02 2.610314440978037803e-02
4.131191288897458662e+02 2.558302008090624149e-02
4.183489024674279335e+02 2.507282768869527681e-02
4.236448869993984658e+02 2.457238539153221157e-02
4.290079207419220211e+02 2.408158888452349364e-02
4.344388525639110981e+02 2.360023691815178737e-02
4.399385420812894836e+02 2.312810889598178321e-02
4.455078597930470892e+02 2.266496997865714846e-02
4.511476872190311269e+02 2.221081960145252637e-02
4.568589170394669736e+02 2.176533354148887933e-02
4.626424532362602235e+02 2.132842763053691137e-02
4.684992112360739043e+02 2.090010247803604157e-02
4.744301180552263304e+02 2.048004150182376054e-02
4.804361124464226123e+02 2.006841877737112687e-02
4.865181450473398286e+02 1.966475122244436269e-02
4.926771785310929204e+02 1.926907113521296108e-02
4.989141877586114333e+02 1.888124686070365155e-02
5.052301599329432520e+02 1.850109985414470637e-02
5.116260947555044822e+02 1.812855327965522123e-02
5.181030045843210701e+02 1.776350162009908071e-02
5.246619145942596560e+02 1.740580427709093395e-02
5.313038629392996199e+02 1.705540209813325575e-02
5.380299009168493285e+02 1.671210538660868744e-02
5.448410931341469450e+02 1.637572557870115020e-02
5.517385176767728581e+02 1.604626185328135099e-02
5.587232662792870315e+02 1.572352883715082486e-02
5.657964444980289045e+02 1.540743616886787980e-02
5.729591718861078107e+02 1.509777799942244730e-02
5.802125821706122224e+02 1.479453072501112076e-02
5.875578234320482807e+02 1.449746775482345373e-02
5.949960582860700242e+02 1.420651446678819485e-02
6.025284640674902903e+02 1.392151616410745689e-02
6.101562330166400443e+02 1.364235816404229043e-02
6.178805724680699996e+02 1.336894228713832525e-02
6.257027050416528482e+02 1.310106867789311708e-02
6.336238688361034974e+02 1.283867212554591283e-02
6.416453176249456192e+02 1.258159483082978841e-02
6.497683210549569139e+02 1.232980821585055210e-02
6.579941648471345843e+02 1.208312787809621459e-02
6.663241510002036421e+02 1.184145874487989997e-02
6.747595979966912410e+02 1.160464698259624713e-02
6.833018410116279711e+02 1.137267092512759571e-02
6.919522321238707718e+02 1.114533829727024951e-02
7.007121405301220420e+02 1.092261317259430112e-02
7.095829527616439236e+02 1.070437192747520153e-02
7.185660729037118699e+02 1.049051646017998100e-02
7.276629228178727544e+02 1.028097153292589772e-02
7.368749423669864882e+02 1.007562221482312739e-02
7.462035896431362971e+02 9.874404864867993015e-03
7.556503411984057266e+02 9.677206536405016588e-03
7.652166922786070700e+02 9.483959104790348413e-03
7.749041570599426905e+02 9.294588173703736619e-03
7.847142688886608539e+02 9.108986040156037689e-03
7.946485805237762179e+02 8.927093300522727023e-03
8.047086643828314436e+02 8.748782462226122048e-03
8.148961127907742821e+02 8.574069063700479054e-03
8.252125382320101608e+02 8.402837824472065079e-03
8.356595736056179931e+02 8.235013784306221760e-03
8.462388724838094731e+02 8.070534191194259077e-03
8.569521093736630064e+02 7.909328051988843977e-03
8.678009799821528532e+02 7.751323941980251681e-03
8.787872014845697777e+02 7.596455490214344165e-03
8.899125127963071691e+02 7.444660232284412704e-03
9.011786748480888036e+02 7.295898870083411883e-03
9.125874708647110083e+02 7.150094865205200087e-03
9.241407066472877432e+02 7.007179060100377464e-03
9.358402108590598800e+02 6.867097896198581450e-03
9.476878353148623546e+02 6.729808661650199357e-03
9.596854552742197484e+02 6.595252494267593232e-03
9.718349697381648866e+02 6.463369695914767711e-03
9.841383017498225172e+02 6.334118700280986537e-03
9.965973986987737590e+02 6.207427196990297942e-03
1.009214232629316484e+03 6.083247713775255007e-03
1.021990800552592646e+03 5.961549238090699081e-03
1.034929124762662013e+03 5.842278109539409889e-03
1.048031253156623507e+03 5.725388213682671042e-03
1.061299259558743188e+03 5.610832898313582867e-03
1.074735244048691811e+03 5.498563080206859965e-03
1.088341333293972184e+03 5.388533336620820666e-03
1.102119680886515425e+03 5.280699850764736247e-03
1.116072467683559807e+03 5.175019787127968160e-03
1.130201902152841512e+03 5.071451714158499088e-03
1.144510220722139138e+03 4.969955580861214889e-03
1.158999688133285190e+03 4.870490724775330786e-03
1.173672597800617950e+03 4.773016551803447270e-03
1.188531272173973321e+03 4.677493173178373133e-03
1.203578063106314630e+03 4.583881535629440694e-03
1.218815352225972219e+03 4.492143351342643004e-03
1.234245551313596252e+03 4.402241132575967879e-03
1.249871102683927120e+03 4.314138104356526372e-03
1.265694479572347973e+03 4.227798263020781863e-03
1.281718186526358068e+03 4.143186333188410113e-03
1.297944759802001499e+03 4.060267740545651059e-03
1.314376767765287013e+03 3.979008582187174362e-03
1.331016811298746006e+03 3.899375648479477645e-03
1.347867524213087336e+03 3.821336423228371883e-03
1.364931573664065581e+03 3.744858981382837623e-03
1.382211660574673033e+03 3.669912072590613642e-03
1.399710520062626301e+03 3.596465064554879749e-03
1.417430921873294210e+03 3.524487968148394112e-03
1.435375670818075605e+03 3.453951340050417755e-03
1.453547607218381472e+03 3.384826355080324152e-03
1.471949607355185663e+03 3.317084767872220761e-03
1.490584583924294066e+03 3.250698902775677780e-03
1.509455486497350876e+03 3.185641613305890789e-03
1.528565301988733836e+03 3.121886311276703563e-03
1.547917055128312541e+03 3.059406962155977044e-03
1.567513808940184163e+03 2.998178007611201814e-03
1.587358665227536221e+03 2.938174427037963578e-03
1.607454765063575678e+03 2.879371695713350138e-03
1.627805289288715585e+03 2.821745803269810112e-03
1.648413459014019054e+03 2.765273176448894074e-03
1.669282536131079723e+03 2.709930737377629593e-03
1.690415823828293014e+03 2.655695869767829391e-03
1.711816667113700078e+03 2.602546420210218470e-03
1.733488453344419213e+03 2.550460652240710713e-03
1.755434612762838015e+03 2.499417278976114216e-03
1.777658619039537143e+03 2.449395454327780303e-03
1.800163989823088968e+03 2.400374719810618920e-03
1.822954287296876828e+03 2.352335041168369164e-03
1.846033118742896477e+03 2.305256783560169758e-03
1.869404137112725948e+03 2.259120723491048199e-03
1.893071041605728624e+03 2.213907987518034127e-03
1.917037578254541586e+03 2.169600099207573407e-03
1.941307540518042060e+03 2.126178949568233775e-03
1.965884769881764441e+03 2.083626805612910464e-03
1.990773156465910688e+03 2.041926262787189042e-03
2.015976639641130078e+03 2.001060278553234983e-03
2.041499208652028983e+03 1.961012161307540067e-03
2.067344903248565060e+03 1.921765534846881385e-03
2.093517814325516611e+03 1.883304357582368587e-03
2.120022084569963681e+03 1.845612909621402887e-03
2.146861909117005325e+03 1.808675800042902409e-03
2.174041536213778272e+03 1.772477918253629768e-03
2.201565267891846815e+03 1.737004471827702885e-03
2.229437460648178785e+03 1.702240960885060802e-03
2.257662526134681229e+03 1.668173190768903504e-03
2.286244931856453150e+03 1.634787225594452149e-03
2.315189201878955373e+03 1.602069420929858046e-03
2.344499917544071650e+03 1.570006411731731917e-03
2.374181718195211488e+03 1.538585089532374653e-03
2.404239301911698931e+03 1.507792609736139603e-03
2.434677426252344048e+03 1.477616386832113823e-03
2.465500909008488179e+03 1.448044098407407984e-03
2.496714628966584314e+03 1.419063646535696213e-03
2.528323526680379928e+03 1.390663188271119063e-03
2.560332605252969188e+03 1.362831114852477467e-03
2.592746931128663164e+03 1.335556061662693077e-03
2.625571634894888575e+03 1.308826871272211409e-03
2.658811912094322906e+03 1.282632619828147271e-03
2.692473024047214039e+03 1.256962605902534448e-03
2.726560298684136342e+03 1.231806336732159954e-03
2.761079131389344184e+03 1.207153527591649494e-03
2.796034985854744718e+03 1.182994102401651757e-03
2.831433394944680458e+03 1.159318195501290180e-03
2.867279961571718104e+03 1.136116120993578386e-03
2.903580359583423615e+03 1.113378397323577839e-03
2.940340334660495955e+03 1.091095730400456522e-03
2.977565705226177215e+03 1.069259021420943282e-03
3.015262363367163289e+03 1.047859337468198511e-03
3.053436275766269773e+03 1.026887932815505377e-03
3.092093484646830348e+03 1.006336238810565760e-03
3.131240108729025451e+03 9.861958564580709536e-04
3.170882344198430019e+03 9.664585507442693176e-04
3.211026465686707070e+03 9.471162546742681277e-04
3.251678827264789106e+03 9.281610695456606183e-04
3.292845863448611453e+03 9.095852406055611634e-04
3.334534090217523953e+03 8.913811768636855986e-04
3.376750106045739813e+03 8.735414373946968816e-04
3.419500592946702000e+03 8.560587374825758033e-04
3.462792317530683704e+03 8.389259252310945613e-04
3.506632132075897971e+03 8.221359987573278062e-04
3.551026975613057857e+03 8.056820971480571246e-04
3.595983875023629935e+03 7.895574973962287812e-04
3.641509946152169050e+03 7.737556057190595393e-04
3.687612394932556981e+03 7.582699636280778319e-04
3.734298518528571094e+03 7.430942472164227047e-04
3.781575706488931701e+03 7.282222479133971084e-04
3.829451441916848125e+03 7.136478883136601311e-04
3.877933302654554154e+03 6.993652111606437358e-04
3.927028962482698716e+03 6.853683841531511313e-04
3.976746192334898751e+03 6.716516813312011988e-04
4.027092861527862169e+03 6.582094969512206116e-04
4.078076939006868088e+03 6.450363374944703947e-04
4.129706494607084096e+03 6.321268215110486394e-04
4.181989700330954292e+03 6.194756693597515190e-04
4.234934831641616256e+03 6.070777103362835292e-04
4.288550268772767595e+03 5.949278809079798936e-04
4.342844498055119402e+03 5.830212114099127697e-04
4.397826113259561680e+03 5.713528356604527427e-04
4.453503816957484560e+03 5.599179842423973813e-04
4.509886421898211665e+03 5.487119876970758319e-04
4.566982852403812103e+03 5.377302617056024369e-04
4.624802145781777654e+03 5.269683182850513643e-04
4.683353453755412374e+03 5.164217587932488094e-04
4.742646043912304776e+03 5.060862756383012386e-04
4.802689301171352781e+03 4.959576414176903323e-04
4.863492729268120456e+03 4.860317164383947167e-04
4.925065952259154983e+03 4.763044463515064136e-04
4.987418716045281144e+03 4.667718531817027978e-04
5.050560889914138897e+03 4.574300405783231346e-04
5.114502468102432431e+03 4.482751901211146387e-04
5.179253571377754270e+03 4.393035633505290864e-04
5.244824448640464652e+03 4.305114899729735019e-04
5.311225478546032718e+03 4.218953768924667107e-04
5.378467171147702174e+03 4.134517021357137835e-04
5.446560169560003487e+03 4.051770176858605346e-04
5.515515251643463671e+03 3.970679386707104126e-04
5.585343331710471830e+03 3.891211508326859443e-04
5.656055462252829784e+03 3.813334078763860706e-04
5.727662835691170585e+03 3.737015256290723234e-04
5.800176786146438644e+03 3.662223842858969725e-04
5.873608791233996271e+03 3.588929268035504416e-04
5.947970473880250211e+03 3.517101601011352356e-04
6.023273604162268384e+03 3.446711456743978990e-04
6.099530101170928901e+03 3.377730068790828948e-04
6.176752034897392150e+03 3.310129239209239202e-04
6.254951628143512607e+03 3.243881364159245076e-04
6.334141258456587821e+03 3.178959342978477515e-04
6.414333460088445463e+03 3.115336641593061790e-04
6.495540925979377789e+03 3.052987267124477222e-04
6.577776509767232710e+03 2.991885731850013976e-04
6.661053227821795190e+03 2.932007055525091832e-04
6.745384261305204745e+03 2.873326763350520429e-04
6.830782958258211693e+03 2.815820892164796921e-04
6.917262835712826927e+03 2.759465915773636510e-04
7.004837581832006435e+03 2.704238803667237986e-04
7.093521058076117697e+03 2.650116980489770750e-04
7.183327301396920120e+03 2.597078346075332839e-04
7.274270526459451503e+03 2.545101203131635128e-04
7.366365127891914199e+03 2.494164308387663816e-04
7.459625682564025738e+03 2.444246849521775262e-04
7.554066951894376871e+03 2.395328424872013502e-04
7.649703884186691539e+03 2.347389032781853639e-04
7.746551616996116536e+03 2.300409078650450902e-04
7.844625479525087030e+03 2.254369377132167283e-04
7.943940995049561025e+03 2.209251092745409843e-04
8.044513883376267586e+03 2.165035787195205717e-04
8.146360063330778758e+03 2.121705386606749261e-04
8.249495655277034530e+03 2.079242197177780260e-04
8.353936983669105757e+03 2.037628847674916846e-04
8.459700579634945825e+03 1.996848330683410032e-04
8.566803183592963251e+03 1.956883981941363155e-04
8.675261747901764465e+03 1.917719470952373366e-04
8.785093439543272325e+03 1.879338782429511464e-04
8.896315642840128930e+03 1.841726228901735475e-04
9.008945962207224511e+03 1.804866450250998129e-04
9.123002224938034487e+03 1.768744366485381150e-04
9.238502484026566890e+03 1.733345215866477105e-04
9.355465021024712769e+03 1.698654528437338934e-04
9.473908348935756294e+03 1.664658138227598325e-04
9.593851215144866728e+03 1.631342137538642728e-04
9.715312604386337625e+03 1.598692910206257127e-04
9.838311741748502754e+03 1.566697113299791457e-04
9.962868095716814423e+03 1.535341675096991835e-04
1.008900138125512058e+04 1.504613772195106816e-04
1.021673156292648855e+04 1.474500845189723121e-04
1.034607885805302067e+04 1.444990595690813300e-04
1.047706373991585315e+04 1.416070952232317262e-04
1.060970694099587308e+04 1.387730095513131309e-04
1.074402945625517532e+04 1.359956440887472636e-04
1.088005254646009234e+04 1.332738646841304998e-04
1.101779774154657753e+04 1.306065578639154250e-04
1.115728684402785802e+04 1.279926335162922992e-04
1.129854193244538328e+04 1.254310232850868161e-04
1.144158536486355661e+04 1.229206808467734051e-04
1.158643978240834986e+04 1.204605794346220505e-04
1.173312811285125827e+04 1.180497135421776356e-04
1.188167357423827161e+04 1.156870984482278605e-04
1.203209967856464573e+04 1.133717678949742742e-04
1.218443023549669851e+04 1.111027755125453974e-04
1.233868935614037946e+04 1.088791938350469840e-04
1.249490145685736388e+04 1.067001148427454123e-04
1.265309126313006891e+04 1.045646470695875109e-04
1.281328381347502363e+04 1.024719177712168141e-04
1.297550446340604685e+04 1.004210715252263540e-04
1.313977888944759979e+04 9.841127080439688191e-05
1.330613309319871951e+04 9.644169347922171341e-05
1.347459340544890802e+04 9.451153454137651156e-05
1.364518649034561349e+04 9.262000553353771655e-05
1.381793934961454579e+04 9.076633301722202528e-05
1.399287932683383588e+04 8.894975923540968154e-05
1.417003411176190275e+04 8.716954166010472741e-05
1.434943174472004830e+04 8.542495331647519986e-05
1.453110062103101882e+04 8.371528048153935525e-05
1.471506949551327307e+04 8.203982443596519398e-05
1.490136748703238482e+04 8.039790028267572962e-05
1.509002408311008367e+04 7.878883756895675521e-05
1.528106914459131622e+04 7.721197804376281630e-05
1.547453291037105555e+04 7.566667721795951632e-05
1.567044600218039341e+04 7.415230378105624966e-05
1.586883942943316288e+04 7.266823863651036266e-05
1.606974459413452860e+04 7.121387504928376256e-05
1.627319329585119704e+04 6.978861855269126186e-05
1.647921773674450014e+04 6.839188711932631126e-05
1.668785052666772026e+04 6.702310933019576047e-05
1.689912468832747618e+04 6.568172579060194540e-05
1.711307366251057101e+04 6.436718817271529984e-05
1.732973131337716404e+04 6.307895970136860814e-05
1.754913193382058307e+04 6.181651336849023422e-05
1.777131025089561444e+04 6.057933319660688563e-05
1.799630143131500517e+04 5.936691370112227720e-05
1.822414108701543228e+04 5.817875932778625384e-05
1.845486528079467826e+04 5.701438426490421834e-05
1.868851053201951436e+04 5.587331258333543482e-05
1.892511382240573221e+04 5.475507830269194686e-05
1.916471260187219741e+04 5.365922393482105372e-05
1.940734479446809928e+04 5.258530162842269727e-05
1.965304880437579777e+04 5.153287239277835197e-05
1.990186352198950772e+04 5.050150647715928766e-05
2.015382833007056615e+04 4.949078194897374726e-05
2.040898310998161105e+04 4.850028571727658613e-05
2.066736824799868555e+04 4.752961304518845759e-05
2.092902464170348321e+04 4.657836726749216874e-05
2.119399370645706949e+04 4.564615939623196825e-05
2.146231738195507205e+04 4.473260840332146784e-05
2.173403813886555145e+04 4.383734121765501596e-05
2.200919898555192049e+04 4.295999156628889544e-05
2.228784347487999912e+04 4.210020089995970664e-05
2.257001571111170779e+04 4.125761776340928344e-05
2.285576035688608681e+04 4.043189809174805704e-05
2.314512264028812933e+04 3.962270407802731331e-05
2.343814836200815989e+04 3.882970500257430823e-05
2.373488390259094376e+04 3.805257679657704777e-05
2.403537622977656429e+04 3.729100195063266135e-05
2.433967290593514917e+04 3.654466900355446651e-05
2.464782209559479452e+04 3.581327290513669850e-05
2.495987257306484389e+04 3.509651495806471967e-05
2.527587373015654521e+04 3.439410194245191957e-05
2.559587558400045600e+04 3.370574679058039414e-05
2.591992878496333651e+04 3.303116812808157542e-05
2.624808462466526908e+04 3.237009049161074952e-05
2.658039504409774963e+04 3.172224342676831129e-05
2.691691264184559623e+04 3.108736216029251418e-05
2.725769068241206332e+04 3.046518721351285750e-05
2.760278310464925380e+04 2.985546443707538119e-05
2.795224453029631331e+04 2.925794444519141000e-05
2.830613027262459582e+04 2.867238301535381755e-05
2.866449634519298706e+04 2.809854098383864616e-05
2.902739947071328061e+04 2.753618364286005910e-05
2.939489709002910240e+04 2.698508113881350925e-05
2.976704737120721620e+04 2.644500820396085159e-05
3.014390921874472406e+04 2.591574429841436627e-05
3.052554228289204548e+04 2.539707289142208957e-05
3.091200696909519684e+04 2.488878200634156497e-05
3.130336444755646517e+04 2.439066388133298967e-05
3.169967666291617570e+04 2.390251508319346321e-05
3.210100634405811434e+04 2.342413592979916299e-05
3.250741701403784464e+04 2.295533089719710372e-05
3.291897300013747736e+04 2.249590848962519738e-05
3.333573944404698705e+04 2.204568083526713105e-05
3.375778231217572466e+04 2.160446389164772269e-05
3.418516840609310748e+04 2.117207730988496464e-05
3.461796537310239364e+04 2.074834452264179134e-05
3.505624171694741381e+04 2.033309217139836876e-05
3.550006680865632370e+04 1.992615054839747750e-05
3.594951089752123517e+04 1.952735330261605619e-05
3.640464512221705809e+04 1.913653759343515891e-05
3.686554152206222352e+04 1.875354353767405861e-05
3.733227304842064768e+04 1.837821459933938300e-05
3.780491357624885859e+04 1.801039744992088398e-05
3.828353791578837991e+04 1.764994170741839444e-05
3.876822182440780307e+04 1.729670001013192682e-05
3.925904201859309978e+04 1.695052797111505470e-05
3.975607618609077326e+04 1.661128422810006472e-05
4.025940299820372456e+04 1.627882998701745771e-05
4.076910212224443239e+04 1.595302938048169137e-05
4.128525423414434772e+04 1.563374922831875394e-05
4.180794103122286469e+04 1.532085965608024399e-05
4.233724524511956406e+04 1.501423228985137642e-05
4.287325065488829568e+04 1.471374165231208352e-05
4.341604210025818611e+04 1.441926497577491217e-05
4.396570549506223324e+04 1.413068188763790064e-05
4.452232784083529259e+04 1.384787439703170719e-05
4.508599724058572610e+04 1.357072690874823855e-05
4.565680291274009505e+04 1.329912624663154437e-05
4.623483520526410575e+04 1.303296129031364652e-05
4.682018560996420274e+04 1.277212326542878256e-05
4.741294677696849249e+04 1.251650554888539310e-05
4.801321252939086116e+04 1.226600376195390939e-05
4.862107787818270299e+04 1.202051542266351879e-05
4.923663903717052017e+04 1.177994019871430542e-05
4.985999343828509882e+04 1.154417979117602997e-05
5.049123974698327220e+04 1.131313784769996507e-05
5.113047787786410481e+04 1.108671989370740564e-05
5.177780901048467786e+04 1.086483338385691720e-05
5.243333560537438461e+04 1.064738770735874756e-05
5.309716142025187582e+04 1.043429389945161191e-05
5.376939152644920978e+04 1.022546487563084847e-05
5.445013232554218121e+04 1.002081527370944396e-05
5.513949156619097630e+04 9.820261526033694343e-06
5.583757836119605054e+04 9.623721584142380542e-06
5.654450320476789057e+04 9.431115122211556446e-06
5.726037799001643725e+04 9.242363433294120792e-06
5.798531602666178514e+04 9.057389392200758185e-06
5.871943205896825384e+04 8.876117353796842197e-06
5.946284228390747739e+04 8.698473226520795552e-06
6.021566436954976962e+04 8.524384465292725210e-06
6.097801747368788347e+04 8.353779844880245646e-06
6.175002226269902894e+04 8.186589644951769226e-06
6.253180093064338143e+04 8.022745524777021267e-06
6.332347721860439196e+04 7.862180578514422103e-06
6.412517643427615258e+04 7.704829117064300779e-06
6.493702547179636167e+04 7.550626831763955739e-06
6.575915283183155407e+04 7.399510702750657659e-06
6.659168864191659668e+04 7.251418995219391822e-06
6.743476467705039249e+04 7.106291140620846022e-06
6.828851438055511971e+04 6.964067821425531571e-06
6.915307288519699068e+04 6.824690951382574246e-06
7.002857703457432217e+04 6.688103518496419564e-06
7.091516540477916715e+04 6.554249698071472997e-06
7.181297832633051439e+04 6.423074776694841822e-06
7.272215790638493490e+04 6.294525188306541156e-06
7.364284805123157275e+04 6.168548341327956990e-06
7.457519448906826437e+04 6.045092750406190526e-06
7.551934479306837602e+04 5.924107956157991355e-06
7.647544840473888326e+04 5.805544543019915491e-06
7.744365665757299575e+04 5.689354014160714711e-06
7.842412280100544740e+04 5.575488880109637112e-06
7.941700202466802148e+04 5.463902631685141464e-06
8.042245148295217950e+04 5.354549633830869956e-06
8.144063031988574949e+04 5.247385188021023352e-06
8.247169969432143262e+04 5.142365490826531422e-06
8.351582280544420064e+04 5.039447656280175264e-06
8.457316491860491806e+04 4.938589578852064877e-06
8.564389339147749706e+04 4.839750039505330061e-06
8.672817770054742869e+04 4.742888635899298592e-06
8.782618946794031945e+04 4.647965813410089924e-06
8.893810248858184787e+04 4.554942740952619663e-06
9.006409275770995009e+04 4.463781398585254881e-06
9.120433849873027066e+04 4.374444546760723269e-06
9.235902019142458448e+04 4.286895657072442712e-06
9.352832060051955341e+04 4.201098939663831541e-06
9.471242480461391096e+04 4.117019325603682330e-06
9.591152022547171509e+04 4.034622479614554801e-06
9.712579665769028361e+04 3.953874691436206030e-06
9.835544629873978556e+04 3.874742961222072372e-06
9.960066377938305959e+04 3.797194942011156599e-06
1.008616461944864423e+05 3.721198967281422257e-06
1.021385931342105323e+05 3.646723947589927853e-06
1.034317067156061676e+05 3.573739444282084966e-06
1.047411916146042058e+05 3.502215639898883420e-06
1.060672550984104746e+05 3.432123295430312264e-06
1.074101070583151304e+05 3.363433754136651933e-06
1.087699600429130805e+05 3.296118939887314730e-06
1.101470292917448241e+05 3.230151363236442336e-06
1.115415327693698055e+05 3.165504035271971627e-06
1.129536911998602154e+05 3.102150536393951484e-06
1.143837281017403584e+05 3.040064969625103749e-06
1.158318698233681498e+05 2.979221982190815885e-06
1.172983455787558487e+05 2.919596683428241120e-06
1.187833874838557385e+05 2.861164704213658657e-06
1.202872305932975869e+05 2.803902169896497224e-06
1.218101129375922173e+05 2.747785676216602737e-06
1.233522755608101725e+05 2.692792277872771011e-06
1.249139625587330956e+05 2.638899497143909655e-06
1.264954211174873926e+05 2.586085325483054128e-06
1.280969015526750300e+05 2.534328155180746442e-06
1.297186573489871807e+05 2.483606834771930181e-06
1.313609452003290062e+05 2.433900631135949598e-06
1.330240250504529686e+05 2.385189246411172454e-06
1.347081601340960187e+05 2.337452752780672350e-06
1.364136170186509553e+05 2.290671640382771625e-06
1.381406656463565305e+05 2.244826792958463388e-06
1.398895793770231248e+05 2.199899476666878890e-06
1.416606350313034491e+05 2.155871319345560870e-06
1.434541129345067020e+05 2.112724325365706634e-06
1.452702969609664578e+05 2.070440874308907354e-06
1.471094745789792796e+05 2.029003666746577309e-06
1.489719368962977605e+05 1.988395768881991048e-06
1.508579787062111427e+05 1.948600581785310247e-06
1.527678985342092928e+05 1.909601854668894350e-06
1.547019986852258444e+05 1.871383633041279743e-06
1.566605852914941206e+05 1.833930297355931745e-06
1.586439683609998319e+05 1.797226541373285891e-06
1.606524618265477475e+05 1.761257369671301796e-06
1.626863835954551469e+05 1.726008071775499982e-06
1.647460555998685886e+05 1.691464240409188390e-06
1.668318038477176451e+05 1.657611767368277467e-06
1.689439584743228042e+05 1.624436804699184359e-06
1.710828537946412398e+05 1.591925794005037018e-06
1.732488283561865974e+05 1.560065446189273235e-06
1.754422249926190998e+05 1.528842750630637993e-06
1.776633908780006459e+05 1.498244933930628484e-06
1.799126775817536691e+05 1.468259491115965057e-06
1.821904411243055074e+05 1.438874166604169322e-06
1.844970420334373193e+05 1.410076957372725424e-06
1.868328454013536102e+05 1.381856084838517933e-06
1.891982209424672474e+05 1.354200014550322958e-06
1.915935430519152433e+05 1.327097450193399042e-06
1.940191908648272802e+05 1.300537307223326374e-06
1.964755483163255849e+05 1.274508729514135067e-06
1.989630042022993730e+05 1.249001077820528456e-06
2.014819522409486817e+05 1.224003935646318997e-06
2.040327911350926443e+05 1.199507076423681599e-06
2.066159246352853079e+05 1.175500488696563137e-06
2.092317616037188272e+05 1.151974359522435517e-06
2.118807160789361224e+05 1.128919081131378809e-06
2.145632073413704929e+05 1.106325222488417528e-06
2.172796599797077652e+05 1.084183549120706292e-06
2.200305039580869197e+05 1.062485016171683473e-06
2.228161746841653367e+05 1.041220751056892741e-06
2.256371130780233070e+05 1.020382061342710636e-06
2.284937656419632549e+05 9.999604292537114443e-07
2.313865845311794837e+05 9.799475151885544265e-07
2.343160276253228367e+05 9.603351316099312745e-07
2.372825586009802646e+05 9.411152633641481143e-07
2.402866470050634525e+05 9.222800537100716415e-07
2.433287683291266148e+05 9.038218114282364135e-07
2.464094040846337739e+05 8.857329854817330013e-07
2.495290418791700795e+05 8.680061827561671394e-07
2.526881754936168436e+05 8.506341611190253813e-07
2.558873049603196559e+05 8.336098185416136052e-07
2.591269366422193998e+05 8.169261950434402021e-07
2.624075833130116225e+05 8.005764712928679904e-07
2.657297642383051571e+05 7.845539704811111893e-07
2.690940052578086616e+05 7.688521375465093390e-07
2.725008388685679529e+05 7.534645555669057359e-07
2.759508043092472944e+05 7.383849344346577920e-07
2.794444476454775431e+05 7.236071164419074908e-07
2.829823218562948168e+05 7.091250561184287156e-07
2.865649869216632214e+05 6.949328345358487123e-07
2.901930099111052114e+05 6.810246529851342381e-07
2.938669650734707247e+05 6.673948266724008320e-07
2.975874339278136613e+05 6.540377827767616644e-07
3.013550053554485785e+05 6.409480617357279866e-07
3.051702756931551266e+05 6.281203179968799321e-07
3.090338488275633426e+05 6.155493034809002980e-07
3.129463362907447736e+05 6.032298808045546393e-07
3.169083573570039589e+05 5.911570141073575899e-07
3.209205391408926807e+05 5.793257734327673500e-07
3.249835166964801028e+05 5.677313186892679576e-07
3.290979331178644206e+05 5.563689111804874401e-07
3.332644396409590263e+05 5.452339079353050604e-07
3.374836957465843880e+05 5.343217585812908199e-07
3.417563692648341530e+05 5.236280009891438822e-07
3.460831364807935897e+05 5.131482642316840136e-07
3.504646822415795177e+05 5.028782685815691466e-07
3.549017000647328678e+05 4.928138123516465630e-07
3.593948922479992616e+05 4.829507825578663260e-07
3.639449699804849806e+05 4.732851474940575857e-07
3.685526534552209196e+05 4.638129601627836514e-07
3.732186719831643859e+05 4.545303455195756365e-07
3.779437641086312942e+05 4.454335097639258952e-07
3.827286777261878015e+05 4.365187353170178144e-07
3.875741701990452129e+05 4.277823798524453657e-07
3.924810084789145621e+05 4.192208705672839553e-07
3.974499692274185363e+05 4.108307080991425140e-07
4.024818389390156954e+05 4.026084658956663170e-07
4.075774140654837829e+05 3.945507803401536811e-07
4.127375011419926886e+05 3.866543584052093032e-07
4.179629169147589128e+05 3.789159723121848526e-07
4.232544884703169228e+05 3.713324620360246962e-07
4.286130533664414543e+05 3.639007251623919975e-07
4.340394597647119081e+05 3.566177243750289482e-07
4.395345665647542919e+05 3.494804830483486755e-07
4.450992435402083211e+05 3.424860856965270818e-07
4.507343714763712487e+05 3.356316715941908282e-07
4.564408423096298357e+05 3.289144391536007502e-07
4.622195592686301097e+05 3.223316447714314282e-07
4.680714370172362542e+05 3.158805960532627403e-07
4.739974017993161688e+05 3.095586562844662966e-07
4.799983915853429935e+05 3.033632413104898683e-07
4.860753562208522926e+05 2.972918211677769232e-07
4.922292575767976232e+05 2.913419120192266032e-07
4.984610697017899365e+05 2.855110821914148094e-07
5.047717789762643515e+05 2.797969483326977572e-07
5.111623842686274438e+05 2.741971767530077704e-07
5.176338970933313831e+05 2.687094768832335808e-07
5.241873417710007052e+05 2.633316057743533530e-07
5.308237555905542104e+05 2.580613666526842034e-07
5.375441889733838616e+05 2.528966044014344943e-07
5.443497056396283442e+05 2.478352078125238772e-07
5.512413827765332535e+05 2.428751080164839533e-07
5.582203112089462811e+05 2.380142794861931358e-07
5.652875955719844205e+05 2.332507336263221673e-07
5.724443544858726673e+05 2.285825236406886733e-07
5.796917207329906523e+05 2.240077412327432035e-07
5.870308414371977560e+05 2.195245183598499574e-07
5.944628782453675522e+05 2.151310209963263578e-07
6.019890075112814084e+05 2.108254534394188413e-07
6.096104204818145372e+05 2.066060567558236539e-07
6.173283234854800394e+05 2.024711058907150690e-07
6.251439381233839085e+05 1.984189104066698247e-07
6.330585014625741169e+05 1.944478139709173707e-07
6.410732662318376824e+05 1.905561949154316434e-07
6.491895010200000834e+05 1.867424611423562187e-07
6.574084904767114203e+05 1.830050540477224192e-07
6.657315355157718295e+05 1.793424458534578427e-07
6.741599535210722825e+05 1.757531409762569063e-07
6.826950785550734727e+05 1.722356710645336458e-07
6.913382615699929884e+05 1.687885984806243492e-07
7.000908706216260325e+05 1.654105148648332473e-07
7.089542910858741961e+05 1.621000394034393690e-07
7.179299258780418895e+05 1.588558185677355108e-07
7.270191956748828525e+05 1.556765263007178980e-07
7.362235391394600738e+05 1.525608642696734215e-07
7.455444131488734856e+05 1.495075578167327247e-07
7.549832930248522898e+05 1.465153591235423931e-07
7.645416727672553388e+05 1.435830450534699876e-07
7.742210652905791067e+05 1.407094182189935662e-07
7.840230026633801172e+05 1.378933030320521138e-07
7.939490363508074079e+05 1.351335485210370700e-07
8.040007374601586489e+05 1.324290270260891636e-07
8.141796969895464135e+05 1.297786332795836911e-07
8.244875260797453811e+05 1.271812835140310761e-07
8.349258562691936968e+05 1.246359160907548073e-07
8.454963397522269515e+05 1.221414915451479855e-07
8.562006496406097431e+05 1.196969893654869639e-07
8.670404802283479366e+05 1.173014105491531560e-07
8.780175472598506603e+05 1.149537758557480983e-07
8.891335882015380776e+05 1.126531266388796596e-07
9.003903625168022700e+05 1.103985217027194484e-07
9.117896519445361337e+05 1.081890395815573494e-07
9.233332607811355265e+05 1.060237773700908056e-07
9.350230161660739686e+05 1.039018503617707477e-07
9.468607683711289428e+05 1.018223907870780713e-07
9.588483910932327854e+05 9.978454870132316794e-08
9.709877817510341993e+05 9.778749188473722437e-08
9.832808617852466414e+05 9.583040332089570361e-08
9.957295769627646077e+05 9.391248319768293737e-08
1.008335897684628493e+06 9.203294753784594405e-08
1.021101819297944894e+06 9.019102883513761268e-08
1.034029362411657115e+06 8.838597355211377285e-08
1.047120573216415825e+06 8.661704396536303751e-08
1.060377523808434838e+06 8.488351712807059001e-08
1.073802312517454848e+06 8.318468488078996829e-08
1.087397064238894265e+06 8.151985240257470620e-08
1.101163930770168081e+06 7.988833923027234477e-08
1.115105091151266359e+06 7.828947901460465882e-08
1.129222752009679563e+06 7.672261777593819489e-08
1.143519147909655003e+06 7.518711510838451329e-08
1.157996541705868673e+06 7.368234336176469907e-08
1.172657224901642650e+06 7.220768805948324633e-08
1.187503518011586042e+06 7.076254590641723635e-08
1.202537770928936079e+06 6.934632628301708949e-08
1.217762363297488308e+06 6.795845033328358566e-08
1.233179704888231121e+06 6.659835121398017752e-08
1.248792235980802681e+06 6.526547258393161049e-08
1.264602427749721566e+06 6.395926966637460397e-08
1.280612782655518036e+06 6.267920892268098507e-08
1.296825834840851370e+06 6.142476687562600748e-08
1.313244150531610008e+06 6.019543075532545978e-08
1.329870328443070408e+06 5.899069806658536419e-08
1.346707000191286905e+06 5.781007685061061317e-08
1.363756830709550995e+06 5.665308409872694238e-08
1.381022518670262070e+06 5.551924696251497219e-08
1.398506796912055230e+06 5.440810195793867911e-08
1.416212432872341014e+06 5.331919535739629609e-08
1.434142229025374865e+06 5.225208170074714745e-08
1.452299023325818125e+06 5.120632484106958330e-08
1.470685689657917479e+06 5.018149757973954526e-08
1.489305138290423201e+06 4.917718089990391866e-08
1.508160316337211756e+06 4.819296422933969133e-08
1.527254208223735914e+06 4.722844527157060549e-08
1.546589836159470957e+06 4.628323015735358072e-08
1.566170260616188170e+06 4.535693218133483028e-08
1.585998580812439788e+06 4.444917278245725151e-08
1.606077935204082169e+06 4.355958088793109873e-08
1.626411501981015084e+06 4.268779325137651053e-08
1.647002499570272164e+06 4.183345322305697168e-08
1.667854187145415228e+06 4.099621162479836514e-08
1.688969865142383380e+06 4.017572640326586195e-08
1.710352875781930052e+06 3.937612554140186533e-08
1.732006603598615387e+06 3.859776061279742943e-08
1.753934475976485759e+06 3.784105911407030762e-08
1.776139963691644603e+06 3.710652500796234145e-08
1.798626581461512251e+06 3.639473107187412008e-08
1.821397888501215726e+06 3.570630962018053515e-08
1.844457489086924819e+06 3.504193839129704477e-08
1.867809033126314171e+06 3.440232393798872123e-08
1.891456216736321570e+06 3.378818285402251390e-08
1.915402782828154741e+06 3.320022107100697096e-08
1.939652521699699340e+06 3.263911085081607496e-08
1.964209271635502577e+06 3.210546704317341020e-08
1.989076919514273992e+06 3.159982450573376822e-08
2.014259401424078969e+06 3.112261552466748707e-08
2.039760703285437077e+06 3.067414898580100648e-08
2.065584861482100561e+06 3.025459189497425164e-08
2.091735963500037091e+06 2.986395550857450061e-08
2.118218148574362509e+06 2.950208371524846607e-08
2.145035608344485518e+06 2.916864605281856351e-08
2.172192587517616805e+06 2.886313549099466363e-08
