1.000471995330366326e+01 1.666879749941479973e-04
1.010406240060754257e+01 2.106022581583965160e-04
1.020465853990265259e+01 2.655899260853008875e-04
1.030652419265956787e+01 3.332294994281225463e-04
1.040967538001430626e+01 4.254057939067474822e-04
1.051412832528807328e+01 5.425239001372912520e-04
1.061989945653874479e+01 6.865785259807157676e-04
1.072700540914473955e+01 8.745752477665497300e-04
1.083546302842133002e+01 1.117489927813603663e-03
1.094528937226996845e+01 1.414866574850448793e-03
1.105650171386121272e+01 1.783143560674978288e-03
1.116911754435133020e+01 2.263768256837809037e-03
1.128315457563329183e+01 2.845403106320458335e-03
1.139863074312237323e+01 3.540800161682997049e-03
1.151556420857709995e+01 4.422296228685975578e-03
1.163397336295560969e+01 5.486406998035346302e-03
1.175387682930809241e+01 6.741989075784620214e-03
1.187529346570586064e+01 8.229893657765672069e-03
1.199824236820725787e+01 1.005035140477742936e-02
1.212274287386094507e+01 1.214371595947777785e-02
1.224881456374732913e+01 1.453638237008667705e-02
1.237647726605812615e+01 1.734049360055325145e-02
1.250575105921484287e+01 2.056891850897027418e-02
1.263665627502677147e+01 2.419066926846319410e-02
1.276921350188862192e+01 2.822060590826561133e-02
1.290344358801866598e+01 3.280293928443825391e-02
1.303936764473758636e+01 3.783022931760957053e-02
1.317700704978894599e+01 4.320586775940955804e-02
1.331638345070133411e+01 4.888457365994837434e-02
1.345751876819298154e+01 5.497902560434486663e-02
1.360043519961950764e+01 6.150668742368994857e-02
1.374515522246498911e+01 6.848052117174056874e-02
1.389170159787709657e+01 7.591406730277440451e-02
1.404009737424703097e+01 8.388474753847910415e-02
1.419036589083441946e+01 9.231351938270701551e-02
1.434253078143808402e+01 1.011649133248617161e-01
1.449661597811302016e+01 1.104283841404264943e-01
1.465264571493448820e+01 1.201274171664309387e-01
1.481064453180941598e+01 1.302848820285285592e-01
1.497063727833588231e+01 1.408840782590690677e-01
1.513264911771155674e+01 1.519179181985388372e-01
1.529670553069119698e+01 1.634066086805608942e-01
1.546283231959412596e+01 1.753741647553075378e-01
1.563105561236249308e+01 1.877100550204555129e-01
1.580140186667050273e+01 2.003728184985747729e-01
1.597389787408566697e+01 2.133444900109137399e-01
1.614857076428236127e+01 2.266405821661445774e-01
1.632544800930890005e+01 2.402627188934091940e-01
1.650455742790817482e+01 2.541805771528599101e-01
1.668592718989279433e+01 2.683410580133241963e-01
1.686958582057573608e+01 2.827118782685688614e-01
1.705556220525667399e+01 2.972226495649585853e-01
1.724388559376483698e+01 3.118406194223796724e-01
1.743458560505953159e+01 3.266320043135720885e-01
1.762769223188845302e+01 3.415726219638468564e-01
1.782323584550472617e+01 3.565951788427142444e-01
1.802124720044385953e+01 3.716106401933291781e-01
1.822175743936054459e+01 3.865847494194757372e-01
1.842479809792675027e+01 4.016099048348723555e-01
1.863040110979150654e+01 4.167294056053994500e-01
1.883859881160341843e+01 4.318798605582367944e-01
1.904942394809647155e+01 4.470692948087292007e-01
1.926290967723988601e+01 4.623110577342971483e-01
1.947908957545333308e+01 4.774472008843264059e-01
1.969799764288762134e+01 4.923563789338830099e-01
1.991966830877201389e+01 5.070163015064277356e-01
2.014413643682943089e+01 5.215038723657481334e-01
2.037143733075956575e+01 5.358565961334509353e-01
2.060160673979121526e+01 5.500925740864146540e-01
2.083468086430509913e+01 5.642329684477562779e-01
2.107069636152717251e+01 5.782186976951186885e-01
2.130969035129403366e+01 5.919908500901185366e-01
2.155170042189087809e+01 6.055819855730875112e-01
2.179676463596351255e+01 6.189895955932946947e-01
2.204492153650462427e+01 6.321866572994440103e-01
2.229621015291557029e+01 6.451431540583494328e-01
2.255067000714509362e+01 6.578478927304686197e-01
2.280834111990500190e+01 6.703532298131273937e-01
2.306926401696466300e+01 6.827144595846064146e-01
2.333347973552451649e+01 6.949146317702572517e-01
2.360102983067064741e+01 7.068689739086075896e-01
2.387195638191026248e+01 7.186082960938192654e-01
2.414630199978967795e+01 7.301360991413665680e-01
2.442410983259631152e+01 7.414673739218801130e-01
2.470542357314475623e+01 7.525774863963032857e-01
2.499028746564851389e+01 7.634134548292074163e-01
2.527874631267889072e+01 7.739667374979937176e-01
2.557084548221124720e+01 7.842769195018998163e-01
2.586663091476027532e+01 7.944051865859869110e-01
2.616614913060556802e+01 8.043113297901403058e-01
2.646944723710808134e+01 8.140013757792413651e-01
2.677657293611913758e+01 8.234604252647457212e-01
2.708757453148259131e+01 8.326711338961235720e-01
2.740250093663224717e+01 8.416459109773836156e-01
2.772140168228468582e+01 8.503908560767093894e-01
2.804432692422913576e+01 8.589304785565778921e-01
2.837132745121615329e+01 8.672555753972266412e-01
2.870245469294534146e+01 8.753184744980573306e-01
2.903776072815400155e+01 8.830717468460937969e-01
2.937729829280809213e+01 8.905081358992958940e-01
2.972112078839636595e+01 8.977074664209638843e-01
3.006928229032902067e+01 9.047552989564522363e-01
3.042183755644274612e+01 9.115655194114566928e-01
3.077884203561276166e+01 9.180388239550186791e-01
3.114035187647376546e+01 9.242136986246934915e-01
3.150642393625054538e+01 9.301516792497318553e-01
3.187711578970070292e+01 9.358554091694148980e-01
3.225248573816966058e+01 9.412842354248344146e-01
3.263259281875993167e+01 9.464073062953356485e-01
3.301749681361673794e+01 9.512016115171327835e-01
3.340725825933000692e+01 9.556754607625270737e-01
3.380193845645565176e+01 9.598361503576814391e-01
3.420159947915637133e+01 9.636882921328339124e-01
3.460630418496506877e+01 9.671925126391153205e-01
3.501611622467024887e+01 9.703210867425058339e-01
3.543110005232737336e+01 9.730648033099801308e-01
3.585132093539577625e+01 9.754281052381940098e-01
3.627684496500375388e+01 9.774135427853355429e-01
3.670773906634303074e+01 9.789951288028855281e-01
3.714407100919491711e+01 9.801301357862051145e-01
3.758590941858876278e+01 9.807872851820983451e-01
3.806115897612252041e+01 9.809197802613629502e-01
3.853419352499721384e+01 9.804814815576561315e-01
3.901321687404198713e+01 9.794706844177482052e-01
3.949830484378126272e+01 9.778513307932189536e-01
3.998953421465624558e+01 9.755844367401185213e-01
4.048698273917852219e+01 9.726563005799989670e-01
4.099072915423617758e+01 9.690768666432085787e-01
4.150085319355710567e+01 9.648550661365167258e-01
4.201743560032861780e+01 9.599747798438774682e-01
4.254055813997834434e+01 9.544118774749730250e-01
4.307030361311554856e+01 9.481507067054775195e-01
4.360675586863720099e+01 9.411808575471631855e-01
4.414999981699999410e+01 9.335101388207700523e-01
4.470012144365943385e+01 9.251660791623295133e-01
4.525720782268047770e+01 9.161824446636355201e-01
4.582134713051904384e+01 9.065822481196298410e-01
4.639262865997940821e+01 8.963847268191604822e-01
4.697114283434687820e+01 8.856135681703527496e-01
4.755698122170088737e+01 8.743026269525049354e-01
4.815023654940772246e+01 8.624859220535056048e-01
4.875100271879838942e+01 8.502011745799720188e-01
4.935937482003068766e+01 8.374893094568960361e-01
4.997544914714060837e+01 8.243963752968790359e-01
5.059932321328407312e+01 8.109697316887145568e-01
5.123109576617091676e+01 7.972564937085619974e-01
5.187086680369548475e+01 7.833019462566498392e-01
5.251873758976371676e+01 7.691496182011324789e-01
5.317481067032214526e+01 7.548450943726114915e-01
5.383918988958819085e+01 7.404313172420083911e-01
5.451198040648760212e+01 7.259526996199462401e-01
5.519328871129834369e+01 7.114526689137039561e-01
5.588322264250689386e+01 6.969707325576897095e-01
5.658189140387627702e+01 6.825440159977093080e-01
5.728940558173138697e+01 6.682057560873679858e-01
5.800587716246304382e+01 6.539861435561291625e-01
5.873141955025258909e+01 6.399103066481734992e-01
5.946614758502256848e+01 6.260018390613127925e-01
6.021017756061291237e+01 6.122828431433875451e-01
6.096362724318888127e+01 5.987730213304918170e-01
6.172661588988047043e+01 5.854892183840503250e-01
6.249926426765954801e+01 5.724444296171674607e-01
6.328169467245393776e+01 5.596493036430544299e-01
6.407403094850567982e+01 5.471143102191932117e-01
6.487639850797245344e+01 5.348463428334022662e-01
6.568892435077825098e+01 5.228505492052900605e-01
6.651173708471544899e+01 5.111281758334308423e-01
6.734496694580076337e+01 4.996789876084113402e-01
6.818874581888901787e+01 4.885034279912964239e-01
6.904320725854813645e+01 4.776001214320573229e-01
6.990848651019892657e+01 4.669676294168397801e-01
7.078472053152100329e+01 4.566027146957323257e-01
7.167204801413159032e+01 4.465012341764793558e-01
7.257060940553684247e+01 4.366593850839951552e-01
7.348054693136322157e+01 4.270726942985758612e-01
7.440200461786810138e+01 4.177358319097540518e-01
7.533512831473693439e+01 4.086439627720304113e-01
7.628006571816882797e+01 3.997914418014184568e-01
7.723696639425389776e+01 3.911721629515989562e-01
7.820598180264639154e+01 3.827797939587040954e-01
7.918726532053828748e+01 3.746067320766780506e-01
8.018097226693664936e+01 3.666458732935821141e-01
8.118725992724642992e+01 3.588901202945498081e-01
8.220628757816729149e+01 3.513335673209597165e-01
8.323821651290283796e+01 3.439701702884682688e-01
8.428321006669153803e+01 3.367941371981340581e-01
8.534143364265862886e+01 3.297998143329469722e-01
8.641305473799683057e+01 3.229813513346123099e-01
8.749824297047838684e+01 3.163334443251945016e-01
8.859717010530209791e+01 3.098502080506314593e-01
8.971001008228009255e+01 3.035264367352267234e-01
9.083693904336990954e+01 2.973566223733345448e-01
9.197813536055471673e+01 2.913355841281081160e-01
9.313377966407527708e+01 2.854583018174122744e-01
9.430405487102166262e+01 2.797211417178578907e-01
9.548914621428433236e+01 2.741179823317405617e-01
9.668924127187436568e+01 2.686437376630497198e-01
9.790452999661238209e+01 2.632945338728087670e-01
9.913520474619524236e+01 2.580660799893227386e-01
1.003814603136428047e+02 2.529538146663731224e-01
1.016434939581298806e+02 2.479538637098644416e-01
1.029215054362083208e+02 2.430629256647875991e-01
1.042156970334249877e+02 2.382776567410300750e-01
1.055262735963406868e+02 2.335950422305110297e-01
1.068534425649518766e+02 2.290116985932298399e-01
1.081974140055264115e+02 2.245251311090321888e-01
1.095584006438514564e+02 2.201324614286896131e-01
1.109366178989056664e+02 2.158306342544444034e-01
1.123322839169545659e+02 2.116171681475214339e-01
1.137456196060796287e+02 2.074894926542101281e-01
1.151768486711445405e+02 2.034447204912651630e-01
1.166261976492029788e+02 1.994804678528933894e-01
1.180938959453547454e+02 1.955946067932366195e-01
1.195801758690568448e+02 1.917846563272902760e-01
1.210852726708945966e+02 1.880482930598887936e-01
1.226094245798155526e+02 1.843840696530158474e-01
1.241528728408387963e+02 1.807900405462684601e-01
1.257158617532375757e+02 1.772645136728131787e-01
1.272986387092094134e+02 1.738060825397995945e-01
1.289014542330317568e+02 1.704131369896112747e-01
1.305245620207163313e+02 1.670841478663570856e-01
1.321682189801647951e+02 1.638181399754981282e-01
1.338326852718322471e+02 1.606137648978728794e-01
1.355182243499050685e+02 1.574697524627539091e-01
1.372251030040013688e+02 1.543847660386490073e-01
1.389535914013999331e+02 1.513574180265788993e-01
1.407039631298003428e+02 1.483867271218596851e-01
1.424764952406294753e+02 1.454712120365271311e-01
1.442714682928910577e+02 1.426097946036839481e-01
1.460891663975755250e+02 1.398013392579980918e-01
1.479298772626268033e+02 1.370446584988571914e-01
1.497938922384840907e+02 1.343389946040857985e-01
1.516815063641942061e+02 1.316835574567658540e-01
1.535930184141137147e+02 1.290775298251447545e-01
1.555287309451969975e+02 1.265201381645456591e-01
1.574889503448863479e+02 1.240106238492051788e-01
1.594739868796084750e+02 1.215481093473190222e-01
1.614841547438816178e+02 1.191319823418785367e-01
1.635197721100494448e+02 1.167611475525336673e-01
1.655811611786388369e+02 1.144349060130613882e-01
1.676686482293614517e+02 1.121524218622125674e-01
1.697825636727547476e+02 1.099127902261312767e-01
1.719232421024825612e+02 1.077152009181357312e-01
1.740910223482925119e+02 1.055587758999354947e-01
1.762862475296490175e+02 1.034427640298445639e-01
1.785092651100405305e+02 1.013666790598383993e-01
1.807604269519776210e+02 9.932984388892678040e-02
1.830400893726866514e+02 9.733158449880416341e-02
1.853486132005079128e+02 9.537155922966229771e-02
1.876863638320073733e+02 9.344908268498750004e-02
1.900537112898123837e+02 9.156355436327458241e-02
1.924510302811809765e+02 8.971440204968457455e-02
1.948787002573083669e+02 8.790097950493640233e-02
1.973371054733900962e+02 8.612266593196533926e-02
1.998266350494393464e+02 8.437873165630611905e-02
2.023476830318806208e+02 8.266876287360343245e-02
2.049006484559172065e+02 8.099182368610938210e-02
2.074859354086921428e+02 7.934764940673885714e-02
2.101039530932489185e+02 7.773564323612017213e-02
2.127551158932994610e+02 7.615530845164714124e-02
2.154398434388128010e+02 7.460614313849822654e-02
2.181585606724355841e+02 7.308776933416469279e-02
2.209116979167538091e+02 7.159950687597550767e-02
2.236996909424020714e+02 7.014086238320164923e-02
2.265229810370410348e+02 6.871132041905751719e-02
2.293820150752022187e+02 6.731036793195208090e-02
2.322772455890230106e+02 6.593771035773390854e-02
2.352091308398710225e+02 6.459266808873086185e-02
2.381781348908803295e+02 6.327476533076772935e-02
2.411847276804040519e+02 6.198347984420859991e-02
2.442293850963966406e+02 6.071826443483213653e-02
2.473125890517368646e+02 5.947871061942702070e-02
2.504348275605069887e+02 5.826431372065909997e-02
2.535965948152372675e+02 5.707468909225808795e-02
2.567983912651245646e+02 5.590930290815229742e-02
2.600407236952481185e+02 5.476768803443005096e-02
2.633241053067797566e+02 5.364955651330901437e-02
2.666490557982186260e+02 5.255455530230841027e-02
2.700161014476460082e+02 5.148211215969081961e-02
2.734257751960272458e+02 5.043208300561773105e-02
2.768786167315673197e+02 4.940387673797735912e-02
2.803751725751321260e+02 4.839699016388455954e-02
2.839159961667521088e+02 4.741121576679720173e-02
2.875016479532222888e+02 4.644582964662536534e-02
2.911326954768122164e+02 4.550066677376198715e-02
2.948097134650935800e+02 4.457523507175789601e-02
2.985332839219136645e+02 4.366913634200947358e-02
3.023039962195110775e+02 4.278211238252479370e-02
3.061224471918068275e+02 4.191382279530179306e-02
3.099892412288683090e+02 4.106385310035495090e-02
3.139049903725747868e+02 4.023191169866784794e-02
3.178703144134931904e+02 3.941757470805651309e-02
3.218858409889788277e+02 3.862046904123538071e-02
3.259522056825170466e+02 3.784034729747149522e-02
3.300700521243255139e+02 3.707670679802193420e-02
3.342400320932314344e+02 3.632927425425444556e-02
3.384628056198310446e+02 3.559754996721273962e-02
3.427390410909655998e+02 3.488132061663827554e-02
3.470694153555091361e+02 3.418001425137147387e-02
3.514546138315071175e+02 3.349339179259305105e-02
3.558953306146601108e+02 3.282107793460151135e-02
3.603922685881881307e+02 3.216280289062217052e-02
3.649461395340862282e+02 3.151815670170466516e-02
3.695576642457842240e+02 3.088680114131326510e-02
3.742275726422340085e+02 3.026854901808149687e-02
3.789566038834433925e+02 2.966300972020927476e-02
3.837455064874734489e+02 2.906991282565827076e-02
3.885950384489106000e+02 2.848876012665541718e-02
3.935059673588485794e+02 2.791941220493477510e-02
3.984790705263773702e+02 2.736155023536443812e-02
4.035151351016241961e+02 2.681497316507302359e-02
4.086149582003382648e+02 2.627932665538711826e-02
4.137793470300622403e+02 2.575446829026075204e-02
4.190091190178999341e+02 2.524004116338059850e-02
4.243051019398980657e+02 2.473582260789897180e-02
4.296681340520663070e+02 2.424165333548413542e-02
4.350990642230591448e+02 2.375731874390816026e-02
4.405987520685390564e+02 2.328258550604467986e-02
4.461680680872312905e+02 2.281721390175732098e-02
4.518078937987150994e+02 2.236110333844849168e-02
4.575191218829444892e+02 2.191396412810552724e-02
4.633026563215502733e+02 2.147567402234276321e-02
4.691594125409171170e+02 2.104613511288374109e-02
4.750903175570815620e+02 2.062506589058048928e-02
4.810963101224633647e+02 2.021249956418716062e-02
4.871783408744504982e+02 1.980805265749427391e-02
4.933373724858654441e+02 1.941166453000108330e-02
4.995743798173412529e+02 1.902318161605250774e-02
5.058903500716256758e+02 1.864241712948776566e-02
5.122862829498310475e+02 1.826924042698100173e-02
5.187631908096753932e+02 1.790351339660293736e-02
5.253220988257138515e+02 1.754508376838428280e-02
5.319640451516103212e+02 1.719385355239744922e-02
5.386900810844530270e+02 1.684963454620182211e-02
5.455012712311571477e+02 1.651225047524499875e-02
5.523986936769749718e+02 1.618164540890816572e-02
5.593834401561346112e+02 1.585764949406946039e-02
5.664566162246395606e+02 1.554015578945307230e-02
5.736193414352585478e+02 1.522898279612705866e-02
5.808727495147356876e+02 1.492406990899949187e-02
5.882179885432277615e+02 1.462522077604050917e-02
5.956562211360358106e+02 1.433234966191795565e-02
6.031886246276145584e+02 1.404531854690746658e-02
6.108163912579324233e+02 1.376401445306114218e-02
6.185407283611732510e+02 1.348833945037134809e-02
6.263628585568378639e+02 1.321813347429182627e-02
6.342840199432650934e+02 1.295332579789396782e-02
6.423054662935970782e+02 1.269378563679469420e-02
6.504284672542258932e+02 1.243945943149215097e-02
6.586543085457577718e+02 1.219019548432631085e-02
6.669842921665218682e+02 1.194590745838965823e-02
6.754197365986444765e+02 1.170646849198279243e-02
6.839619770167504385e+02 1.147183672273972659e-02
6.926123654992856018e+02 1.124186285832845349e-02
7.013722712425360442e+02 1.101649726281845286e-02
7.102430807773424704e+02 1.079563785888258166e-02
7.192261981885536670e+02 1.057919373908498308e-02
7.283230453372840429e+02 1.036709049428599823e-02
7.375350620859557011e+02 1.015922988621179544e-02
7.468637065262088299e+02 9.955548133469235492e-03
7.563104552096780253e+02 9.755946241240376349e-03
7.658768033817210608e+02 9.560352085671934216e-03
7.755642652180799814e+02 9.368689785532551689e-03
7.853743740645368234e+02 9.180866324977731557e-03
7.953086826796343303e+02 8.996816530460747738e-03
8.053687634804371100e+02 8.816433206558310642e-03
8.155562087914087215e+02 8.639697179506123509e-03
8.258726310964648292e+02 8.466508945506014822e-03
8.363196632941875350e+02 8.296793887813215529e-03
8.468989589562858100e+02 8.130488491780897206e-03
8.576121925893291973e+02 7.967523291751705053e-03
8.684610598997765010e+02 7.807826136644672489e-03
8.794472780623963217e+02 7.651329182375614726e-03
8.905725859920535186e+02 7.497968183395549435e-03
9.018387446189365164e+02 7.347694340885105833e-03
9.132475371672994697e+02 7.200433484838089822e-03
9.248007694377075723e+02 7.056117785236263804e-03
9.365002700928455397e+02 6.914690483969917340e-03
9.483478909469855580e+02 6.776099855099457225e-03
9.603455072590820691e+02 6.640286434919327567e-03
9.724950180295907103e+02 6.507191063261226829e-03
9.847983463010511969e+02 6.376766271912090792e-03
9.972574394624531351e+02 6.248945067579573555e-03
1.009874269557494813e+03 6.123676934479948923e-03
1.022650833596710982e+03 6.000922034177213690e-03
1.035589153873546366e+03 5.880625759091985018e-03
1.048691278284477903e+03 5.762740151541869034e-03
1.061959280653140922e+03 5.647217261741060632e-03
1.075395261058567712e+03 5.534007892459647492e-03
1.089001346167614656e+03 5.423065685146916115e-03
1.102779689571558038e+03 5.314346037298592340e-03
1.116732472126973335e+03 5.207805006635783315e-03
1.130861902300925067e+03 5.103398937945412620e-03
1.145170216520512668e+03 5.001085768840422482e-03
1.159659679526879245e+03 4.900824156397485046e-03
1.174332584733666636e+03 4.802573423190736011e-03
1.189191254590004291e+03 4.706293025928017827e-03
1.204238040948140679e+03 4.611943154313674111e-03
1.219475325435682180e+03 4.519484663794445453e-03
1.234905519832545679e+03 4.428879123744945863e-03
1.250531066452729192e+03 4.340089391058956150e-03
1.266354438530864172e+03 4.253079100011402693e-03
1.282378140613687947e+03 4.167812622963830600e-03
1.298604708956474269e+03 4.084255024051998417e-03
1.315036711924450628e+03 4.002372061443291128e-03
1.331676750399358070e+03 3.922130193122696021e-03
1.348527458191104415e+03 3.843496571757037180e-03
1.365591502454633655e+03 3.766438949178683125e-03
1.382871584112117262e+03 3.690925759515262597e-03
1.400370438280439885e+03 3.616926067392254446e-03
1.418090834704128611e+03 3.544409569502940567e-03
1.436035578193729634e+03 3.473346529634238795e-03
1.454207509069790603e+03 3.403707834039631369e-03
1.472609503612410435e+03 3.335464957439381040e-03
1.491244474516510081e+03 3.268589933241419169e-03
1.510115371352836974e+03 3.203055347014854143e-03
1.529225181034860952e+03 3.138834346426936251e-03
1.548576928291531658e+03 3.075900632567630990e-03
1.568173676146015850e+03 3.014228390457364230e-03
1.588018526400557221e+03 2.953792349318518345e-03
1.608114620127408216e+03 2.894567743787611162e-03
1.628465138166015322e+03 2.836530313225595502e-03
1.649073301626461898e+03 2.779656252797204317e-03
1.669942372399350234e+03 2.723922256110456776e-03
1.691075653672071439e+03 2.669305485722081334e-03
1.712476490451649852e+03 2.615783555530314889e-03
1.734148270094174222e+03 2.563334518561828906e-03
1.756094422840988955e+03 2.511936879212352865e-03
1.778318422361619014e+03 2.461569582033540544e-03
1.800823786303567431e+03 2.412211964831515506e-03
1.823614076849134335e+03 2.363843796755098117e-03
1.846692901279219313e+03 2.316445252923974175e-03
1.870063912544289451e+03 2.269996911608324671e-03
1.893730809842583767e+03 2.224479717300838644e-03
1.917697339205600883e+03 2.179875013654104712e-03
1.941967294091064332e+03 2.136164517842430687e-03
1.966544515983340716e+03 2.093330311784442031e-03
1.991432895001449879e+03 2.051354826499809589e-03
2.016636370514842838e+03 2.010220855368281909e-03
2.042158931766914066e+03 1.969911541902179351e-03
2.068004618506392490e+03 1.930410349022167963e-03
2.094177521626813359e+03 1.891701081520549181e-03
2.120681783813996390e+03 1.853767870148672172e-03
2.147521600201766432e+03 1.816595167782919344e-03
2.174701219035967824e+03 1.780167721434805809e-03
2.202224942346857461e+03 1.744470597737603906e-03
2.230097126630078947e+03 1.709489160790823381e-03
2.258322183536198281e+03 1.675209069667348916e-03
2.286904580568955680e+03 1.641616260583623945e-03
2.315848841792437725e+03 1.608696960715401284e-03
2.345159548547134364e+03 1.576437675825761433e-03
2.374841340175045389e+03 1.544825170973530143e-03
2.404898914754066482e+03 1.513846482169794224e-03
2.435337029841561161e+03 1.483488907033162808e-03
2.466160503227406480e+03 1.453740000663475591e-03
2.497374213696572497e+03 1.424587554304681527e-03
2.528983101801303746e+03 1.396019615101020111e-03
2.560992170643175086e+03 1.368024467881077217e-03
2.593406486664955992e+03 1.340590633946445696e-03
2.626231180452513854e+03 1.313706856394048546e-03
2.659471447546947275e+03 1.287362111335829890e-03
2.693132549266903879e+03 1.261545596609676143e-03
2.727219813541338681e+03 1.236246720439886006e-03
2.761738635752866685e+03 1.211455105794674841e-03
2.796694479591732488e+03 1.187160585514334971e-03
2.832092877920597857e+03 1.163353198334241608e-03
2.867939433650325554e+03 1.140023172498724714e-03
2.904239820626757592e+03 1.117160941147618243e-03
2.940999784528844884e+03 1.094757127305531806e-03
2.978225143778061920e+03 1.072802543574001869e-03
3.015921790459312888e+03 1.051288180058365185e-03
3.054095691253599398e+03 1.030205213407488262e-03
3.092752888382418860e+03 1.009544996801382561e-03
3.131899500564090886e+03 9.892990540345445415e-04
3.171541723982307303e+03 9.694590791016488313e-04
3.211685833266823465e+03 9.500169342958787603e-04
3.252338182486640108e+03 9.309646466294142384e-04
3.293505206155737142e+03 9.122943951361288037e-04
3.335193420251482621e+03 8.939985229201921884e-04
3.377409423246084771e+03 8.760695247619939945e-04
3.420159897150954293e+03 8.585000474250455496e-04
3.463451608574308011e+03 8.412828797354874200e-04
3.507291409792275317e+03 8.244109598051353564e-04
3.551686239833460604e+03 8.078773663485054905e-04
3.596643125577193132e+03 7.916753163694633267e-04
3.642169182865865878e+03 7.757981617729350693e-04
3.688271617631169192e+03 7.602393893672674966e-04
3.734957727034662184e+03 7.449926177870574984e-04
3.782234900622819168e+03 7.300515876464195968e-04
3.830110621496573913e+03 7.154101708460347845e-04
3.878592467495857363e+03 7.010623603972163196e-04
3.927688112398985140e+03 6.870022712623234011e-04
3.977405327137212225e+03 6.732241320622076768e-04
4.027751981024852739e+03 6.597222908414257687e-04
4.078736043004765634e+03 6.464912076774912125e-04
4.130365582909664226e+03 6.335254546782381107e-04
4.182648772739506967e+03 6.208197108798038004e-04
4.235593887954918500e+03 6.083687634076150909e-04
4.289209308787045302e+03 5.961675046555423843e-04
4.343503521564022776e+03 5.842109258081775629e-04
4.398485120054124309e+03 5.724941220477911420e-04
4.454162806826097949e+03 5.610122856037883963e-04
4.510545394626587040e+03 5.497607066321942137e-04
4.567641807774946756e+03 5.387347661936121596e-04
4.625461083575922203e+03 5.279299408473398219e-04
4.684012373750034385e+03 5.173417964614697396e-04
4.743304945882056927e+03 5.069659896153648699e-04
4.803348184888032847e+03 4.967982616502510627e-04
4.864151594500636747e+03 4.868344404761394033e-04
4.925724798773491784e+03 4.770704381067988973e-04
4.988077543604458697e+03 4.675022465297125080e-04
5.051219698278177020e+03 4.581259400827579313e-04
5.115161257028313230e+03 4.489376709032892512e-04
5.179912340619384850e+03 4.399336697356322321e-04
5.245483197948633460e+03 4.311102400418430217e-04
5.311884207668374074e+03 4.224637616213287590e-04
5.379125879828656252e+03 4.139906855015786633e-04
5.447218857540774479e+03 4.056875361224286853e-04
5.516173918661978860e+03 3.975509051199369948e-04
5.586001977501341571e+03 3.895774534343155945e-04
5.656714086547303850e+03 3.817639092354378869e-04
5.728321438217096329e+03 3.741070654052153568e-04
5.800835366628216434e+03 3.666037800093582778e-04
5.874267349392540382e+03 3.592509735119875803e-04
5.948629009432938801e+03 3.520456294529224510e-04
6.023932116822903481e+03 3.449847895514774774e-04
6.100188590649688194e+03 3.380655565237016577e-04
6.177410500900784427e+03 3.312850900668850586e-04
6.255610070374328643e+03 3.246406088542244249e-04
6.334799676613859447e+03 3.181293851995979161e-04
6.414991853867391910e+03 3.117487467978016964e-04
6.496199295071360211e+03 3.054960751002208457e-04
6.578434853859704162e+03 2.993688038685047995e-04
6.661711546598252426e+03 2.933644184578577800e-04
6.746042554445137284e+03 2.874804542936697997e-04
6.831441225437050889e+03 2.817144973953488872e-04
6.917921076601895948e+03 2.760641803384996859e-04
7.005495796098465689e+03 2.705271844182517271e-04
7.094179245382915724e+03 2.651012365835649759e-04
7.183985461402737201e+03 2.597841110143840376e-04
7.274928658818645999e+03 2.545736248204314681e-04
7.367023232254468894e+03 2.494676393592351127e-04
7.460283758575492357e+03 2.444640589657907557e-04
7.554724999195820601e+03 2.395608302284302107e-04
7.650361902414631913e+03 2.347559405695595050e-04
7.747209605782471954e+03 2.300474176094732489e-04
7.845283438497115640e+03 2.254333295355245815e-04
7.944598923829801606e+03 2.209117817974338787e-04
8.045171781582480435e+03 2.164809187429868136e-04
8.147017930575884748e+03 2.121389213181767595e-04
8.250153491169055997e+03 2.078840082794112588e-04
8.354594787811096467e+03 2.037144327449685161e-04
8.460358351624941861e+03 1.996284831834193078e-04
8.567460923023907526e+03 1.956244824228222127e-04
8.675919454361446697e+03 1.917007874215455809e-04
8.785751112614261729e+03 1.878557874392887243e-04
8.896973282099712378e+03 1.840879040242950266e-04
9.009603567227335589e+03 1.803955912395962050e-04
9.123659795285191649e+03 1.767773329779371932e-04
9.239160019261793423e+03 1.732316441759920982e-04
9.356122520703482223e+03 1.697570691252962610e-04
9.474565812607906992e+03 1.663521823742083550e-04
9.594508642354541735e+03 1.630155859783469240e-04
9.715969994671908353e+03 1.597459102332674311e-04
9.838969094642494383e+03 1.565418129037284662e-04
9.963525410745836780e+03 1.534019793237088283e-04
1.008965865793978810e+04 1.503251203646701706e-04
1.021738880078134571e+04 1.473099728468379001e-04
1.034673605658646738e+04 1.443552995895643206e-04
1.047772089863006477e+04 1.414598874621051891e-04
1.061036405938672397e+04 1.386225479210758901e-04
1.074468653381215699e+04 1.358421160457484549e-04
1.088070958266622984e+04 1.331174511285463909e-04
1.101845473587835477e+04 1.304474344601950673e-04
1.115794379595512873e+04 1.278309699029995768e-04
1.129919884143129275e+04 1.252669832845786947e-04
1.144224223036444710e+04 1.227544226979910137e-04
1.158709660387368604e+04 1.202922564147024384e-04
1.173378488972353261e+04 1.178794735707848148e-04
1.188233030595291712e+04 1.155150840669780504e-04
1.203275636454995038e+04 1.131981172492709978e-04
1.218508687517371254e+04 1.109276218708535490e-04
1.233934594892282075e+04 1.087026657252344506e-04
1.249555800215153067e+04 1.065223359870743518e-04
1.265374776033473790e+04 1.043857373955360822e-04
1.281394026198136635e+04 1.022919927509286642e-04
1.297616086259752046e+04 1.002402424178255619e-04
1.314043523869986166e+04 9.822964473994338409e-05
1.330678939187951983e+04 9.625937399547627234e-05
1.347524965291799163e+04 9.432862124796651774e-05
1.364584268595462163e+04 9.243659413836537186e-05
1.381859549270690877e+04 9.058251603158419768e-05
1.399353541674467306e+04 8.876562560152621178e-05
1.417069014781791520e+04 8.698517687689406679e-05
1.435008772623941150e+04 8.524043939514349701e-05
1.453175654732328076e+04 8.353069671397060907e-05
1.471572536587923605e+04 8.185524685086061568e-05
1.490202330076399994e+04 8.021340188228417783e-05
1.509067983949033624e+04 7.860448834949275649e-05
1.528172484289412023e+04 7.702784542079603870e-05
1.547518854986112456e+04 7.548282575890172047e-05
1.567110158211313865e+04 7.396879525563653771e-05
1.586949494905456231e+04 7.248513251904484516e-05
1.607040005268101777e+04 7.103122822562943990e-05
1.627384869254954538e+04 6.960648544085454423e-05
1.647987307081168547e+04 6.821031963647848498e-05
1.668850579731080870e+04 6.684215747208228421e-05
1.689977989474349306e+04 6.550143719006982666e-05
1.711372880388638077e+04 6.418760830518534450e-05
1.733038638888932473e+04 6.290013190515574080e-05
1.754978694263524085e+04 6.163847914087795604e-05
1.777196519216835441e+04 6.040213199801802740e-05
1.799695630419071313e+04 5.919058301496157891e-05
1.822479589062818559e+04 5.800333501054147735e-05
1.845552001426757488e+04 5.683990032426546702e-05
1.868916519446455641e+04 5.569980128488308003e-05
1.892576841292368408e+04 5.458257014421189878e-05
1.916536711955242936e+04 5.348774808043146108e-05
1.940799923838846007e+04 5.241488555508983253e-05
1.965370317360245826e+04 5.136354206410230689e-05
1.990251781557681534e+04 5.033328636455560427e-05
2.015448254706089938e+04 4.932369522979867968e-05
2.040963724940522297e+04 4.833435413725597341e-05
2.066802230887355108e+04 4.736485697861487126e-05
2.092967862303514630e+04 4.641480595270696362e-05
2.119464760723847576e+04 4.548381077988337409e-05
2.146297120116643055e+04 4.457148922357476823e-05
2.173469187547415277e+04 4.367746698573046917e-05
2.200985263851198397e+04 4.280137688902424737e-05
2.228849704313249822e+04 4.194285920067343754e-05
2.257066919358421364e+04 4.110156142567210433e-05
2.285641375249258999e+04 4.027713848169138587e-05
2.314577594792887248e+04 3.946925166918748815e-05
2.343880158056946311e+04 3.867756928479745994e-05
2.373553703094502998e+04 3.790176633144097399e-05
2.403602926678137374e+04 3.714152452491965552e-05
2.434032585043416475e+04 3.639653152187155528e-05
2.464847494641685262e+04 3.566648145468264043e-05
2.496052532902396342e+04 3.495107480033585184e-05
2.527652639005172387e+04 3.425001773601887682e-05
2.559652814661548837e+04 3.356302238810444916e-05
2.592058124906661396e+04 3.288980668774654602e-05
2.624873698900959789e+04 3.223009450042974038e-05
2.658104730742014362e+04 3.158361477140936996e-05
2.691756480286707301e+04 3.095010207235646051e-05
2.725834273983745516e+04 3.032929631760560184e-05
2.760343505716700383e+04 2.972094284628015880e-05
2.795289637657823914e+04 2.912479168878931500e-05
2.830678201132571849e+04 2.854059808911935553e-05
2.866514797495128732e+04 2.796812235411814365e-05
2.902805099014949883e+04 2.740712937877015558e-05
2.939554849774652394e+04 2.685738878587078714e-05
2.976769866579143491e+04 2.631867486232512913e-05
3.014456039876343129e+04 2.579076664683776129e-05
3.052619334689479729e+04 2.527344721895673229e-05
3.091265791561318110e+04 2.476650418547852301e-05
3.130401527510228698e+04 2.426972941013649562e-05
3.170032736998359906e+04 2.378291913386976352e-05
3.210165692912183295e+04 2.330587330739797988e-05
3.250806747555324546e+04 2.283839607707034927e-05
3.291962333654039685e+04 2.238029562956790676e-05
3.333638965375344560e+04 2.193138384295824947e-05
3.375843239358170104e+04 2.149147635445154518e-05
3.418581835757425870e+04 2.106039254726300389e-05
3.461861519301382941e+04 2.063795561030762980e-05
3.505689140362342005e+04 2.022399194534609993e-05
3.550071636041007150e+04 1.981833159887156991e-05
3.595016031264456251e+04 1.942080801182180576e-05
3.640529439898017154e+04 1.903125814574579505e-05
3.686619065871342900e+04 1.864952190618755890e-05
3.733292204318607401e+04 1.827544257146807710e-05
3.780556242733218096e+04 1.790886664460774390e-05
3.828418662137052161e+04 1.754964359723478243e-05
3.876887038264666626e+04 1.719762589151785508e-05
3.925969042762326717e+04 1.685266899699135656e-05
3.975672444402319525e+04 1.651463143179934543e-05
4.026005110312544275e+04 1.618337426733887572e-05
4.076975007221828128e+04 1.585876151078435508e-05
4.128590202720861998e+04 1.554065988389786380e-05
4.180858866539104201e+04 1.522894820421008953e-05
4.233789271837993874e+04 1.492349148697904913e-05
4.287389796520371601e+04 1.462416143683987633e-05
4.341668924556571437e+04 1.433083523325397551e-05
4.396635247327280376e+04 1.404339244211756096e-05
4.452297464983339160e+04 1.376171501000926984e-05
4.508664387822905701e+04 1.348568729683172196e-05
4.565744937685924378e+04 1.321519610026754293e-05
4.623548149366219150e+04 1.295013025295440618e-05
4.682083172041652870e+04 1.269038094837996331e-05
4.741359270722218935e+04 1.243584155182002283e-05
4.801385827716454514e+04 1.218640765988391091e-05
4.862172344116611202e+04 1.194197677109061208e-05
4.923728441302412830e+04 1.170244854430128611e-05
4.986063862463978876e+04 1.146772469097078351e-05
5.049188474143989879e+04 1.123770884387199924e-05
5.113112267799316760e+04 1.101230653116231235e-05
5.177845361382591364e+04 1.079142521736131887e-05
5.243398000943638908e+04 1.057497431344535877e-05
5.309780562251169613e+04 1.036286485957554028e-05
5.377003552435195161e+04 1.015500978894506569e-05
5.445077611650060135e+04 9.951323773692303390e-06
5.514013514758508245e+04 9.751723261348048112e-06
5.583822173037267203e+04 9.556126231270214356e-06
5.654514635904027818e+04 9.364452389868452569e-06
5.726102092666382669e+04 9.176623080344045534e-06
5.798595874292894587e+04 8.992561193602272861e-06
5.872007455206509621e+04 8.812191128879483725e-06
5.946348455100857973e+04 8.635438839244405755e-06
6.021630640779393434e+04 8.462231830522524997e-06
6.097865928017768601e+04 8.292498917302084139e-06
6.175066383450037392e+04 8.126170427374952468e-06
6.253244226478502969e+04 7.963178082126441007e-06
6.332411831207748037e+04 7.803455016277301007e-06
6.412581728403371380e+04 7.646935597704804957e-06
6.493766607475286582e+04 7.493555575228084820e-06
6.575979318486242846e+04 7.343252002356219511e-06
6.659232874185765104e+04 7.195963180010818369e-06
6.743540452069742605e+04 7.051628608876263181e-06
6.828915396466334641e+04 6.910189036661759700e-06
6.915371220648055896e+04 6.771586446592638309e-06
7.002921608970576199e+04 6.635763883244541396e-06
7.091580419038889522e+04 6.502665590120096061e-06
7.181361683900626667e+04 6.372236931024238676e-06
7.272279614267128636e+04 6.244424395465746534e-06
7.364348600762931164e+04 6.119175465203601355e-06
7.457583216203389748e+04 5.996438726419784411e-06
7.551998217901354656e+04 5.876163804844604662e-06
7.647608550002980337e+04 5.758301332127555281e-06
7.744429345852984989e+04 5.642802893792472812e-06
7.842475930390186841e+04 5.529621076284837035e-06
7.941763822573045036e+04 5.418709449079731390e-06
8.042308737835926877e+04 5.310022442202419562e-06
8.144126590576781018e+04 5.203515435610397784e-06
8.247233496675972128e+04 5.099144709501743666e-06
8.351645776047043910e+04 4.996867441162394339e-06
8.457379955220050761e+04 4.896641605912751577e-06
8.564452769957302371e+04 4.798426062531328068e-06
8.672881167902193556e+04 4.702180497744820991e-06
8.782682311262068106e+04 4.607865409879825566e-06
8.893873579524208617e+04 4.515442055368282920e-06
9.006472572207060875e+04 4.424872494253747504e-06
9.120497111645770201e+04 4.336119567866071088e-06
9.235965245813028014e+04 4.249146816049937780e-06
9.352895251175944577e+04 4.163918531001651341e-06
9.471305635588766017e+04 4.080399728033426252e-06
9.591215141222201055e+04 3.998556137745677569e-06
9.712642747530211636e+04 3.918354132276108698e-06
9.835607674253973528e+04 3.839760790612238300e-06
9.960129384463850874e+04 3.762743852650754059e-06
1.008622758764048631e+05 3.687271708477933799e-06
1.021392224279387447e+05 3.613313355225729246e-06
1.034323356162295386e+05 3.540838433818940697e-06
1.047418201171458641e+05 3.469817205281238500e-06
1.060678831978305534e+05 3.400220498518232647e-06
1.074107347495099530e+05 3.332019737943350281e-06
1.087705873207143595e+05 3.265186928579096207e-06
1.101476561509188323e+05 3.199694646091087698e-06
1.115421592046165606e+05 3.135515981638766327e-06
1.129543172058126511e+05 3.072624592045902703e-06
1.143843536729634361e+05 3.010994661937685018e-06
1.158324949543580151e+05 2.950600895874522272e-06
1.172989702639389870e+05 2.891418485516739222e-06
1.187840117175880732e+05 2.833423137779998992e-06
1.202878543698635622e+05 2.776591051990427218e-06
1.218107362512039399e+05 2.720898888851883754e-06
1.233528984056064510e+05 2.666323780473801501e-06
1.249145849287785531e+05 2.612843324971845188e-06
1.264960430067714915e+05 2.560435575965634566e-06
1.280975229551111697e+05 2.509079001105749305e-06
1.297192782584116503e+05 2.458752520820052618e-06
1.313615656105001108e+05 2.409435476873301671e-06
1.330246449550499674e+05 2.361107627046127686e-06
1.347087795267181355e+05 2.313749119849228837e-06
1.364142358928163594e+05 2.267340516067858660e-06
1.381412839955014060e+05 2.221862767702000575e-06
1.398901971945005062e+05 2.177297201363390481e-06
1.416612523103822023e+05 2.133625516864935427e-06
1.434547296683705063e+05 2.090829787897758479e-06
1.452709131427126704e+05 2.048892451952808538e-06
1.471100902016178879e+05 2.007796278910611575e-06
1.489725519527502183e+05 1.967524401093524410e-06
1.508585931893093803e+05 1.928060287091728854e-06
1.527685124366943783e+05 1.889387738724696250e-06
1.547026119997469650e+05 1.851490870821689189e-06
1.566611980106074479e+05 1.814354128136755147e-06
1.586445804771672701e+05 1.777962266399665596e-06
1.606530733321357984e+05 1.742300345316372005e-06
1.626869944827336003e+05 1.707353720075457288e-06
1.647466658610094455e+05 1.673108045712036416e-06
1.668324134747937205e+05 1.639549267354109987e-06
1.689445674593066215e+05 1.606663598874289294e-06
1.710834621294036624e+05 1.574437542080055346e-06
1.732494360324955778e+05 1.542857867973681345e-06
1.754428320021383406e+05 1.511911614743216641e-06
1.776639972122883482e+05 1.481586070913542403e-06
1.799132832322611066e+05 1.451868789122047698e-06
1.821910460823758040e+05 1.422747569331080642e-06
1.844976462903039355e+05 1.394210458017371755e-06
1.868334489481390337e+05 1.366245735630442528e-06
1.891988237701815669e+05 1.338841923001168830e-06
1.915941451514547516e+05 1.311987772251152047e-06
1.940197922269730188e+05 1.285672253179755073e-06
1.964761489317418309e+05 1.259884563802963529e-06
1.989636040615322709e+05 1.234614117829451370e-06
2.014825513344246428e+05 1.209850543194779999e-06
2.040333894531168917e+05 1.185583668073148677e-06
2.066165221680403338e+05 1.161803531987519328e-06
2.092323583412627922e+05 1.138500371269833522e-06
2.118813120112013712e+05 1.115664622053514652e-06
2.145638024581618665e+05 1.093286905759345569e-06
2.172802542707010580e+05 1.071358036443638008e-06
2.200310974128271919e+05 1.049869012673731204e-06
2.228167672920653422e+05 1.028811009233640506e-06
2.256377048283617187e+05 1.008175381797316870e-06
2.284943565238829760e+05 9.879536588588062127e-07
2.313871745336860185e+05 9.681375406734169306e-07
2.343166167372824857e+05 9.487188876835379335e-07
2.372831468111183203e+05 9.296897293939566964e-07
2.402872343019625405e+05 9.110422522564321313e-07
2.433293547012247727e+05 8.927688038732122660e-07
2.464099895202226471e+05 8.748618792547840962e-07
2.495296263663931168e+05 8.573141275183339048e-07
2.526887590204673470e+05 8.401183450568299418e-07
2.558878875146389764e+05 8.232674708738971997e-07
2.591275182116948999e+05 8.067545872988247113e-07
2.624081638851747848e+05 7.905729151022454568e-07
2.657303438005296048e+05 7.747158128458272420e-07
2.690945837973082089e+05 7.591767672197177767e-07
2.725014163723944803e+05 7.439494000994872310e-07
2.759513807642888278e+05 7.290274588423285272e-07
2.794450230384561000e+05 7.144048200175150590e-07
2.829828961737641366e+05 7.000754781531423531e-07
2.865655601500070188e+05 6.860335508053160678e-07
2.901935820365347899e+05 6.722732731518925273e-07
2.938675360820226488e+05 6.587889957832225066e-07
2.975880038053478929e+05 6.455751827401454168e-07
3.013555740876459167e+05 6.326264089715082116e-07
3.051708432655152865e+05 6.199373600533401893e-07
3.090344152254022774e+05 6.075028240169092994e-07
3.129469014991925796e+05 5.953176969495903927e-07
3.169089213610024890e+05 5.833769753224461849e-07
3.209211019251932157e+05 5.716757591689257022e-07
3.249840782456406741e+05 5.602092429374000485e-07
3.290984934162478312e+05 5.489727192552016979e-07
3.332649986727298237e+05 5.379615747424947083e-07
3.374842534957067692e+05 5.271712893820983018e-07
3.417569257150692865e+05 5.165974329234377102e-07
3.460836916156971711e+05 5.062356640180756894e-07
3.504652360444988590e+05 4.960817300997442786e-07
3.549022525188045693e+05 4.861314605474860733e-07
3.593954433361463016e+05 4.763807710789907712e-07
3.639455196854143287e+05 4.668256577651075241e-07
3.685532017594205099e+05 4.574621996481869908e-07
3.732192188689003233e+05 4.482865513584188501e-07
3.779443095579454093e+05 4.392949458441944369e-07
3.827292217208943912e+05 4.304836912079678928e-07
3.875747127207283629e+05 4.218491710469244533e-07
3.924815495089252363e+05 4.133878399555510172e-07
3.974505087468716083e+05 4.050962238317115554e-07
4.024823769287868636e+05 3.969709197060311698e-07
4.075779505062067765e+05 3.890085904501688760e-07
4.127380360140558914e+05 3.812059675883335657e-07
4.179634501983024529e+05 3.735598471130221394e-07
4.232550201452296460e+05 3.660670914646375715e-07
4.286135834123573732e+05 3.587246235963118434e-07
4.340399881610073498e+05 3.515294289512505723e-07
4.395350932905443478e+05 3.444785530790072267e-07
4.450997685743438196e+05 3.375691025324036140e-07
4.507348947974351468e+05 3.307982400064038261e-07
4.564413638959339587e+05 3.241631854168675546e-07
4.622200790982118342e+05 3.176612155591690256e-07
4.680719550678547239e+05 3.112896604284185322e-07
4.739979180484490353e+05 3.050459042768474908e-07
4.799989060101827490e+05 2.989273832222077914e-07
4.860758687983027194e+05 2.929315865760680066e-07
4.922297682834700099e+05 2.870560520788592998e-07
4.984615785139995278e+05 2.812983673834067801e-07
5.047722858700265060e+05 2.756561681940465570e-07
5.111628892196538509e+05 2.701271394761118682e-07
5.176344000770262792e+05 2.647090105877167764e-07
5.241878427624569158e+05 2.593995568327222569e-07
5.308242545645493083e+05 2.541965989788819178e-07
5.375446859043759760e+05 2.490980007855440974e-07
5.443502005017520860e+05 2.441016688683834560e-07
5.512418755435962230e+05 2.392055515927433768e-07
5.582208018544240622e+05 2.344076398905542191e-07
5.652880840690168552e+05 2.297059634572948278e-07
5.724448408072596649e+05 2.250985918536967621e-07
5.796922048511877656e+05 2.205836330710650623e-07
5.870313233243117575e+05 2.161592348336059914e-07
5.944633578731518937e+05 2.118235799929554816e-07
6.019894848511322634e+05 2.075748882996007894e-07
6.096108955047656782e+05 2.034114158286342707e-07
6.173287961621987633e+05 1.993314534020930537e-07
6.251444084241657984e+05 1.953333256735986704e-07
6.330589693573390832e+05 1.914153909219504263e-07
6.410737316901246086e+05 1.875760414749299985e-07
6.491899640109621687e+05 1.838137006919245165e-07
6.574089509691112908e+05 1.801268237720398814e-07
6.657319934779768810e+05 1.765138967455885309e-07
6.741604089210492093e+05 1.729734374232406520e-07
6.826955313603834948e+05 1.695039916494450959e-07
6.913387117477866122e+05 1.661041348386992541e-07
7.000913181386378128e+05 1.627724714161234224e-07
7.089547359084176132e+05 1.595076338938573721e-07
7.179303679720038781e+05 1.563082814752775314e-07
7.270196350057187956e+05 1.531731004599352474e-07
7.362239756721874001e+05 1.501008043815540699e-07
7.455448468480672454e+05 1.470901315966870932e-07
7.549837238546388689e+05 1.441398459056527218e-07
7.645421006913068704e+05 1.412487358443030011e-07
7.742214902721078834e+05 1.384156153681187386e-07
7.840234246651326539e+05 1.356393207957383895e-07
7.939494553350586211e+05 1.329187121561684585e-07
8.040011533887056867e+05 1.302526726382824415e-07
8.141801098237030674e+05 1.276401081375115024e-07
8.244879357803353341e+05 1.250799455941911422e-07
8.349262627965447027e+05 1.225711337951585574e-07
8.454967430661647813e+05 1.201126433190762395e-07
8.562010497004511999e+05 1.177034645604517449e-07
8.670408769928950351e+05 1.153426082785705248e-07
8.780179406873835251e+05 1.130291050749307278e-07
8.891339782498090062e+05 1.107620058818607858e-07
9.003907491430283990e+05 1.085403794636998915e-07
9.117900351053930353e+05 1.063633136074226076e-07
9.233336404327503406e+05 1.042299145814507628e-07
9.350233922640183009e+05 1.021393070132434933e-07
9.468611408704119967e+05 1.000906321125172440e-07
9.588487599482940277e+05 9.808304871190471673e-08
9.709881469157364918e+05 9.611573306982207343e-08
9.832812232128685573e+05 9.418787727828096185e-08
9.957299346059932141e+05 9.229868971725825678e-08
1.008336251495551900e+06 9.044739468458760781e-08
1.021102169228044688e+06 8.863323274224450765e-08
1.034029708411800675e+06 8.685545866493744652e-08
1.047120915236848290e+06 8.511334249757875718e-08
1.060377861798771424e+06 8.340616902697597789e-08
1.073802646426673047e+06 8.173323788556134680e-08
1.087397394015325699e+06 8.009386176287215175e-08
1.101164256361489883e+06 7.848736757143775589e-08
1.115105412504493492e+06 7.691309612001421835e-08
1.129223069071155973e+06 7.537040097486234319e-08
1.143519460625045700e+06 7.385864861908689846e-08
1.157996850020150421e+06 7.237721834290994328e-08
1.172657528759095818e+06 7.092550245020921086e-08
1.187503817355785519e+06 6.950290456793709286e-08
1.202538065702741966e+06 6.810884058782735909e-08
1.217762653443037765e+06 6.674273815565283243e-08
1.233179990346929058e+06 6.540403691921232329e-08
1.248792516693311278e+06 6.409218681224612684e-08
1.264602703655952355e+06 6.280664924172479189e-08
1.280613053694621660e+06 6.154689669532840185e-08
1.296826100951208267e+06 6.031241193726278752e-08
1.313244411650820170e+06 5.910268798023054520e-08
1.329870584507944295e+06 5.791722813677955692e-08
1.346707251137834275e+06 5.675554613445179263e-08
1.363757076472971821e+06 5.561716471769703841e-08
1.381022759184936294e+06 5.450161648724194916e-08
1.398507032111531589e+06 5.340844341156644327e-08
1.416212662689327030e+06 5.233719715631754218e-08
1.434142453391725896e+06 5.128743750645759400e-08
1.452299242172527360e+06 5.025873348407355019e-08
1.470685902915104060e+06 4.925066295096799953e-08
1.489305345887321513e+06 4.826281204507608226e-08
1.508160518202160252e+06 4.729477503984178822e-08
1.527254404284166172e+06 4.634615448862726069e-08
1.546590026341895340e+06 4.541656128181746809e-08
1.566170444846189115e+06 4.450561348699748426e-08
1.585998759014657000e+06 4.361293709679652765e-08
1.606078107302201912e+06 4.273816558800092643e-08
1.626411667897756910e+06 4.188094021240727284e-08
1.647002659227377269e+06 4.104090868610111483e-08
1.667854340463634348e+06 4.021772614376420409e-08
1.688970012041463749e+06 3.941105477279838287e-08
1.710353016180603066e+06 3.862485017387122263e-08
1.732006737414583098e+06 3.785954582693481426e-08
1.753934603126408765e+06 3.711555991507671989e-08
1.776140084091128316e+06 3.639338610167318061e-08
1.798626695025093155e+06 3.569358603376440310e-08
1.821397995142348809e+06 3.501678010819732633e-08
1.844457588717969367e+06 3.436363376068365047e-08
1.867809125658519566e+06 3.373484114097018093e-08
1.891456302079814021e+06 3.313110647305806889e-08
1.915402860891921911e+06 3.255312377995039611e-08
1.939652592391577549e+06 3.200155419420495573e-08
1.964209334862160496e+06 3.147700260471538814e-08
1.989076975181199377e+06 3.097999521162482767e-08
2.014259449435562594e+06 3.051095739128524596e-08
2.039760743544557830e+06 3.007019311572670616e-08
2.065584893890710780e+06 2.965786672748075525e-08
2.091735987958746031e+06 2.927398912779845280e-08
2.118218164982521906e+06 2.891840640969122667e-08
2.145035616600172129e+06 2.859079296050928375e-08
2.172192587517616805e+06 2.829064917225684105e-08
