9.877197833357874046e+00 1.668404897542488695e-04
9.977357778669496469e+00 2.095995464396387738e-04
1.007878173271743982e+01 2.631453417842162740e-04
1.018148564716858928e+01 3.291183213443819736e-04
1.028548567499834654e+01 4.185784176374666185e-04
1.039079817303109898e+01 5.321831869673005659e-04
1.049743970451270059e+01 6.721194346152048211e-04
1.060542704171560580e+01 8.543388547067787189e-04
1.071477716857671503e+01 1.089423897950590574e-03
1.082550728336849843e+01 1.377673730415531709e-03
1.093763480140400013e+01 1.734913868804690770e-03
1.105117735777580101e+01 2.199801990718421724e-03
1.116615281012964189e+01 2.763091107338386948e-03
1.128257924147296087e+01 3.437697622932277784e-03
1.140047496301903962e+01 4.291036944037119119e-03
1.151985851706687924e+01 5.320941761596120409e-03
1.164074867991743467e+01 6.538619353399215128e-03
1.176316446482680256e+01 7.983364222491269938e-03
1.188712512499651730e+01 9.747637345314631024e-03
1.201265015660157331e+01 1.177904112477987791e-02
1.213975930185685748e+01 1.410420783486913618e-02
1.226847255212207699e+01 1.682702626959600017e-02
1.239881015104588968e+01 1.996117597193722282e-02
1.253079259774988863e+01 2.348014752429808394e-02
1.266444065005255304e+01 2.739746013273776371e-02
1.279977532773403048e+01 3.184698583825300994e-02
1.293681791584198137e+01 3.673276709600994949e-02
1.307558996803935436e+01 4.196926504964515470e-02
1.321611330999421341e+01 4.751650417206525201e-02
1.335841004281237332e+01 5.347865670888990453e-02
1.350250254651350090e+01 5.987301634473760070e-02
1.364841348355092876e+01 6.671299708648553706e-02
1.379616580237587797e+01 7.401020568072719241e-02
1.394578274104685001e+01 8.183583357196105856e-02
1.409728783088435300e+01 9.011945082177455491e-02
1.425070490017188618e+01 9.882981915693814234e-02
1.440605807790349324e+01 1.079574948476181018e-01
1.456337179757884037e+01 1.175245535813680409e-01
1.472267080104597348e+01 1.275540546103020312e-01
1.488398014239256639e+01 1.380281118068176216e-01
1.504732519188652518e+01 1.489364835865778502e-01
1.521273163996604971e+01 1.603007676598640352e-01
1.538022550128008703e+01 1.721451830681750839e-01
1.554983311877999341e+01 1.843656016704561251e-01
1.572158116786257409e+01 1.969184063142766783e-01
1.589549666056557697e+01 2.097864406191503883e-01
1.607160694981592997e+01 2.229891170797156374e-01
1.624993973373192802e+01 2.365278323691933915e-01
1.643052305997941076e+01 2.503670834645623788e-01
1.661338533018293973e+01 2.644476376751376812e-01
1.679855530439287747e+01 2.787369762086973068e-01
1.698606210560864582e+01 2.931698869492727066e-01
1.717593522435896958e+01 3.077291464761287010e-01
1.736820452334026044e+01 3.224827017025123643e-01
1.756290024211325473e+01 3.373963925304664935e-01
1.776005300185887137e+01 3.523887536074027382e-01
1.795969381019448008e+01 3.673706157410001061e-01
1.816185406605050545e+01 3.823101222398509469e-01
1.836656556460881973e+01 3.973011762861906604e-01
1.857386050230334362e+01 4.123922511583764106e-01
1.878377148188389612e+01 4.275098211565993567e-01
1.899633151754385096e+01 4.426598307172478486e-01
1.921157404011236736e+01 4.578612681557700514e-01
1.942953290231251273e+01 4.729574019735293122e-01
1.965024238408541990e+01 4.878216903418495787e-01
1.987373719798160465e+01 5.024314449685614026e-01
2.010005249462072285e+01 5.168698770312697421e-01
2.032922386821981675e+01 5.311783609525024819e-01
2.056128736219132591e+01 5.453698846205590200e-01
2.079627947481219152e+01 5.594637774901365379e-01
2.103423716496399720e+01 5.733956298971562004e-01
2.127519785794584806e+01 5.871024314285064882e-01
2.151919945136034329e+01 6.006260479607145042e-01
2.176628032107425881e+01 6.139715965704424239e-01
2.201647932725405710e+01 6.271059485368086772e-01
2.226983582047758858e+01 6.399920989799618987e-01
2.252638964792328480e+01 6.526153356639268210e-01
2.278618115963703161e+01 6.650300741981851615e-01
2.304925121487841722e+01 6.772945970193684495e-01
2.331564118854673495e+01 6.893918102360515610e-01
2.358539297768863463e+01 7.012425022567749799e-01
2.385854900808740808e+01 7.128759927384147321e-01
2.413515224093541534e+01 7.242965853359026873e-01
2.441524617959125010e+01 7.355198332684985685e-01
2.469887487642163748e+01 7.465172724055439968e-01
2.498608293972972305e+01 7.572313855386636483e-01
2.527691554077123470e+01 7.676607854761381411e-01
2.557141842085871986e+01 7.778480840339532243e-01
2.586963789855553131e+01 7.878406838535143564e-01
2.617162087696085848e+01 7.976024377453593273e-01
2.647741485108640447e+01 8.071531831482018360e-01
2.678706791532635023e+01 8.164814608203754265e-01
2.710062877102126677e+01 8.255627448566427162e-01
2.741814673411803582e+01 8.344014856658141799e-01
2.773967174292599935e+01 8.429999947299362528e-01
2.806525436597092593e+01 8.513840248820137013e-01
2.839494580994859518e+01 8.595512592124691098e-01
2.872879792777828811e+01 8.674611556917835031e-01
2.906686322675794543e+01 8.750680115502622591e-01
2.940919487682257838e+01 8.823595866577670366e-01
2.975584671890662847e+01 8.894127906635099778e-01
3.010687327341175390e+01 8.963148065178343504e-01
3.046232974878184407e+01 9.029821608244333886e-01
3.082227205018594063e+01 9.093124964543451982e-01
3.118675678831095155e+01 9.153455516555417670e-01
3.155584128826492218e+01 9.211492635557855246e-01
3.192958359859335715e+01 9.267240633055433552e-01
3.230804250040873171e+01 9.320237363192017677e-01
3.269127751663523185e+01 9.370179096668767027e-01
3.307934892137078009e+01 9.416873178788318643e-01
3.347231774936638260e+01 9.460417699905884215e-01
3.387024580562579246e+01 9.500907846777786325e-01
3.427319567512562060e+01 9.538394913926933061e-01
3.468123073265911671e+01 9.572503942680414823e-01
3.509441515280288115e+01 9.602948061602688545e-01
3.551281392001065740e+01 9.629611730062738184e-01
3.593649283883360823e+01 9.652547805922386814e-01
3.636551854426992492e+01 9.671820668793037479e-01
3.679995851224479964e+01 9.687188049437885917e-01
3.723988107022322680e+01 9.698215658014023299e-01
3.768535540795613770e+01 9.704597225204666389e-01
3.816177710089023378e+01 9.705914097512261529e-01
3.863481162785311085e+01 9.701752790304738472e-01
3.911383495470866478e+01 9.692102892597260766e-01
3.959892290197778664e+01 9.676614078442365985e-01
4.009015225009813577e+01 9.654917059932640599e-01
4.058760075157769620e+01 9.626888107473909884e-01
4.109134714330090787e+01 9.592631330915557530e-01
4.160147115899196990e+01 9.552236474673432287e-01
4.211805354183444905e+01 9.505546456753588558e-01
4.264117605725219562e+01 9.452318660500308445e-01
4.317092150585062882e+01 9.392379939232434749e-01
4.370737373652284674e+01 9.325613458481343265e-01
4.425061765972159833e+01 9.252087805757115424e-01
4.480073926089840342e+01 9.172066235394173983e-01
4.535782561411419778e+01 9.085867815309273121e-01
4.592196489582081398e+01 8.993703261689907080e-01
4.649324639881838550e+01 8.895743527844770515e-01
4.707176054638803464e+01 8.792202264520110333e-01
4.765759890660494591e+01 8.683389183782770360e-01
4.825085420683112858e+01 8.569615017689615755e-01
4.885162034839321876e+01 8.451224878495173787e-01
4.945999242144462471e+01 8.328597913329934821e-01
5.007606672001686121e+01 8.202164763819741466e-01
5.069994075726135918e+01 8.072370869989349274e-01
5.133171328088334917e+01 7.939659381652741654e-01
5.197148428877257231e+01 7.804456090879186014e-01
5.261935504483025028e+01 7.667170969428922511e-01
5.327542809499819043e+01 7.528234583379290745e-01
5.393980728348898879e+01 7.388053665916497481e-01
5.461259776922352671e+01 7.247053806673221521e-01
5.529390604247483765e+01 7.105655789286244861e-01
5.598383994172439770e+01 6.964242322197485846e-01
5.668250867073017929e+01 6.823173419155764696e-01
5.739002281581196030e+01 6.682774017371116981e-01
5.810649436335535967e+01 6.543340829404820091e-01
5.883203671753646802e+01 6.405124186294605115e-01
5.956676471827251618e+01 6.268359968183289110e-01
6.031079465939804862e+01 6.133270298444427615e-01
6.106424430707286177e+01 6.000055611342249851e-01
6.182723291842143709e+01 5.868890092282263993e-01
6.259988126041004364e+01 5.739912053445306306e-01
6.338231162896084214e+01 5.613237396493652165e-01
6.417464786831014578e+01 5.488979253475387843e-01
6.497701539060979314e+01 5.367217250882958535e-01
6.578954119577792881e+01 5.248013778811264629e-01
6.661235389160096076e+01 5.131393337455281145e-01
6.744558371408955111e+01 5.017365109761598996e-01
6.828936254809244133e+01 4.905943796059921147e-01
6.914382394817135946e+01 4.797126699163553054e-01
7.000910315974086018e+01 4.690909680302032259e-01
7.088533714047419210e+01 4.587271740031106382e-01
7.177266458198216981e+01 4.486182580512132478e-01
7.267122593176442535e+01 4.387613514883691446e-01
7.358116341544085515e+01 4.291528756182545479e-01
7.450262105926213962e+01 4.197883836513451872e-01
7.543574471290699535e+01 4.106637783525771690e-01
7.638068207256769426e+01 4.017741918436086301e-01
7.733758270432738868e+01 3.931142276609939090e-01
7.830659806783333465e+01 3.846781743749532190e-01
7.928788154027040491e+01 3.764590899430829141e-01
8.028158844063845834e+01 3.684504379793528406e-01
8.128787605433518593e+01 3.606456436361586415e-01
8.230690365805283193e+01 3.530392543390827864e-01
8.333883254498756799e+01 3.456255859811123710e-01
8.438382605037028839e+01 3.383991703374209514e-01
8.544204957731854222e+01 3.313546403684617947e-01
8.651367062301731892e+01 3.244864081795572064e-01
8.759885880523100354e+01 3.177893613242675497e-01
8.869778588915040984e+01 3.112578251815539820e-01
8.981062581457965166e+01 3.048867133092589277e-01
9.093755472346808233e+01 2.986706668635903950e-01
9.207875098779061318e+01 2.926045924060760028e-01
9.323439523777963700e+01 2.866835626866113262e-01
9.440467039051675613e+01 2.809041700088537041e-01
9.558976167888384623e+01 2.752601603358044713e-01
9.678985668088330385e+01 2.697465148184758910e-01
9.800514534932696620e+01 2.643593339190539182e-01
9.923582004190274120e+01 2.590943399763848687e-01
1.004820755516214916e+02 2.539470261337894441e-01
1.017441091376488913e+02 2.489135011822768417e-01
1.030221205565275255e+02 2.439904161620204404e-01
1.043163120937949060e+02 2.391743364667503202e-01
1.056268885960023312e+02 2.344621875390051624e-01
1.069540575031366387e+02 2.298505393573805899e-01
1.082980288814559913e+02 2.253368169707066770e-01
1.096590154567376771e+02 2.209180932175452416e-01
1.110372326479503755e+02 2.165912710503013761e-01
1.124328986013494927e+02 2.123538291284149948e-01
1.138462342250062989e+02 2.082031616176188704e-01
1.152774632237740917e+02 2.041363679946152365e-01
1.167268121346960754e+02 2.001510255167316954e-01
1.181945103628613936e+02 1.962449537322162874e-01
1.196807902177163214e+02 1.924156603809513144e-01
1.211858869498352647e+02 1.886608077968836006e-01
1.227100387881547476e+02 1.849788598521102112e-01
1.242534869776826838e+02 1.813678354988704500e-01
1.258164758176809812e+02 1.778260049221391803e-01
1.273992527003357225e+02 1.743519071192580761e-01
1.290020681499127591e+02 1.709438860698723195e-01
1.306251758624120498e+02 1.676003876570998363e-01
1.322688327457233584e+02 1.643203735806917642e-01
1.339332989602897044e+02 1.611024611660582528e-01
1.356188379602853331e+02 1.579453525524905089e-01
1.373257165353159337e+02 1.548476782332006141e-01
1.390542048526477856e+02 1.518080350170854520e-01
1.408045764999677942e+02 1.488254057383219808e-01
1.425771085286900188e+02 1.458983183008482065e-01
1.443720814978052260e+02 1.430256752757808059e-01
1.461897795182906350e+02 1.402063285369023471e-01
1.480304902980768418e+02 1.374390892516947071e-01
1.498945051875896013e+02 1.347231715788295703e-01
1.517821192258620044e+02 1.320577564650974034e-01
1.536936311872368321e+02 1.294420033675950377e-01
1.556293436286543965e+02 1.268751146949685937e-01
1.575895629375428371e+02 1.243563071660296754e-01
1.595745993803145097e+02 1.218846938879799557e-01
1.615847671514730450e+02 1.194596289886631219e-01
1.636203844233473603e+02 1.170800357007878989e-01
1.656817733964495005e+02 1.147452006681355663e-01
1.677692603504759461e+02 1.124542757856276248e-01
1.698831756959488644e+02 1.102063622672398990e-01
1.720238540265165739e+02 1.080006604476461823e-01
1.741916341719110335e+02 1.058363058228396630e-01
1.763868592515807450e+02 1.037125479600095324e-01
1.786098767289980458e+02 1.016288775081602702e-01
1.808610384666572486e+02 9.958462283485812472e-02
1.831407007817681745e+02 9.757911772747851487e-02
1.854492245026544595e+02 9.561199565621174290e-02
1.877869750258650754e+02 9.368256808084936271e-02
1.901543223740102633e+02 9.179022614338706865e-02
1.925516412543307183e+02 8.993439264667726918e-02
1.949793111180040626e+02 8.811441993116453375e-02
1.974377162202080171e+02 8.632968435526666706e-02
1.999272456809377445e+02 8.457946702541713213e-02
2.024482935465995297e+02 8.286333374362882254e-02
2.050012588523781289e+02 8.118038622659806691e-02
2.075865456853979083e+02 7.953033581905608052e-02
2.102045632486833711e+02 7.791259683384151036e-02
2.128557259259272598e+02 7.632667260493671002e-02
2.155404533470791648e+02 7.477206156328670972e-02
2.182591704547660640e+02 7.324837513985146820e-02
2.210123075715539755e+02 7.175494682233769794e-02
2.238003004680573724e+02 7.029128413115814933e-02
2.266235904319164263e+02 6.885687080697164286e-02
2.294826243376419654e+02 6.745119295929674630e-02
2.323778547173504592e+02 6.607393126163035868e-02
2.353097398323882601e+02 6.472441542608688148e-02
2.382787437458679278e+02 6.340216411853184797e-02
2.412853363961208402e+02 6.210665491285253387e-02
2.443299936710793929e+02 6.083734149706762628e-02
2.474131974836000154e+02 5.959381081892398818e-02
2.505354358477424057e+02 5.837555750452880915e-02
2.536972029560139390e+02 5.718219166614503524e-02
2.568989992575882297e+02 5.601319071929661275e-02
2.601413315375210686e+02 5.486808882008977623e-02
2.634247129969605226e+02 5.374658419301210632e-02
2.667496633343816939e+02 5.264831131929394170e-02
2.701167088278414212e+02 5.157270988433494685e-02
2.735263824182804342e+02 5.051960703790234208e-02
2.769792237938786457e+02 4.948841321386165948e-02
2.804757794754766564e+02 4.847863325822333175e-02
2.840166029030793311e+02 4.749003726975559170e-02
2.876022545234555423e+02 4.652191886686226491e-02
2.912333018788488062e+02 4.557409012381916785e-02
2.949103196968040379e+02 4.464606939255459650e-02
2.986338899811416354e+02 4.373745862979657589e-02
3.024046021040728078e+02 4.284798714394430497e-02
3.062230528994910514e+02 4.197731098690464513e-02
3.100898467574356232e+02 4.112502209659424368e-02
3.140055957197574799e+02 4.029082406881561579e-02
3.179709195769949588e+02 3.947429579131379179e-02
3.219864459664741503e+02 3.867506405434781996e-02
3.260528104716509574e+02 3.789286956448998517e-02
3.301706567227133746e+02 3.712722273108305659e-02
3.343406364984583092e+02 3.637783647739514792e-02
3.385634098294514160e+02 3.564422610931117924e-02
3.428396451025029705e+02 3.492616402279148657e-02
3.471700191664557451e+02 3.422309782800225103e-02
3.515552174393234282e+02 3.353478216523911315e-02
3.559959340167743562e+02 3.286084487513425689e-02
3.604928717819960866e+02 3.220101286866854096e-02
3.650467425169506441e+02 3.155488655557311950e-02
3.696582670150344825e+02 3.092213149730727029e-02
3.743281751951656702e+02 3.030254851501876234e-02
3.790572062173177414e+02 2.969575410614580177e-02
3.838461085995172084e+02 2.910147146184110384e-02
3.886956403363153072e+02 2.851922248075144245e-02
3.936065690187701307e+02 2.794885657060611553e-02
3.985796719559357939e+02 2.739005443525178649e-02
4.036157362979030268e+02 2.684260777006413148e-02
4.087155591603840890e+02 2.630617242017567123e-02
4.138799477508841846e+02 2.578059270640665687e-02
4.191097194964694381e+02 2.526552031194871650e-02
4.244057021731480290e+02 2.476072634921052187e-02
4.297687340368909190e+02 2.426604315176045940e-02
4.351996639563133158e+02 2.378125408275169606e-02
4.406993515470377361e+02 2.330612387521916948e-02
4.462686673077491832e+02 2.284041206531777987e-02
4.519084927579860391e+02 2.238400281870567970e-02
4.576197205776610417e+02 2.193661170961951068e-02
4.634032547483630537e+02 2.149811068721084115e-02
4.692600106964343354e+02 2.106838683156897832e-02
4.751909154378685116e+02 2.064716397779557330e-02
4.811969077250419105e+02 2.023445387008269980e-02
4.872789381952983945e+02 1.982988820968606056e-02
4.934379695214158801e+02 1.943339219457761516e-02
4.996749765639821703e+02 1.904480892046274756e-02
5.059909465256994849e+02 1.866395034539924599e-02
5.123868791076336038e+02 1.829067762715332404e-02
5.188637866674559973e+02 1.792484768716499921e-02
5.254226943796738851e+02 1.756630647700769751e-02
5.320646403979033039e+02 1.721495008890151085e-02
5.387906760191840476e+02 1.687059054808095690e-02
5.456018658503815004e+02 1.653305345256984860e-02
5.524992879766981559e+02 1.620227447444243241e-02
5.594840341323117627e+02 1.587808612544808901e-02
5.665572098731743154e+02 1.556037893795924817e-02
5.737199347520029278e+02 1.524897512338643790e-02
5.809733424954891916e+02 1.494380843856742483e-02
5.883185811837364554e+02 1.464468713910569569e-02
5.957568134319921000e+02 1.435152379628627274e-02
6.032892165746563933e+02 1.406418293155341226e-02
6.109169828516422740e+02 1.378255182672669631e-02
6.186413195970778816e+02 1.350653258980793678e-02
6.264634494304071950e+02 1.323597121939671523e-02
6.343846104499119747e+02 1.297079614803850305e-02
6.424060564286760382e+02 1.271088070774239499e-02
6.505290570130327978e+02 1.245616753243476357e-02
6.587548979235288016e+02 1.220650990785649218e-02
6.670848811584329496e+02 1.196182282821420424e-02
6.755203251998105998e+02 1.172198354165191955e-02
6.840625652222245208e+02 1.148694710840087417e-02
6.927129533040580327e+02 1.125657078564294179e-02
7.014728586415337759e+02 1.103080284846282705e-02
7.103436677654283358e+02 1.080954450264985482e-02
7.193267847605252427e+02 1.059270593699899315e-02
7.284236314878731946e+02 1.038021286863504734e-02
7.376356478098275602e+02 1.017196960282108938e-02
7.469642918179611115e+02 9.967912336772136866e-03
7.564110400638397778e+02 9.767944201581106600e-03
7.659773877927522108e+02 9.571992464015285917e-03
7.756648491803705383e+02 9.379981016580029793e-03
7.854749575724054012e+02 9.191819081384101225e-03
7.954092657273276927e+02 9.007440605689035623e-03
8.054693460621293752e+02 8.826741486849882384e-03
8.156567909012001110e+02 8.649697261832052161e-03
8.259732127283807586e+02 8.476210830807877003e-03
8.364202444421780456e+02 8.306207629371847520e-03
8.469995396142243180e+02 8.139624026670172832e-03
8.577127727510113573e+02 7.976390789796740030e-03
8.685616395589195236e+02 7.816435656989782071e-03
8.795478572126377230e+02 7.659690559696966973e-03
8.906731646269506655e+02 7.506090980967807837e-03
9.019393227319648076e+02 7.355586674312155487e-03
9.133481147518518810e+02 7.208103830608693363e-03
9.249013464870934058e+02 7.063574822121707932e-03
9.366008466002892874e+02 6.921942403211768166e-03
9.484484669056261055e+02 6.783153474417570432e-03
9.604460826619713316e+02 6.647148480377284251e-03
9.725955928696926094e+02 6.513868342895418571e-03
9.848989205712407511e+02 6.383264694456705288e-03
9.973580131555149819e+02 6.255271351959267902e-03
1.009974842666122299e+03 6.129837335863670168e-03
1.022751406113504800e+03 6.006921462889036264e-03
1.035689725791013871e+03 5.886468981129126463e-03
1.048791849595031408e+03 5.768431652037344336e-03
1.062059851349096334e+03 5.652761328109334911e-03
1.075495831132144303e+03 5.539408794743733502e-03
1.089101915610932792e+03 5.428327550795950668e-03
1.102880258376638494e+03 5.319472874038634440e-03
1.116833040285735706e+03 5.212800653549109001e-03
1.130962469805186856e+03 5.108266895284004246e-03
1.145270783361987242e+03 5.005829230370471665e-03
1.159760245697175606e+03 4.905446212199723877e-03
1.174433150224287601e+03 4.807077150648721674e-03
1.189291819392344905e+03 4.710681402692086690e-03
1.204338605053486845e+03 4.616219042682497692e-03
1.219575888835209753e+03 4.523650795521077551e-03
1.235006082517318873e+03 4.432938086910611503e-03
1.250631628413698536e+03 4.344043717650574940e-03
1.266454999758866279e+03 4.256931266846776703e-03
1.282478701099443470e+03 4.171565053185439902e-03
1.298705268690585626e+03 4.087910085711078147e-03
1.315137270897402004e+03 4.005932070947041887e-03
1.331777308601512686e+03 3.925597416231691762e-03
1.348628015612703848e+03 3.846873223774562034e-03
1.365692059085795790e+03 3.769727196173133787e-03
1.382972139942834701e+03 3.694127719477668156e-03
1.400470993300578812e+03 3.620043812132188628e-03
1.418191388903426741e+03 3.547445122956886625e-03
1.436136131561794855e+03 3.476301871109218830e-03
1.454308061596098923e+03 3.406584898872446789e-03
1.472710055286305305e+03 3.338265638314969874e-03
1.491345025327199437e+03 3.271316078512494056e-03
1.510215921289392099e+03 3.205708764205851199e-03
1.529325730086215117e+03 3.141416802812961248e-03
1.548677476446478067e+03 3.078413855139214977e-03
1.568274223393205375e+03 3.016674067098449631e-03
1.588119072728497486e+03 2.956172129792911628e-03
1.608215165524461099e+03 2.896883241191520152e-03
1.628565682620395364e+03 2.838783102520114031e-03
1.649173845126234710e+03 2.781847873656915961e-03
1.670042914932429767e+03 2.726054213389368132e-03
1.691176195226219306e+03 2.671379250575697546e-03
1.712577031014472141e+03 2.617800563657630974e-03
1.734248809653120588e+03 2.565296173585499603e-03
1.756194961383349892e+03 2.513844552951164345e-03
1.778418959874524035e+03 2.463424614405100663e-03
1.800924322773983249e+03 2.414015664713311995e-03
1.823714612263862819e+03 2.365597443068472635e-03
1.846793435624894755e+03 2.318150095633012518e-03
1.870164445807377433e+03 2.271654170471083117e-03
1.893831342009378432e+03 2.226090584333325229e-03
1.917797870262222432e+03 2.181440653457957651e-03
1.942067824023457661e+03 2.137686068531298444e-03
1.966645044777272915e+03 2.094808883268237717e-03
1.991533422642507048e+03 2.052791503634053289e-03
2.016736896988429635e+03 2.011616698006439465e-03
2.042259457058249609e+03 1.971267584773495323e-03
2.068105142600509225e+03 1.931727602342394982e-03
2.094278044508553648e+03 1.892980532097776917e-03
2.120782305468011600e+03 1.855010482032867000e-03
2.147622120612512390e+03 1.817801881222689837e-03
2.174801738187705269e+03 1.781339454981288812e-03
2.202325460223646132e+03 1.745608248466079364e-03
2.230197643215777589e+03 1.710593605050461609e-03
2.258422698814461455e+03 1.676281161519385058e-03
2.287005094523230127e+03 1.642656834600720716e-03
2.315949354405961913e+03 1.609706831906432658e-03
2.345260059802933483e+03 1.577417639513741671e-03
2.374941850055930445e+03 1.545776003210080213e-03
2.404999423242630201e+03 1.514768940813990186e-03
2.435437536920176626e+03 1.484383732135944895e-03
2.466261008878222583e+03 1.454607913611788775e-03
2.497474717901513031e+03 1.425429259597795276e-03
2.529083604542063767e+03 1.396835800490685373e-03
2.561092671901216818e+03 1.368815804904791478e-03
2.593506986421508373e+03 1.341357776758567025e-03
2.626331678688567081e+03 1.314450443991659837e-03
2.659571944243250982e+03 1.288082767473157798e-03
2.693233044403964414e+03 1.262243929691584266e-03
2.727320307099415913e+03 1.236923323784212998e-03
2.761839127711969468e+03 1.212110558654072188e-03
2.796794969931617288e+03 1.187795453263088040e-03
2.832193366620765119e+03 1.163968031779016518e-03
2.868039920690015606e+03 1.140618509363473636e-03
2.904340305984947918e+03 1.117737306157911463e-03
2.941100268184247398e+03 1.095315032557407208e-03
2.978325625709118412e+03 1.073342487663807472e-03
3.016022270644192304e+03 1.051810649852955330e-03
3.054196169670194649e+03 1.030710683945698907e-03
3.092853365008342735e+03 1.010033931211250279e-03
3.131999975376672865e+03 9.897719036792039168e-04
3.171642196958589921e+03 9.699162845268957797e-04
3.211786304383558672e+03 9.504589252727819494e-04
3.252438651720285179e+03 9.313918416098042547e-04
3.293605673482451039e+03 9.127072024825955924e-04
3.335293885647122806e+03 8.943973409529698592e-04
3.377509886686203572e+03 8.764547420044786199e-04
3.420260358610793901e+03 8.588720419598286230e-04
3.463552068028796839e+03 8.416420206127327424e-04
3.507391867216025730e+03 8.247576069317073301e-04
3.551786695200762097e+03 8.082118704320460792e-04
3.596743578862010509e+03 7.919980189767799206e-04
3.642269634041833797e+03 7.761093961950014811e-04
3.688372066671588982e+03 7.605394805596616889e-04
3.735058173912497296e+03 7.452818819501136165e-04
3.782335345310689718e+03 7.303303332375088311e-04
3.830211063966754864e+03 7.156786985980348632e-04
3.878692907720271705e+03 7.013209634650748254e-04
3.927788550349199795e+03 6.872512347652736785e-04
3.977505762784435774e+03 6.734637341987387109e-04
4.027852414339928600e+03 6.599528027684940399e-04
4.078836473958167517e+03 6.467128934812835586e-04
4.130466011471492493e+03 6.337385713683026155e-04
4.182749198879483629e+03 6.210245091691497365e-04
4.235694311642380853e+03 6.085654875835566852e-04
4.289309729990945016e+03 5.963563922897008665e-04
4.343603940252915891e+03 5.843922085066208076e-04
4.398585536196171233e+03 5.726680255294123783e-04
4.454263220389053458e+03 5.611790297433839458e-04
4.510645805577799365e+03 5.499205051508505859e-04
4.567742216081349397e+03 5.388878275371164614e-04
4.625561489204031204e+03 5.280764680586014703e-04
4.684112776665941965e+03 5.174819871756510935e-04
4.743405346051425113e+03 5.071000360082243089e-04
4.803448582276089837e+03 4.969263511348759148e-04
4.864251989072170545e+03 4.869567555291301215e-04
4.925825190492842921e+03 4.771871560792696363e-04
4.988177932435517505e+03 4.676135401958606691e-04
5.051320084184378175e+03 4.582319777504479589e-04
5.115261639972625744e+03 4.490386163941016326e-04
5.180012720564309348e+03 4.400296821785886132e-04
5.245583574856197629e+03 4.312014745669828591e-04
5.311984581500123568e+03 4.225503692286270547e-04
5.379226250545650146e+03 4.140728130770056012e-04
5.447319225103577992e+03 4.057653263550434013e-04
5.516274283030659717e+03 3.976244971192445456e-04
5.586102338635460001e+03 3.896469825305850523e-04
5.656814444405908944e+03 3.818295068680850265e-04
5.728421792758719675e+03 3.741688595173589516e-04
5.800935717810864844e+03 3.666618951721440441e-04
5.874367697173685883e+03 3.593055308692565163e-04
5.948729353769517729e+03 3.520967465860980498e-04
6.024032457671306474e+03 3.450325810285497083e-04
6.100288927965752919e+03 3.381101337676876550e-04
6.177510834639791028e+03 3.313265613758283154e-04
6.255710400490990651e+03 3.246790793350089665e-04
6.334900003062315591e+03 3.181649572742781956e-04
6.415092176601200663e+03 3.117815200088778788e-04
6.496299614043493420e+03 3.055261460553350102e-04
6.578535169022537957e+03 2.993962665139055673e-04
6.661811857903559030e+03 2.933893642072703191e-04
6.746142861844079562e+03 2.875029719560160779e-04
6.831541528880172336e+03 2.817346730879322428e-04
6.918021376039114330e+03 2.760820979227168953e-04
7.005596091479063944e+03 2.705429253702385244e-04
7.094279536655536504e+03 2.651148800152898022e-04
7.184085748515371961e+03 2.597957336297626813e-04
7.275028941718626811e+03 2.545833013179653825e-04
7.367123510888462988e+03 2.494754422561214604e-04
7.460384032889490300e+03 2.444700585800231520e-04
7.554825269135129020e+03 2.395650948597238231e-04
7.650462167923866218e+03 2.347585366263601873e-04
7.747309866805546335e+03 2.300484095315999606e-04
7.845383694977232153e+03 2.254327797395487998e-04
7.944699175709445626e+03 2.209097510234792549e-04
8.045272028803407920e+03 2.164774659296908740e-04
8.147118173079114968e+03 2.121341036264903898e-04
8.250253728894858796e+03 2.078778810626052541e-04
8.354695020698991357e+03 2.037070498693801840e-04
8.460458579613678012e+03 1.996198968712670056e-04
8.567561146051457399e+03 1.956147432589407098e-04
8.676019672365000588e+03 1.916899444682401753e-04
8.785851325530216855e+03 1.878438883552462275e-04
8.897073489863654686e+03 1.840749949894561423e-04
9.009703769774039756e+03 1.803817169215551279e-04
9.123759992548604714e+03 1.767625368088221786e-04
9.239260211175027507e+03 1.732159682333963733e-04
9.356222707198799981e+03 1.697405541592049720e-04
9.474665993616717969e+03 1.663348677853864605e-04
9.594608817807384185e+03 1.629975100743421776e-04
9.716070164498441954e+03 1.597271100892152206e-04
9.839069258771485693e+03 1.565223243845753024e-04
9.963625569105155591e+03 1.533818371525342932e-04
1.008975881045638562e+04 1.503043582301924475e-04
1.021748894738125273e+04 1.472886233346818884e-04
1.034683619719477610e+04 1.443333941666720551e-04
1.047782103317091969e+04 1.414374566835858126e-04
1.061046418778330735e+04 1.385996213343409849e-04
1.074478665598667976e+04 1.358187222144540459e-04
1.088080969853992065e+04 1.330936176173518276e-04
1.101855484537144002e+04 1.304231880359658750e-04
1.115804389898682894e+04 1.278063364144072661e-04
1.129929893791980248e+04 1.252419876940503020e-04
1.144234232022692959e+04 1.227290891171808624e-04
1.158719668702625131e+04 1.202666081992100197e-04
1.173388496608123205e+04 1.178535332598648118e-04
1.188243037542972525e+04 1.154888733804052995e-04
1.203285642705875034e+04 1.131716572369475144e-04
1.218518693062628699e+04 1.109009328395580118e-04
1.233944599722983730e+04 1.086757672593971285e-04
1.249565804322252188e+04 1.064952469388715211e-04
1.265384779407809401e+04 1.043584760389139012e-04
1.281404028830431525e+04 1.022645766809518204e-04
1.297626088140611864e+04 1.002126885875999937e-04
1.314053524989897414e+04 9.820196947340901258e-05
1.330688939537280748e+04 9.623159306919652994e-05
1.347534964860789478e+04 9.430074983995560475e-05
1.364594267374234732e+04 9.240864683211223219e-05
1.381869547249241077e+04 9.055450692349512455e-05
1.399363538842664093e+04 8.873756824416949318e-05
1.417079011129375613e+04 8.695708429816502070e-05
1.435018768140523389e+04 8.521232409149739645e-05
1.453185649407387427e+04 8.350257076750608129e-05
1.471582530410806066e+04 8.182712184644889302e-05
1.490212323036316775e+04 8.018528894364091060e-05
1.509077976035059328e+04 7.857639814228917175e-05
1.528182475490482648e+04 7.699978821747772322e-05
1.547528845291024118e+04 7.545481139792623753e-05
1.567120147608720981e+04 7.394083314916463537e-05
1.586959483383869338e+04 7.245723172947381326e-05
1.607049992815886253e+04 7.100339742094014873e-05
1.627394855860328062e+04 6.957873291298921343e-05
1.647997292732200003e+04 6.818265329631466114e-05
1.668860564415687986e+04 6.681458493772027751e-05
1.689987973180296467e+04 6.547396571956338714e-05
1.711382863103535055e+04 6.416024482785045275e-05
1.733048620600232607e+04 6.287288302466694033e-05
1.754988674958521005e+04 6.161135118038265615e-05
1.777206498882662709e+04 6.037513097029707749e-05
1.799705609042699143e+04 5.916371463154773398e-05
1.822489566631052003e+04 5.797660473506605479e-05
1.845561977926234977e+04 5.681331333864931112e-05
1.868926494863646440e+04 5.567336250559310292e-05
1.892586815613570434e+04 5.455628421834738843e-05
1.916546685166580573e+04 5.346161945187410860e-05
1.940809895926267563e+04 5.238891841064160506e-05
1.965380288309522439e+04 5.133774035996604886e-05
1.990261751354403896e+04 5.030765382956259210e-05
2.015458223335666116e+04 4.929823539559791953e-05
2.040973692388175550e+04 4.830907031735183661e-05
2.066812197138122065e+04 4.733975227753962764e-05
2.092977827342242017e+04 4.638988330190234397e-05
2.119474724535191126e+04 4.545907291396940396e-05
2.146307082685063142e+04 4.454693869302892278e-05
2.173479148857176187e+04 4.365310615407449378e-05
2.200995223886364693e+04 4.277720798197464714e-05
2.228859663057684884e+04 4.191888426360798885e-05
2.257076876795784119e+04 4.107778234553705423e-05
2.285651331363001373e+04 4.025355699040069691e-05
2.314587549566251619e+04 3.944586936264595834e-05
2.343890111472962963e+04 3.865438760902014314e-05
2.373563655135987210e+04 3.787878659099803736e-05
2.403612877327686874e+04 3.711874790632184792e-05
2.434042534283409259e+04 3.637395907720817348e-05
2.464857442454275952e+04 3.564411411149043192e-05
2.496062479269513278e+04 3.492891336033516716e-05
2.527662583908515080e+04 3.422806290905928739e-05
2.559662758082585788e+04 3.354127476123511562e-05
2.592068066826625727e+04 3.286826674219563740e-05
2.624883639300847426e+04 3.220876261515581284e-05
2.658114669602580398e+04 3.156249123389341356e-05
2.691766417588463446e+04 3.092918707026361206e-05
2.725844209706956826e+04 3.030858994611017058e-05
2.760353439841381623e+04 2.970044512261320384e-05
2.795299570163737371e+04 2.910450254122505198e-05
2.830688131999222969e+04 2.852051736463895150e-05
2.866524726701763575e+04 2.794824981903116479e-05
2.902815026540552572e+04 2.738746473885830498e-05
2.939564775597940024e+04 2.683793166713222008e-05
2.976779790678564314e+04 2.629942482289678065e-05
3.014465962230072182e+04 2.577172318064457419e-05
3.052629255275415926e+04 2.525460976054312963e-05
3.091275710357080970e+04 2.474787210591544332e-05
3.130411444493153249e+04 2.425130202344160448e-05
3.170042652145495231e+04 2.376469570440812267e-05
3.210175606200287802e+04 2.328785304358917861e-05
3.250816658960861605e+04 2.282057813709629693e-05
3.291972243153175805e+04 2.236267912322277980e-05
3.333648872943943570e+04 2.191396784192479002e-05
3.375853144971790607e+04 2.147425988160457655e-05
3.418591739391317969e+04 2.104337458465565359e-05
3.461871420930481690e+04 2.062113510285194519e-05
3.505699039961265225e+04 2.020736780142688284e-05
3.550081533584053977e+04 1.980190268942752209e-05
3.595025926725597674e+04 1.940457317609167501e-05
3.640539333250894560e+04 1.901521619282367002e-05
3.686628957089265896e+04 1.863367161297446560e-05
3.733302093374545802e+04 1.825978268657119343e-05
3.780566129599801206e+04 1.789339589096374200e-05
3.828428546786560764e+04 1.753436067547695405e-05
3.876896920669032261e+04 1.718252947544149359e-05
3.925978922893125127e+04 1.683775773852302143e-05
3.975682322230767022e+04 1.649990396464333568e-05
4.026014985809491918e+04 1.616882920469996828e-05
4.076984880357758084e+04 1.584439744675339825e-05
4.128600073465882451e+04 1.552647539762322474e-05
4.180868734862945712e+04 1.521494319928020137e-05
4.233799137710003561e+04 1.490966485965774168e-05
4.287399659909508046e+04 1.461051165399147911e-05
4.341678785431400320e+04 1.431736075368962348e-05
4.396645105655970110e+04 1.403009171527705204e-05
4.452307320733654342e+04 1.374858647580104343e-05
4.508674240962203476e+04 1.347272938832420617e-05
4.565754788181147160e+04 1.320240724654282385e-05
4.623557997183892439e+04 1.293750887593380757e-05
4.682093017147878709e+04 1.267792546508647331e-05
4.741369113082668628e+04 1.242355037750410809e-05
4.801395667296365718e+04 1.217427920603830348e-05
4.862182180880780652e+04 1.193000944623517349e-05
4.923738275215192698e+04 1.169064075560904979e-05
4.986073693489268771e+04 1.145607484719721322e-05
5.049198302245233936e+04 1.122621535150546148e-05
5.113122092939494905e+04 1.100096779710808667e-05
5.177855183524216409e+04 1.078023965002726025e-05
5.243407820048747089e+04 1.056394032455592714e-05
5.309790378281316953e+04 1.035198086160524663e-05
5.377013365351452376e+04 1.014427419706513335e-05
5.445087421413003904e+04 9.940735008304284203e-06
5.514023321328216116e+04 9.741279745167230478e-06
5.583831976373311772e+04 9.545826391250829179e-06
5.654524435965470184e+04 9.354294657876319058e-06
5.726111889411763696e+04 9.166605895886346641e-06
5.798605667680233455e+04 8.982682998638600943e-06
5.872017245193290728e+04 8.802450372130461679e-06
5.946358241644029476e+04 8.625833976231194326e-06
6.021640423835357797e+04 8.452761324522992532e-06
6.097875707542377495e+04 8.283161237661763600e-06
6.175076159398581513e+04 8.116964050772190167e-06
6.253253998805708397e+04 7.954101494704442912e-06
6.332421599867766054e+04 7.794506710359959002e-06
6.412591493349775556e+04 7.638114074297866544e-06
6.493776368661060405e+04 7.484859344096094212e-06
6.575989075863774633e+04 7.334679584443746059e-06
6.659242627706841449e+04 7.187513101706275755e-06
6.743550201685540378e+04 7.043299407117547888e-06
6.828925142127410800e+04 6.901979258327512154e-06
6.915380962304341665e+04 6.763494649147931008e-06
7.002931346571369795e+04 6.627788632774485150e-06
7.091590152532847424e+04 6.494805463101501726e-06
7.181371413235753425e+04 6.364490515699982322e-06
7.272289339390772511e+04 6.236790288545992856e-06
7.364358321621772484e+04 6.111652274573329239e-06
7.457592932743435085e+04 5.989025070864097543e-06
7.552007930067926645e+04 5.868858316117783138e-06
7.647618257740707486e+04 5.751102649177950249e-06
7.744439049105798767e+04 5.635709668117287823e-06
7.842485629101305676e+04 5.522631970949009785e-06
7.941773516684968490e+04 5.411823139133499785e-06
8.042318427290429827e+04 5.303237612612833379e-06
8.144136275314896193e+04 5.196830783303396524e-06
8.247243176637988654e+04 5.092558944145950020e-06
8.351655451172494213e+04 4.990379282064629168e-06
8.457389625447704748e+04 4.890249784699397178e-06
8.564462435225148511e+04 4.792129322685883758e-06
8.672890828147440334e+04 4.695977596322423999e-06
8.782691966421128018e+04 4.601755112003939912e-06
8.893883229532687983e+04 4.509423139497777282e-06
9.006482216999751108e+04 4.418943751035230797e-06
9.120506751156637620e+04 4.330279800269801444e-06
9.235974879975202202e+04 4.243394837445960000e-06
9.352904879921709653e+04 4.158253167262813686e-06
9.471315258849548991e+04 4.074819817869169869e-06
9.591224758928558731e+04 3.993060529903576006e-06
9.712652359611823340e+04 3.912941688059121920e-06
9.835617280639626551e+04 3.834430383335668011e-06
9.960138985081433202e+04 3.757494368864837502e-06
1.008623718241697206e+05 3.682102043358600897e-06
1.021393183165531227e+05 3.608222417140755203e-06
1.034324314449445810e+05 3.535825143262008395e-06
1.047419158852032124e+05 3.464880494704826948e-06
1.060679789044622594e+05 3.395359310723461980e-06
1.074108303939383477e+05 3.327233028097048848e-06
1.087706829021519370e+05 3.260473664213792945e-06
1.101477516685680894e+05 3.195053804660670288e-06
1.115422546576699242e+05 3.130946552798015839e-06
1.129544125934522890e+05 3.068125577094662954e-06
1.143844489943611989e+05 3.006565074609973287e-06
1.158325902086752612e+05 2.946239758640778167e-06
1.172990654503264523e+05 2.887124833391393215e-06
1.187841068351857248e+05 2.829196017363980864e-06
1.202879494178004970e+05 2.772429521156863898e-06
1.218108312285982392e+05 2.716802015372791673e-06
1.233529933115650201e+05 2.662290643916640370e-06
1.249146797623969760e+05 2.608873016459699679e-06
1.264961377671339142e+05 2.556527196094219686e-06
1.280976176412901550e+05 2.505231661953764747e-06
1.297193728694679885e+05 2.454965345420878569e-06
1.313616601454827469e+05 2.405707599670982058e-06
1.330247394129957247e+05 2.357438190963194533e-06
1.347088739066517737e+05 2.310137279438633829e-06
1.364143301937501528e+05 2.263785436647377049e-06
1.381413782164352015e+05 2.218363624990370388e-06
1.398902913344214903e+05 2.173853180290813140e-06
1.416613463682647271e+05 2.130235813328856043e-06
1.434548236431758851e+05 2.087493608358244563e-06
1.452710070333891781e+05 2.045609011693864956e-06
1.471101840071003826e+05 2.004564803777215572e-06
1.489726456719601119e+05 1.964344127005548133e-06
1.508586868211544061e+05 1.924930460257404359e-06
1.527686059800685034e+05 1.886307613368263910e-06
1.547027054535300995e+05 1.848459711730132058e-06
1.566612913736653572e+05 1.811371209894856631e-06
1.586446737483513134e+05 1.775026873034784592e-06
1.606531665102828119e+05 1.739411769255993521e-06
1.626870875666657230e+05 1.704511263752473614e-06
1.647467588495338568e+05 1.670311021054099760e-06
1.668325063667025534e+05 1.636796994415348582e-06
1.689446602533766418e+05 1.603955407129595762e-06
1.710835548243962112e+05 1.571772770177958910e-06
1.732495286271563091e+05 1.540235863720269869e-06
1.754429244951970177e+05 1.509331733381894032e-06
1.776640896024586109e+05 1.479047677123286694e-06
1.799133755182403838e+05 1.449371256360260865e-06
1.821911382628449937e+05 1.420290279518805960e-06
1.844977383639272302e+05 1.391792800618099096e-06
1.868335409135637165e+05 1.363867109102758005e-06
1.891989156260378077e+05 1.336501734227267172e-06
1.915942368963553745e+05 1.309685435493713834e-06
1.940198838595132984e+05 1.283407190982093939e-06
1.964762404504992301e+05 1.257656206958271668e-06
1.989636954650662374e+05 1.232421905199780763e-06
2.014826426212764345e+05 1.207693920412469538e-06
2.040334806218092272e+05 1.183462089111850904e-06
2.066166132170773053e+05 1.159716458588813763e-06
2.092324492691294872e+05 1.136447272683495230e-06
2.118814028163637558e+05 1.113644974219088992e-06
2.145638931390664657e+05 1.091300192609323414e-06
2.172803448257746641e+05 1.069403749305138353e-06
2.200311878404768067e+05 1.047946649490589496e-06
2.228168575906776532e+05 1.026920075167461319e-06
2.256377949963030987e+05 1.006315389340095193e-06
2.284944465594991052e+05 9.861241275528462622e-07
2.313872644353015930e+05 9.663379961341792758e-07
2.343167065032009850e+05 9.469488628373878827e-07
2.372832364396218036e+05 9.279487639720941927e-07
2.402873237913112389e+05 9.093298925715731038e-07
2.433294440496569441e+05 8.910846021535302013e-07
2.464100787259542849e+05 8.732053947449232738e-07
2.495297154276175133e+05 8.556849258979741123e-07
2.526888479353550065e+05 8.385159978759705621e-07
2.558879762813372363e+05 8.216915559348361416e-07
2.591276068283276109e+05 8.052046888508113455e-07
2.624082523498420487e+05 7.890486235051114445e-07
2.657304321113075130e+05 7.732167238489762085e-07
2.690946719522483763e+05 7.577024829344838769e-07
2.725015043695240165e+05 7.424995285490074421e-07
2.759514686016098130e+05 7.276016137584426763e-07
2.794451107139452361e+05 7.130026203550403913e-07
2.829829836853725719e+05 6.986965489616387825e-07
2.865656474956599995e+05 6.846775226936653218e-07
2.901936692141312524e+05 6.709397818924898150e-07
2.938676230894348701e+05 6.574776825401351136e-07
2.975880906404213747e+05 6.442856942942453804e-07
3.013556607481987448e+05 6.313583973623309085e-07
3.051709297493378981e+05 6.186904820636176715e-07
3.090345015302572283e+05 6.062767419317233612e-07
3.129469876228141366e+05 5.941120781541057183e-07
3.169090073010961059e+05 5.821914921283463098e-07
3.209211876794354175e+05 5.705100884576179601e-07
3.249841638116784743e+05 5.590630668533064266e-07
3.290985787916984409e+05 5.478457247156925733e-07
3.332650838551803608e+05 5.368534531739118768e-07
3.374843384827138507e+05 5.260817368361635630e-07
3.417570105041584466e+05 5.155261503093929403e-07
3.460837762043626863e+05 5.051823567522228533e-07
3.504653204302033409e+05 4.950461077370533314e-07
3.549023366989783826e+05 4.851132373766377234e-07
3.593955273081874475e+05 4.753796657620923922e-07
3.639456034466876881e+05 4.658413931967891183e-07
3.685532853072576690e+05 4.564945026908904231e-07
3.732193022005992243e+05 4.473351533962614160e-07
3.779443926707694773e+05 4.383595823371559936e-07
3.827293046120727086e+05 4.295641015292113525e-07
3.875747953874547966e+05 4.209450985197190610e-07
3.924816319483581465e+05 4.124990320778459843e-07
3.974505909561333247e+05 4.042224319504867256e-07
4.024824589049633360e+05 3.961118987617222447e-07
4.075780322463470511e+05 3.881640994193747962e-07
4.127381175151717034e+05 3.803757691887033500e-07
4.179635314573676442e+05 3.727437076843323061e-07
4.232551011591796996e+05 3.652647807698382867e-07
4.286136641780891223e+05 3.579359152637206302e-07
4.340400686753781629e+05 3.507541000771576448e-07
4.395351735503720120e+05 3.437163841386390925e-07
4.450998485764056677e+05 3.368198773591248685e-07
4.507349745384677663e+05 3.300617460022523793e-07
4.564414433726326097e+05 3.234392132604914771e-07
4.622201583072299254e+05 3.169495590374678449e-07
4.680720340058033471e+05 3.105901167398957478e-07
4.739979967118963832e+05 3.043582738148312848e-07
4.799989843956534751e+05 2.982514694690180734e-07
4.860759469022774720e+05 2.922671959510715674e-07
4.922298461023850250e+05 2.864029942892984702e-07
4.984616560442458140e+05 2.806564550813608280e-07
5.047723631079494953e+05 2.750252169352489459e-07
5.111629661615525256e+05 2.695069676589124803e-07
5.176344767191528808e+05 2.640994396468756925e-07
5.241879191010161885e+05 2.588004109842822151e-07
5.308243305956979748e+05 2.536077051117615427e-07
5.375447616242221557e+05 2.485191886649131581e-07
5.443502759063545382e+05 2.435327709753061349e-07
5.512419506289637648e+05 2.386464030344376707e-07
5.582208766165151028e+05 2.338580782821857115e-07
5.652881585037386976e+05 2.291658292010905357e-07
5.724449149104674580e+05 2.245677278442679855e-07
5.796922786186846206e+05 2.200618846848844821e-07
5.870313967518473510e+05 2.156464498496184210e-07
5.944634309564222349e+05 2.113196087617866479e-07
6.019895575857787626e+05 2.070795835265635322e-07
6.096109678863746813e+05 2.029246325059454724e-07
6.173288681863006204e+05 1.988530489412060730e-07
6.251444800862343982e+05 1.948631597854643825e-07
6.330590406527909217e+05 1.909533255439572435e-07
6.410738026143182069e+05 1.871219406770772095e-07
6.491900345591971418e+05 1.833674308995084398e-07
6.574090211366279982e+05 1.796882535135999681e-07
6.657320632599551463e+05 1.760828966537164135e-07
6.741604783126079710e+05 1.725498801714347120e-07
6.826956003565799911e+05 1.690877520743241356e-07
6.913387803436153335e+05 1.656950897657047159e-07
7.000913863290300360e+05 1.623704996187827682e-07
7.089548036882403539e+05 1.591126161762257210e-07
7.179304353360591922e+05 1.559201005814608822e-07
7.270197019487427315e+05 1.527916410168693798e-07
7.362240421888496494e+05 1.497259528243226553e-07
7.455449129329698626e+05 1.467217763434461215e-07
7.549837895023156889e+05 1.437778771449529692e-07
7.645421658962223446e+05 1.408930455432897059e-07
7.742215550286564976e+05 1.380660972223269264e-07
7.840234889676379971e+05 1.352958703149860636e-07
7.939495191777722212e+05 1.325812265264920032e-07
8.040012167658065446e+05 1.299210506987936435e-07
8.141801727292961441e+05 1.273142504282924471e-07
8.244879982084513176e+05 1.247597542869284614e-07
8.349263247411386110e+05 1.222565126501262792e-07
8.454968045211147983e+05 1.198034976268912354e-07
8.562011106595584424e+05 1.173997012735676270e-07
8.670409374498819234e+05 1.150441358369107127e-07
8.780180006358929677e+05 1.127358334180773980e-07
8.891340376834034687e+05 1.104738464089533677e-07
9.003908080551888561e+05 1.082572450915580709e-07
9.117900934895179234e+05 1.060851186627436626e-07
9.233336982821546262e+05 1.039565747887779641e-07
9.350234495719320839e+05 1.018707395193893592e-07
9.468611976299799280e+05 9.982675543250502428e-08
9.588488161525737960e+05 9.782378269820195905e-08
9.709882025576977758e+05 9.586099886675950411e-08
9.832812782853924436e+05 9.393759741808700342e-08
9.957299891018702183e+05 9.205278798043121858e-08
1.008336305407481617e+06 9.020579611254188788e-08
1.021102222548634047e+06 8.839586360578970421e-08
1.034029761133563006e+06 8.662224650144719601e-08
1.047120967352202162e+06 8.488421602812479957e-08
1.060377913300039480e+06 8.318105815104054029e-08
1.073802697306080954e+06 8.151207368991396934e-08
1.087397444265000289e+06 7.987657647869212538e-08
1.101164305973458337e+06 7.827389455377366607e-08
1.115105461470682640e+06 7.670336981461995818e-08
1.129223117383389734e+06 7.516435697729719618e-08
1.143519508275044616e+06 7.365622357462034492e-08
1.157996896999530494e+06 7.217834995435482244e-08
1.172657575059366878e+06 7.073012945355282126e-08
1.187503862968349596e+06 6.931096675391772877e-08
1.202538110618892359e+06 6.792027873933997859e-08
1.217762697653957875e+06 6.655749404629969142e-08
1.233180033843690064e+06 6.522205331166702396e-08
1.248792559466871899e+06 6.391340742532233993e-08
1.264602745697156526e+06 6.263101873648249433e-08
1.280613094994197600e+06 6.137436065108608898e-08
1.296826141499766381e+06 6.014291688437680115e-08
1.313244451438852586e+06 5.893618133017868444e-08
1.329870623525822302e+06 5.775365818599416043e-08
1.346707289375807391e+06 5.659486204582064489e-08
1.363757113921166165e+06 5.545931653074004705e-08
1.381022795833353186e+06 5.434655507179248498e-08
1.398507067950045224e+06 5.325612046828485398e-08
1.416212697707684012e+06 5.218756520766029885e-08
1.434142487579542445e+06 5.114044987410361156e-08
1.452299275519288611e+06 5.011434427732925930e-08
1.470685935410161968e+06 4.910882705022223217e-08
1.489305377519892994e+06 4.812348511617837658e-08
1.508160548961326247e+06 4.715791348700004442e-08
1.527254434158868622e+06 4.621171545504337307e-08
1.546590055320936954e+06 4.528450263594154202e-08
1.566170472918230342e+06 4.437589382455604995e-08
1.585998786168214865e+06 4.348551570738391300e-08
1.606078133525648154e+06 4.261300245445302171e-08
1.626411693179315887e+06 4.175799600296945381e-08
1.647002683555124328e+06 4.092014473426079190e-08
1.667854363825493725e+06 4.009910444018007405e-08
1.688970034425207181e+06 3.929453795431127488e-08
1.710353037573846988e+06 3.851037461057761083e-08
1.732006757804787485e+06 3.774706036941068874e-08
1.753934622500874801e+06 3.700501199474914020e-08
1.776140102436996298e+06 3.628472158060367434e-08
1.798626712329340866e+06 3.558674907802612973e-08
1.821398011391788721e+06 3.491171306793046051e-08
1.844457603899247013e+06 3.426027711140423758e-08
1.867809139758111676e+06 3.363313346828467308e-08
1.891456315084026195e+06 3.303098447773022976e-08
1.915402872786886292e+06 3.245452234817053214e-08
1.939652603163250489e+06 3.190440651633414155e-08
1.964209344496320933e+06 3.138124035333351263e-08
1.989076983663445571e+06 3.088554874012368220e-08
2.014259456751310965e+06 3.041775600017322794e-08
2.039760749679040164e+06 2.997816535677264162e-08
2.065584898828971898e+06 2.956694074663192516e-08
2.091735991685641231e+06 2.918409301688826367e-08
2.118218167482714634e+06 2.882946859644310360e-08
2.145035617858131882e+06 2.850274261159330143e-08
2.172192587517616805e+06 2.820341658531498146e-08
