9.207542688417170496e+00 1.676413884048073703e-04
9.311995549711507891e+00 2.043340202576407244e-04
9.417766595922971717e+00 2.503081300506089296e-04
9.524872462416556829e+00 3.075293487275947233e-04
9.633329994493989190e+00 3.827259110518360695e-04
9.743156250043060851e+00 4.778811429016585925e-04
9.854368502220388848e+00 5.961906080853589989e-04
9.966984242168194896e+00 7.480717636854038698e-04
1.008102118176520889e+01 9.420411434620692796e-04
1.019649725641228777e+01 1.182363460782237963e-03
1.031343062785335363e+01 1.481645954864955952e-03
1.043183968703174358e+01 1.863896822048837290e-03
1.055174305698272796e+01 2.330847245394045836e-03
1.067315959576239948e+01 2.896276687017649079e-03
1.079610839941374856e+01 3.601756877773249280e-03
1.092060880496995168e+01 4.452036453736893037e-03
1.104668039349560793e+01 5.470666742680051903e-03
1.117434299316649771e+01 6.688767608343006155e-03
1.130361668238804462e+01 8.157999191155000662e-03
1.143452179295312376e+01 9.864029208496941786e-03
1.156707891323992499e+01 1.183473567471520285e-02
1.170130889144995301e+01 1.413066237538953412e-02
1.183723283888691569e+01 1.676974599181685344e-02
1.197487213327718969e+01 1.974899451512076437e-02
1.211424842213193998e+01 2.307488610516707228e-02
1.225538362615183630e+01 2.682700072638476152e-02
1.239829994267458346e+01 3.096967890876330121e-02
1.254301984916619439e+01 3.547551034110230095e-02
1.268956610675610186e+01 4.033237978966965065e-02
1.283796176381690834e+01 4.559979027710905908e-02
1.298823015958949689e+01 5.129414200022130998e-02
1.314039492785369312e+01 5.743122230105374149e-02
1.329448000064524571e+01 6.401248347377949677e-02
1.345050961201993545e+01 7.107639999445353185e-02
1.360850830186493354e+01 7.859776892999240094e-02
1.376850091975841650e+01 8.656757144543689164e-02
1.393051262887774477e+01 9.498214807474897325e-02
1.409456890995719114e+01 1.038561720326834636e-01
1.426069556529540883e+01 1.132136983541645048e-01
1.442891872281346544e+01 1.230306146718793958e-01
1.459926484016432369e+01 1.332801172396828326e-01
1.477176070889394666e+01 1.439911076592172434e-01
1.494643345865490502e+01 1.551888761888135515e-01
1.512331056147342245e+01 1.668029200447637417e-01
1.530241983606998346e+01 1.787782993826758371e-01
1.548378945223465486e+01 1.911021050532083210e-01
1.566744793525739610e+01 2.038142289682416952e-01
1.585342417041463747e+01 2.169148744151221386e-01
1.604174740751219019e+01 2.303413367968239478e-01
1.623244726548546524e+01 2.440021732961599743e-01
1.642555373705801358e+01 2.578636279914630625e-01
1.662109719345867020e+01 2.718876706720408376e-01
1.681910838919810658e+01 2.861386254519183714e-01
1.701961846690601021e+01 3.006935262826461730e-01
1.722265896222901915e+01 3.154658166609244918e-01
1.742826180879042752e+01 3.302996109407643210e-01
1.763645934321289488e+01 3.451050339706879244e-01
1.784728431020403860e+01 3.598628316462191834e-01
1.806076986770650095e+01 3.746748096448255239e-01
1.827694959211287795e+01 3.896166119901594005e-01
1.849585748354662229e+01 4.045614936809887041e-01
1.871752797120944578e+01 4.195044729130721906e-01
1.894199591879611333e+01 4.344941496791409064e-01
1.916929662997792860e+01 4.493801830436484623e-01
1.939946585395508905e+01 4.640087428496811883e-01
1.963253979107906488e+01 4.783550512362241824e-01
1.986855509854639124e+01 4.925354414158346072e-01
2.010754889616382712e+01 5.066116092431008910e-01
2.034955877218632025e+01 5.205696907395922501e-01
2.059462278922909206e+01 5.344193909685481803e-01
2.084277949025380750e+01 5.480683206689502818e-01
2.109406790463057035e+01 5.614319461137693423e-01
2.134852755427620608e+01 5.746010013135796068e-01
2.160619845987041643e+01 5.876206476967179571e-01
2.186712114714995536e+01 6.004256928737877752e-01
2.213133665328228972e+01 6.129424346818659330e-01
2.239888653332009127e+01 6.251376811025450841e-01
2.266981286673665963e+01 6.370766607324946929e-01
2.294415826404424408e+01 6.488333476829706292e-01
2.322196587349538888e+01 6.603898938897556636e-01
2.350327938786957205e+01 6.716962894811850937e-01
2.378814305134487839e+01 6.827740274014257871e-01
2.407660166645641908e+01 6.936316272451533704e-01
2.436870060114312153e+01 7.042875952852053478e-01
2.466448579588284318e+01 7.146933544838632857e-01
2.496400377091766032e+01 7.247675705663867429e-01
2.526730163357070325e+01 7.345464268301247213e-01
2.557442708565491074e+01 7.440884292468641359e-01
2.588542843097533819e+01 7.533686014363906169e-01
2.620035458292644748e+01 7.623721257293016862e-01
2.651925507218493649e+01 7.711913638899419166e-01
2.684218005449989164e+01 7.798329213472426913e-01
2.716918031858084959e+01 7.882345597970465967e-01
2.750030729408609176e+01 7.963589352118741749e-01
2.783561305971116440e+01 8.041884667494256789e-01
2.817515035137951784e+01 8.117554370622944715e-01
2.851897257053695611e+01 8.190936901760850208e-01
2.886713379255031953e+01 8.262001261049370937e-01
2.921968877521217323e+01 8.330381070766265106e-01
2.957669296735317843e+01 8.395692227137537822e-01
2.993820251756287831e+01 8.458550745672347437e-01
3.030427428302038706e+01 8.519913653002922915e-01
3.067496583843698232e+01 8.579084885774964642e-01
3.105033548511114461e+01 8.634880535283047109e-01
3.143044226009814324e+01 8.687763741159332254e-01
3.181534594549491501e+01 8.738750025184937043e-01
3.220510707784281124e+01 8.787727530499264139e-01
3.259978695764843337e+01 8.833942054312127201e-01
3.299944765902459665e+01 8.877115009998206574e-01
3.340415203945357803e+01 8.917250392712201545e-01
3.381396374967283691e+01 8.954525028662736474e-01
3.422894724368605779e+01 8.989150806536478910e-01
3.464916778889988791e+01 9.021206202671608887e-01
3.507469147638963847e+01 9.050414855576986994e-01
3.550558523129318189e+01 9.076439375943428089e-01
3.594191682333733695e+01 9.099041189176814148e-01
3.638375487749623716e+01 9.118317415680123883e-01
3.683116888478448914e+01 9.134536589472239676e-01
3.728422921318635019e+01 9.147548875759895504e-01
3.774300711872340486e+01 9.156883147996225381e-01
3.820757475666123781e+01 9.162267355375092182e-01
3.869015166801341365e+01 9.163541805245856153e-01
3.916318607991107825e+01 9.160544602261572189e-01
3.964220929024464368e+01 9.153300180596000146e-01
4.012729711951656952e+01 9.141512063808658883e-01
4.061852634814583496e+01 9.124918885968358317e-01
4.111597472862150227e+01 9.103466692319617248e-01
4.161972099780887646e+01 9.077284098079780872e-01
4.212984488941273042e+01 9.046463118048572172e-01
4.264642714659702705e+01 9.010868253892642121e-01
4.316954953476570012e+01 8.970249990065704004e-01
4.369929485450403917e+01 8.924347885457061258e-01
4.423574695468474260e+01 8.872978232640917895e-01
4.477899074573991101e+01 8.816159728246910632e-01
4.532911221310014582e+01 8.754092442998305801e-01
4.588619843080519445e+01 8.686997807641835267e-01
4.645033757528545237e+01 8.614984601648082441e-01
4.702161893931932468e+01 8.538111297982611259e-01
4.760013294616593527e+01 8.456469595013711427e-01
4.818597116387820734e+01 8.370217780158333287e-01
4.877922631979557622e+01 8.279511899271230213e-01
4.937999231522185539e+01 8.184528504561243700e-01
4.998836424028731074e+01 8.085488668315380378e-01
5.060443838900004465e+01 7.982666310148482935e-01
5.122831227448775593e+01 7.876359015590357338e-01
5.186008464443165877e+01 7.766862893466022211e-01
5.249985549669717244e+01 7.654461652146564710e-01
5.314772609516089119e+01 7.539432316993509575e-01
5.380379898573966102e+01 7.422072689866373585e-01
5.446817801262083947e+01 7.302670344270398850e-01
5.514096833469970704e+01 7.181553519008473385e-01
5.582227644222339791e+01 7.059072155577335028e-01
5.651221017364718335e+01 6.935544025527878853e-01
5.721087873270244017e+01 6.811270114427965261e-01
5.791839270568204512e+01 6.686536335468076242e-01
5.863486407894439623e+01 6.561612122178062112e-01
5.936040625663800085e+01 6.436742809500578533e-01
6.009513407865213708e+01 6.312163979120020141e-01
6.083916383879306977e+01 6.188103530274132735e-01
6.159261330319194627e+01 6.064779803605123698e-01
6.235560172894425079e+01 5.942397115302416877e-01
6.312824988298685724e+01 5.821137673309410010e-01
6.391068006121218303e+01 5.701166822931716949e-01
6.470301610782642854e+01 5.582641988050254245e-01
6.550538343495091453e+01 5.465698939883569807e-01
6.631790904247289120e+01 5.350457375281200134e-01
6.714072153814748845e+01 5.237004994765923627e-01
6.797395115795369236e+01 5.125411549832882274e-01
6.881772978670815633e+01 5.015745649040272980e-01
6.967219097894013657e+01 4.908062665570654404e-01
7.053746998003124702e+01 4.802412267264555279e-01
7.141370374762146866e+01 4.698833177843448894e-01
7.230103097328786532e+01 4.597353562478283528e-01
7.319959210449590614e+01 4.497993785991157845e-01
7.410952936683086989e+01 4.400765030150115553e-01
7.503098678650844988e+01 4.305669202267862761e-01
7.596411021317183554e+01 4.212704079782415567e-01
7.690904734297737377e+01 4.121861797202882594e-01
7.786594774197186553e+01 4.033125652122119265e-01
7.883496286976571810e+01 3.946471132016939332e-01
7.981624610350648652e+01 3.861863511902823287e-01
8.080995276215625722e+01 3.779267235580302531e-01
8.181624013107443716e+01 3.698643990824419525e-01
8.283526748691456021e+01 3.619963049890424500e-01
8.386719612283354763e+01 3.543186475147973580e-01
8.491218937402254596e+01 3.468276586654122084e-01
8.597041264355890178e+01 3.395194768267394969e-01
8.704203342858684778e+01 3.323898923756639645e-01
8.812722134682950070e+01 3.254347981273125745e-01
8.922614816343590860e+01 3.186496255549295942e-01
9.033898781816786538e+01 3.120299148709191339e-01
9.146591645293186446e+01 3.055710905230690777e-01
9.260711243965945982e+01 2.992685180267822265e-01
9.376275640853909010e+01 2.931177581446421931e-01
9.493303127660784924e+01 2.871165901130093845e-01
9.611812227670257869e+01 2.812580638931214683e-01
9.731821698678002974e+01 2.755375132442244857e-01
9.853350535960584011e+01 2.699509036765538328e-01
9.976417975282112138e+01 2.644940274264173663e-01
1.010104349593893573e+02 2.591626637772992403e-01
1.022724682384282602e+02 2.539528321701247093e-01
1.035504793464317999e+02 2.488609341836752753e-01
1.048446705688882616e+02 2.438830583100496385e-01
1.061552467522991492e+02 2.390158157055627952e-01
1.074824153366008517e+02 2.342555322616573232e-01
1.088263863880004010e+02 2.295992117111408382e-01
1.101873726322233580e+02 2.250436705656930769e-01
1.115655894881859780e+02 2.205855925373765014e-01
1.129612551020906466e+02 2.162222467499393397e-01
1.143745903819548602e+02 2.119508415756866104e-01
1.158058190325775172e+02 2.077684069640164943e-01
1.172551675909466979e+02 2.036723157035608134e-01
1.187228654620957826e+02 1.996601116190936942e-01
1.202091449554145015e+02 1.957292432416517236e-01
1.217142413214200474e+02 1.918772979646673205e-01
1.232383927889909927e+02 1.881022733991337681e-01
1.247818406030765743e+02 1.844020021430194667e-01
1.263448290628792847e+02 1.807745561547423052e-01
1.279276055605250093e+02 1.772181881850437846e-01
1.295304206202186492e+02 1.737310013752048632e-01
1.311535279378985024e+02 1.703113105310368747e-01
1.327971844213917620e+02 1.669577459661493735e-01
1.344616502310782380e+02 1.636687451208950206e-01
1.361471888210680561e+02 1.604428647265491448e-01
1.378540669809019903e+02 1.572785626387379065e-01
1.395825548777806659e+02 1.541743537876540393e-01
1.413329260993243963e+02 1.511290326903701742e-01
1.431054576968798528e+02 1.481411755201337277e-01
1.449004302293695048e+02 1.452095836978603560e-01
1.467181278077015349e+02 1.423330431365290583e-01
1.485588381397365367e+02 1.395103580094032014e-01
1.504228525758293813e+02 1.367405948134361726e-01
1.523104661549414232e+02 1.340227825426708874e-01
1.542219776513427121e+02 1.313559582406817750e-01
1.561576896219000048e+02 1.287391980401323965e-01
1.581179084539669191e+02 1.261715891871417472e-01
1.601029444138802660e+02 1.236521956316532500e-01
1.621131116960673353e+02 1.211801952938276333e-01
1.641487284727796521e+02 1.187546086237430687e-01
1.662101169444508173e+02 1.163746466991955053e-01
1.682976033906979865e+02 1.140393971192547595e-01
1.704115182219629219e+02 1.117479930668431459e-01
1.725521960318125991e+02 1.094996901272836665e-01
1.747199756498965257e+02 1.072936948689657971e-01
1.769152001955797573e+02 1.051292605815852821e-01
1.791382171322501051e+02 1.030057565938345548e-01
1.813893783223162757e+02 1.009225399902349551e-01
1.836690400829014607e+02 9.887898554802626583e-02
1.859775632422414731e+02 9.687459613790419533e-02
1.883153131967964100e+02 9.490866671121940545e-02
1.906826599690865294e+02 9.298054452759929589e-02
1.930799782662613779e+02 9.108962622636800066e-02
1.955076475394062641e+02 8.923525668970312685e-02
1.979660520436054298e+02 8.741679733864698987e-02
2.004555808987594219e+02 8.563358589321748426e-02
2.029766281511786019e+02 8.388508106263101172e-02
2.055295928359507514e+02 8.217058208779468020e-02
2.081148790401018971e+02 8.048967444964809370e-02
2.107328959665569812e+02 7.884183081442651397e-02
2.133840579989079629e+02 7.722655481327478366e-02
2.160687847670024269e+02 7.564334669285707746e-02
2.187875012133638677e+02 7.409176218620248944e-02
2.215406376604537400e+02 7.257120646305724454e-02
2.243286298787803901e+02 7.108119177598767879e-02
2.271519191558767545e+02 6.962119754617770995e-02
2.300109523661449487e+02 6.819070547789241044e-02
2.329061820415913076e+02 6.678926621043383693e-02
2.358380664434507423e+02 6.541625839678248677e-02
2.388070696347229500e+02 6.407117161089251334e-02
2.418136615536249394e+02 6.275348244740810988e-02
2.448583180879734300e+02 6.146264922724271884e-02
2.479415211505075547e+02 6.019823490479718486e-02
2.510637587551683225e+02 5.895973044834976889e-02
2.542255250943429132e+02 5.774671844572148993e-02
2.574273206170832395e+02 5.655873534527205287e-02
2.606696521083217135e+02 5.539532207736078129e-02
2.639530327690816307e+02 5.425610430562045894e-02
2.672779822977116737e+02 5.314065099471804859e-02
2.706450269721407267e+02 5.204846446286338912e-02
2.740546997331797456e+02 5.097922077824998399e-02
2.775075402688774489e+02 4.993233844059988269e-02
2.810040950999415372e+02 4.890736451046472782e-02
2.845449176662420996e+02 4.790395153820159457e-02
2.881305684144119255e+02 4.692148513683822020e-02
2.917616148865562309e+02 4.595965714658726414e-02
2.954386318100802669e+02 4.501804068177140544e-02
2.991622011886628343e+02 4.409623851480949652e-02
3.029329123943717264e+02 4.319391436759043024e-02
3.067513622609553181e+02 4.231070564947692070e-02
3.106181551783058694e+02 4.144623800062650215e-02
3.145339031881254073e+02 4.060018978346081886e-02
3.184992260808014635e+02 3.977215443141478290e-02
3.225147514935075037e+02 3.896175809169909188e-02
3.265811150095449307e+02 3.816867901894251125e-02
3.306989602589450215e+02 3.739249635177128994e-02
3.348689390203462040e+02 3.663285060819655714e-02
3.390917113241535503e+02 3.588933588881836056e-02
3.433679455570148207e+02 3.516164958137481950e-02
3.476983185676080552e+02 3.444934201815146729e-02
3.520835157737803343e+02 3.375213485671908764e-02
3.565242312710310557e+02 3.306967246000833138e-02
3.610211679423767919e+02 3.240166439796948739e-02
3.655750375696064793e+02 3.174776552924753886e-02
3.701865609459412099e+02 3.110766130714753830e-02
3.748564679901215300e+02 3.048108960309911172e-02
3.795854978619411781e+02 2.986770424718517350e-02
3.843743990792445402e+02 2.926719489159691073e-02
3.892239296363984522e+02 2.867918901954550834e-02
3.941348571242744470e+02 2.810347736086358725e-02
3.991079588517374077e+02 2.753973814592953692e-02
4.041440219686866158e+02 2.698772498908906872e-02
4.092438435906404379e+02 2.644714721355400505e-02
4.144082309249077412e+02 2.591777949163351358e-02
4.196380013983558115e+02 2.539931861246790684e-02
4.249339827867914892e+02 2.489150302156071387e-02
4.302970133459818385e+02 2.439412105668034916e-02
4.357279419443354982e+02 2.390694539661384829e-02
4.412276281972659717e+02 2.342973058774803358e-02
4.467969426032464639e+02 2.296223226081046259e-02
4.524367666816010001e+02 2.250425454269845693e-02
4.581479931120250626e+02 2.205554064122566132e-02
4.639315258758877007e+02 2.161593203515113984e-02
4.697882803993084622e+02 2.118523697417699567e-02
4.757191836980555308e+02 2.076320735758898153e-02
4.817251745242768379e+02 2.034974221302115679e-02
4.878072035150850070e+02 1.994455294294228756e-02
4.939662333430237595e+02 1.954749037909185236e-02
5.002032388684438615e+02 1.915838008502362966e-02
5.065192072938072556e+02 1.877702742432776559e-02
5.129151383199367729e+02 1.840325049995861911e-02
5.193920443042571833e+02 1.803688015215708720e-02
5.259509504210269597e+02 1.767775299330847510e-02
5.325928948236090719e+02 1.732573403929677999e-02
5.393189288087877458e+02 1.698063651094383619e-02
5.461301169831696143e+02 1.664229583970701712e-02
5.530275374316946682e+02 1.631060360099877843e-02
5.600122818882750835e+02 1.598540472518415398e-02
5.670854559085943265e+02 1.566657647803948450e-02
5.742481790450966628e+02 1.535396055504545561e-02
5.815015850241981070e+02 1.504746110591916736e-02
5.888468219257227929e+02 1.474691058226541319e-02
5.962850523646352485e+02 1.445221266293142230e-02
6.038174536750494781e+02 1.416324521376505913e-02
6.114452180965881780e+02 1.387989688069932517e-02
6.191695529630860619e+02 1.360206997133448122e-02
6.269916808936893631e+02 1.332964232358403375e-02
6.349128399863790264e+02 1.306253795615129262e-02
6.429342840139337341e+02 1.280065181739866755e-02
6.510572826223781249e+02 1.254390655185480888e-02
6.592831215319457669e+02 1.229218161452489029e-02
6.676131027405892837e+02 1.204539898967679420e-02
6.760485447300528676e+02 1.180345750741847513e-02
6.845907826745747116e+02 1.156629606765850748e-02
6.932411686522093532e+02 1.133380632095044513e-02
7.020010718588461032e+02 1.110592557252212433e-02
7.108718788249244653e+02 1.088257226874698655e-02
7.198549936348864549e+02 1.066366235504176072e-02
7.289518381494348205e+02 1.044912221158210072e-02
7.381638522305747756e+02 1.023886950047121942e-02
7.474924939695241619e+02 1.003284030658945988e-02
7.569392399174899992e+02 9.830948924796025293e-03
7.665055853193971416e+02 9.633119421832449930e-03
7.761930443505493713e+02 9.439274502030806785e-03
7.860031503562844364e+02 9.249335139632856514e-03
7.959374560946954489e+02 9.063230665012734361e-03
8.059975339823917011e+02 8.880873216589599620e-03
8.161849763433758653e+02 8.702210555856930083e-03
8.265013956610964669e+02 8.527158206924102812e-03
8.369484248336628980e+02 8.355641880234052771e-03
8.475277174323052805e+02 8.187597334696964171e-03
8.582409479631082831e+02 8.022956559650101793e-03
8.690898121320395830e+02 7.861646712115158420e-03
8.800760271133704009e+02 7.703598544793311895e-03
8.912013318214625315e+02 7.548746115527105519e-03
9.024674871859940595e+02 7.397031575692858928e-03
9.138762764307030011e+02 7.248383011279015652e-03
9.254295053556314770e+02 7.102733856793284721e-03
9.371290026229347632e+02 6.960024306438159988e-03
9.489766200463487849e+02 6.820194047996771397e-03
9.609742328842850156e+02 6.683183044793958132e-03
9.731237401366491895e+02 6.548932649096921542e-03
9.854270648454241837e+02 6.417389770897168923e-03
9.978861543990354903e+02 6.288492481634819393e-03
1.010502980840610689e+03 6.162187366456497485e-03
1.023279541180105866e+03 6.038426179916046854e-03
1.036217857710380713e+03 5.917153412205603501e-03
1.049319978327318495e+03 5.798319349880260744e-03
1.062587976853954387e+03 5.681874807158977629e-03
1.076023953368712455e+03 5.567770478217924993e-03
1.089630034537833353e+03 5.455959113111265822e-03
1.103408373951969907e+03 5.346395360911498050e-03
1.117361152467065722e+03 5.239034225099185871e-03
1.131490578549545944e+03 5.133829932336128783e-03
1.145798888625862446e+03 5.030738504304879850e-03
1.160288347436502363e+03 4.929717949914624517e-03
1.174961248394443828e+03 4.830727512365836328e-03
1.189819913948143494e+03 4.733726024905440290e-03
1.204866695949168843e+03 4.638672956141526998e-03
1.220103976024436406e+03 4.545528345442815914e-03
1.235534165953165029e+03 4.454252864050202605e-03
1.251159708048645143e+03 4.364809018195914270e-03
1.266983075544792200e+03 4.277160097276940312e-03
1.283006772987618888e+03 4.191270138115018966e-03
1.299233336631663406e+03 4.107103860454776843e-03
1.315665334841410186e+03 4.024626699621952283e-03
1.332305368497847212e+03 3.943804796994994713e-03
1.349156071410119239e+03 3.864604989817747079e-03
1.366220110732398325e+03 3.786994722141221511e-03
1.383500187386073321e+03 3.710942127547660428e-03
1.400999036487237390e+03 3.636415981969045620e-03
1.418719427779615671e+03 3.563385682830277207e-03
1.436664166072941498e+03 3.491821214926733082e-03
1.454836091686940335e+03 3.421693189641467851e-03
1.473238080900878685e+03 3.352972815065735027e-03
1.491873046408833488e+03 3.285631847474045162e-03
1.510743937780697934e+03 3.219642617206260483e-03
1.529853741929077614e+03 3.154978020319552587e-03
1.549205483582046099e+03 3.091611506073483218e-03
1.568802225761882710e+03 3.029517015021996034e-03
1.588647070269933465e+03 2.968669038087601818e-03
1.608743158177540863e+03 2.909042580687157785e-03
1.629093670323230526e+03 2.850613143788114333e-03
1.649701827816153354e+03 2.793356701969127234e-03
1.670570892545966217e+03 2.737249731164820721e-03
1.691704167699104801e+03 2.682269183272955118e-03
1.713104998281624148e+03 2.628392450542969914e-03
1.734776771648632348e+03 2.575597385483156029e-03
1.756722918040480408e+03 2.523862293674157889e-03
1.778946911125687393e+03 2.473165920244236107e-03
1.801452268550737699e+03 2.423487408958838792e-03
1.824242552496900316e+03 2.374806341702347112e-03
1.847321370244029822e+03 2.327102712574352118e-03
1.870692374741535559e+03 2.280356911018500965e-03
1.894359265186585844e+03 2.234549708103997917e-03
1.918325787609594045e+03 2.189662276108363375e-03
1.942595735467185023e+03 2.145676166621899011e-03
1.967172950242613979e+03 2.102573285253614508e-03
1.992061322053773210e+03 2.060335906400992834e-03
2.017264790268973911e+03 2.018946667148790834e-03
2.042787344130454585e+03 1.978388553950632522e-03
2.068633023385774777e+03 1.938644876486325360e-03
2.094805918927284893e+03 1.899699293220178092e-03
2.121310173439605478e+03 1.861535792635993182e-03
2.148149982055346300e+03 1.824138678821057846e-03
2.175329593019122058e+03 1.787492563149782132e-03
2.202853308359942730e+03 1.751582378003707771e-03
2.230725484572191363e+03 1.716393357917504530e-03
2.258950533305156569e+03 1.681911022635795708e-03
2.287532922061283898e+03 1.648121186546380561e-03
2.316477174903351170e+03 1.615009954526172445e-03
2.345787873170520015e+03 1.582563709276304511e-03
2.375469656203448721e+03 1.550769095384614289e-03
2.405527222078671912e+03 1.519613035135379585e-03
2.435965328352175220e+03 1.489082714823456366e-03
2.466788792812440079e+03 1.459165572874712843e-03
2.498002494243024557e+03 1.429849294963401107e-03
2.529611373194742100e+03 1.401121823540232283e-03
2.561620432767719194e+03 1.372971342073853141e-03
2.594034739403258300e+03 1.345386263198878121e-03
2.626859423685741149e+03 1.318355235259764799e-03
2.660099681154761129e+03 1.291867139081000551e-03
2.693760773127442917e+03 1.265911076547211701e-03
2.727848027531198568e+03 1.240476361569385014e-03
2.762366839747081031e+03 1.215552529190228482e-03
2.797322673463752380e+03 1.191129325492392560e-03
2.832721061542272309e+03 1.167196698144900083e-03
2.868567606891881951e+03 1.143744793608288818e-03
2.904867983356778950e+03 1.120763963765789061e-03
2.941627936614251212e+03 1.098244752691189497e-03
2.978853285084088384e+03 1.076177888595601824e-03
3.016549920849487989e+03 1.054554288259940738e-03
3.054723810589724508e+03 1.033365054392744930e-03
3.093380996524545480e+03 1.012601465716209429e-03
3.132527597370498825e+03 9.922549724790646463e-04
3.172169809309481479e+03 9.723172010537039535e-04
3.212313906969432992e+03 9.527799463774059728e-04
3.252966244417513280e+03 9.336351647025555641e-04
3.294133256165839157e+03 9.148749719922955525e-04
3.335821458189891928e+03 8.964916485731553794e-04
3.378037448959968515e+03 8.784776279826868057e-04
3.420787910485546035e+03 8.608254917159428778e-04
3.464079609372880896e+03 8.435279721347752968e-04
3.507919397896118426e+03 8.265779501936174707e-04
3.552314215081853945e+03 8.099684471000141240e-04
3.597271087807382173e+03 7.936926227158586176e-04
3.642797131913033809e+03 7.777437772114718408e-04
3.688899553328415095e+03 7.621153452882561616e-04
3.735585649212970566e+03 7.468008908492742778e-04
3.782862809111034494e+03 7.317941061051635217e-04
3.830738516121375142e+03 7.170888146685854697e-04
3.879220348081727934e+03 7.026789621790432375e-04
3.928315978768186142e+03 6.885586133653468248e-04
3.978033179109756020e+03 6.747219535847945489e-04
4.028379818418472041e+03 6.611632868633085915e-04
4.079363865634885315e+03 6.478770290769976905e-04
4.130993390589373121e+03 6.348577080956021830e-04
4.183276565279526949e+03 6.220999635937925210e-04
4.236221665163574471e+03 6.095985425281376900e-04
4.289837070470236540e+03 5.973482953107894268e-04
4.344131267525191106e+03 5.853441758339585164e-04
4.399112850094223177e+03 5.735812424775018183e-04
4.454790520743560592e+03 5.620546509377015096e-04
4.511173092217293743e+03 5.507596529019824277e-04
4.568269488832194838e+03 5.396915964535421760e-04
4.626088747890391460e+03 5.288459243767435619e-04
4.684640021109755253e+03 5.182181687343039586e-04
4.743932576072375923e+03 5.078039519772907561e-04
4.803975797691578919e+03 4.975989856741097443e-04
4.864779189697285801e+03 4.875990668753793847e-04
4.926352376140333945e+03 4.778000755539872873e-04
4.988705102915761927e+03 4.681979750858007347e-04
5.051847239305351650e+03 4.587888118883710529e-04
5.115788779539874668e+03 4.495687100540079030e-04
5.180539844380917202e+03 4.405338709925089163e-04
5.246110682722755882e+03 4.316805731671480620e-04
5.312511673214697112e+03 4.230051705591174544e-04
5.379753325903750010e+03 4.145040884780852651e-04
5.447846283898124057e+03 4.061738251277953156e-04
5.516801325051951608e+03 3.980109497674890135e-04
5.586629363671141618e+03 3.900120997122919907e-04
5.657341452240936633e+03 3.821739788092412072e-04
5.728948783175324934e+03 3.744933580838948322e-04
5.801462690588524310e+03 3.669670745227941299e-04
5.874894652089084047e+03 3.595920271649978399e-04
5.949256290596511462e+03 3.523651772806330905e-04
6.024559376180889558e+03 3.452835477511805615e-04
6.100815827926019665e+03 3.383442216325630220e-04
6.178037715815899901e+03 3.315443390869666444e-04
6.256237262645126975e+03 3.248810988387364120e-04
6.335426845953653356e+03 3.183517564181128539e-04
6.415618999985866139e+03 3.119536215189747000e-04
6.496826417674524237e+03 3.056840572460685313e-04
6.579061952649845807e+03 2.995404807239118988e-04
6.662338621273889657e+03 2.935203614761801197e-04
6.746669604700970922e+03 2.876212186448936429e-04
6.832068250963915489e+03 2.818406214233811760e-04
6.918548077086714329e+03 2.761761882849306086e-04
7.006122771224195276e+03 2.706255856137218811e-04
7.094806194828502157e+03 2.651865255796283130e-04
7.184612384843057953e+03 2.598567673091688808e-04
7.275555555924464898e+03 2.546341153756467553e-04
7.367650102692382461e+03 2.495164175006327808e-04
7.460910602007873422e+03 2.445015642712719561e-04
7.555351815280768278e+03 2.395874896590594830e-04
7.650988690805917031e+03 2.347721692635361109e-04
7.747836366129483395e+03 2.300536183985464828e-04
7.845910170444801224e+03 2.254298926035444356e-04
7.945225627018614432e+03 2.208990868482954421e-04
8.045798455648323397e+03 2.164593342189796222e-04
8.147644575150048695e+03 2.121088045487626501e-04
8.250780105878164250e+03 2.078457052937264027e-04
8.355221372277048431e+03 2.036682802769025733e-04
8.460984905464845724e+03 1.995748076890036481e-04
8.568087445850025688e+03 1.955636001223346907e-04
8.676545945781132104e+03 1.916330050174968886e-04
8.786377572229899670e+03 1.877814028597688293e-04
8.897599709508647720e+03 1.840072059533285579e-04
9.010229962021820029e+03 1.803088589070969846e-04
9.124286157052314593e+03 1.766848378905679410e-04
9.239786347583414681e+03 1.731336493728294183e-04
9.356748815156168348e+03 1.696538293461586668e-04
9.475192072762865791e+03 1.662439439245532672e-04
9.595134867777549516e+03 1.629025883296176147e-04
9.716596184923246255e+03 1.596283851527451026e-04
9.839595249276873801e+03 1.564199845934572558e-04
9.964151529312335697e+03 1.532760648475958948e-04
1.009028473998177105e+04 1.501953303205335070e-04
1.021801484583640013e+04 1.471765109367440872e-04
1.034736206418632355e+04 1.442183625223727918e-04
1.047834686830052487e+04 1.413196662465469660e-04
1.061098999064758937e+04 1.384792272664766882e-04
1.074531242617714452e+04 1.356958745116960171e-04
1.088133543564290449e+04 1.329684610296145140e-04
1.101908054896804424e+04 1.302958631237201455e-04
1.115856956865284883e+04 1.276769789164241197e-04
1.129982457322566370e+04 1.251107286951779829e-04
1.144286792073761899e+04 1.225960552346159972e-04
1.158772225230124968e+04 1.201319220798892958e-04
1.173441049567444134e+04 1.177173132638647298e-04
1.188295586888939943e+04 1.153512335644790103e-04
1.203338188392742632e+04 1.130327081401544367e-04
1.218571235044070818e+04 1.107607810986039996e-04
1.233997137952088087e+04 1.085345157177302136e-04
1.249618338751512965e+04 1.063529945946642240e-04
1.265437309989119058e+04 1.042153188538869692e-04
1.281456555515073524e+04 1.021206070518250995e-04
1.297678610879252847e+04 1.000679955399843012e-04
1.314106043732579565e+04 9.805663872898426553e-05
1.330741454233413606e+04 9.608570747521205289e-05
1.347587475459142115e+04 9.415438910050753112e-05
1.364646773822927571e+04 9.226188752927438788e-05
1.381922049495738247e+04 9.040742308153091309e-05
1.399416036833763792e+04 8.859023103149333796e-05
1.417131504811203013e+04 8.680956212798347229e-05
1.435071257458521177e+04 8.506468258627317310e-05
1.453238134306308166e+04 8.335487337379661194e-05
1.471635010834702371e+04 8.167942939972828715e-05
1.490264798928533310e+04 8.003765985772331852e-05
1.509130447338222984e+04 7.842888842566651873e-05
1.528234942146494359e+04 7.685245181370130882e-05
1.547581307241049217e+04 7.530769997155226699e-05
1.567172604793179744e+04 7.379399612614274278e-05
1.587011935742428068e+04 7.231071669904545187e-05
1.607102440287446916e+04 7.085724990115344372e-05
1.627447298383019370e+04 6.943299644720566754e-05
1.648049730243367594e+04 6.803736942681608236e-05
1.668912996851883872e+04 6.666979366933157159e-05
1.690040400477269941e+04 6.532970516640177665e-05
1.711435285196220866e+04 6.401655137773713355e-05
1.733101037422742957e+04 6.272979135538669893e-05
1.755041086444133543e+04 6.146889449659208684e-05
1.777258904963809618e+04 6.023334084682903004e-05
1.799758009650958047e+04 5.902262106129519748e-05
1.822541961697134320e+04 5.783623640912066634e-05
1.845614367379974647e+04 5.667369746876029565e-05
1.868978878633988643e+04 5.553452490953517026e-05
1.892639193628561407e+04 5.441824929936874602e-05
1.916599057353355238e+04 5.332441054606923360e-05
1.940862262211038615e+04 5.225255750410580808e-05
1.965432648617567975e+04 5.120224822785261542e-05
1.990314105610056504e+04 5.017305005303156630e-05
2.015510571462300140e+04 4.916453852034893856e-05
2.041026034308195085e+04 4.817629774354458948e-05
2.066864532772948951e+04 4.720792030796147474e-05
2.093030156612303472e+04 4.625900733039270028e-05
2.119527047359906646e+04 4.532916730080059268e-05
2.146359398982832499e+04 4.441801683148802009e-05
2.173531458545365240e+04 4.352518045569061345e-05
2.201047526881293743e+04 4.265029013462204972e-05
2.228911959274614856e+04 4.179298500815072375e-05
2.257129166148902732e+04 4.095291159086983721e-05
2.285703613765410046e+04 4.012972383129935694e-05
2.314639824929952010e+04 3.932308217966335248e-05
2.343942379708842054e+04 3.853265399559505468e-05
2.373615916153803846e+04 3.775811339780180945e-05
2.403665131036058301e+04 3.699914136406189785e-05
2.434094780589794755e+04 3.625542471070650874e-05
2.464909681264963365e+04 3.552665679150793129e-05
2.496114710489603749e+04 3.481253729693485394e-05
2.527714807441909215e+04 3.411277182986439959e-05
2.559714973831966927e+04 3.342707174900876299e-05
2.592120274693445390e+04 3.275515432400466644e-05
2.624935839185309305e+04 3.209674278102002615e-05
2.658166861403624716e+04 3.145156549345776603e-05
2.691818601203750950e+04 3.081935640901146609e-05
2.725896385032852777e+04 3.019985486382904425e-05
2.760405606772938700e+04 2.959280570978830994e-05
2.795351728594680390e+04 2.899795842120378667e-05
2.830740281821931057e+04 2.841506773387563874e-05
2.866576867807253075e+04 2.784389345035045066e-05
2.902867158818459939e+04 2.728420008723570514e-05
2.939616898936504731e+04 2.673575676857703758e-05
2.976831904964610658e+04 2.619833735705959750e-05
3.014518067348992190e+04 2.567172048998045365e-05
3.052681351111150070e+04 2.515568887568301430e-05
3.091327796792099980e+04 2.465002972417286347e-05
3.130463521408441375e+04 2.415453454252699497e-05
3.170094719420528418e+04 2.366899926129189735e-05
3.210227663713016591e+04 2.319322348145611207e-05
3.250868706587691850e+04 2.272701103531864252e-05
3.292024280768947938e+04 2.227016980707502604e-05
3.333700900421913684e+04 2.182251143654739784e-05
3.375905162183610810e+04 2.138385125583355521e-05
3.418643746207013464e+04 2.095400839296070010e-05
3.461923417218434770e+04 2.053280580466429960e-05
3.505751025588191260e+04 2.012006966436272908e-05
3.550133508414978132e+04 1.971562978446290203e-05
3.595077890623839630e+04 1.931931940773705465e-05
3.640591286078042322e+04 1.893097530729129886e-05
3.686680898705154686e+04 1.855043718742162737e-05
3.733354023637237697e+04 1.817754814957608245e-05
3.780618048365559662e+04 1.781215453630133932e-05
3.828480453909830248e+04 1.745410567980087077e-05
3.876948816002414969e+04 1.710325387447126242e-05
3.926030806287355517e+04 1.675945445313922009e-05
3.975734193534690712e+04 1.642256582003626762e-05
4.026066844870041677e+04 1.609244891841104483e-05
4.077036727019927639e+04 1.576896763595134139e-05
4.128651907572703931e+04 1.545198860100949109e-05
4.180920556255463453e+04 1.514139891057009305e-05
4.233850946227248642e+04 1.483705728281674691e-05
4.287451455388476461e+04 1.453883273808544995e-05
4.341730567707020964e+04 1.424660240549479624e-05
4.396696874561084405e+04 1.396024579235808388e-05
4.452359076098985679e+04 1.367964478567067773e-05
4.508725982616333204e+04 1.340468370257636793e-05
4.565806515950486209e+04 1.313524931583799626e-05
4.623609710892654402e+04 1.287123041332925928e-05
4.682144716618050006e+04 1.261251815791690857e-05
4.741420798133984499e+04 1.235900590379621995e-05
4.801447337746277481e+04 1.211058922408583452e-05
4.862233836544428777e+04 1.186716559872049851e-05
4.923789915905377711e+04 1.162863467814194382e-05
4.986125319016420690e+04 1.139489818369723244e-05
5.049249912417383166e+04 1.116585973398701747e-05
5.113173687562240957e+04 1.094142485977490348e-05
5.177906762400697335e+04 1.072150103497351266e-05
5.243459382979608927e+04 1.050599769129224253e-05
5.309841925064682437e+04 1.029482587358097930e-05
5.377064895782888198e+04 1.008789853189083924e-05
5.445138935285487969e+04 9.885130371056479069e-06
5.514074818432106258e+04 9.686437853072521381e-06
5.583883456496310828e+04 9.491738983795713512e-06
5.654575898892593250e+04 9.300953500339476259e-06
5.726163334925304662e+04 9.114002793673412129e-06
5.798657095559729350e+04 8.930809770033541422e-06
5.872068655215487524e+04 8.751298870921326098e-06
5.946409633582847891e+04 8.575396091917618314e-06
6.021691797461854730e+04 8.403028987337294518e-06
6.097927062624711107e+04 8.234126409699318923e-06
6.175127495701976295e+04 8.068618732635057767e-06
6.253305316092415887e+04 7.906437736697375675e-06
6.332472897897027724e+04 7.747516595244250523e-06
6.412642771877783525e+04 7.591789730425743861e-06
6.493827627440922515e+04 7.439192945814710164e-06
6.576040314645471517e+04 7.289663364809774022e-06
6.659293846237189427e+04 7.143139322363571502e-06
6.743601399708147801e+04 6.999560385108317354e-06
6.828976319382640941e+04 6.858867362895650594e-06
6.915432118529273430e+04 6.721002305129735696e-06
7.002982481499751157e+04 6.585908310272519921e-06
7.091641265895056131e+04 6.453529686788133271e-06
7.181422504758753348e+04 6.323811872034546444e-06
7.272340408798069984e+04 6.196701408451985595e-06
7.364409368633374106e+04 6.072145847656389373e-06
7.457643957075804065e+04 5.950093843969544202e-06
7.552058931433934777e+04 5.830495104195788640e-06
7.647669235849591496e+04 5.713300304956810367e-06
7.744490003663113748e+04 5.598461110222917488e-06
7.842536559808879974e+04 5.485930178752806733e-06
7.941824423240855685e+04 5.375661154945104493e-06
8.042369309388859256e+04 5.267608530817897130e-06
8.144187132646227838e+04 5.161727761087121861e-06
8.247294008888662211e+04 5.057975205609023733e-06
8.351706258024978160e+04 4.956308101920673081e-06
8.457440406580446870e+04 4.856684502355571218e-06
8.564513190312529332e+04 4.759063339814462825e-06
8.672941556859713455e+04 4.663404385864238119e-06
8.782742668424375006e+04 4.569668189268914502e-06
8.893933904488763073e+04 4.477816089823860619e-06
9.006532864566225908e+04 4.387810223761687677e-06
9.120557370986750175e+04 4.299613509450904512e-06
9.236025471717797336e+04 4.213189551748230427e-06
9.352955443221189489e+04 4.128502721008584223e-06
9.471365793345813290e+04 4.045518112789375532e-06
9.591275264256946684e+04 3.964201520442280473e-06
9.712702835403059726e+04 3.884519394592304389e-06
9.835667726519759162e+04 3.806438889319552103e-06
9.960189400671774638e+04 3.729927827256087601e-06
1.008628756733404443e+05 3.654954652409850003e-06
1.021398218551077880e+05 3.581488444378800696e-06
1.034329346689506492e+05 3.509498919890255367e-06
1.047424187906784064e+05 3.438956414725742163e-06
1.060684814873738505e+05 3.369831822483186913e-06
1.074113326502025302e+05 3.302096644877599201e-06
1.087711848276332457e+05 3.235722964233013759e-06
1.101482532590786868e+05 3.170683418236305011e-06
1.115427559089689457e+05 3.106951174318189391e-06
1.129549135012452170e+05 3.044499962099056161e-06
1.143849495542990771e+05 2.983304043933670271e-06
1.158330904163541127e+05 2.923338178996316395e-06
1.172995653012865514e+05 2.864577637363396772e-06
1.187846063249108702e+05 2.806998198381096644e-06
1.202884485417173128e+05 2.750576131841270898e-06
1.218113299820754619e+05 2.695288160328572642e-06
1.233534916899127275e+05 2.641111489689127866e-06
1.249151777608658886e+05 2.588023790276113835e-06
1.264966353809146240e+05 2.536003174925279121e-06
1.280981148655123543e+05 2.485028183070621992e-06
1.297198696991997276e+05 2.435077803620854652e-06
1.313621565757296048e+05 2.386131449672052413e-06
1.330252354387000960e+05 2.338168932006303906e-06
1.347093695226919663e+05 2.291170471839387955e-06
1.364148253949396894e+05 2.245116697250555534e-06
1.381418729975218885e+05 2.199988625259178354e-06
1.398907856900866609e+05 2.155767640060489272e-06
1.416618402931223682e+05 2.112435510026777411e-06
1.434553171317718516e+05 2.069974374879136010e-06
1.452715000802002032e+05 2.028366727269469592e-06
1.471106766065332922e+05 1.987595403097973532e-06
1.489731378183509514e+05 1.947643597668046693e-06
1.508591785087674798e+05 1.908494843885359974e-06
1.527690972030955018e+05 1.870132993679741011e-06
1.547031962060891674e+05 1.832542227911184895e-06
1.566617816498001921e+05 1.795707052582588391e-06
1.586451635420302046e+05 1.759612282451965701e-06
1.606536558153977094e+05 1.724243029736862405e-06
1.626875763770311896e+05 1.689584712172524424e-06
1.647472471588861372e+05 1.655623044148528738e-06
1.668329941686986713e+05 1.622344021593801471e-06
1.689451475415932946e+05 1.589733917272848691e-06
1.710840415923287219e+05 1.557779290340180272e-06
1.732500148682176659e+05 1.526466969044586596e-06
1.754434102027168265e+05 1.495784038066910363e-06
1.776645747696820763e+05 1.465717844916506099e-06
1.799138601383271453e+05 1.436255997107202881e-06
1.821916223288680485e+05 1.407386347509993444e-06
1.844982218688719149e+05 1.379096989751599059e-06
1.868340238503265718e+05 1.351376260512462511e-06
1.891993979874254437e+05 1.324212733281846704e-06
1.915947186750833353e+05 1.297595206318885299e-06
1.940203650482048397e+05 1.271512701187544357e-06
1.964767210416843009e+05 1.245954467476163291e-06
1.989641754511801701e+05 1.220909969334167930e-06
2.014831219946587516e+05 1.196368877020118688e-06
2.040339593747025647e+05 1.172321070852157254e-06
2.066170913416260155e+05 1.148756638912775361e-06
2.092329267573785037e+05 1.125665864469795097e-06
2.118818796602572547e+05 1.103039225476311141e-06
2.145643693304466433e+05 1.080867393319291911e-06
2.172808203563804855e+05 1.059141228280989840e-06
2.200316627019425796e+05 1.037851770291728319e-06
2.228173317745318345e+05 1.016990239255865595e-06
2.256382684939668397e+05 9.965480366717194504e-07
2.284949193622849707e+05 9.765167351068387274e-07
2.313877365344121936e+05 9.568880727815664408e-07
2.343171778897274926e+05 9.376539558408512830e-07
2.372837071045426128e+05 9.188064563284502753e-07
2.402877937254905701e+05 9.003378018390609820e-07
2.433299132438433298e+05 8.822403769541491886e-07
2.464105471707790857e+05 8.645067205461686081e-07
2.495301831135935790e+05 8.471295219595560322e-07
2.526893148528749880e+05 8.301016142843254884e-07
2.558884424206721596e+05 8.134159756090089050e-07
2.591280721796253929e+05 7.970657285646349597e-07
2.624087169031258672e+05 7.810441321208354089e-07
2.657308958564741188e+05 7.653445785310342101e-07
2.690951348790667835e+05 7.499605942556276721e-07
2.725019664676334942e+05 7.348858381265560677e-07
2.759519298605186632e+05 7.201140931877493843e-07
2.794455711230288725e+05 7.056392686588053941e-07
2.829834432338718907e+05 6.914553971678024720e-07
2.865661061726795742e+05 6.775566310237558811e-07
2.901941270086379373e+05 6.639372376831240094e-07
2.938680799902556464e+05 6.505916014411417355e-07
2.975885466362417792e+05 6.375142214509012155e-07
3.013561158275612397e+05 6.246997055346610837e-07
3.051713839006397175e+05 6.121427689195302422e-07
3.090349547417488066e+05 5.998382340335375840e-07
3.129474398825970129e+05 5.877810288461367962e-07
3.169094585971213528e+05 5.759661806254695647e-07
3.209216379995014868e+05 5.643888179716370361e-07
3.249846131434293347e+05 5.530441682336195876e-07
3.290990271226216573e+05 5.419275538758167682e-07
3.332655311726050568e+05 5.310343897052622873e-07
3.374847847738086712e+05 5.203601846193508232e-07
3.417574557559297536e+05 5.099005387332550606e-07
3.460842204036522307e+05 4.996511388734607486e-07
3.504657635636862833e+05 4.896077583456973546e-07
3.549027787531611975e+05 4.797662561207874657e-07
3.593959682694057701e+05 4.701225752559630340e-07
3.639460433011041605e+05 4.606727382807834689e-07
3.685537240408597863e+05 4.514128490415270096e-07
3.732197397991969483e+05 4.423390904346695783e-07
3.779448291199933738e+05 4.334477208879867202e-07
3.827297398973711533e+05 4.247350729663589199e-07
3.875752294940920547e+05 4.161975549602174096e-07
3.924820648614119273e+05 4.078316475611675451e-07
3.974510226604923373e+05 3.996339007284653794e-07
4.024828893853251939e+05 3.916009339564569339e-07
4.075784614872153616e+05 3.837294353480127748e-07
4.127385455008539720e+05 3.760161598137161152e-07
4.179639581719727721e+05 3.684579259890196993e-07
4.232555265866153641e+05 3.610516177135645989e-07
4.286140883020592155e+05 3.537941821040003165e-07
4.340404914793804055e+05 3.466826262828218408e-07
4.395355950176950428e+05 3.397140169222808386e-07
4.451002686901265988e+05 3.328854815678810407e-07
4.507353932814495056e+05 3.261942052233846028e-07
4.564418607275210670e+05 3.196374282876793975e-07
4.622205742564512766e+05 3.132124469867083252e-07
4.680724485315612983e+05 3.069166126424949682e-07
4.739984097961693187e+05 3.007473294790339663e-07
4.799993960201917216e+05 2.947020529242488322e-07
4.860763570486002136e+05 2.887782906500273906e-07
4.922302547517774510e+05 2.829736009502534755e-07
4.984620631777561503e+05 2.772855898867690663e-07
5.047727687063860940e+05 2.717119113154849249e-07
5.111633702054808382e+05 2.662502679717417744e-07
5.176348791888921987e+05 2.608984081951237363e-07
5.241883199766366743e+05 2.556541246760849901e-07
5.308247298570175190e+05 2.505152548912911452e-07
5.375451592508029426e+05 2.454796805803604551e-07
5.443506718775002519e+05 2.405453253367995189e-07
5.512423449237160385e+05 2.357101539427915673e-07
5.582212692136500264e+05 2.309721730081650046e-07
5.652885493817637907e+05 2.263294296511169090e-07
5.724453040476181777e+05 2.217800090129863891e-07
5.796926659929207526e+05 2.173220345999042653e-07
5.870317823408496333e+05 2.129536691546174795e-07
5.944638147375890985e+05 2.086731116050754555e-07
6.019899395362222567e+05 2.044785964215885781e-07
6.096113479829170974e+05 2.003683939753403144e-07
6.173292464054708835e+05 1.963408102117076497e-07
6.251448564042643411e+05 1.923941841591291958e-07
6.330594150456112111e+05 1.885268880145025229e-07
6.410741750575549668e+05 1.847373274371698409e-07
6.491904050281679956e+05 1.810239405101542205e-07
6.574093896063378779e+05 1.773851955805361219e-07
6.657324297050926834e+05 1.738195918316606784e-07
6.741608427075414220e+05 1.703256598324898877e-07
6.826959626753526973e+05 1.669019589497573455e-07
6.913391405599425780e+05 1.635470770306600946e-07
7.000917444162939209e+05 1.602596306783615442e-07
7.089551596194860758e+05 1.570382650984109495e-07
7.179307890839907341e+05 1.538816516219979776e-07
7.270200534857184393e+05 1.507884883187815744e-07
7.362243914868781576e+05 1.477575000257355656e-07
7.455452599637052044e+05 1.447874374961652538e-07
7.549841342370528728e+05 1.418770755976335733e-07
7.645425083058932796e+05 1.390252139844957745e-07
7.742218950838249875e+05 1.362306774168914753e-07
7.840238266384949675e+05 1.334923135550613114e-07
7.939498544341315283e+05 1.308089929065328438e-07
8.040015495770996204e+05 1.281796089940266556e-07
8.141805030645675724e+05 1.256030783462262076e-07
8.244883260363537120e+05 1.230783381030939092e-07
8.349266500299276086e+05 1.206043469821812332e-07
8.454971272386444034e+05 1.181800851287619855e-07
8.562014307732753223e+05 1.158045533259604103e-07
8.670412549268208677e+05 1.134767716316617120e-07
8.780183154426714173e+05 1.111957800221598191e-07
8.891343497862161603e+05 1.089606385538934682e-07
9.003911174198024673e+05 1.067704254786554224e-07
9.117904000812659506e+05 1.046242373969684068e-07
9.233340020659313304e+05 1.025211893155896723e-07
9.350237505121874856e+05 1.004604147529903141e-07
9.468614956907139858e+05 9.844106347196387771e-08
9.588491112973307027e+05 9.646230266588975425e-08
9.709884947495601373e+05 9.452331666899068510e-08
9.832815674869753420e+05 9.262330624942406472e-08
9.957302752753157401e+05 9.076148759045897239e-08
1.008336588514452218e+06 8.893709287227642212e-08
1.021102502550307079e+06 8.714937034215305681e-08
1.034030037990624085e+06 8.539758269245163191e-08
1.047121241024839459e+06 8.368100736772007638e-08
1.060378183747936971e+06 8.199893652134713596e-08
1.073802964488412021e+06 8.035067720783776691e-08
1.087397708140421426e+06 7.873554927076207836e-08
1.101164566500103101e+06 7.715288664827817442e-08
1.115105718606154202e+06 7.560203696745289747e-08
1.129223371084754355e+06 7.408236098230981004e-08
1.143519758498825366e+06 7.259323173799226294e-08
1.157997143701699795e+06 7.113403513572871975e-08
1.172657818195339758e+06 6.970416993806596462e-08
1.187504102492976468e+06 6.830304636550686075e-08
1.202538346486452501e+06 6.693008651204020332e-08
1.217762929818151053e+06 6.558472421663383060e-08
1.233180262257630471e+06 6.426640531005451902e-08
1.248792784083079547e+06 6.297458570314780113e-08
1.264602966467551189e+06 6.170873269313536644e-08
1.280613311870089266e+06 6.046832450799426562e-08
1.296826354431849439e+06 5.925284985713985301e-08
1.313244660377196968e+06 5.806180726141737181e-08
1.329870828419865575e+06 5.689470556547860285e-08
1.346707490174347069e+06 5.575106391332648145e-08
1.363757310572351795e+06 5.463041052948907518e-08
1.381022988284677500e+06 5.353228320522014176e-08
1.398507256148336455e+06 5.245622910273673889e-08
1.416212881599097047e+06 5.140180502496868503e-08
1.434142667109550675e+06 5.036857575304646203e-08
1.452299450632674620e+06 4.935611523274215688e-08
1.470686106051010080e+06 4.836400614611494108e-08
1.489305543631579028e+06 4.739183954123967037e-08
1.508160710486509139e+06 4.643921430724981153e-08
1.527254591039481340e+06 4.550573761717043620e-08
1.546590207498177653e+06 4.459102489512052945e-08
1.566170620332552353e+06 4.369469875509821944e-08
1.585998928759318078e+06 4.281638952729906568e-08
1.606078271232468309e+06 4.195573502216058569e-08
1.626411825940016424e+06 4.111238077617036925e-08
1.647002811307085445e+06 4.028597866403218094e-08
1.667854486505302833e+06 3.947618792859360314e-08
1.688970151968648890e+06 3.868267479672588539e-08
1.710353149915892864e+06 3.790923066816090958e-08
1.732006864879585803e+06 3.715636704189965587e-08
1.753934724241740070e+06 3.642449322952371802e-08
1.776140198776399018e+06 3.571409308385622662e-08
1.798626803198896348e+06 3.502571764982881226e-08
1.821398096722246613e+06 3.435997597237163509e-08
1.844457683620480355e+06 3.371752176838441021e-08
1.867809213799105491e+06 3.309903737324840936e-08
1.891456383372866316e+06 3.250521522827356406e-08
1.915402935250748182e+06 3.193673801304517351e-08
1.939652659728387604e+06 3.139425625900710305e-08
1.964209395088053541e+06 3.087836536696848211e-08
1.989077028206147719e+06 3.038958329045011777e-08
2.014259495168399764e+06 2.992832882392863507e-08
2.039760781892962987e+06 2.949490125884869796e-08
2.065584924761194037e+06 2.908946240083527220e-08
2.091736011256634025e+06 2.871202281285809904e-08
2.118218180611942895e+06 2.836243068767322161e-08
2.145035624464040156e+06 2.804036503199787611e-08
2.172192587517616805e+06 2.774533330786526339e-08
