8.924063071797805335e+00 1.679804262575388426e-04
9.030333217982962069e+00 2.021050082734138047e-04
9.137944483043236588e+00 2.448738585629660000e-04
9.246913791767939372e+00 2.983902661313507293e-04
9.357258282535610761e+00 3.675487636819943092e-04
9.468995310009466593e+00 4.548939042465458557e-04
9.582142447866814905e+00 5.640482811016024351e-04
9.696717491563120461e+00 7.030865881818811405e-04
9.812738461130752654e+00 8.796508115810060084e-04
9.930223604013079353e+00 1.099684367258102913e-03
1.004919139793447869e+01 1.374432127437437857e-03
1.016966055380638601e+01 1.721700843784011031e-03
1.029165001867013629e+01 2.147868998760989537e-03
1.041517897867681697e+01 2.667081405681660106e-03
1.054026686210492691e+01 3.309969604272718080e-03
1.066693334241594648e+01 4.084209900903829071e-03
1.079519834134846334e+01 5.018579128717009716e-03
1.092508203205151318e+01 6.140736648485342619e-03
1.105660484225731643e+01 7.485070717582847227e-03
1.118978745749400616e+01 9.053362930561494742e-03
1.132465082433913395e+01 1.087401865081221233e-02
1.146121615371401603e+01 1.298923277722878467e-02
1.159950492421964974e+01 1.541874413053468534e-02
1.173953888551496405e+01 1.816951613347787819e-02
1.188134006173742740e+01 2.124504631762528378e-02
1.202493075496699859e+01 2.470193162820985555e-02
1.217033354873364104e+01 2.853003808436714583e-02
1.231757131156933838e+01 3.272656245485718041e-02
1.246666720060470368e+01 3.729118337528584959e-02
1.261764466521101902e+01 4.226449441273667784e-02
1.277052745068840878e+01 4.766251753114547629e-02
1.292533960200037235e+01 5.350204475705909457e-02
1.308210546755542580e+01 5.978022978364558315e-02
1.324084970303669984e+01 6.652169728121831715e-02
1.340159727527961842e+01 7.372038989367976636e-02
1.356437346619865103e+01 8.137669475851788681e-02
1.372920387676349208e+01 8.948940101461558272e-02
1.389611443102564436e+01 9.807004824867013304e-02
1.406513138019561993e+01 1.071431130321702230e-01
1.423628130677155568e+01 1.166818472948457086e-01
1.440959112872021208e+01 1.266524361665192500e-01
1.458508810371046316e+01 1.370868731452198341e-01
1.476279983340021396e+01 1.480109019587084185e-01
1.494275426777768168e+01 1.593682541698377975e-01
1.512497970955718429e+01 1.710991967919538170e-01
1.530950481863057355e+01 1.831926186212182728e-01
1.549635861657462854e+01 1.956970809531373146e-01
1.568557049121569769e+01 2.086122818888090369e-01
1.587717020125163181e+01 2.218640018121286750e-01
1.607118788093205097e+01 2.353471626574070164e-01
1.626765404479793986e+01 2.490274847991218454e-01
1.646659959248084704e+01 2.628784447194584262e-01
1.666805581356254251e+01 2.769988873810678154e-01
1.687205439249635575e+01 2.914696934768477021e-01
1.707862741359034331e+01 3.061821259632443448e-01
1.728780736605326140e+01 3.209487954622338157e-01
1.749962714910466133e+01 3.356795279744425042e-01
1.771412007714897996e+01 3.503604043450899708e-01
1.793131988501519203e+01 3.650965755500940602e-01
1.815126073326247536e+01 3.799751875817217739e-01
1.837397721355298685e+01 3.948469665486423752e-01
1.859950435409231773e+01 4.097023053308412321e-01
1.882787762513845919e+01 4.246023391893690713e-01
1.905913294458073182e+01 4.393994324533049833e-01
1.929330668358871037e+01 4.539282032216989671e-01
1.953043567233243749e+01 4.681629890735057864e-01
1.977055720577526188e+01 4.822341445005051686e-01
2.001370904953932950e+01 4.962119678623406749e-01
2.025992944584508493e+01 5.100712282002133335e-01
2.050925711952623232e+01 5.238175563627143205e-01
2.076173128412005653e+01 5.373467187156826252e-01
2.101739164803487725e+01 5.505650702442511646e-01
2.127627842079512988e+01 5.635840319051175218e-01
2.153843231936566838e+01 5.764657167733673315e-01
2.180389457455544999e+01 5.891313592099591823e-01
2.207270693750208324e+01 6.014917222923035212e-01
2.234491168623862833e+01 6.135057911073600323e-01
2.262055163234269983e+01 6.252433716249223838e-01
2.289967012766994969e+01 6.367850805840826744e-01
2.318231107117201262e+01 6.481127506628446833e-01
2.346851891580120508e+01 6.591887337139250569e-01
2.375833867550175782e+01 6.700312094634339743e-01
2.405181593228929415e+01 6.806504822052175108e-01
2.434899684342022397e+01 6.910663083040493593e-01
2.464992814865101067e+01 7.012215964903321108e-01
2.495465717758913016e+01 7.110249302060892562e-01
2.526323185713725294e+01 7.205283971554639066e-01
2.557570071903083786e+01 7.297972316527747694e-01
2.589211290747104144e+01 7.387758177006027438e-01
2.621251818685410839e+01 7.474583668802197156e-01
2.653696694959809932e+01 7.559679420835296870e-01
2.686551022406854372e+01 7.643187959082106131e-01
2.719819968260376797e+01 7.724327255697773786e-01
2.753508764964214350e+01 7.802546945450445914e-01
2.787622710995134412e+01 7.877587011373045067e-01
2.822167171696148813e+01 7.949797922140858786e-01
2.857147580120390273e+01 8.019671195129099983e-01
2.892569437885591199e+01 8.087334330809698990e-01
2.928438316039349587e+01 8.152459325570238224e-01
2.964759855935351496e+01 8.214551291276795952e-01
3.001539770120619366e+01 8.274161440922354060e-01
3.038783843233948900e+01 8.332282866940458055e-01
3.076497932915721734e+01 8.388278208267543334e-01
3.114687970729167787e+01 8.440895681875847378e-01
3.153359963093273777e+01 8.490626263833203069e-01
3.192519992227427750e+01 8.538627775754569216e-01
3.232174217108051550e+01 8.584739184178680205e-01
3.272328874437249624e+01 8.628082652250377294e-01
3.312990279623675605e+01 8.668390236785982195e-01
3.354164827775849744e+01 8.705749179108149827e-01
3.395858994707924694e+01 8.740369636028140210e-01
3.438079337958208015e+01 8.772512898703018758e-01
3.480832497820474458e+01 8.802268950125741176e-01
3.524125198388394864e+01 8.829403167140934539e-01
3.567964248613007783e+01 8.853556775122569666e-01
3.612356543373675777e+01 8.874439116518672011e-01
3.657309064562462453e+01 8.892166049030503228e-01
3.702828882182228654e+01 8.907092529686759796e-01
3.748923155458560785e+01 8.919107853208544379e-01
3.795599133965801286e+01 8.927725299269427817e-01
3.842864158767206106e+01 8.932687302504549454e-01
3.891382413712102561e+01 8.933943794033292196e-01
3.938685850030908142e+01 8.931439381735979399e-01
3.986588166131635091e+01 8.925213250501382589e-01
4.035096944063749191e+01 8.914991719558865713e-01
4.084219861868357526e+01 8.900559108701714406e-01
4.133964694793565542e+01 8.881891000384265489e-01
4.184339316525093011e+01 8.859126383480167011e-01
4.235351700432597255e+01 8.832358233892115829e-01
4.287009920831641807e+01 8.801460190120662386e-01
4.339322154261778763e+01 8.766179816168795380e-01
4.392296680780683715e+01 8.726219717291392453e-01
4.445941885274764616e+01 8.681367877282526457e-01
4.500266258786355422e+01 8.631621872874870594e-01
4.555278399857631655e+01 8.577155027792133790e-01
4.610987015891671348e+01 8.518147440839172191e-01
4.667400924530605977e+01 8.454664739452798505e-01
4.724529055051357318e+01 8.386717781218051559e-01
4.782380449778905529e+01 8.314346639403928929e-01
4.840964265517600751e+01 8.237645500073087490e-01
4.900289775000431547e+01 8.156704927039861719e-01
4.960366368356812217e+01 8.071630117372328161e-01
5.021203554598790220e+01 7.982575226831328807e-01
5.082810963126183879e+01 7.889747831189016791e-01
5.145198345250759075e+01 7.793382925945295803e-01
5.208375575739621155e+01 7.693714374270098633e-01
5.272352654378281755e+01 7.590965737408651437e-01
5.337139707553357226e+01 7.485357761614604977e-01
5.402746989855477722e+01 7.377132046760745965e-01
5.469184885702307497e+01 7.266525723462524677e-01
5.536463910982293157e+01 7.153825819795014418e-01
5.604594714719051751e+01 7.039352288233213795e-01
5.673588080756998409e+01 6.923395411126881394e-01
5.743454929468148151e+01 6.806231186128476329e-01
5.814206319480648943e+01 6.688129006710555879e-01
5.885853449429188089e+01 6.569346758594477587e-01
5.958407659727446770e+01 6.450127661766971165e-01
6.031880434363173293e+01 6.330707171568478175e-01
6.106283402715794040e+01 6.211315632285926425e-01
6.181628341397211557e+01 6.092178964721555179e-01
6.257927176115747159e+01 5.973514240082259397e-01
6.335191983563844076e+01 5.855522248344348091e-01
6.413434993329484257e+01 5.738389265385183124e-01
6.492668589832014447e+01 5.622291464783768511e-01
6.572905314282272116e+01 5.507388385044769130e-01
6.654157866667678434e+01 5.393823982215845136e-01
6.736439107762417677e+01 5.281712710895855034e-01
6.819762061163052635e+01 5.171149962566509162e-01
6.904139915349885825e+01 5.062227166313947313e-01
6.989586025774468681e+01 4.955024277773557029e-01
7.076113916973571349e+01 4.849613742296905450e-01
7.163737284709782216e+01 4.746059565723061979e-01
7.252469998139376628e+01 4.644414661889015861e-01
7.342326102007457678e+01 4.544720160263481246e-01
7.433319818871086682e+01 4.447007125502040470e-01
7.525465551350352200e+01 4.351297096553575772e-01
7.618777884408071088e+01 4.257604254486115902e-01
7.713271587658356054e+01 4.165938010964937988e-01
7.808961617704346736e+01 4.076297437495770559e-01
7.905863120505524932e+01 3.988671822597112948e-01
8.003991433775067321e+01 3.903041128620107214e-01
8.103362089407582403e+01 3.819382417597711465e-01
8.203990815937392256e+01 3.737668991667972285e-01
8.305893541028207494e+01 3.657880197297925795e-01
8.409086393994063258e+01 3.579986099095248675e-01
8.513585708352390213e+01 3.503956214563370142e-01
8.619408024409217717e+01 3.429758300354606160e-01
8.726570091877248103e+01 3.357356094761694276e-01
8.835088872527045112e+01 3.286712781427191810e-01
8.944981542871744296e+01 3.217787357421693084e-01
9.056265496885733057e+01 3.150537877634563833e-01
9.168958348757848853e+01 3.084921902387644521e-01
9.283077935679409620e+01 3.020895029686735400e-01
9.398642320667399019e+01 2.958414933021734083e-01
9.515669795423642086e+01 2.897464429301044309e-01
9.634178883229917290e+01 2.837971071809897161e-01
9.754188341879968505e+01 2.779889690808252101e-01
9.875717166648401246e+01 2.723179370117443376e-01
9.998784593297348522e+01 2.667798327991740548e-01
1.012341010112115072e+02 2.613705568559653303e-01
1.024961341602954690e+02 2.560860907992056346e-01
1.037741451366988059e+02 2.509227306052329021e-01
1.050683362258889559e+02 2.458763628832922044e-01
1.063789122743463338e+02 2.409434657454907480e-01
1.077060807219859555e+02 2.361202617558598449e-01
1.090500516349932241e+02 2.314035762949530894e-01
1.104110377390718014e+02 2.267901173656949598e-01
1.117892544531157597e+02 2.222764758709329380e-01
1.131849199233050314e+02 2.178598322333905879e-01
1.145982550576343471e+02 2.135373161749658799e-01
1.160294835608795694e+02 2.093059282126341070e-01
1.174788319700054871e+02 2.051629545789722120e-01
1.189465296900218050e+02 2.011058223789988220e-01
1.204328090302943650e+02 1.971319550793559361e-01
1.219379052413161304e+02 1.932389083495229809e-01
1.234620565519411457e+02 1.894244824220068235e-01
1.250055042070938072e+02 1.856864310069518131e-01
1.265684925059514114e+02 1.820227421491542874e-01
1.281512688406144491e+02 1.784315474249316691e-01
1.297540837352619292e+02 1.749108480234368712e-01
1.313771908858061011e+02 1.714589032626008258e-01
1.330208472000476831e+02 1.680742031730573238e-01
1.346853128383397120e+02 1.647551090458940215e-01
1.363708512547651139e+02 1.615001160580042949e-01
1.380777292388372643e+02 1.583076089837618106e-01
1.398062169577289353e+02 1.551760680923195967e-01
1.415565879990322742e+02 1.521042081820159209e-01
1.433291194140654454e+02 1.490906258595488532e-01
1.451240917617219850e+02 1.461340797267495772e-01
1.469417891528808582e+02 1.432333277739514521e-01
1.487824992953730430e+02 1.403871712136127714e-01
1.506465135395233403e+02 1.375946140342635127e-01
1.525341269242628073e+02 1.348546209050371092e-01
1.544456382238306560e+02 1.321661770491961707e-01
1.563813499950625214e+02 1.295283051440289379e-01
1.583415686252804733e+02 1.269400376270420350e-01
1.603266043807894050e+02 1.244004176388401467e-01
1.623367714559842057e+02 1.219085485070317554e-01
1.643723880230836301e+02 1.194634918359261527e-01
1.664337762824881395e+02 1.170644267145909134e-01
1.685212625137812665e+02 1.147104135242606460e-01
1.706351771273707527e+02 1.124005989810093614e-01
1.727758547167891550e+02 1.101342620589639831e-01
1.749436341116510505e+02 1.079106394130082136e-01
1.771388584312861383e+02 1.057289859086559397e-01
1.793618751390465320e+02 1.035886195170675761e-01
1.816130360973046436e+02 1.014889094792773838e-01
1.838926976231470007e+02 9.942924792442800475e-02
1.862012205447722124e+02 9.740908243760297569e-02
1.885389702586028307e+02 9.542770098177011384e-02
1.909063167871209714e+02 9.348443224019403752e-02
1.933036348374375564e+02 9.157866177660714535e-02
1.957313038605988709e+02 8.970973131594010830e-02
1.981897081116495940e+02 8.787699595591867696e-02
2.006792367104501409e+02 8.607981738232482749e-02
2.032002837032703724e+02 8.431760896966031260e-02
2.057532481251569720e+02 8.258975357513530235e-02
2.083385340630943006e+02 8.089578339880348912e-02
2.109565507199652359e+02 7.923519580916457694e-02
2.136077124793189910e+02 7.760749456315881034e-02
2.162924389709599780e+02 7.601218067608381257e-02
2.190111551373679788e+02 7.444878630282074361e-02
2.217642913009600534e+02 7.291674695768531056e-02
2.245522832321997271e+02 7.141557689646756135e-02
2.273755722185744901e+02 6.994475371182361234e-02
2.302346051344403861e+02 6.850375724317868398e-02
2.331298345117572524e+02 6.709208308352633543e-02
2.360617186117127630e+02 6.570913060358223035e-02
2.390307214972588099e+02 6.435437706206048603e-02
2.420373131065640280e+02 6.302729863907031993e-02
2.450819693273961093e+02 6.172735561673048377e-02
2.481651720724446193e+02 6.045410079253558944e-02
2.512874093556002890e+02 5.920702358632518730e-02
2.544491753691993665e+02 5.798569493422419535e-02
2.576509705622422644e+02 5.678967627447818745e-02
2.608933017196092692e+02 5.561851140513544844e-02
2.641766820422707269e+02 5.447179527323761650e-02
2.675016312285218305e+02 5.334906910886259152e-02
2.708686755562373492e+02 5.224986174405368139e-02
2.742783479661732713e+02 5.117378529088174866e-02
2.777311881463228360e+02 5.012026166352168133e-02
2.812277426173373556e+02 4.908885579286037526e-02
2.847685648190300185e+02 4.807917046845075482e-02
2.883542151979758046e+02 4.709063024664968816e-02
2.919852612962216085e+02 4.612287606997065442e-02
2.956622778411134504e+02 4.517550423485128946e-02
2.993858468362701046e+02 4.424811785901016509e-02
3.031565576536988260e+02 4.334035290013703995e-02
3.069750071270864851e+02 4.245183887579940391e-02
3.108417996462630981e+02 4.158221569304783316e-02
3.147575472528675959e+02 4.073115103246393448e-02
3.187228697372238457e+02 3.989824448499015158e-02
3.227383947364405685e+02 3.908312192562078680e-02
3.268047578337536834e+02 3.828543517171592581e-02
3.309226026591282448e+02 3.750479245650530091e-02
3.350925809911356623e+02 3.674080364727684567e-02
3.393153528601129096e+02 3.599309620015071071e-02
3.435915866526389664e+02 3.526133575024986005e-02
3.479219592173221827e+02 3.454511611437159624e-02
3.523071559719389825e+02 3.384414498778047509e-02
3.567478710119173684e+02 3.315807372765616767e-02
3.612448072202016078e+02 3.248660456311278089e-02
3.657986763785071957e+02 3.182941540220715626e-02
3.704101992799811001e+02 3.118620011889614366e-02
3.750801058432886634e+02 3.055666993662182682e-02
3.798091352281475110e+02 2.994049448918921497e-02
3.845980359523249490e+02 2.933734923101616668e-02
3.894475660101098242e+02 2.874690634156098351e-02
3.943584929922945435e+02 2.816893171102385213e-02
3.993315942076639544e+02 2.760310252271014342e-02
4.043676568060363365e+02 2.704915627043568208e-02
4.094674779028479747e+02 2.650682491584870071e-02
4.146318647053245741e+02 2.597585364752579354e-02
4.198616346402492923e+02 2.545595834893832343e-02
4.251576154833436476e+02 2.494686363697698472e-02
4.305206454902884161e+02 2.444833922502924820e-02
4.359515735294049250e+02 2.396015326895713227e-02
4.414512592160180589e+02 2.348205600291730991e-02
4.470205730485114373e+02 2.301380140438483504e-02
4.526603965461182497e+02 2.255515971810528528e-02
4.583716223884421197e+02 2.210588584978767299e-02
4.641551545567589869e+02 2.166580837940986978e-02
4.700119084770941527e+02 2.123470218605313584e-02
4.759428111651203608e+02 2.081233104918395194e-02
4.819488013728887950e+02 2.039854628106093845e-02
4.880308297374141944e+02 1.999309302341327824e-02
4.941898589311413161e+02 1.959579062713358993e-02
5.004268638143203134e+02 1.920645723403378857e-02
5.067428315893116633e+02 1.882489541612215531e-02
5.131387619568350829e+02 1.845090505031291017e-02
5.196156672742113187e+02 1.808430593610696122e-02
5.261745727155930581e+02 1.772493073240776276e-02
5.328165164342364051e+02 1.737263129980899656e-02
5.395425497268175832e+02 1.702722136525066168e-02
5.463537371998331764e+02 1.668854052289685599e-02
5.532511569381124445e+02 1.635646168108210660e-02
5.602359006754552411e+02 1.603083502724209075e-02
5.673090739674307770e+02 1.571153221111390441e-02
5.744717963663684941e+02 1.539840317620974619e-02
5.817252015985674234e+02 1.509133953890730989e-02
5.890704377437335779e+02 1.479018399350605188e-02
5.965086674167116598e+02 1.449483645449048397e-02
6.040410679514943695e+02 1.420518043668533327e-02
6.116688315875818489e+02 1.392110516348254133e-02
6.193931656586844383e+02 1.364251302697674223e-02
6.272152927838225196e+02 1.336929534335689826e-02
6.351364510608492537e+02 1.310137426285074361e-02
6.431578942624145157e+02 1.283865388449412573e-02
6.512808920344120907e+02 1.258104839086801596e-02
6.595067300969433290e+02 1.232844831499746614e-02
6.678367104478264764e+02 1.208077860019562619e-02
6.762721515686699831e+02 1.183794721268611148e-02
6.848143886335749357e+02 1.159988621136074163e-02
6.934647737204563782e+02 1.136650180623683185e-02
7.022246760250625357e+02 1.113772665876274111e-02
7.110954820776902352e+02 1.091348651362688930e-02
7.200785959626369959e+02 1.069369975314945174e-02
7.291754395404591378e+02 1.047829303818995431e-02
7.383874526730133994e+02 1.026718968509312928e-02
7.477160934513677830e+02 1.006032573118560529e-02
7.571628384265769682e+02 9.857620197192142053e-03
7.667291828434121044e+02 9.658995795213634605e-03
7.764166408770208818e+02 9.464374726602517093e-03
7.862267458725831375e+02 9.273682940534556593e-03
7.961610505880323672e+02 9.086847812954835721e-03
8.062211274398155183e+02 8.903788357478896465e-03
8.164085687517716678e+02 8.724440577637633878e-03
8.267249870071831310e+02 8.548725341528092339e-03
8.371720151039911570e+02 8.376568475942541489e-03
8.477513066132556787e+02 8.207905481464956160e-03
8.584645360408886745e+02 8.042668864834862791e-03
8.693133990926835395e+02 7.880785537032324387e-03
8.802996129427345977e+02 7.722185751769437834e-03
8.914249165052244734e+02 7.566802963567581704e-03
9.026910707096500346e+02 7.414576105654276106e-03
9.140998587795655794e+02 7.265434066259226706e-03
9.256530865148272369e+02 7.119310729560932721e-03
9.373525825774022451e+02 6.976145205991181146e-03
9.492001987808356489e+02 6.835874130016485022e-03
9.611978103833456544e+02 6.698437261211259014e-03
9.733473163846426814e+02 6.563776134066944511e-03
9.856506398265115649e+02 6.431835659440749732e-03
9.981097280971773671e+02 6.302555709813140172e-03
1.010726553239564282e+03 6.175881839409276715e-03
1.023503112263423077e+03 6.051762813214533500e-03
1.036441427461405056e+03 5.930142800584771445e-03
1.049543546729182481e+03 5.810971463718489667e-03
1.062811543889577251e+03 5.694199177309495694e-03
1.076247519020797199e+03 5.579776596917505709e-03
1.089853598788863792e+03 5.467656155612796512e-03
1.103631936784207937e+03 5.357792236325388188e-03
1.117584713862548824e+03 5.250139467643437016e-03
1.131714138490084679e+03 5.144651323014466822e-03
1.146022447093036135e+03 5.041283142808057616e-03
1.160511904411658179e+03 4.939992705442285137e-03
1.175184803858691794e+03 4.840739225892013581e-03
1.190043467882355117e+03 4.743481315698820297e-03
1.205090248333973250e+03 4.648178187045911083e-03
1.220327526840217615e+03 4.554789589101197571e-03
1.235757715180058312e+03 4.463275873725419327e-03
1.251383255666534751e+03 4.373599422454064502e-03
1.267206621533307725e+03 4.285723402044065537e-03
1.283230317326131626e+03 4.199611729997784239e-03
1.299456879299283628e+03 4.115229003592898310e-03
1.315888875816983955e+03 4.032540543351286096e-03
1.332528907759952290e+03 3.951512378064772103e-03
1.349379608937062585e+03 3.872111232811447333e-03
1.366443646502212005e+03 3.794304442193968587e-03
1.383723721376511776e+03 3.718060032919364745e-03
1.401222568675772663e+03 3.643346678258984998e-03
1.418942958143434907e+03 3.570133669216623597e-03
1.436887694588943305e+03 3.498390891377083783e-03
1.455059618331730690e+03 3.428088858378329495e-03
1.473461605650767297e+03 3.359198683497208356e-03
1.492096569239829932e+03 3.291692024458411133e-03
1.510967458668508698e+03 3.225541120841197030e-03
1.530077260849100639e+03 3.160718779229126831e-03
1.549429000509368962e+03 3.097198359329801816e-03
1.569025740671276708e+03 3.034953714763848759e-03
1.588870583135851120e+03 2.973959251713332880e-03
1.608966668974110917e+03 2.914189894083627202e-03
1.629317179024254301e+03 2.855621058068442877e-03
1.649925334395100208e+03 2.798228639805090245e-03
1.670794396975969903e+03 2.741989037822610293e-03
1.691927669952958695e+03 2.686879129107542456e-03
1.713328498331777610e+03 2.632876227090072147e-03
1.735000269467185717e+03 2.579958112973304574e-03
1.756946413599180460e+03 2.528103021638396664e-03
1.779170404395923924e+03 2.477289627297804553e-03
1.801675759503537620e+03 2.427497004715287870e-03
1.824466041102924009e+03 2.378704669183200320e-03
1.847544856473566142e+03 2.330892550429620059e-03
1.870915858564497512e+03 2.284040970750676226e-03
1.894582746572504902e+03 2.238130639545446617e-03
1.918549266527616510e+03 2.193142668149751593e-03
1.942819211886066569e+03 2.149058549271516856e-03
1.967396424130714195e+03 2.105860125823305097e-03
1.992284793379051507e+03 2.063529616507085544e-03
2.017488258998983838e+03 2.022049602828452676e-03
2.043010810232339281e+03 1.981403015390291542e-03
2.068856486826261062e+03 1.941573109379310987e-03
2.095029379672678715e+03 1.902543491224964597e-03
2.121533631455785780e+03 1.864298098820111726e-03
2.148373437307760014e+03 1.826821183342006464e-03
2.175553045472778649e+03 1.790097307931928696e-03
2.203076757979409194e+03 1.754111357230935626e-03
2.230948931321585405e+03 1.718848519699890144e-03
2.259173977148142058e+03 1.684294265537695156e-03
2.287756362961064951e+03 1.650434365809366841e-03
2.316700612822665335e+03 1.617254881901832855e-03
2.346011308071633721e+03 1.584742152754876118e-03
2.375693088048150457e+03 1.552882780116339153e-03
2.405750650828265861e+03 1.521663645828764521e-03
2.436188753967476259e+03 1.491071896599809000e-03
2.467012215253766954e+03 1.461094929365582126e-03
2.498225913470193518e+03 1.431720392259303856e-03
2.529834789167060990e+03 1.402936190502222747e-03
2.561843845443979717e+03 1.374730471518961035e-03
2.594258148741731475e+03 1.347091609301694732e-03
2.627082829644169124e+03 1.320008218500502749e-03
2.660323083690351268e+03 1.293469146055249057e-03
2.693984172196860982e+03 1.267463459729173490e-03
2.728071423090561439e+03 1.241980439895048940e-03
2.762590231751949432e+03 1.217009590328900145e-03
2.797546061869125879e+03 1.192540626261992314e-03
2.832944446302579763e+03 1.168563462979766788e-03
2.868790987960974689e+03 1.145068217860097971e-03
2.905091360687925317e+03 1.122045213891023499e-03
2.941851310160127468e+03 1.099484967071085286e-03
2.979076654796771436e+03 1.077378175601801909e-03
3.016773286680447654e+03 1.055715730189612156e-03
3.054947172489817603e+03 1.034488707249561074e-03
3.093604354444005367e+03 1.013688359026328201e-03
3.132750951258928581e+03 9.933061096154579932e-04
3.172393159115847084e+03 9.733335613425731728e-04
3.212537252642054227e+03 9.537624851929070446e-04
3.253189585904055093e+03 9.345848122563615856e-04
3.294356593413304381e+03 9.157926360678598577e-04
3.336044791144611736e+03 8.973782146299364359e-04
3.378260777567595596e+03 8.793339597019299509e-04
3.421011234691044592e+03 8.616524295691531127e-04
3.464302929120517547e+03 8.443263365145169423e-04
3.508142713129455387e+03 8.273485411670469325e-04
3.552537525743738570e+03 8.107120442845653805e-04
3.597494393839937402e+03 7.944099854090375069e-04
3.643020433257651803e+03 7.784356463137393541e-04
3.689122849925743594e+03 7.627824431706228554e-04
3.735808941002907432e+03 7.474439204199849994e-04
3.783086096032716796e+03 7.324137530599813531e-04
3.830961798113168243e+03 7.176857475318487289e-04
3.879443625081217306e+03 7.032538326294740863e-04
3.928539250712167814e+03 6.891120552184037138e-04
3.978256445934225667e+03 6.752545852712333024e-04
4.028603080058614069e+03 6.616757111606718245e-04
4.079587122025064218e+03 6.483698330446207919e-04
4.131216641663121663e+03 6.353314630615670023e-04
4.183499810969537975e+03 6.225552268890762169e-04
4.236444905401687720e+03 6.100358571995011421e-04
4.290060305187429549e+03 5.977681894761163696e-04
4.344354496651565569e+03 5.857471643498039088e-04
4.399336073558997668e+03 5.739678271133259518e-04
4.455013738475056925e+03 5.624253204716314061e-04
4.511396304142926965e+03 5.511148824325476153e-04
4.568492694878459588e+03 5.400318493523668202e-04
4.626311947982853781e+03 5.291716520049418370e-04
4.684863215173037133e+03 5.185298104316549399e-04
4.744155764030145292e+03 5.081019349474073148e-04
4.804198979466537821e+03 4.978837265332633098e-04
4.865002365211158576e+03 4.878709712661104020e-04
4.926575545313850853e+03 4.780595377249632146e-04
4.988928265668652784e+03 4.684453791112769901e-04
5.052070395556328549e+03 4.590245319140164558e-04
5.116011929206621062e+03 4.497931102525547340e-04
5.180762987380074264e+03 4.407473051052066839e-04
5.246333818969908862e+03 4.318833860455732602e-04
5.312734802624363510e+03 4.231976978737799714e-04
5.379976448389364123e+03 4.146866567541287216e-04
5.448069399372026055e+03 4.063467515606974403e-04
5.517024433425369352e+03 3.981745435954369468e-04
5.586852464854179743e+03 3.901666617722917012e-04
5.657564546142562904e+03 3.823198012889949507e-04
5.729171869703353877e+03 3.746307253988929000e-04
5.801685769649602662e+03 3.670962635926848126e-04
5.875117723588678018e+03 3.597133072905866970e-04
5.949479354438889459e+03 3.524788098435284824e-04
6.024782432269108540e+03 3.453897874341772529e-04
6.101038876161908775e+03 3.384433161272316090e-04
6.178260756100045910e+03 3.316365291381118607e-04
6.256460294876857006e+03 3.249666180972666661e-04
6.335649870031022147e+03 3.184308325666038468e-04
6.415842015805634219e+03 3.120264758387995396e-04
6.497049425132149736e+03 3.057509044944578254e-04
6.579284951639458086e+03 2.996015297418617388e-04
6.662561611688282028e+03 2.935758154749275144e-04
6.746892586431577001e+03 2.876712750452405207e-04
6.832291223900796467e+03 2.818854716627042299e-04
6.918771041118537141e+03 2.762160187857629024e-04
7.006345726238218958e+03 2.706605774961995023e-04
7.095029140710556931e+03 2.652168547083815745e-04
7.184835321477530670e+03 2.598826041957659179e-04
7.275778483194277214e+03 2.546556260736518589e-04
7.367873020478973558e+03 2.495337632146061766e-04
7.461133510191182722e+03 2.445149013169797478e-04
7.555574713739214531e+03 2.395969698656671488e-04
7.651211579416380118e+03 2.347779402559481388e-04
7.748059244767283417e+03 2.300558234254415798e-04
7.846133038983680308e+03 2.254286704159545328e-04
7.945448485330716721e+03 2.208945724705362154e-04
8.046021303604174136e+03 2.164516586706919277e-04
8.147867412618533308e+03 2.120980948978187710e-04
8.251002932726509243e+03 2.078320845895548414e-04
8.355444188370796837e+03 2.036518682635027138e-04
8.461207710667842548e+03 1.995557204555249329e-04
8.568310240024387895e+03 1.955419501180491817e-04
8.676768728787234068e+03 1.916089013071182534e-04
8.786600343926345886e+03 1.877549513877895047e-04
8.897822469752256438e+03 1.839785093770122015e-04
9.010452710667590509e+03 1.802780165217852395e-04
9.124508893953414372e+03 1.766519462451817378e-04
9.240009072591154109e+03 1.730988020051800155e-04
9.356971528119969662e+03 1.696171168428060459e-04
9.475414773530250386e+03 1.662054538727627769e-04
9.595357556194105200e+03 1.628624058864501555e-04
9.716818860832607243e+03 1.595865927356289709e-04
9.839817912520693426e+03 1.563766619295902771e-04
9.964374179730262767e+03 1.532312891258241501e-04
1.009050737741142802e+04 1.501491764303342926e-04
1.021823747011334672e+04 1.471290513154362958e-04
1.034758467514404401e+04 1.441696671204611762e-04
1.047856946577038980e+04 1.412698029875464833e-04
1.061121257445883930e+04 1.384282618338069520e-04
1.074553499615685541e+04 1.356438704019037795e-04
1.088155799161596406e+04 1.329154795184931336e-04
1.101930309075712285e+04 1.302419637135801447e-04
1.115879209607837220e+04 1.276222190684454371e-04
1.130004708610578200e+04 1.250551639004335910e-04
1.144309041888818319e+04 1.225397390929245712e-04
1.158794473553577882e+04 1.200749065103719920e-04
1.173463296380408974e+04 1.176596483709213439e-04
1.188317832172293674e+04 1.152929676308187803e-04
1.203360432127119566e+04 1.129738879593701942e-04
1.218593477209860430e+04 1.107014518123372680e-04
1.234019378529431378e+04 1.084747208618538027e-04
1.249640577720299734e+04 1.062927760772620163e-04
1.265459547328984081e+04 1.041547172976466464e-04
1.281478791205394373e+04 1.020596615702917874e-04
1.297700844899145341e+04 1.000067438196391734e-04
1.314128276060895587e+04 9.799511705768255694e-05
1.330763684848737103e+04 9.602395092399991473e-05
1.347609704339786003e+04 9.409243140986581807e-05
1.364669000946930100e+04 9.219976111806390867e-05
1.381944274840859543e+04 9.034515928583558260e-05
1.399438260377482766e+04 8.852785997845394209e-05
1.417153726530712993e+04 8.674711277840125678e-05
1.435093477330727183e+04 8.500218271956675527e-05
1.453260352307822359e+04 8.329234984827639445e-05
1.471657226941841327e+04 8.161690796837627873e-05
1.490287013117313290e+04 7.997516524838003548e-05
1.509152659584357025e+04 7.836644434794719195e-05
1.528257152425387721e+04 7.679008110308679967e-05
1.547603515527795753e+04 7.524542449877513609e-05
1.567194811062558256e+04 7.373183681428460321e-05
1.587034139968897944e+04 7.224869369366932359e-05
1.607124642445143945e+04 7.079538247104107378e-05
1.627469498445752288e+04 6.937130302521091847e-05
1.648071928184613353e+04 6.797586759869216099e-05
1.668935192644783456e+04 6.660850036999269648e-05
1.690062594094624365e+04 6.526863653038439015e-05
1.711457476610487356e+04 6.395572280879894568e-05
1.733123226606029129e+04 6.266921753338973130e-05
1.755063273368194132e+04 6.140858947779111610e-05
1.777281089600042833e+04 6.017331799753890639e-05
1.799780191970398300e+04 5.896289307816114943e-05
1.822564141670450408e+04 5.777681543770705363e-05
1.845636544977463564e+04 5.661459502839358591e-05
1.869001053825571944e+04 5.547575192944205084e-05
1.892661366383779023e+04 5.435981610997599786e-05
1.916621227641361838e+04 5.326632702605421416e-05
1.940884430000598513e+04 5.219483296066179163e-05
1.965454813877049673e+04 5.114489145555475039e-05
1.990336268307428327e+04 5.011606934101163734e-05
2.015532731565124777e+04 4.910794171940575990e-05
2.041048191783624497e+04 4.812009221954495486e-05
2.066886687587719643e+04 4.715211296223056469e-05
2.093052308732730307e+04 4.620360467947821258e-05
2.119549196751877753e+04 4.527417542371875789e-05
2.146381545611804904e+04 4.436344139790913786e-05
2.173553602376358685e+04 4.347102671968543539e-05
2.201069667878884138e+04 4.259656304392247015e-05
2.228934097402930638e+04 4.173968910959856824e-05
2.257151301371617592e+04 4.090005107911618164e-05
2.285725746045737833e+04 4.007730255636101003e-05
2.314661954230640913e+04 3.927110368921098247e-05
2.343964505992169143e+04 3.848112150409678197e-05
2.373638039381568160e+04 3.770702980529609942e-05
2.403687251169574665e+04 3.694850930814299510e-05
2.434116897589889049e+04 3.620524653015197490e-05
2.464931795091965250e+04 3.547693454821698137e-05
2.496136821103340844e+04 3.476327277311892420e-05
2.527736914801700186e+04 3.406396660350763909e-05
2.559737077896615665e+04 3.337872712511198400e-05
2.592142375421234101e+04 3.270727137233032521e-05
2.624957936533991597e+04 3.204932234398688844e-05
2.658188955330420140e+04 3.140460821013143486e-05
2.691840691665337363e+04 3.077286269656852254e-05
2.725918471985359065e+04 3.015382493384044277e-05
2.760427690171938957e+04 2.954723960055840844e-05
2.795373808395185188e+04 2.895285597328732679e-05
2.830762357978382352e+04 2.837042860711423128e-05
2.866598940273515836e+04 2.779971712525402196e-05
2.902889227547814517e+04 2.724048590976171718e-05
2.939638963881640666e+04 2.669250390732542721e-05
2.976853966077618679e+04 2.615554482977589193e-05
3.014540124581355485e+04 2.562938717166796419e-05
3.052703404413738463e+04 2.511381350934310911e-05
3.091349846115161199e+04 2.460861091170638020e-05
3.130485566701592688e+04 2.411357075900626143e-05
3.170116760632749720e+04 2.362848887141230344e-05
3.210249700792642034e+04 2.315316472554717771e-05
3.250890739482400750e+04 2.268740204203231032e-05
3.292046309425757499e+04 2.223100859749811128e-05
3.333722924787171360e+04 2.178379594704561308e-05
3.375927182202982658e+04 2.134557931427336416e-05
3.418665761825480149e+04 2.091617773646263021e-05
3.461945428380278463e+04 2.049541408778484661e-05
3.505773032236989093e+04 2.008311446045889999e-05
3.550155510493594193e+04 1.967910858364964598e-05
3.595099888074412593e+04 1.928322962966081455e-05
3.640613278841979627e+04 1.889531430458743044e-05
3.686702886723122356e+04 1.851520224116083140e-05
3.733376006849149417e+04 1.814273647793229955e-05
3.780640026710568054e+04 1.777776330038337529e-05
3.828502427326320321e+04 1.742013199113749122e-05
3.876970784427988110e+04 1.706969478493077565e-05
3.926052769658825855e+04 1.672630696597610469e-05
3.975756151788071293e+04 1.638982689799721340e-05
4.026088797940535005e+04 1.606011547867262654e-05
4.077058674841916218e+04 1.573703655320018627e-05
4.128673850079740077e+04 1.542045671671532451e-05
4.180942493380257656e+04 1.511026601041156159e-05
4.233872877901660104e+04 1.480632091320613475e-05
4.287473381543500000e+04 1.450848949088687555e-05
4.341752488272780465e+04 1.421664885467026728e-05
4.396718789466816088e+04 1.393067849103727145e-05
4.452380985273033002e+04 1.365046026579518624e-05
4.508747885986129404e+04 1.337587848088258630e-05
4.565828413442548481e+04 1.310681990020072923e-05
4.623631602432567888e+04 1.284317329570505024e-05
4.682166602130458341e+04 1.258482981937338234e-05
4.741442677542576712e+04 1.233168282146071251e-05
4.801469210973777081e+04 1.208362786673229883e-05
4.862255703512580658e+04 1.184056242851425176e-05
4.923811776534935780e+04 1.160238615425431956e-05
4.986147173227136955e+04 1.136900076881727683e-05
5.049271760127991729e+04 1.114030988576406613e-05
5.113195528690448555e+04 1.091621903678507821e-05
5.177928596863167331e+04 1.069663569913313347e-05
5.243481210691951856e+04 1.048146931189039224e-05
5.309863745941437810e+04 1.027063092157409459e-05
5.377086709737515775e+04 1.006403348423009696e-05
5.445160742230350297e+04 9.861591716319997793e-06
5.514096618278457026e+04 9.663222084981818903e-06
5.583905249154280318e+04 9.468842605495403469e-06
5.654597684271174512e+04 9.278373025892562505e-06
5.726185112932336779e+04 9.091734754129519164e-06
5.798678866101885797e+04 8.908850701893965507e-06
5.872090418198260159e+04 8.729645325717019547e-06
5.946431388910532405e+04 8.554044636297025120e-06
6.021713545037533913e+04 8.381976205191889745e-06
6.097948802350242477e+04 8.213368898408904777e-06
6.175149227477973182e+04 8.048153105880156925e-06
6.253327039818234334e+04 7.886260629198743155e-06
6.332494613470749755e+04 7.727624655462200150e-06
6.412664479196200409e+04 7.572179626120228386e-06
6.493849326399518031e+04 7.419861364216332984e-06
6.576062005138408858e+04 7.270607018002162630e-06
6.659315528157287918e+04 7.124354934531927510e-06
6.743623072946873435e+04 6.981044703889171786e-06
6.828997983830084559e+04 6.840617158023648286e-06
6.915453774074133253e+04 6.703014369872996154e-06
7.003004128029316780e+04 6.568179457061358622e-06
7.091662903295189608e+04 6.436056751153454009e-06
7.181444132913874637e+04 6.306591715663023948e-06
7.272362027591132210e+04 6.179730911852941317e-06
7.364430977945850464e+04 6.055421916180574677e-06
7.457665556787667447e+04 5.933613407198515158e-06
7.552080521423635946e+04 5.814255120541370314e-06
7.647690815994045988e+04 5.697297748823129200e-06
7.744511573837675678e+04 5.582692983910000098e-06
7.842558119887327484e+04 5.470393510275564095e-06
7.941845973095367663e+04 5.360352998961580100e-06
8.042390848889996414e+04 5.252525964031042760e-06
8.144208661662912345e+04 5.146867886784309718e-06
8.247315527288155863e+04 5.043335155404406777e-06
8.351727765672866371e+04 4.941885028853962914e-06
8.457461903340608114e+04 4.842475586852664834e-06
8.564534676047120593e+04 4.745065788659437687e-06
8.672963031429148396e+04 4.649615436010704811e-06
8.782764131687296322e+04 4.556085095606241939e-06
8.893955356302026485e+04 4.464436136885809042e-06
9.006554304784875421e+04 4.374630723175166592e-06
9.120578799463991891e+04 4.286631800238100024e-06
9.236046888304981985e+04 4.200402996049880832e-06
9.352976847767783329e+04 4.115908708758964059e-06
9.471387185699377733e+04 4.033114062458292211e-06
9.591296644263115013e+04 3.951984872814153451e-06
9.712724202905506536e+04 3.872487618361973982e-06
9.835689081360184355e+04 3.794589479885097452e-06
9.960210742689871404e+04 3.718258309436640301e-06
1.008630889636747743e+05 3.643462570199312670e-06
1.021400350139515649e+05 3.570171371096339142e-06
1.034331476946391631e+05 3.498354455810731123e-06
1.047426316815258469e+05 3.427982186708228398e-06
1.060686942416730890e+05 3.359025480391617681e-06
1.074115452662248135e+05 3.291455866064680230e-06
1.087713973036279349e+05 3.225245453540202966e-06
1.101484655932729656e+05 3.160366902560081327e-06
1.115429680995675735e+05 3.096793407677420584e-06
1.129551255464302085e+05 3.034498724399397579e-06
1.143851614522294549e+05 2.973457142721742964e-06
1.158333021651655727e+05 2.913643441239669109e-06
1.172997768990911864e+05 2.855032917914666473e-06
1.187848177697968786e+05 2.797601377849521030e-06
1.202886598317486933e+05 2.741325115894000989e-06
1.218115411152916931e+05 2.686180876637830511e-06
1.233537026643284626e+05 2.632145892148218691e-06
1.249153885744706495e+05 2.579197858466306327e-06
1.264968460316724813e+05 2.527314909485349995e-06
1.280983253513616073e+05 2.476475610165835672e-06
1.297200800180525694e+05 2.426658973768555906e-06
1.313623667254718021e+05 2.377844438755304753e-06
1.330254454171906400e+05 2.330011834755714404e-06
1.347095793277627381e+05 2.283141408839799359e-06
1.364150350243951252e+05 2.237213813016840677e-06
1.381420824491386302e+05 2.192210087427380438e-06
1.398909949616131780e+05 2.148111636743587872e-06
1.416620493822787248e+05 2.104900253717757852e-06
1.434555260362490953e+05 2.062558101551522536e-06
1.452717087976602488e+05 2.021067692512255586e-06
1.471108851346084557e+05 1.980411885977026609e-06
1.489733461546435137e+05 1.940573899645560206e-06
1.508593866508493957e+05 1.901537289294388185e-06
1.527693051485080214e+05 1.863285924672793388e-06
1.547034039523423708e+05 1.825804010121579607e-06
1.566619891943726398e+05 1.789076073423994067e-06
1.586453708823685301e+05 1.753086950328744588e-06
1.606538629489162413e+05 1.717821771726721848e-06
1.626877833011114853e+05 1.683265977595031092e-06
1.647474538708766631e+05 1.649405303429947471e-06
1.668332006659142789e+05 1.616225763225421140e-06
1.689453538213148713e+05 1.583713650688166985e-06
1.710842476518026670e+05 1.551855545365540152e-06
1.732502207046555704e+05 1.520638295863436586e-06
1.754436158132949786e+05 1.490049003395732643e-06
1.776647801515409956e+05 1.460075036446912028e-06
1.799140652885711461e+05 1.430704022045098891e-06
1.821918272445648327e+05 1.401923831875824255e-06
1.844984265470519895e+05 1.373722576332545793e-06
1.868342282879829290e+05 1.346088612091660717e-06
1.891996021815129207e+05 1.319010531367977765e-06
1.915949226225182356e+05 1.292477148827332464e-06
1.940205687458644970e+05 1.266477504441403474e-06
1.964769244864064385e+05 1.241000866137878355e-06
1.989643786397625227e+05 1.216036716003127537e-06
2.014833249238584831e+05 1.191574739345949756e-06
2.040341620412357734e+05 1.167604835027093953e-06
2.066172937421672395e+05 1.144117108397026149e-06
2.092331288885601971e+05 1.121101859414167156e-06
2.118820815186692053e+05 1.098549580902864077e-06
2.145645709126354777e+05 1.076450962018272383e-06
2.172810216588491458e+05 1.054796879480785486e-06
2.200318637211496825e+05 1.033578387929579478e-06
2.228175325068911770e+05 1.012786723313997313e-06
2.256384689358468167e+05 9.924133034276966818e-07
2.284951195100079931e+05 9.724497165109507396e-07
2.313879363842541352e+05 9.528877142846296697e-07
2.343173774379170500e+05 9.337192191457062883e-07
2.372839063472607813e+05 9.149363182649758842e-07
2.402879926588699454e+05 8.965312538677393963e-07
2.433301118639675551e+05 8.784964236854292051e-07
2.464107454736822401e+05 8.608243821880005662e-07
2.495303810952595086e+05 8.435078330248710990e-07
2.526895125092366943e+05 8.265396223356798918e-07
2.558886397476112179e+05 8.099127421077177339e-07
2.591282691729711369e+05 7.936203293034827573e-07
2.624089135586548946e+05 7.776556564763326389e-07
2.657310921699095052e+05 7.620121278606227623e-07
2.690953308460775297e+05 7.466832840592186288e-07
2.725021620838337694e+05 7.316627970459022605e-07
2.759521251214669901e+05 7.169444625549589397e-07
2.794457660242276615e+05 7.025222014165801311e-07
2.829836377707665670e+05 6.883900598073599234e-07
2.865663003406579373e+05 6.745422023945952194e-07
2.901943208030292881e+05 6.609729081131526789e-07
2.938682734063303214e+05 6.476765732438666051e-07
2.975887396692101029e+05 6.346477094258953486e-07
3.013563084725728841e+05 6.218809361714220130e-07
3.051715761527830618e+05 6.093709792516052219e-07
3.090351465960500063e+05 5.971126733261078829e-07
3.129476313340191846e+05 5.851009577017864859e-07
3.169096496405639336e+05 5.733308705983542834e-07
3.209218286297992454e+05 5.617975507743351480e-07
3.249848033553517307e+05 5.504962372783056658e-07
3.290992169108718517e+05 5.394222631848531341e-07
3.332657205318192719e+05 5.285710533243813612e-07
3.374849736985551426e+05 5.179381268764309951e-07
3.417576442407079157e+05 5.075190947543632316e-07
3.460844084428919014e+05 4.973096538037858367e-07
3.504659511517467909e+05 4.873055865306204181e-07
3.549029658843304496e+05 4.775027624286519760e-07
3.593961549378993222e+05 4.678971342771697016e-07
3.639462295010644011e+05 4.584847340145625414e-07
3.685539097663548891e+05 4.492616743074906136e-07
3.732199250442199991e+05 4.402241481040410761e-07
3.779450138784613227e+05 4.313684228925666036e-07
3.827299241631241166e+05 4.226908399368903394e-07
3.875754132608920918e+05 4.141878163084663678e-07
3.924822481229420519e+05 4.058558419791461686e-07
3.974512054103556438e+05 3.976914754645188107e-07
4.024830716170437518e+05 3.896913442471248227e-07
4.075786431942293420e+05 3.818521454021605961e-07
4.127387266765203676e+05 3.741706421565031221e-07
4.179641388095644652e+05 3.666436611975364992e-07
4.232557066793201957e+05 3.592680939745614647e-07
4.286142678429787047e+05 3.520408961968769157e-07
4.340406704615287017e+05 3.449590826962250756e-07
4.395357734339978779e+05 3.380197276561786574e-07
4.451004465334202396e+05 3.312199660873281503e-07
4.507355705444792984e+05 3.245569909265388768e-07
4.564420374029407394e+05 3.180280498565505401e-07
4.622207503368214238e+05 3.116304460128985864e-07
4.680726240093483939e+05 3.053615383015473787e-07
4.739985846637444338e+05 2.992187380485352824e-07
4.799995702698292444e+05 2.931995075485648641e-07
4.860765306724769180e+05 2.873013610025311980e-07
4.922304277419709251e+05 2.815218640132131656e-07
4.984622355262437486e+05 2.758586291887772135e-07
5.047729404050435405e+05 2.703093168399109852e-07
5.111635412460810039e+05 2.648716360210452424e-07
5.176350495631038793e+05 2.595433418216554196e-07
5.241884896760230768e+05 2.543222331149419646e-07
5.308248988730350975e+05 2.492061533193304821e-07
5.375453275748001179e+05 2.441929905682995093e-07
5.443508395007156068e+05 2.392806744927444953e-07
5.512425118372774450e+05 2.344671757127467565e-07
5.582214354085731320e+05 2.297505064132616956e-07
5.652887148489501560e+05 2.251287199080788403e-07
5.724454687778544612e+05 2.205999068790675016e-07
5.796928299768768484e+05 2.161621963494962727e-07
5.870319455690775067e+05 2.118137564027689127e-07
5.944639772005208069e+05 2.075527916836401216e-07
6.019901012241689023e+05 2.033775418968518111e-07
6.096115088860669639e+05 1.992862824973380610e-07
6.173294065138881560e+05 1.952773248083996616e-07
6.251450157078874763e+05 1.913490129702211498e-07
6.330595735342511907e+05 1.874997241290348910e-07
6.410743327208937844e+05 1.837278686849425653e-07
6.491905618557570269e+05 1.800318899567546320e-07
6.574095455875961343e+05 1.764102609670270686e-07
6.657325848293052986e+05 1.728614855763792003e-07
6.741609969638579059e+05 1.693840988906757256e-07
6.826961160527853062e+05 1.659766650852320355e-07
6.913392930473639863e+05 1.626377764283659606e-07
7.000918960024364060e+05 1.593660538538046112e-07
7.089553102929391898e+05 1.561601470809275335e-07
7.179309388331993250e+05 1.530187317536262357e-07
7.270202022989813704e+05 1.499405101270598407e-07
7.362245393523458624e+05 1.469242110576858789e-07
7.455454068693782901e+05 1.439685897071474164e-07
7.549842801707799081e+05 1.410724248785663795e-07
7.645426532553691650e+05 1.382345201800849477e-07
7.742220390365885105e+05 1.354537042140252160e-07
7.840239695819276385e+05 1.327288286737497610e-07
7.939499963554546703e+05 1.300587677929925781e-07
8.040016904633728554e+05 1.274424187692341008e-07
8.141806429026869591e+05 1.248787019123874585e-07
8.244884648130490677e+05 1.223665579894456894e-07
8.349267877317609964e+05 1.199049492493642639e-07
8.454972638520075707e+05 1.174928592393446673e-07
8.562015662843878381e+05 1.151292924367472062e-07
8.670413893217279110e+05 1.128132722060786425e-07
8.780184487072413322e+05 1.105438418573500660e-07
8.891344819061384769e+05 1.083200646915724777e-07
9.003912483805853408e+05 1.061410223343174301e-07
9.117905298682344146e+05 1.040058145202427380e-07
9.233341306642242707e+05 1.019135593634947630e-07
9.350238779067560099e+05 9.986339354422622092e-08
9.468616218663183972e+05 9.785446986674110560e-08
9.588492362385384040e+05 9.588595849753581982e-08
9.709886184407431865e+05 9.395704664262415754e-08
9.832816899123080075e+05 9.206693815543775874e-08
9.957303964187718229e+05 9.021485199412948924e-08
1.008336708359802607e+06 8.840002314187653786e-08
1.021102621081117308e+06 8.662170257888122615e-08
1.034030155190251651e+06 8.487915581305773610e-08
1.047121356876430917e+06 8.317166292029580804e-08
1.060378298234425718e+06 8.149851867357174934e-08
1.073803077592515387e+06 7.985903276671099420e-08
1.087397819844637765e+06 7.825252758728810767e-08
1.101164676786709577e+06 7.667833957180452561e-08
1.115105827457203064e+06 7.513581877194740078e-08
1.129223478482071077e+06 7.362432849773914849e-08
1.143519864424004918e+06 7.214324412781189629e-08
1.157997248136104317e+06 7.069195391429606874e-08
1.172657921120095532e+06 6.926985891646848497e-08
1.187504203888970893e+06 6.787637169952658086e-08
1.202538446334330831e+06 6.651091656300729420e-08
1.217763028098313604e+06 6.517292954820492927e-08
1.233180358950229129e+06 6.386185868457587347e-08
1.248792879168015439e+06 6.257716200844962726e-08
1.264603059924470261e+06 6.131830891164619456e-08
1.280613403678380651e+06 6.008477966341652387e-08
1.296826444570640801e+06 5.887606508731775602e-08
1.313244748825351475e+06 5.769166566291398492e-08
1.329870915155979339e+06 5.653109220209660313e-08
1.346707575176744955e+06 5.539386577498505224e-08
1.363757393819084391e+06 5.427951655484646865e-08
1.381023069753517164e+06 5.318758417870806268e-08
1.398507335816774517e+06 5.211761765570186707e-08
1.416212959444339853e+06 5.106917561559723355e-08
1.434142743108515628e+06 5.004182461618322558e-08
1.452299524761987384e+06 4.903514035411525953e-08
1.470686178286999930e+06 4.804870722555617677e-08
1.489305613950275583e+06 4.708211802464735734e-08
1.508160778863639105e+06 4.613497328188102123e-08
1.527254657450463623e+06 4.520688181305396336e-08
1.546590271918120096e+06 4.429746065450021158e-08
1.566170682736247545e+06 4.340633403694167999e-08
1.585998989121239400e+06 4.253313383303089092e-08
1.606078329526766436e+06 4.167749939427012680e-08
1.626411882140514441e+06 4.083907778080125802e-08
1.647002865387274884e+06 4.001752234615033172e-08
1.667854538438339485e+06 3.921249379404612857e-08
1.688970201727349311e+06 3.842365978781232870e-08
1.710353197472729022e+06 3.765475333663166477e-08
1.732006910206681350e+06 3.690631368340978321e-08
1.753934767310865689e+06 3.617874698498314941e-08
1.776140239558967762e+06 3.547253360550058526e-08
1.798626841665959684e+06 3.478822081973894260e-08
1.821398132844489068e+06 3.412641363583862919e-08
1.844457717368215788e+06 3.348776160344011705e-08
1.867809245142271509e+06 3.287294285668617212e-08
1.891456412281020544e+06 3.228264564691177313e-08
1.915402961693062214e+06 3.171754861993471352e-08
1.939652683673643041e+06 3.117829853739780877e-08
1.964209416504636407e+06 3.066548742610707429e-08
1.989077047062044265e+06 3.017963030704944083e-08
2.014259511431190651e+06 2.972114363415875893e-08
2.039760795529818395e+06 2.929032503444365241e-08
2.065584935738868779e+06 2.888733541139435692e-08
2.091736019541461952e+06 2.851218520768634121e-08
2.118218186169831548e+06 2.816472336275374008e-08
2.145035627260464709e+06 2.784463052598029567e-08
2.172192587517616805e+06 2.755141667353150269e-08
