8.778829188936800421e+00 1.681541240506156758e-04
8.886030376810616360e+00 2.009630282281689277e-04
8.994584433214814823e+00 2.420897418138208120e-04
9.104508431218199860e+00 2.937080795703954123e-04
9.215819659350096060e+00 3.597731215756502354e-04
9.328535624319378883e+00 4.431169519353067490e-04
9.442674053767824205e+00 5.475809420819259098e-04
9.558252899058373941e+00 6.800395282645786861e-04
9.675290338098420762e+00 8.476866433627305505e-04
9.793804778198719418e+00 1.057325745756009048e-03
9.913814858968541088e+00 1.319503732093246784e-03
1.003533945524719329e+01 1.648850194778268483e-03
1.015839768007263366e+01 2.054124547027445964e-03
1.028300888768742993e+01 2.549658780948322288e-03
1.040919267658286884e+01 3.160479495582435225e-03
1.053696889258127456e+01 3.895762917927080363e-03
1.066635763195726483e+01 4.786963041633819638e-03
1.079737924459853282e+01 5.859966322994729360e-03
1.093005433720637676e+01 7.140312190426236633e-03
1.106440377653658125e+01 8.638037791304193497e-03
1.120044869268142662e+01 1.038181866346903071e-02
1.133821048239289375e+01 1.240444910025651631e-02
1.147771081244781044e+01 1.472659120466872362e-02
1.161897162305569786e+01 1.736030882257260516e-02
1.176201513130934373e+01 2.030757243316223815e-02
1.190686383467910581e+01 2.361320419109649849e-02
1.205354051455115183e+01 2.728014747869078604e-02
1.220206823981059685e+01 3.131820590328894538e-02
1.235247037046962504e+01 3.573310040243848906e-02
1.250477056134143439e+01 4.055573674384414795e-02
1.265899276576071664e+01 4.580194311303795174e-02
1.281516123935091933e+01 5.148902626222023882e-02
1.297330054383901299e+01 5.761193760094415750e-02
1.313343555091864623e+01 6.418820618859799598e-02
1.329559144616178301e+01 7.122158343952936232e-02
1.345979373297987358e+01 7.871727541230724712e-02
1.362606823663486111e+01 8.667532572895692011e-02
1.379444110830104542e+01 9.510566853809993004e-02
1.396493882917799922e+01 1.040329963752252840e-01
1.413758821465536464e+01 1.134292108317946357e-01
1.431241641853046964e+01 1.232569050588544768e-01
1.448945093727891908e+01 1.335496566123034468e-01
1.466871961437906258e+01 1.443334415439295193e-01
1.485025064469131806e+01 1.555592840376411601e-01
1.503407257889246296e+01 1.671649954569912888e-01
1.522021432796607066e+01 1.791403857317658277e-01
1.540870516774939603e+01 1.915384577051948423e-01
1.559957474353800500e+01 2.043586506584962326e-01
1.579285307474820677e+01 2.175208455357678927e-01
1.598857055963831364e+01 2.309129785835756232e-01
1.618675798008976940e+01 2.445005018694719756e-01
1.638744650644839496e+01 2.582627870497129496e-01
1.659066770242661448e+01 2.723163650036493633e-01
1.679645353006792874e+01 2.867440872084945358e-01
1.700483635477370115e+01 3.014258529606775316e-01
1.721584895039338647e+01 3.161581327117360396e-01
1.742952450437936918e+01 3.308505993548498392e-01
1.764589662300637585e+01 3.454920669668844480e-01
1.786499933665706052e+01 3.601894004060082755e-01
1.808686710517413232e+01 3.750356384181978142e-01
1.831153482328021198e+01 3.898699649835398739e-01
1.853903782606593964e+01 4.046804033140440349e-01
1.876941189454722902e+01 4.195345108104285847e-01
1.900269326129304304e+01 4.342860377782684633e-01
1.923891861612383281e+01 4.487636840616780476e-01
1.947812511188185880e+01 4.629413340568070967e-01
1.972035037027478310e+01 4.769565257166253902e-01
1.996563248779253996e+01 4.908839646848924265e-01
2.021401004169888793e+01 5.046925964070423376e-01
2.046552209609905404e+01 5.183859644069410688e-01
2.072020820808341668e+01 5.318537668740903612e-01
2.097810843394900715e+01 5.449976908470304249e-01
2.123926333549928458e+01 5.579397557358709570e-01
2.150371398642385401e+01 5.707507593793765821e-01
2.177150197875825910e+01 5.833449822143670360e-01
2.204266942942534158e+01 5.956252284621887938e-01
2.231725898685955656e+01 6.075464753401136342e-01
2.259531383771435387e+01 6.191808739236603909e-01
2.287687771365464329e+01 6.306124441406394387e-01
2.316199489823446456e+01 6.418228551051011754e-01
2.345071023386218556e+01 6.527807918984158686e-01
2.374306912885298360e+01 6.635027368000522285e-01
2.403911756457036830e+01 6.739999084510446270e-01
2.433890210265834853e+01 6.842927036703474464e-01
2.464246989236432128e+01 6.943196691288617828e-01
2.494986867795443786e+01 7.039842228561554727e-01
2.526114680622298891e+01 7.133466007921458463e-01
2.557635323409606087e+01 7.224754843537075644e-01
2.589553753633127897e+01 7.312995600811875718e-01
2.621874991331495508e+01 7.398176654727066648e-01
2.654604119895735792e+01 7.481685923957359652e-01
2.687746286868782519e+01 7.563705112887604276e-01
2.721306704755037842e+01 7.643370403543081615e-01
2.755290651840219951e+01 7.720040787495806578e-01
2.789703473021496904e+01 7.793413105580426770e-01
2.824550580648101317e+01 7.863851988254757508e-01
2.859837455372601767e+01 7.931927378230754222e-01
2.895569647012866454e+01 7.997847979767460647e-01
2.931752775424909174e+01 8.061305449293759695e-01
2.968392531386790978e+01 8.121748141004950794e-01
3.005494677493639344e+01 8.179694067901879251e-01
3.043065049063956096e+01 8.236154799853702135e-01
3.081109555057403782e+01 8.290523050486942047e-01
3.119634179004135532e+01 8.341512263016567230e-01
3.158644979945881204e+01 8.389627674830802961e-01
3.198148093388864055e+01 8.436100011401491683e-01
3.238149732268816194e+01 8.480743044832768085e-01
3.278656187928113752e+01 8.522615597365027496e-01
3.319673831105237127e+01 8.561455178722893189e-01
3.361209112936789722e+01 8.597391679377309748e-01
3.403268565972076232e+01 8.630652332262671589e-01
3.445858805200550279e+01 8.661523738689498320e-01
3.488986529092156985e+01 8.690101776805299050e-01
3.532658520650918632e+01 8.716173207075291751e-01
3.576881648481666787e+01 8.739368298626791765e-01
3.621662867870381319e+01 8.759369710471848203e-01
3.667009221878069525e+01 8.776302899910511934e-01
3.712927842448481641e+01 8.790567100697380676e-01
3.759425951529782139e+01 8.802071654607995788e-01
3.806510862210443236e+01 8.810321852222454675e-01
3.854189979869394733e+01 8.815067549439220551e-01
3.902841728341141447e+01 8.816314840448460366e-01
3.950145162164428569e+01 8.814062897467141999e-01
3.998047475738042777e+01 8.808358462553905754e-01
4.046556251111049818e+01 8.798939533744806196e-01
4.095679166324152476e+01 8.785613836802264043e-01
4.145423996625044794e+01 8.768372086851253799e-01
4.195798615699031586e+01 8.747358587455779100e-01
4.246810996915350245e+01 8.722666806916256066e-01
4.298469214589137266e+01 8.694175064767729610e-01
4.350781445259513447e+01 8.661629428791334240e-01
4.403755968983718816e+01 8.624713571946646118e-01
4.457401170647717947e+01 8.583200974713153242e-01
4.511725541293396446e+01 8.537078393558293898e-01
4.566737679462477217e+01 8.486505449031460646e-01
4.622446292557579284e+01 8.431641064522940043e-01
4.678860198220367295e+01 8.372528759575182944e-01
4.735988325727292647e+01 8.309154997191774417e-01
4.793839717402859435e+01 8.241533401778429191e-01
4.852423530050933920e+01 8.169725318628897615e-01
4.911749036404015101e+01 8.093787763427657822e-01
4.971825626591022029e+01 8.013789376172908430e-01
5.032662809623501232e+01 7.929850029571778869e-01
5.094270214900762994e+01 7.842143309743152546e-01
5.156657593734058054e+01 7.750872145708294081e-01
5.219834820889970928e+01 7.656238510590553936e-01
5.283811896153486032e+01 7.558435150718953999e-01
5.348598945910685387e+01 7.457653979115823617e-01
5.414206224751657714e+01 7.354107801933771338e-01
5.480644117093520151e+01 7.248007906601233730e-01
5.547923138824164369e+01 7.139620207879785463e-01
5.616053938966645376e+01 7.029249294098943723e-01
5.685047301364809869e+01 6.917171364185238369e-01
5.754914146390095908e+01 6.803649613840773158e-01
5.825665532670069524e+01 6.688944973062651567e-01
5.897312658838824717e+01 6.573309411333572161e-01
5.969866865309447235e+01 6.456985065094066334e-01
6.043339636069077159e+01 6.340207324955323687e-01
6.117742600496528382e+01 6.223207787865722151e-01
6.193087535203083149e+01 6.106216258138021935e-01
6.269386365896432523e+01 5.989456341701915321e-01
6.346651169268382375e+01 5.873138348586063318e-01
6.424894174906270905e+01 5.757459277936900488e-01
6.504127767228789025e+01 5.642604909284955061e-01
6.584364487446114822e+01 5.528746957725541034e-01
6.665617035544998714e+01 5.416041807916104345e-01
6.747898272298947120e+01 5.304617621255304227e-01
6.831221221303833602e+01 5.194582925247996918e-01
6.915599071039267187e+01 5.086040840522456641e-01
7.001045176956093030e+01 4.979083916935543863e-01
7.087573063590370737e+01 4.873796269342297038e-01
7.175196426703962516e+01 4.770254856259473764e-01
7.263929135452414698e+01 4.668525270900829582e-01
7.353785234580088570e+01 4.568659280996448246e-01
7.444778946643295114e+01 4.470698137715474196e-01
7.536924674261362611e+01 4.374673437797833575e-01
7.630237002396337687e+01 4.280607766312194418e-01
7.724730700661557137e+01 4.188519386454344628e-01
7.820420725659367633e+01 4.098415451110401508e-01
7.917322223348455168e+01 4.010292319426709828e-01
8.015450531441184978e+01 3.924137478453411654e-01
8.114821181831347019e+01 3.839934454867774405e-01
8.215449903052433456e+01 3.757662501144082290e-01
8.317352622767316461e+01 3.677306125026615358e-01
8.420545470289175682e+01 3.598839490874961022e-01
8.525044779134584871e+01 3.522235803629041317e-01
8.630867089608699416e+01 3.447466084886983140e-01
8.738029151423336316e+01 3.374497062117851609e-01
8.846547926348165447e+01 3.303294099161605546e-01
8.956440590895417131e+01 3.233818591970840095e-01
9.067724539038560749e+01 3.166029954514680833e-01
9.180417384965504368e+01 3.099887445906925332e-01
9.294536965866623746e+01 3.035347659526199671e-01
9.410101344757950415e+01 2.972369327257579075e-01
9.527128813340347335e+01 2.910937840212718952e-01
9.645637894894611009e+01 2.850979242197838048e-01
9.765647347213497653e+01 2.792449128204763653e-01
9.887176165570610920e+01 2.735306289372902988e-01
1.001024358572706916e+02 2.679509095549175157e-01
1.013486908697618532e+02 2.625017171438923658e-01
1.026107239522665822e+02 2.571790139431796018e-01
1.038887348612477552e+02 2.519790418262750076e-01
1.051829258821621380e+02 2.468975839726565424e-01
1.064935018614793734e+02 2.419310503324694217e-01
1.078206702391034923e+02 2.370756105324602903e-01
1.091646410812088561e+02 2.323279985787457536e-01
1.105256271134878716e+02 2.276848668824301425e-01
1.119038437548232707e+02 2.231427587978182803e-01
1.132995091513834325e+02 2.186988093038223502e-01
1.147128442111514914e+02 2.143501078277183503e-01
1.161440726388914868e+02 2.100936398074958744e-01
1.175934209715562275e+02 2.059266471308435487e-01
1.190611186141433677e+02 2.018464971042538969e-01
1.205473978760064568e+02 1.978506003532361501e-01
1.220524940076260521e+02 1.939364962942745074e-01
1.235766452378436355e+02 1.901018840378117247e-01
1.251200928115708706e+02 1.863444768777352267e-01
1.266830810279721931e+02 1.826622198677395337e-01
1.282658572791349911e+02 1.790531825033747637e-01
1.298686720892251287e+02 1.755153137411020747e-01
1.314917791541413976e+02 1.720468444709871980e-01
1.331354353816709875e+02 1.686461928530952892e-01
1.347999009321532071e+02 1.653116811652911577e-01
1.364854392596571131e+02 1.620417730485785579e-01
1.381923171536820121e+02 1.588348158359300377e-01
1.399208047813863516e+02 1.556892720387582918e-01
1.416711757303479544e+02 1.526038156134481849e-01
1.434437070518702342e+02 1.495770536352788727e-01
1.452386793048320612e+02 1.466077227687657136e-01
1.470563766000973089e+02 1.436945666987540227e-01
1.488970866454818349e+02 1.408363851208057349e-01
1.507611007912950356e+02 1.380321499987813005e-01
1.526487140764524213e+02 1.352807930465121100e-01
1.545602252751774870e+02 1.325812729383851474e-01
1.564959369442898378e+02 1.299325849651279674e-01
1.584561554710953715e+02 1.273337334843884783e-01
1.604411911218826674e+02 1.247837509756130614e-01
1.624513580910300163e+02 1.222817025507313415e-01
1.644869745507393759e+02 1.198266708984214030e-01
1.665483627013942112e+02 1.174178187191042833e-01
1.686358488225608880e+02 1.150541924496191054e-01
1.707497633246296687e+02 1.127349457394208471e-01
1.728904408011154601e+02 1.104593695453208735e-01
1.750582200816149623e+02 1.082267159362860776e-01
1.772534442854398264e+02 1.060362405851623946e-01
1.794764608759237490e+02 1.038872351513285414e-01
1.817276217154206392e+02 1.017790751039123337e-01
1.840072831209982098e+02 9.971116146188158114e-02
1.863158059208360555e+02 9.768291348608182378e-02
1.886535555113374016e+02 9.569361555915303907e-02
1.910209019149648952e+02 9.374258684721237245e-02
1.934182198388096481e+02 9.182920723968240884e-02
1.958458887338979935e+02 8.995281684395516064e-02
1.983042928552542321e+02 8.811276751815899644e-02
2.007938213227183724e+02 8.630843322635189940e-02
2.033148681825394135e+02 8.453920411689785919e-02
2.058678324697429787e+02 8.280450588578501525e-02
2.084531182712921407e+02 8.110384343590180956e-02
2.110711347900481769e+02 7.943672679135198311e-02
2.137222964095384725e+02 7.780265977352399109e-02
2.164070227595452423e+02 7.620114379150610961e-02
2.191257387825259002e+02 7.463169892048918119e-02
2.218788748008747689e+02 7.309377622109061723e-02
2.246668665850324089e+02 7.158689097540343882e-02
2.274901554224630331e+02 7.011051983928197340e-02
2.303491881874991236e+02 6.866414169674617263e-02
2.332444174120765865e+02 6.724722393915301411e-02
2.361763013573589376e+02 6.585917655144561678e-02
2.391453040862736259e+02 6.449947048292450913e-02
2.421518955369644743e+02 6.316758170132207029e-02
2.451965515971740786e+02 6.186297149353282149e-02
2.482797541795665381e+02 6.058518745340765732e-02
2.514019912980068909e+02 5.933371820748124109e-02
2.545637571448052654e+02 5.810812872241553212e-02
2.577655521689357556e+02 5.690799323941599097e-02
2.610078831552518182e+02 5.573285702572155359e-02
2.642912633046967699e+02 5.458229929147589976e-02
2.676162123155384052e+02 5.345584705761515648e-02
2.709832564656235832e+02 5.235304273989999091e-02
2.743929286956804390e+02 5.127346568403824689e-02
2.778457686936735627e+02 5.021653955351661897e-02
2.813423229802253900e+02 4.918183843465340210e-02
2.848831449951200625e+02 4.816893962326447565e-02
2.884687951849029446e+02 4.717728762737366521e-02
2.920998410915909176e+02 4.620649731329690840e-02
2.957768574424997610e+02 4.525617685426430725e-02
2.995004262412175535e+02 4.432592954490031933e-02
3.032711368597204000e+02 4.341537711858294013e-02
3.070895861316636228e+02 4.252414504971044340e-02
3.109563784468454628e+02 4.165188055462885203e-02
3.148721258468726205e+02 4.079824584133898840e-02
3.188374481220361076e+02 3.996284365543241457e-02
3.228529729094116192e+02 3.914529973244001287e-02
3.269193357922015934e+02 3.834525234523060433e-02
3.310371804003370357e+02 3.756232463294600227e-02
3.352071585123549085e+02 3.679611075972200745e-02
3.394299301585575677e+02 3.604625527056774109e-02
3.437061637254885795e+02 3.531240753292656798e-02
3.480365360617205965e+02 3.459418364182712674e-02
3.524217325849940039e+02 3.389128413928616662e-02
3.568624473907000834e+02 3.320336396581663463e-02
3.613593833617459836e+02 3.253012158963387856e-02
3.659132522798097398e+02 3.187124672759995836e-02
3.705247749380002915e+02 3.122643756778776744e-02
3.751946812549443848e+02 3.059539168119146738e-02
3.799237103903207071e+02 2.997778679826847842e-02
3.847126108618571152e+02 2.937329109955300749e-02
3.895621406638023814e+02 2.878159966353785459e-02
3.944730673869084399e+02 2.820246565444202436e-02
3.994461683399192111e+02 2.763556571912850063e-02
4.044822306726114221e+02 2.708062909245192995e-02
4.095820515003791797e+02 2.653739933431251488e-02
4.147464380304057272e+02 2.600560652801397338e-02
4.199762076894310781e+02 2.548497633954351083e-02
4.252721882531330948e+02 2.497522630103856181e-02
4.306352179771483293e+02 2.447611658413826469e-02
4.360661457297532593e+02 2.398741302749406862e-02
4.415658311262275220e+02 2.350886365599647726e-02
4.471351446649086938e+02 2.304022160011685513e-02
4.527749678649835801e+02 2.258123974590488942e-02
4.584861934060086810e+02 2.213167899220159704e-02
4.642697252692121310e+02 2.169136131060821551e-02
4.701264788805710850e+02 2.126004448358051122e-02
4.760573812557092879e+02 2.083749837710644967e-02
4.820633711466284126e+02 2.042354985763324485e-02
4.881453991902931193e+02 2.001796135237907462e-02
4.943044280590972903e+02 1.962053608379077732e-02
5.005414326132397491e+02 1.923108839133145023e-02
5.068574000550287337e+02 1.884941941681033545e-02
5.132533300851314380e+02 1.847531969947352817e-02
5.197302350608150618e+02 1.810860338236749967e-02
5.262891401561780640e+02 1.774910109892548216e-02
5.329310835244222062e+02 1.739665796994831204e-02
5.396571164621676644e+02 1.705108798167331158e-02
5.464683035758554297e+02 1.671223286092607049e-02
5.533657229502576911e+02 1.637995595241800717e-02
5.603504663191164354e+02 1.605411013691701583e-02
5.674236392379430072e+02 1.573456418691916020e-02
5.745863612590072762e+02 1.542117227161485596e-02
5.818397661085489290e+02 1.511381958623036516e-02
5.891850018662131561e+02 1.481235407266048160e-02
5.966232311467833824e+02 1.451667371681009816e-02
6.041556312841902354e+02 1.422666492761975876e-02
6.117833945178708746e+02 1.394221722432844278e-02
6.195077281814719754e+02 1.366323304231941739e-02
6.273298548939494594e+02 1.338961060304807299e-02
6.352510127530912314e+02 1.312127109947415146e-02
6.432724555314810004e+02 1.285812331875834866e-02
6.513954528749453630e+02 1.260007710820866891e-02
6.596212905035180256e+02 1.234702867640405724e-02
6.679512704149485671e+02 1.209890448265249149e-02
6.763867110907758615e+02 1.185561717384411851e-02
6.849289477050303958e+02 1.161709530404229918e-02
6.935793323355560460e+02 1.138325254245129044e-02
7.023392341780288461e+02 1.115401917139204925e-02
7.112100397626722952e+02 1.092932467466706421e-02
7.201931531737101295e+02 1.070908868308468286e-02
7.292899962716232949e+02 1.049323800130598679e-02
7.385020089181928142e+02 1.028169884248875121e-02
7.478306492044096103e+02 1.007440721959661049e-02
7.572773936812506008e+02 9.871284574536537404e-03
7.668437375934081501e+02 9.672252925392263792e-03
7.765311951159497994e+02 9.477234215826841821e-03
7.863412995939746679e+02 9.286156943802411495e-03
7.962756037853341695e+02 9.098947483959892585e-03
8.063356801063926014e+02 8.915528372254379053e-03
8.165231208809046848e+02 8.735829588310775606e-03
8.268395385920679246e+02 8.559774738088160931e-03
8.372865661377372817e+02 8.387289707987549692e-03
8.478658570888854911e+02 8.218309866245774795e-03
8.585790859513363102e+02 8.052767984680816657e-03
8.694279484307935491e+02 7.890590848219298029e-03
8.804141617012609231e+02 7.731708454928405173e-03
8.915394646768294251e+02 7.576053950232596729e-03
9.028056182869028135e+02 7.423564618619175534e-03
9.142144057549414811e+02 7.274169759326632421e-03
9.257676328807065147e+02 7.127803486911352647e-03
9.374671283260681776e+02 6.984404356561577619e-03
9.493147439044740850e+02 6.843907438451354852e-03
9.613123548740436490e+02 6.706252387768528445e-03
9.734618602343869043e+02 6.571380832362695192e-03
9.857651830271872768e+02 6.439236658883255339e-03
9.982242706405670560e+02 6.309760662529865366e-03
1.010841095117346640e+03 6.182897869360162550e-03
1.023617653467171067e+03 6.058595512726869595e-03
1.036555967982585116e+03 5.936797597613192173e-03
1.049658086559153162e+03 5.817453466343717322e-03
1.062926083019587622e+03 5.700513268432243381e-03
1.076362057441985371e+03 5.585927639654281011e-03
1.089968136492255780e+03 5.473648850681128199e-03
1.103746473760716299e+03 5.363631148091184929e-03
1.117699250102970836e+03 5.255828968405604554e-03
1.131828673985101204e+03 5.150195399180906852e-03
1.146136981833210257e+03 5.046685431732550291e-03
1.160626438387432927e+03 4.945256726392099553e-03
1.175299337060389917e+03 4.845868483673715366e-03
1.190158000300176354e+03 4.748479201533635161e-03
1.205204779957993424e+03 4.653047960782016879e-03
1.220442057660386581e+03 4.559534361909448226e-03
1.235872245186199507e+03 4.467898593150018346e-03
1.251497784848342008e+03 4.378102972153876532e-03
1.267321149880344819e+03 4.290110602846308220e-03
1.283344844827829775e+03 4.203885341599293210e-03
1.299571405944940807e+03 4.119391722947549940e-03
1.316003401595762170e+03 4.036595008595994169e-03
1.332643432660876670e+03 3.955461169655430723e-03
1.349494132949019104e+03 3.875956873738558781e-03
1.366558169613945893e+03 3.798049399374833074e-03
1.383838243576625928e+03 3.721706718516368338e-03
1.401337089952725592e+03 3.646897451838835517e-03
1.419057478485539150e+03 3.573590835823767155e-03
1.437002213984363379e+03 3.501756705227841368e-03
1.455174136768481048e+03 3.431365523611704365e-03
1.473576123116710505e+03 3.362388355676350360e-03
1.492211085722675534e+03 3.294796808656868040e-03
1.511081974155810258e+03 3.228563075633530087e-03
1.530191775328254380e+03 3.163659917350270055e-03
1.549543513967611034e+03 3.100060647634922655e-03
1.569140253095682283e+03 3.037739075569944637e-03
1.588985094513331205e+03 2.976669563922696229e-03
1.609081179291410990e+03 2.916826994838125475e-03
1.629431688267952268e+03 2.858186741078180566e-03
1.650039842551603670e+03 2.800724658592657502e-03
1.670908904031514794e+03 2.744417106253731371e-03
1.692042175893606327e+03 2.689240922668999657e-03
1.713443003143412852e+03 2.635173380887522246e-03
1.735114773135514724e+03 2.582192225580925982e-03
1.757060916109728851e+03 2.530275655409207174e-03
1.779284905734033600e+03 2.479402308252834624e-03
1.801790259654365173e+03 2.429551223524233257e-03
1.824580540051437765e+03 2.380701882398951041e-03
1.847659354204544570e+03 2.332834181625887283e-03
1.871030355062525814e+03 2.285928409099776196e-03
1.894697241821973876e+03 2.239965242624506435e-03
1.918663760512718682e+03 2.194925762313901154e-03
1.942933704590794605e+03 2.150791430708933350e-03
1.967510915538858171e+03 2.107544058601167579e-03
1.992399283474195954e+03 2.065165836158331693e-03
2.017602747764505921e+03 2.023639316411388230e-03
2.043125297651405162e+03 1.982947401349456802e-03
2.068970972881824309e+03 1.943073318241031857e-03
2.095143864347476665e+03 1.904000646856776136e-03
2.121648114732337490e+03 1.865713299170510160e-03
2.148487919168363078e+03 1.828195499252319948e-03
2.175667525899506927e+03 1.791431785532415603e-03
2.203191236954109172e+03 1.755407018193177928e-03
2.231063408825873921e+03 1.720106362090676995e-03
2.259288453163402664e+03 1.685515262040271052e-03
2.287870837468446553e+03 1.651619466911602918e-03
2.316815085803077181e+03 1.618405015810564290e-03
2.346125779505744049e+03 1.585858225256875321e-03
2.375807557916381938e+03 1.553965675050349854e-03
2.405865119110794694e+03 1.522714226314191227e-03
2.436303220644226258e+03 1.492091005474518485e-03
2.467126680304408183e+03 1.462083388211172716e-03
2.498340376874139110e+03 1.432679003424139732e-03
2.529949250903463508e+03 1.403865737261058861e-03
2.561958305491727515e+03 1.375631718680273485e-03
2.594372607079444606e+03 1.347965301876447031e-03
2.627197286250198431e+03 1.320855084237163154e-03
2.660437538542772927e+03 1.294289895342323618e-03
2.694098625273473772e+03 1.268258785473906376e-03
2.728185874368882651e+03 1.242751017822197115e-03
2.762704681209212140e+03 1.217756080144495384e-03
2.797660509482274847e+03 1.193263671866110452e-03
2.833058892048267808e+03 1.169263691681543668e-03
2.868905431815559041e+03 1.145746242068874715e-03
2.905205802627463981e+03 1.122701631212392505e-03
2.941965750160374682e+03 1.100120360726969133e-03
2.979191092833175389e+03 1.077993113439438579e-03
3.016887722728145491e+03 1.056310766697617044e-03
3.055061606523631326e+03 1.035064383445717488e-03
3.093718786438438201e+03 1.014245202363308609e-03
3.132865381188161791e+03 9.938446341469864623e-04
3.172507586953734062e+03 9.738542688025964098e-04
3.212651678362117764e+03 9.542658650441239367e-04
3.253304009479482829e+03 9.350713410700853614e-04
3.294471014816943807e+03 9.162627789248512043e-04
3.336159210348967918e+03 8.978324251738006726e-04
3.378375194544824808e+03 8.797726804187345042e-04
3.421125649412949770e+03 8.620760910540200411e-04
3.464417341558546013e+03 8.447353590756115794e-04
3.508257123254692488e+03 8.277433346993067148e-04
3.552651933526902667e+03 8.110930082060098002e-04
3.597608799251378059e+03 7.947775087272657005e-04
3.643134836267341143e+03 7.787901086110719752e-04
3.689237250503274936e+03 7.631242145362677727e-04
3.735923339117488922e+03 7.477733609718755165e-04
3.783200491653165955e+03 7.327312140976545646e-04
3.831076191207908778e+03 7.179915715574804527e-04
3.879558015618273203e+03 7.035483535147982930e-04
3.928653638659157423e+03 6.893955976833463731e-04
3.978370831258357157e+03 6.755274661537418943e-04
4.028717462726681788e+03 6.619382392791513334e-04
4.079701502003440964e+03 6.486223091646350393e-04
4.131331018917755500e+03 6.355741798891550824e-04
4.183614185465944502e+03 6.227884699592010995e-04
4.236559277104946887e+03 6.102599047289553134e-04
4.290174674062179292e+03 5.979833120332454441e-04
4.344468862661996354e+03 5.859536257088341976e-04
4.399450436668845214e+03 5.741658843436295376e-04
4.455128098647599472e+03 5.626152239867867255e-04
4.511510661340976185e+03 5.512968756377244943e-04
4.568607049064357852e+03 5.402061696447403106e-04
4.626426299118465977e+03 5.293385306283944882e-04
4.684977563219745207e+03 5.186894724712309964e-04
4.744270108948842790e+03 5.082545992704813045e-04
4.804313321217623525e+03 4.980296065830432193e-04
4.865116703754527407e+03 4.880102748636803577e-04
4.926689880608893873e+03 4.781924668540334642e-04
4.989042597674243552e+03 4.685721305429455387e-04
5.052184724230822212e+03 4.591452973327116160e-04
5.116126254507845260e+03 4.499080762333133930e-04
5.180877309265320037e+03 4.408566528787494308e-04
5.246448137395930644e+03 4.319872922882131601e-04
5.312849117547365495e+03 4.232963345581338354e-04
5.380090759764996619e+03 4.147801911674075972e-04
5.448183707155377306e+03 4.064353462102852877e-04
5.517138737570960075e+03 3.982583569119932539e-04
5.586966765315955854e+03 3.902458478823353613e-04
5.657678842873883696e+03 3.823945098877845942e-04
5.729286162656992019e+03 3.747011021997834288e-04
5.801800058777730555e+03 3.671624504687191087e-04
5.875232008842863252e+03 3.597754422114786475e-04
5.949593635770086621e+03 3.525370267217842798e-04
6.024896709627651035e+03 3.454442167503289835e-04
6.101153149497500635e+03 3.384940847800275640e-04
6.178375025361755434e+03 3.316837604672939971e-04
6.256574560013107657e+03 3.250104318081918305e-04
6.335764130989583464e+03 3.184713453068989267e-04
6.415956272533616357e+03 3.120638009765908908e-04
6.497163677575989823e+03 3.057851520553863355e-04
6.579399199744919315e+03 2.996328067205293339e-04
6.662675855400437285e+03 2.936042259816662578e-04
6.747006825694806139e+03 2.876969202237938039e-04
6.832405458658773568e+03 2.819084495913532808e-04
6.918885271314225065e+03 2.762364249735557113e-04
7.006459951813856605e+03 2.706785047356301895e-04
7.095143361607652878e+03 2.652323930994135459e-04
7.184949537636853165e+03 2.598958410958516086e-04
7.275892694555844173e+03 2.546666465562938734e-04
7.367987226982042557e+03 2.495426498690379814e-04
7.461247711774244635e+03 2.445217342277799057e-04
7.555688910339978975e+03 2.396018268188138394e-04
7.651325770971769998e+03 2.347808968834685331e-04
7.748173431213421281e+03 2.300569531173100868e-04
7.846247220255882894e+03 2.254280442578858326e-04
7.945562661363479492e+03 2.208922596389524399e-04
8.046135474331162186e+03 2.164477262903176380e-04
8.147981577972574996e+03 2.120926080687860122e-04
8.251117092639580733e+03 2.078251063532437809e-04
8.355558342774012999e+03 2.036434599678374068e-04
8.461321859491446958e+03 1.995459415759559584e-04
8.568424383197740099e+03 1.955308582652244814e-04
8.676882866238800489e+03 1.915965523576897383e-04
8.786714475583685271e+03 1.877413996198396375e-04
8.897936595542010764e+03 1.839638073844917154e-04
9.010566830515477704e+03 1.802622151762460598e-04
9.124623007784204674e+03 1.766350950111138501e-04
9.240123180328670060e+03 1.730809488044047161e-04
9.357085629687067922e+03 1.695983080851428445e-04
9.475528868848810816e+03 1.661857344314155674e-04
9.595471645185019952e+03 1.628418193895667446e-04
9.716932943415762566e+03 1.595651814077729937e-04
9.839931988614967850e+03 1.563544666170513546e-04
9.964488249253503454e+03 1.532083493744291005e-04
1.009062144028044349e+04 1.501255306078843211e-04
1.021835152624389048e+04 1.471047365334288983e-04
1.034769872445080728e+04 1.441447192163351635e-04
1.047868350816697966e+04 1.412442567602617386e-04
1.061132660985776965e+04 1.384021509346651101e-04
1.074564902446953420e+04 1.356172273618153144e-04
1.088167201275267507e+04 1.328883357306195531e-04
1.101941710462701667e+04 1.302143496624822067e-04
1.115890610258944616e+04 1.275941641929603332e-04
1.130016108516487475e+04 1.250266966300620994e-04
1.144320441040094556e+04 1.225108868882294599e-04
1.158805871940667203e+04 1.200456959708514319e-04
1.173474693993636902e+04 1.176301051663452608e-04
1.188329229001862404e+04 1.152631164976582515e-04
1.203371828163107784e+04 1.129437528711837503e-04
1.218604872442220949e+04 1.106710558963463874e-04
1.234030772947990226e+04 1.084440864226034152e-04
1.249651971314753609e+04 1.062619245853390541e-04
1.265470940088899806e+04 1.041236695650965560e-04
1.281490183120205984e+04 1.020284376359875277e-04
1.297712235958153724e+04 9.997536299133226825e-05
1.314139666253265932e+04 9.796359792657253617e-05
1.330775074163497447e+04 9.599231145788377417e-05
1.347621092765825415e+04 9.406068889485784304e-05
1.364680388472997220e+04 9.216793216317847458e-05
1.381955661455560039e+04 9.031325994535269229e-05
1.399449646069278606e+04 8.849590568728103030e-05
1.417165111287919717e+04 8.671511837390005013e-05
1.435104861141512629e+04 8.497016243384631598e-05
1.453271735160204480e+04 8.326031744153848148e-05
1.471668608823686372e+04 8.158487663453447799e-05
1.490298394016333987e+04 7.994314765614167094e-05
1.509164039488110211e+04 7.833445264435663386e-05
1.528268531321272894e+04 7.675812698734693379e-05
1.547614893403053065e+04 7.521351917582357494e-05
1.567206187904266153e+04 7.369999100355299607e-05
1.587045515763971343e+04 7.221691771624665177e-05
1.607136017180332055e+04 7.076368619881874111e-05
1.627480872107636424e+04 6.933969590181301675e-05
1.648083300759605117e+04 6.794435863375138400e-05
1.668946564119122559e+04 6.657709823970021164e-05
1.690073964454375891e+04 6.523734950087729410e-05
1.711468845841539951e+04 6.392455877181765442e-05
1.733134594694093175e+04 6.263818400980427996e-05
1.755074640298799568e+04 6.137769366898158127e-05
1.777292455358534789e+04 6.014256675141142099e-05
1.799791556541938189e+04 5.893229289953292650e-05
1.822575505040010830e+04 5.774637254906239941e-05
1.845647907129826854e+04 5.658431533137909668e-05
1.869012414745327624e+04 5.544564102338104552e-05
1.892672726055321982e+04 5.432987928741122733e-05
1.916632586048889425e+04 5.323656934808562794e-05
1.940895787128107622e+04 5.216525919560336826e-05
1.965466169708334928e+04 5.111550610909303772e-05
1.990347622826079169e+04 5.008687665988157745e-05
2.015544084754522191e+04 4.907894572577307772e-05
2.041059543626939922e+04 4.809129668713224998e-05
2.066898038067911330e+04 4.712352142676383648e-05
2.093063657832540412e+04 4.617522047955209346e-05
2.119560544453830516e+04 4.524600167376927084e-05
2.146392891898202288e+04 4.433548100265388703e-05
2.173564947229279278e+04 4.344328237091971411e-05
2.201081011280179882e+04 4.256903727649630063e-05
2.228945439334223192e+04 4.171238425297570725e-05
2.257162641814296512e+04 4.087296928232403160e-05
2.285737084980956206e+04 4.005044579186198652e-05
2.314673291639313902e+04 3.924447377456781450e-05
2.343975841854969985e+04 3.845472008616398373e-05
2.373649373678925622e+04 3.768085836983781257e-05
2.403698583881669765e+04 3.692256920646644222e-05
2.434128228696651422e+04 3.617953896047291086e-05
2.464943124573071327e+04 3.545146056689930551e-05
2.496148148938208760e+04 3.473803329323528678e-05
2.527748240969488324e+04 3.403896243349981393e-05
2.559748402376217564e+04 3.335395893356539059e-05
2.592153698191276635e+04 3.268273970731171640e-05
2.624969257572831702e+04 3.202502763708901405e-05
2.658200274616139723e+04 3.138055078876401152e-05
2.691852009175741478e+04 3.074904277446181529e-05
2.725929787697971187e+04 3.013024261938768579e-05
2.760439004063998436e+04 2.952389491338390498e-05
2.795385120443643245e+04 2.892974883170318216e-05
2.830773668159898443e+04 2.834755883684856654e-05
2.866610248564453286e+04 2.777708446015874112e-05
2.902900533924238698e+04 2.721809001475404557e-05
2.939650268319312454e+04 2.667034435645777453e-05
2.976865268551992631e+04 2.613362111981408170e-05
3.014551425067575838e+04 2.560769872624732291e-05
3.052714702886634041e+04 2.509235968447097527e-05
3.091361142549242868e+04 2.458739099110067525e-05
3.130496861071047897e+04 2.409258396140740008e-05
3.170128052911439954e+04 2.360773435901176439e-05
3.210260990954096997e+04 2.313264159682061562e-05
3.250902027499815813e+04 2.266710933824008639e-05
3.292057595271988976e+04 2.221094530479221323e-05
3.333734208434729226e+04 2.176396100817323806e-05
3.375938463624032738e+04 2.132597161639475546e-05
3.418677040991833201e+04 2.089679612024656101e-05
3.461956705263388722e+04 2.047625735160040991e-05
3.505784306807950634e+04 2.006418136107461571e-05
3.550166782723133656e+04 1.966039783518698901e-05
3.595111157932887727e+04 1.926473991013843198e-05
3.640624546299370559e+04 1.887704425769247377e-05
3.686714151749030862e+04 1.849715047391604149e-05
3.733387269412792375e+04 1.812490156513679704e-05
3.780651286780772352e+04 1.776014378760033897e-05
3.828513684871517034e+04 1.740272639852897768e-05
3.876982039416210318e+04 1.705250160209326456e-05
3.926064022057702095e+04 1.670932465759994605e-05
3.975767401564818283e+04 1.637305390801959619e-05
4.026100045061955461e+04 1.604355022768398756e-05
4.077069919274393033e+04 1.572067744002227655e-05
4.128685091789230501e+04 1.540430212315202401e-05
4.180953732332287473e+04 1.509431582666054093e-05
4.233884114061318542e+04 1.479057388223143674e-05
4.287484614875435364e+04 1.449294386661302428e-05
4.341763718741192133e+04 1.420130288185006835e-05
4.396730017035450874e+04 1.391553040375059684e-05
4.452392209905177879e+04 1.363550828726671652e-05
4.508759107644607866e+04 1.336112082654697557e-05
4.565839632089712541e+04 1.309225478095261800e-05
4.623642818030293711e+04 1.282879891428374585e-05
4.682177814640138240e+04 1.257064437293951624e-05
4.741453886925115512e+04 1.231768450515621134e-05
4.801480417189582658e+04 1.206981487141943154e-05
4.862266906521562487e+04 1.182693294166951365e-05
4.923822976296493289e+04 1.158893836182031059e-05
4.986158369700156618e+04 1.135573285853881539e-05
5.049282953270839789e+04 1.112722004280399565e-05
5.113206718460963020e+04 1.090330544678105663e-05
5.177939783218654338e+04 1.068389654943409123e-05
5.243492393589174753e+04 1.046890279362251513e-05
5.309874925336614251e+04 1.025823522671779095e-05
5.377097885586308257e+04 1.005180680783704206e-05
5.445171914487860340e+04 9.849532259398643050e-06
5.514107786899217899e+04 9.651328051175709822e-06
5.583916414092248306e+04 9.457112203275783719e-06
5.654608845479724550e+04 9.266804469324447455e-06
5.726196270364253724e+04 9.080326265980599878e-06
5.798690019709354965e+04 8.897600507724971673e-06
5.872101567932863691e+04 8.718551658788752448e-06
5.946442534723236895e+04 8.543105737615370654e-06
6.021724686878688226e+04 8.371190324596779230e-06
6.097959940169563924e+04 8.202734292650684493e-06
6.175160361224544613e+04 8.037668040060453838e-06
6.253338169440492493e+04 7.875923379198630550e-06
6.332505738916479459e+04 7.717433504201883095e-06
6.412675600412525091e+04 7.562132866407611299e-06
6.493860443332892464e+04 7.409957298834635872e-06
6.576073117734608240e+04 7.260843962467444474e-06
6.659326636361403507e+04 7.114731210560196428e-06
6.743634176703297999e+04 6.971558645211154409e-06
6.829009083082509460e+04 6.831267109691500062e-06
6.915464868765535357e+04 6.693798688995676725e-06
7.003015218101952632e+04 6.559096510565113975e-06
7.091673988690583792e+04 6.427104917799550605e-06
7.181455213572811044e+04 6.297769387613003771e-06
7.272373103453646763e+04 6.171036490911670767e-06
7.364442048951218021e+04 6.046853816879822272e-06
7.457676622874393070e+04 5.925170056484112624e-06
7.552091582529449079e+04 5.805934960129634524e-06
7.647701872055885906e+04 5.689099228623646259e-06
7.744522624791684211e+04 5.574614568124138893e-06
7.842569165668837377e+04 5.462433676279090763e-06
7.941857013638892386e+04 5.352510237780220440e-06
8.042401884129221435e+04 5.244798777984694718e-06
8.144219691530684941e+04 5.139254791812752763e-06
8.247326551716469112e+04 5.035834681959956041e-06
8.351738784592854790e+04 4.934495718365798662e-06
8.457472916682534560e+04 4.835195994780612401e-06
8.564545683740364620e+04 4.737894483967293401e-06
8.672974033402196073e+04 4.642551003118891725e-06
8.782775127867727133e+04 4.549126128124133640e-06
8.893966346616504597e+04 4.457581243610360228e-06
9.006565289159133681e+04 4.367878526783849756e-06
9.120589777822825999e+04 4.279980937443687172e-06
9.236057860572235950e+04 4.193852115409374232e-06
9.352987813866333454e+04 4.109456473068708954e-06
9.471398145551126800e+04 4.026759149134115885e-06
9.591307597788974817e+04 3.945725970704236058e-06
9.712735150025389157e+04 3.866323430613717102e-06
9.835700021992987604e+04 3.788518723326658752e-06
9.960221676753467182e+04 3.712279715969337111e-06
1.008631982377869572e+05 3.637574881548190782e-06
1.021401442206977808e+05 3.564373344010527767e-06
1.034332568331665098e+05 3.492644860849455376e-06
1.047427407509706682e+05 3.422359808050486492e-06
1.060688032411607419e+05 3.353489114002389331e-06
1.074116541948696395e+05 3.286004321992146917e-06
1.087715061605330266e+05 3.219877555915740318e-06
1.101485743775300798e+05 3.155081486814418417e-06
1.115430768102569418e+05 3.091589323136782789e-06
1.129552341826204502e+05 3.029374833652474386e-06
1.143852700129773730e+05 2.968412322518401788e-06
1.158334106495160377e+05 2.908676578279615050e-06
1.172998853060769907e+05 2.850142913183852057e-06
1.187849260984385473e+05 2.792787145529667095e-06
1.202887680810543534e+05 2.736585583004639293e-06
1.218116492842569132e+05 2.681514981472256124e-06
1.233538107519361220e+05 2.627552586433459585e-06
1.249154965796907200e+05 2.574676107089995064e-06
1.264969539534619107e+05 2.522863688123419488e-06
1.280984331886641157e+05 2.472093907572094140e-06
1.297201877697985328e+05 2.422345791173006758e-06
1.313624743905780488e+05 2.373598790383461639e-06
1.330255529945602466e+05 2.325832744489169590e-06
1.347096868162849569e+05 2.279027913805933684e-06
1.364151424229450931e+05 2.233164962603004258e-06
1.381421897565772815e+05 2.188224942866492811e-06
1.398911021767870116e+05 2.144189269759427380e-06
1.416621565040196001e+05 2.101039748524605685e-06
1.434556330633741454e+05 2.058758554393343349e-06
1.452718157289715891e+05 2.017328209682521666e-06
1.471109919688930677e+05 1.976731585797015412e-06
1.489734528906729829e+05 1.936951911910762423e-06
1.508594932873797661e+05 1.897972755517622717e-06
1.527694116842795920e+05 1.859777995496243438e-06
1.547035103860794916e+05 1.822351848217249488e-06
1.566620955247835373e+05 1.785678852622520569e-06
1.586454771081450745e+05 1.749743855214835406e-06
1.606539690687336843e+05 1.714531996451918840e-06
1.626878893136283732e+05 1.680028727705951276e-06
1.647475597747345164e+05 1.646219795286710837e-06
1.668333064597374178e+05 1.613091222443323902e-06
1.689454595037102117e+05 1.580629313611735330e-06
1.710843532213594881e+05 1.548820658787079187e-06
1.732503261599453399e+05 1.517652117004718547e-06
1.754437211528710031e+05 1.487110797948827474e-06
1.776648853739382757e+05 1.457184080849986187e-06
1.799141703923061723e+05 1.427859602733993556e-06
1.821919322281352652e+05 1.399125244925551169e-06
1.844985314089365420e+05 1.370969126408146326e-06
1.868343330266409903e+05 1.343379614102616432e-06
1.891997067953844089e+05 1.316345309817348183e-06
1.915950271100233076e+05 1.289855036623751757e-06
1.940206731054032571e+05 1.263897843924248887e-06
1.964770287163588218e+05 1.238463009042245818e-06
1.989644827384879172e+05 1.213540023253670833e-06
2.014834288896954968e+05 1.189118579577945327e-06
2.040342658725020010e+05 1.165188586375672002e-06
2.066173974371589429e+05 1.141740157844143604e-06
2.092332324455521011e+05 1.118763602492802164e-06
2.118821849359141779e+05 1.096249420764919773e-06
2.145646741883642680e+05 1.074188310918750138e-06
2.172811247912700928e+05 1.052571158096367865e-06
2.200319667084484536e+05 1.031389024472671681e-06
2.228176353472305054e+05 1.010633154217262572e-06
2.256385716273660946e+05 9.902949734723186433e-07
2.284952220508231258e+05 9.703660785076516610e-07
2.313880387724571337e+05 9.508382279607989319e-07
2.343174796715758275e+05 9.317033525550621674e-07
2.372840084244186874e+05 9.129535472112064295e-07
2.402880945775456494e+05 8.945810616501662823e-07
2.433302136221546098e+05 8.765783003404394349e-07
2.464108470693487907e+05 8.589378257429815527e-07
2.495304825263479725e+05 8.416523488360192590e-07
2.526896137736634992e+05 8.247147224448491647e-07
2.558887408432663069e+05 8.081179456774529505e-07
2.591283700977178232e+05 7.918551628387084905e-07
2.624090143103293958e+05 7.759196534412647661e-07
2.657311927463206812e+05 7.603048278576159743e-07
2.690954312450064463e+05 7.450042339361773053e-07
2.725022623030334362e+05 7.300115503836337896e-07
2.759522251586620114e+05 7.153205794358652196e-07
2.794458658771137707e+05 7.009252478714683993e-07
2.829837374370103353e+05 6.868196088082894610e-07
2.865663998178963666e+05 6.729978332450904973e-07
2.901944200888695777e+05 6.594542059974209994e-07
2.938683724983492284e+05 6.461831294866456818e-07
2.975888385649537668e+05 6.331791217488547318e-07
3.013564071695564780e+05 6.204368082852799859e-07
3.051716746484900941e+05 6.079509202690672054e-07
3.090352448879322619e+05 5.957162986264591169e-07
3.129477294194962597e+05 5.837278884727548843e-07
3.169097475170225371e+05 5.719807336384386723e-07
3.209219262945931405e+05 5.604699780864553972e-07
3.249849008058012114e+05 5.491908668593846739e-07
3.290993141442632186e+05 5.381387384676853256e-07
3.332658175454044831e+05 5.273090228769912593e-07
3.374850704895513481e+05 5.166972445346499718e-07
3.417577408062970499e+05 5.062990198862119953e-07
3.460845047802202171e+05 4.961100509103384257e-07
3.504660472579244524e+05 4.861261248264452768e-07
3.549030617564310087e+05 4.763431165195013636e-07
3.593962505729592522e+05 4.667569837496552270e-07
3.639463248960826895e+05 4.573637632756808014e-07
3.685540049182924558e+05 4.481595722831461142e-07
3.732200199499994051e+05 4.391406088698367505e-07
3.779451085349661298e+05 4.303031451660715644e-07
3.827300185671984218e+05 4.216435268923652387e-07
3.875755074093399453e+05 4.131581756189153005e-07
3.924823420125271659e+05 4.048435860720813944e-07
3.974512990378007526e+05 3.966963211510816608e-07
4.024831649790300289e+05 3.887130124310136270e-07
4.075787362873959355e+05 3.808903615838265155e-07
4.127388194974639919e+05 3.732251360970481636e-07
4.179642313548386446e+05 3.657141667832734768e-07
4.232557989454348572e+05 3.583543489904273922e-07
4.286143598263995373e+05 3.511426428300434332e-07
4.340407621586767491e+05 3.440760670835091056e-07
4.395358648412487819e+05 3.371516997826396964e-07
4.451005376471037162e+05 3.303666797625812046e-07
4.507356613608787884e+05 3.237182040245312781e-07
4.564421279182924773e+05 3.172035239829338543e-07
4.622208405473140301e+05 3.108199463132859775e-07
4.680727139111222350e+05 3.045648338069995538e-07
4.739986742528909817e+05 2.984356014286721993e-07
4.799996595423905528e+05 2.924297149910334719e-07
4.860766196244448656e+05 2.865446920399566588e-07
4.922305163692866918e+05 2.807781019227549370e-07
4.984623238247971167e+05 2.751275606014449481e-07
5.047730283706722548e+05 2.695907316936621461e-07
5.111636288745701313e+05 2.641653274912692147e-07
5.176351368501850520e+05 2.588491065418842504e-07
5.241885766173739685e+05 2.536398708862871457e-07
5.308249854642786086e+05 2.485354669870197445e-07
5.375454138115037931e+05 2.435337862532992539e-07
5.443509253783908207e+05 2.386327614091305422e-07
5.512425973513787612e+05 2.338303660654997088e-07
5.582215205544973724e+05 2.291246152636428843e-07
5.652887996220362838e+05 2.245135654915106719e-07
5.724455531733821845e+05 2.199953102695280727e-07
5.796929139900661539e+05 2.155679814475350977e-07
5.870320291950877290e+05 2.112297498450909743e-07
5.944640604344501626e+05 2.069788230358164539e-07
6.019901840610534418e+05 2.028134434061871026e-07
6.096115913208799902e+05 1.987318890156728658e-07
6.173294885415394092e+05 1.947324739428229188e-07
6.251450973232219694e+05 1.908135449467004992e-07
6.330596547320488608e+05 1.869734817092091332e-07
6.410744134958684444e+05 1.832106970592632404e-07
6.491906422025556676e+05 1.795236369981015544e-07
6.574096255007978762e+05 1.759107769436461613e-07
6.657326643034205772e+05 1.723706231528040135e-07
6.741610759933277732e+05 1.689017130558114546e-07
6.826961946319802664e+05 1.655026132915437596e-07
6.913393711705835303e+05 1.621719183933723692e-07
7.000919736639076145e+05 1.589082515136833888e-07
7.089553874868161511e+05 1.557102646844074000e-07
7.179310155535620870e+05 1.525766357589437738e-07
7.270202785398351261e+05 1.495060691367907927e-07
7.362246151076197857e+05 1.464972957336906774e-07
7.455454821329247206e+05 1.435490729697909775e-07
7.549843549363735365e+05 1.406601816645015410e-07
7.645427275167056359e+05 1.378294274515911127e-07
7.742221127872838406e+05 1.350556409018304264e-07
7.840240428155167028e+05 1.323376757748538974e-07
7.939500690653908532e+05 1.296744082134267574e-07
8.040017626430264208e+05 1.270647372977032873e-07
8.141807145453443518e+05 1.245075852748174796e-07
8.244885359119117493e+05 1.220018947699833054e-07
8.349268582799442811e+05 1.195466298413851790e-07
8.454973338425396942e+05 1.171407757791193619e-07
8.562016357102086768e+05 1.147833389531981888e-07
8.670414581756879343e+05 1.124733444221954541e-07
8.780185169821005547e+05 1.102098372040711050e-07
8.891345495945654111e+05 1.079918822621138432e-07
9.003913154751554830e+05 1.058185629503685867e-07
9.117905963614291977e+05 1.036889806091910487e-07
9.233341965484302491e+05 1.016022549447227993e-07
9.350239431742628803e+05 9.955752425692714652e-08
9.468616865093187662e+05 9.755394290835196777e-08
9.588493002491255756e+05 9.559068258869779474e-08
9.709886818109106971e+05 9.366693197527069351e-08
9.832817526339477627e+05 9.178189650216748055e-08
9.957304584836733993e+05 8.993479654918521202e-08
1.008336769759651390e+06 8.812486853554791089e-08
1.021102681807493325e+06 8.635136484160592809e-08
1.034030215234628646e+06 8.461355241775264799e-08
1.047121416230174480e+06 8.291071268798178020e-08
1.060378356888792012e+06 8.124214176735152800e-08
1.073803135538650211e+06 7.960715070187898325e-08
1.087397877073574811e+06 7.800506318249747662e-08
1.101164733289368451e+06 7.643521692567386693e-08
1.115105883224389050e+06 7.489696322529047194e-08
1.129223533504472580e+06 7.338966670087355105e-08
1.143519918692192761e+06 7.191270392656142464e-08
1.157997301640530117e+06 7.046546435891187282e-08
1.172657973851089599e+06 6.904735023387553286e-08
1.187504255836741067e+06 6.765777531789698454e-08
1.202538497488961322e+06 6.629616504047211088e-08
1.217763078449763125e+06 6.496195657120357212e-08
1.233180408488329034e+06 6.365459906599287736e-08
1.248792927882468328e+06 6.237355165010953863e-08
1.264603107804848580e+06 6.111828478848997687e-08
1.280613450714124599e+06 5.988827979618219074e-08
1.296826490751056932e+06 5.868302857987238882e-08
1.313244794139611069e+06 5.750203262262662052e-08
1.329870959593116306e+06 5.634480374420361004e-08
1.346707618725654902e+06 5.521086400152172135e-08
1.363757436468521832e+06 5.409974456623712381e-08
1.381023111492094584e+06 5.301098602101414579e-08
1.398507376632960048e+06 5.194413832120674820e-08
1.416212999326455407e+06 5.089876103252106696e-08
1.434142782044735737e+06 4.987442162297397124e-08
1.452299562740336638e+06 4.887069668624330707e-08
1.470686215295351343e+06 4.788717149667123728e-08
1.489305649976348737e+06 4.692343974295382714e-08
1.508160813894997584e+06 4.597910279649351917e-08
1.527254691474514315e+06 4.505377031472121974e-08
1.546590304922109935e+06 4.414706015995009273e-08
1.566170714707262116e+06 4.325859739119113311e-08
1.585999020046200836e+06 4.238801467133718444e-08
1.606078359392431565e+06 4.153495214141751624e-08
1.626411910933471750e+06 4.069905764218122617e-08
1.647002893093943596e+06 3.987998528479294027e-08
1.667854565044966992e+06 3.907739652142837395e-08
1.688970227220008615e+06 3.829095975134268103e-08
1.710353221837316873e+06 3.752437806874168056e-08
1.732006933428915683e+06 3.677820493044543559e-08
1.753934789376283996e+06 3.605284487703349291e-08
1.776140260452924296e+06 3.534877648531731680e-08
1.798626861373623367e+06 3.466654509852669297e-08
1.821398151350841159e+06 3.400675365665104805e-08
1.844457734658046858e+06 3.337004957433698252e-08
1.867809261200180044e+06 3.275710883332496453e-08
1.891456427091409918e+06 3.216861753831825239e-08
1.915402975240138359e+06 3.160525226853205447e-08
1.939652695941411890e+06 3.106765785424333227e-08
1.964209427476901561e+06 3.055642459366973779e-08
1.989077056722403970e+06 3.007206600538582003e-08
2.014259519763035700e+06 2.961499734420530448e-08
2.039760802516329568e+06 2.918551538440351133e-08
2.065584941363013349e+06 2.878378056728390272e-08
2.091736023785991827e+06 2.840980327389210807e-08
2.118218189017280471e+06 2.806343282620460225e-08
2.145035628693144768e+06 2.774435071518534639e-08
2.172192587517616805e+06 2.745206820505433012e-08
