8.631214950067782610e+00 1.683306687178322573e-04
8.739362439228322899e+00 1.998023313448957575e-04
8.848874739149140467e+00 2.392599939151099581e-04
8.959769073608821799e+00 2.889491528528633836e-04
9.072062883748408524e+00 3.518700381585089087e-04
9.185773830814438767e+00 4.311469775920329138e-04
9.300919798936602589e+00 5.308437064747636991e-04
9.417518897940619027e+00 6.566147313725400302e-04
9.535589466196441322e+00 8.151985884428079865e-04
9.655150073502404950e+00 1.014272874419115331e-03
9.776219524005945516e+00 1.263675070686534445e-03
9.898816859160980641e+00 1.574805537345344737e-03
1.002296136072274990e+01 1.958843641372090896e-03
1.014867255378028688e+01 2.430311621493786226e-03
1.027597020982741860e+01 3.008539272143792923e-03
1.040487434987228355e+01 3.704227324363850923e-03
1.053540524758613728e+01 4.551550810471991296e-03
1.066758343249203911e+01 5.574594224708493556e-03
1.080142969319363999e+01 6.789903135890860975e-03
1.093696508064466499e+01 8.215905551175978899e-03
1.107421091145988967e+01 9.881551610962161641e-03
1.121318877126769209e+01 1.181008092887118194e-02
1.135392051810489811e+01 1.402309402260653454e-02
1.149642828585470689e+01 1.653783875612919313e-02
1.164073448772772679e+01 1.935473352815938325e-02
1.178686181978712710e+01 2.250663271618033590e-02
1.193483326451810811e+01 2.600977140120874775e-02
1.208467209444266466e+01 2.988676665288413081e-02
1.223640187577974281e+01 3.414948074288734481e-02
1.239004647215160482e+01 3.881897285833564581e-02
1.254563004833716633e+01 4.391087423036574289e-02
1.270317707407249763e+01 4.944301477308807313e-02
1.286271232789927410e+01 5.540810751742686335e-02
1.302426090106202672e+01 6.181646961611761415e-02
1.318784820145431880e+01 6.868182201785469343e-02
1.335349995761487207e+01 7.601426868349775434e-02
1.352124222277398680e+01 8.381512827895715168e-02
1.369110137895125412e+01 9.209270320195062087e-02
1.386310414110479350e+01 1.008719054915769020e-01
1.403727756133279314e+01 1.101232642692393793e-01
1.421364903312837136e+01 1.198057218353520970e-01
1.439224629568786007e+01 1.299544657660939295e-01
1.457309743827344661e+01 1.405957082450267626e-01
1.475623090463115439e+01 1.516878856018014643e-01
1.494167549746428136e+01 1.631663133025400836e-01
1.512946038296347062e+01 1.750217375078593762e-01
1.531961509539373090e+01 1.873116754048447241e-01
1.551216954173972162e+01 2.000353032128245889e-01
1.570715400640932913e+01 2.131065057453915834e-01
1.590459915599661755e+01 2.264061190672590484e-01
1.610453604410514927e+01 2.398993225415541608e-01
1.630699611623196787e+01 2.535714796193973553e-01
1.651201121471311595e+01 2.675570969656855813e-01
1.671961358373189199e+01 2.819410291427316695e-01
1.692983587439005788e+01 2.965916255386985556e-01
1.714271114984295963e+01 3.112889519003295136e-01
1.735827289049989375e+01 3.259425255039552494e-01
1.757655499928958776e+01 3.405439384552398363e-01
1.779759180699243970e+01 3.552017975848096309e-01
1.802141807763988979e+01 3.700151309734749927e-01
1.824806901398212133e+01 3.848113912994249319e-01
1.847758026302462397e+01 3.995761932682811435e-01
1.870998792163448243e+01 4.143836216780898973e-01
1.894532854221785101e+01 4.290888355268160370e-01
1.918363913846868840e+01 4.435145194045536088e-01
1.942495719119000341e+01 4.576340970970665389e-01
1.966932065418905395e+01 4.715924077540916692e-01
1.991676796024641760e+01 4.854686365380616597e-01
2.016733802716046853e+01 4.992258098510051756e-01
2.042107026386855040e+01 5.128653496812032309e-01
2.067800457664490921e+01 5.262707865855527078e-01
2.093818137537711621e+01 5.393390631492342990e-01
2.120164157992143927e+01 5.522029709424267629e-01
2.146842662653888922e+01 5.649421349092164091e-01
2.173857847441203361e+01 5.774637675887759336e-01
2.201213961224408777e+01 5.896625839022349158e-01
2.228915306494172199e+01 6.014894875089467075e-01
2.256966240038164173e+01 6.130190130259975945e-01
2.285371173626301200e+01 6.243386393475385265e-01
2.314134574704583969e+01 6.354298693428840350e-01
2.343260967097766212e+01 6.462678251224838188e-01
2.372754931720827187e+01 6.568672636983341473e-01
2.402621107299428260e+01 6.672403330446359249e-01
2.432864191099514883e+01 6.774080809314478868e-01
2.463488939666068589e+01 6.873046204768351597e-01
2.494500169571189474e+01 6.968281196377719144e-01
2.525902758171663720e+01 7.060470961380006516e-01
2.557701644376040306e+01 7.150337349943141074e-01
2.589901829421404145e+01 7.237007680063738402e-01
2.622508377659972467e+01 7.320517344070551768e-01
2.655526417355590141e+01 7.402414128343465238e-01
2.688961141490300477e+01 7.482919557802133470e-01
2.722817808581052290e+01 7.561086683817133114e-01
2.757101743506783720e+01 7.636182369139418169e-01
2.791818338345885309e+01 7.707859605312853413e-01
2.826973053224233823e+01 7.776497416686732889e-01
2.862571417173979782e+01 7.842745456686265326e-01
2.898619029003117120e+01 7.906894964272394022e-01
2.935121558176038548e+01 7.968657578139680675e-01
2.972084745705233644e+01 8.027423964565105763e-01
3.009514405054214947e+01 8.083678392415749592e-01
3.047416423051821965e+01 8.138451211838075849e-01
3.085796760818109874e+01 8.191165704067207010e-01
3.124661454701885788e+01 8.240499968625502047e-01
3.164016617230096884e+01 8.286973737961937925e-01
3.203868438069164171e+01 8.331891836285731934e-01
3.244223184998512721e+01 8.375042428334380507e-01
3.285087204896333901e+01 8.415419957298325704e-01
3.326466924737780317e+01 8.452767475182637602e-01
3.368368852605827612e+01 8.487258220618063564e-01
3.410799578714813407e+01 8.519136782536574914e-01
3.453765776446947910e+01 8.548715487230801324e-01
3.497274203401846648e+01 8.576096204623273600e-01
3.541331702459409314e+01 8.601087429273320817e-01
3.585945202855976532e+01 8.623308294490781289e-01
3.631121721274197256e+01 8.642414338515237437e-01
3.676868362946571978e+01 8.658540775581141657e-01
3.723192322772938923e+01 8.672131841856201007e-01
3.770100886452052436e+01 8.683117254737843238e-01
3.817601431627497988e+01 8.690994184772953268e-01
3.865701429048002069e+01 8.695520030756429541e-01
3.914488858980381281e+01 8.696757970451384212e-01
3.961792290267248973e+01 8.694762634710636595e-01
4.009694601272331482e+01 8.689588446623287554e-01
4.058203374044288836e+01 8.680985274445527367e-01
4.107326286623410283e+01 8.668784633528340278e-01
4.157071114256974909e+01 8.652992619688963938e-01
4.207445730629864755e+01 8.633758938288530471e-01
4.258458109110889467e+01 8.611177558095480800e-01
4.310116324014752820e+01 8.585131556400632524e-01
4.362428551880136496e+01 8.555365480240466614e-01
4.415403072763837145e+01 8.521543759982500577e-01
4.469048271551369567e+01 8.483425135085046476e-01
4.523372639284164620e+01 8.440985364408192249e-01
4.578384774503484067e+01 8.394370140734567221e-01
4.634093384611479394e+01 8.343716864978828474e-01
4.690507287249342738e+01 8.289046586444834830e-01
4.747635411693045882e+01 8.230320973732122569e-01
4.805486800266609748e+01 8.167526768891231193e-01
4.864070609773408194e+01 8.100691938192976504e-01
4.923396112945443548e+01 8.029839399344453899e-01
4.983472699911132509e+01 7.955000636110485246e-01
5.044309879681510012e+01 7.876260676251687354e-01
5.105917281655369777e+01 7.793758559149654985e-01
5.168304657143441716e+01 7.707664621783463232e-01
5.231481880911778859e+01 7.618148424558017773e-01
5.295458952744830583e+01 7.525371393835458278e-01
5.360245999028135344e+01 7.429496136835559428e-01
5.425853274351232614e+01 7.330706194067098114e-01
5.492291163130681753e+01 7.229186586206520770e-01
5.559570181253811683e+01 7.125181768658670478e-01
5.627700977743105426e+01 7.018980713792131176e-01
5.696694336441832007e+01 6.910845306285546830e-01
5.766561177720844000e+01 6.801025730069111264e-01
5.837312560207113421e+01 6.689774312949698931e-01
5.908959682534135993e+01 6.577337011205315331e-01
5.981513885114387108e+01 6.463954859971173805e-01
6.054986651934392938e+01 6.349863184068312849e-01
6.129389612372342810e+01 6.235294853637444179e-01
6.204734543038887296e+01 6.120483620151856430e-01
6.281033369641077257e+01 6.005659731366916887e-01
6.358298168870073397e+01 5.891043173395503763e-01
6.436541170312555948e+01 5.776841844405486981e-01
6.515774758386552890e+01 5.663251287318658012e-01
6.596011474301570843e+01 5.550455593393004428e-01
6.677264018043676685e+01 5.438623779598339425e-01
6.759545250385687609e+01 5.327897938784987852e-01
6.842868194922780845e+01 5.218399949777901004e-01
6.927246040133857719e+01 5.110244816369662324e-01
7.012692141469047158e+01 5.003537889055527099e-01
7.099220023463682594e+01 4.898375143454967162e-01
7.186843381878891535e+01 4.794846703054378989e-01
7.275576085869478504e+01 4.693031048256885995e-01
7.365432180179050192e+01 4.592990759413040358e-01
7.456425887363155880e+01 4.494777441160590081e-01
7.548571610040350777e+01 4.398432912875808176e-01
7.641883933171901333e+01 4.303988301367990266e-01
7.736377626370348537e+01 4.211470866438352667e-01
7.832067646237240410e+01 4.120895974805708351e-01
7.928969138730451505e+01 4.032267172130505895e-01
8.027097441561521407e+01 3.945579593490287640e-01
8.126468086623408738e+01 3.860823336160932873e-01
8.227096802448764379e+01 3.777983700477856033e-01
8.328999516699602168e+01 3.697050440054944209e-01
8.432192358688240574e+01 3.618001886197855788e-01
8.536691661930376540e+01 3.540814991719397620e-01
8.642513966730277275e+01 3.465464096675354710e-01
8.749676022798864494e+01 3.391918966703157401e-01
8.858194791904894316e+01 3.320147181573188666e-01
8.968087450559679041e+01 3.250112575437273388e-01
9.079371392735755819e+01 3.181775943619353786e-01
9.192064232620086273e+01 3.115098271868068092e-01
9.306183807402091190e+01 3.050037165248841720e-01
9.421748180096832925e+01 2.986552431388823092e-01
9.538775642404193889e+01 2.924632077793626328e-01
9.657284717603977242e+01 2.864200614050383398e-01
9.777294163487933076e+01 2.805214412416598413e-01
9.898822975328647544e+01 2.747631966552750993e-01
1.002189038888620587e+02 2.691411800382985109e-01
1.014651588345287792e+02 2.636514169360614779e-01
1.027271918493630380e+02 2.582898498918022034e-01
1.040052026898169970e+02 2.530526657894390241e-01
1.052993936413366214e+02 2.479355426834883580e-01
1.066099695503804980e+02 2.429348212449716216e-01
1.079371378568415878e+02 2.380466172957187154e-01
1.092811086268829683e+02 2.332675719697994421e-01
1.106420945861856495e+02 2.285942811753585158e-01
1.120203111536207814e+02 2.240232399388464302e-01
1.134159764753451043e+02 2.195515370505484176e-01
1.148293114593298441e+02 2.151762209826972860e-01
1.162605398103270886e+02 2.108942618471551789e-01
1.177098880652774824e+02 2.067028564599180662e-01
1.191775856291663871e+02 2.025993113488656627e-01
1.206638648113348893e+02 1.985810240879108401e-01
1.221689608622509269e+02 1.946455175741589605e-01
1.236931120107432207e+02 1.907903881386170397e-01
1.252365595017104880e+02 1.870133079965008160e-01
1.267995476343040622e+02 1.833121785057868214e-01
1.283823238005980727e+02 1.796850060637658619e-01
1.299851385247449684e+02 1.761296865381232757e-01
1.316082455026298987e+02 1.726444219251322965e-01
1.332519016420263256e+02 1.692275573363442864e-01
1.349163671032595744e+02 1.658773753969819131e-01
1.366019053403846044e+02 1.625923076952920099e-01
1.383087831428863410e+02 1.593706635091883816e-01
1.400372706779088503e+02 1.562108873012974519e-01
1.417876415330152042e+02 1.531116115166587244e-01
1.435601727594940087e+02 1.500714538707105250e-01
1.453551449162090421e+02 1.470891287311039131e-01
1.471728421140090006e+02 1.441633652427319612e-01
1.490135520606942805e+02 1.412929615593984667e-01
1.508775661065587030e+02 1.384768570954160727e-01
1.527651792905018908e+02 1.357139500691830203e-01
1.546766903867313090e+02 1.330031721710795423e-01
1.566124019520504191e+02 1.303434908564119477e-01
1.585726203737486628e+02 1.277338819427457917e-01
1.605576559180979359e+02 1.251733670736348281e-01
1.625678227794597319e+02 1.226609725189819755e-01
1.646034391300189554e+02 1.201958023974029899e-01
1.666648271701417343e+02 1.177770027520655405e-01
1.687523131793769835e+02 1.154036058468672354e-01
1.708662275680972584e+02 1.130747723782807856e-01
1.730069049297994752e+02 1.107898054821960382e-01
1.751746840940622292e+02 1.085479728942969069e-01
1.773699081801787258e+02 1.063485311079934437e-01
1.795929246514640738e+02 1.041907450396375168e-01
1.818440853702532820e+02 1.020739964885277462e-01
1.841237466535949352e+02 9.999769550915969807e-02
1.864322693296493298e+02 9.796123257391201045e-02
1.887700187948001087e+02 9.596388842641584427e-02
1.911373650714899952e+02 9.400497255965671595e-02
1.935346828667900922e+02 9.208385909574644257e-02
1.959623516317063263e+02 9.019988649802723746e-02
1.984207556212424777e+02 8.835240333193374040e-02
2.009102839552176079e+02 8.654079604103855072e-02
2.034313306798595988e+02 8.476443116689583168e-02
2.059842948301727006e+02 8.302277794639126296e-02
2.085695804930983286e+02 8.131531353785260985e-02
2.111875968714757903e+02 7.964156082841060413e-02
2.138387583488102734e+02 7.800102370495821946e-02
2.165234845548615112e+02 7.639320397682852759e-02
2.192422004320640383e+02 7.481760944153821591e-02
2.219953363027892408e+02 7.327370696080737211e-02
2.247833279374542030e+02 7.176101285985285461e-02
2.276066166234994910e+02 7.027900284237326156e-02
2.304656492352336841e+02 6.882715482132431561e-02
2.333608783045683595e+02 6.740490752420690013e-02
2.362927620926425334e+02 6.601168172415679269e-02
2.392617646623587007e+02 6.464694195765086082e-02
2.422683559518355310e+02 6.331016397656374917e-02
2.453130118487900688e+02 6.200081008903391561e-02
2.483962142658605785e+02 6.071842259998175284e-02
2.515184512168859499e+02 5.946248932963492384e-02
2.546802168941498223e+02 5.823256917735407379e-02
2.578820117465994031e+02 5.702824939714263436e-02
2.611243425590610059e+02 5.584907674950995160e-02
2.644077225324504639e+02 5.469461444977696818e-02
2.677326713650077181e+02 5.356437507685285482e-02
2.710997153345513198e+02 5.245791485285021538e-02
2.745093873817808685e+02 5.137477982007936789e-02
2.779622271946319643e+02 5.031439542000969156e-02
2.814587812936979390e+02 4.927634504444668856e-02
2.849996031187330345e+02 4.826018007763160922e-02
2.885852531162526020e+02 4.726536530625934790e-02
2.922162988282431684e+02 4.629148909306431137e-02
2.958933149819896471e+02 4.533817168272743364e-02
2.996168835810489668e+02 4.440501654967855122e-02
3.033875939973655136e+02 4.349163096985009941e-02
3.072060430645627775e+02 4.259763630820433133e-02
3.110728351724064851e+02 4.172268721018070753e-02
3.149885823624704244e+02 4.086644032150469480e-02
3.189539044250125812e+02 4.002850159412108672e-02
3.229694289970748287e+02 3.920849662181154216e-02
3.270357916618256127e+02 3.840604991096198406e-02
3.311536360491613777e+02 3.762079975093137602e-02
3.353236139375842413e+02 3.685232434533169260e-02
3.395463853573610322e+02 3.610028560814471793e-02
3.438226186949995054e+02 3.536431637250996712e-02
3.481529907990361608e+02 3.464405537682345437e-02
3.525381870871744354e+02 3.393919589261375908e-02
3.569789016547684923e+02 3.324939650245722911e-02
3.614758373846877930e+02 3.257435185203003819e-02
3.660297060585721738e+02 3.191376366054356900e-02
3.706412284694919776e+02 3.126733450089429905e-02
3.753111345360347286e+02 3.063474806786741986e-02
3.800401634178396080e+02 3.001569032127537201e-02
3.848290636325941705e+02 2.940982204855114093e-02
3.896785931745067160e+02 2.881686160253286999e-02
3.945895196342879103e+02 2.823654921288194786e-02
3.995626203206400078e+02 2.766856098122678909e-02
4.045986823832975574e+02 2.711261774809804043e-02
4.096985029376119201e+02 2.656847486174104128e-02
4.148628891907230241e+02 2.603584705261405285e-02
4.200926585693271136e+02 2.551446992955372015e-02
4.253886388490575996e+02 2.500405382382643593e-02
4.307516682855060708e+02 2.450434920893555801e-02
4.361825957469035870e+02 2.401511956834331829e-02
4.416822808484836287e+02 2.353611068146458860e-02
4.472515940885371037e+02 2.306707481788481534e-02
4.528914169862035806e+02 2.260774722045203605e-02
4.586026422209915836e+02 2.215789487936558125e-02
4.643861737740809303e+02 2.171733304954000243e-02
4.702429270713995493e+02 2.128580213659510278e-02
4.761738291285215610e+02 2.086307819279726791e-02
4.821798186973983888e+02 2.044896323812005895e-02
4.882618464149435340e+02 2.004323726857656224e-02
4.944208749534993785e+02 1.964568711382564531e-02
5.006578791732123932e+02 1.925612324866179600e-02
5.069738462763379516e+02 1.887434536125453741e-02
5.133697759634895874e+02 1.850013450013921271e-02
5.198466805918801583e+02 1.813329905919962640e-02
5.264055853355534964e+02 1.777366761320172198e-02
5.330475283476553159e+02 1.742107843268954695e-02
5.397735609247495177e+02 1.707534576744758337e-02
5.465847476732201358e+02 1.673631351191683450e-02
5.534821666777812652e+02 1.640383529043963270e-02
5.604669096721166852e+02 1.607776672125929215e-02
5.675400822116782820e+02 1.575797365247339626e-02
5.747028038486761261e+02 1.544431454820865794e-02
5.819562083092887406e+02 1.513666807729844438e-02
5.893014436730999250e+02 1.483488751523998755e-02
5.967396725548308041e+02 1.453886888774949711e-02
6.042720722883489088e+02 1.424850154531735746e-02
6.118998351130273932e+02 1.396367530787845541e-02
6.196241683624481311e+02 1.368429265481418619e-02
6.274462946555016742e+02 1.341025882602238546e-02
6.353674520899093068e+02 1.314149404150536000e-02
6.433888944381876627e+02 1.287791185338614010e-02
6.515118913460953536e+02 1.261941770264545307e-02
6.597377285335969646e+02 1.236591356643739620e-02
6.680677079983722706e+02 1.211732744491164984e-02
6.765031482218895462e+02 1.187357674234013061e-02
6.850453843781077694e+02 1.163458645051426536e-02
6.936957685447980566e+02 1.140027782007992443e-02
7.024556699175631138e+02 1.117057871523720672e-02
7.113264750265522025e+02 1.094542242018604547e-02
7.203095879559136847e+02 1.072472983468545499e-02
7.294064305660523360e+02 1.050842790955494772e-02
7.386184427186719859e+02 1.029644580224355586e-02
7.479470825046852269e+02 1.008871950095262607e-02
7.573938264749898508e+02 9.885172908454061338e-03
7.669601698741980726e+02 9.685727337439614323e-03
7.766476268772963749e+02 9.490304469659481199e-03
7.864577308293014539e+02 9.298835393636300725e-03
7.963920344879816184e+02 9.111245466295643178e-03
8.064521102696168100e+02 8.927460803662636349e-03
8.166395504978762574e+02 8.747405262725512984e-03
8.269559676558710635e+02 8.571005232178423652e-03
8.374029946413687640e+02 8.398186659008108693e-03
8.479822850252533044e+02 8.228884776935112277e-03
8.586955133132586298e+02 8.063032627200455993e-03
8.695443752109977140e+02 7.900556866611329124e-03
8.805305878923821865e+02 7.741387233400036025e-03
8.916558902714097030e+02 7.585456558828075797e-03
9.029220432773896619e+02 7.432700451619989220e-03
9.143308301336869590e+02 7.283048628759411156e-03
9.258840566399654790e+02 7.136435438956464060e-03
9.375835514579979417e+02 6.992798873055503482e-03
9.494311664011323728e+02 6.852072411299655642e-03
9.614287767273876852e+02 6.714195602779316104e-03
9.735782814362720501e+02 6.579110170232358584e-03
9.858816035693657795e+02 6.446758959313803224e-03
9.983406905146867985e+02 6.317083703065690982e-03
1.010957514314949663e+03 6.190028890721571350e-03
1.023734071979692544e+03 6.065540198898343449e-03
1.036672385801351538e+03 5.943561465512517406e-03
1.049774503675381538e+03 5.824041707772101631e-03
1.063042499424383323e+03 5.706930846320221185e-03
1.076478473126341214e+03 5.592179496823924956e-03
1.090084551447051126e+03 5.479739764893842673e-03
1.103862887976714319e+03 5.369565758521976755e-03
1.117815663570818515e+03 5.261611719014536517e-03
1.131945086695326154e+03 5.155830341712355595e-03
1.146253393776220946e+03 5.052176263155839370e-03
1.160742849553515953e+03 4.950607023654626099e-03
1.175415747439709321e+03 4.851081809025166447e-03
1.190274409882771124e+03 4.753559001776713408e-03
1.205321188733777035e+03 4.657997549193196654e-03
1.220558465619144272e+03 4.564356900651089614e-03
1.235988652317587594e+03 4.472597078076019639e-03
1.251614191141885613e+03 4.382680334185730213e-03
1.267437555325436279e+03 4.294569709044055925e-03
1.283461249413727501e+03 4.208228996890684206e-03
1.299687809660767016e+03 4.123622668489027553e-03
1.316119804430501745e+03 4.040715925763039423e-03
1.332759834603374202e+03 3.959474681197124035e-03
1.349610533987978897e+03 3.879865543996740586e-03
1.366674569737928778e+03 3.801855735699115595e-03
1.383954642774047670e+03 3.725413172604023857e-03
1.401453488211855756e+03 3.650506421929427571e-03
1.419173875794498599e+03 3.577104664740985568e-03
1.437118610331122227e+03 3.505177684134188482e-03
1.455290532140857977e+03 3.434695892771607272e-03
1.473692517502369355e+03 3.365630305982232704e-03
1.492327479109123942e+03 3.297952479684036677e-03
1.511198366530397834e+03 3.231634559696197097e-03
1.530308166678170664e+03 3.166649260171715882e-03
1.549659904279883222e+03 3.102969848306700619e-03
1.569256642357173405e+03 3.040570087915465958e-03
1.589101482710738082e+03 2.979424297639107419e-03
1.609197566411261732e+03 2.919507317177704245e-03
1.629548074296604455e+03 2.860794475149602660e-03
1.650156227475242531e+03 2.803261586658418493e-03
1.671025287836150483e+03 2.746884970269491705e-03
1.692158558565071871e+03 2.691641425582454953e-03
1.713559384667361883e+03 2.637508184603402656e-03
1.735231153497418973e+03 2.584462954873740885e-03
1.757177295294876558e+03 2.532483898238645659e-03
1.779401283727526561e+03 2.481549615651125126e-03
1.801906636441116461e+03 2.431639110592866658e-03
1.824696915616169690e+03 2.382731829563445192e-03
1.847775728531785944e+03 2.334807635792059567e-03
1.871146728136609681e+03 2.287846782208214930e-03
1.894813613627034329e+03 2.241829914502771991e-03
1.918780131032689724e+03 2.196738081055834083e-03
1.943050073809406285e+03 2.152552713746991916e-03
1.967627283439634766e+03 2.109255590720353693e-03
1.992515650040453693e+03 2.066828873141735284e-03
2.017719112979348665e+03 2.025255085100774628e-03
2.043241661497723726e+03 1.984517099503849483e-03
2.069087335342292590e+03 1.944598115243666896e-03
2.095260225404549146e+03 1.905481684995165726e-03
2.121764474368246738e+03 1.867151694388319901e-03
2.148604277365117014e+03 1.829592339941766253e-03
2.175783882638884734e+03 1.792788134969634014e-03
2.203307592217659931e+03 1.756723914794756404e-03
2.231179762594913427e+03 1.721384820281530916e-03
2.259404805419009790e+03 1.686756270445740431e-03
2.287987188191460518e+03 1.652823991597876171e-03
2.316931434974094827e+03 1.619574000197612253e-03
2.346242127105116197e+03 1.586992589977144572e-03
2.375923903924211572e+03 1.555066318428534973e-03
2.405981463506931505e+03 1.523782025616061573e-03
2.436419563408266185e+03 1.493126817351894719e-03
2.467243021415688418e+03 1.463088047711220800e-03
2.498456716311734453e+03 1.433653326045562738e-03
2.530065588646184551e+03 1.404810519116337416e-03
2.562074641518116550e+03 1.376547737112950856e-03
2.594488941367772441e+03 1.348853314108076039e-03
2.627313618778460750e+03 1.321715829943872740e-03
2.660553869288686201e+03 1.295124096555753772e-03
2.694214954214472527e+03 1.269067146457920469e-03
2.728302201482116743e+03 1.243534225376553273e-03
2.762821006471541295e+03 1.218514804787683512e-03
2.797776832870265025e+03 1.193998568051607423e-03
2.833175213538189382e+03 1.169975396999964118e-03
2.869021751383382252e+03 1.146435378966833511e-03
2.905322120248853935e+03 1.123368807090125007e-03
2.942082065810689073e+03 1.100766168365295864e-03
2.979307406487459957e+03 1.078618129992506931e-03
3.017004034361129015e+03 1.056915555742006302e-03
3.055177916109723810e+03 1.035649494866390302e-03
3.093835093951724957e+03 1.014811172257787690e-03
3.132981686602399805e+03 9.943919849942398862e-04
3.172623890242349262e+03 9.743835105598954664e-04
3.212767979498198656e+03 9.547774951963695564e-04
3.253420308435777770e+03 9.355658439995044725e-04
3.294587311565855998e+03 9.167406273347908667e-04
3.336275504862550861e+03 8.982940801429992270e-04
3.378491486794777757e+03 8.802185916855230540e-04
3.421241939370615000e+03 8.625066962708935600e-04
3.464533629194902005e+03 8.451510854395071805e-04
3.508373408540350738e+03 8.281445988232626282e-04
3.552768216432102690e+03 8.114802160544317810e-04
3.597725079745981930e+03 7.951510556835141323e-04
3.643251114320829856e+03 7.791503804787504404e-04
3.689353526084742953e+03 7.634715874702763597e-04
3.736039612195639620e+03 7.481082009924127502e-04
3.783316762196306172e+03 7.330538782619911310e-04
3.831192459183944720e+03 7.183024079813382558e-04
3.879674280994703622e+03 7.038477015420060859e-04
3.928769901403070890e+03 6.896837873559285735e-04
3.978487091336425237e+03 6.758048195025604396e-04
4.028833720105153134e+03 6.622050701840866442e-04
4.079817756648138129e+03 6.488789233207421054e-04
4.131447270794067663e+03 6.358208747998696361e-04
4.183730434538822919e+03 6.230255358393505709e-04
4.236675523338899438e+03 6.104876243552529889e-04
4.290290917421262748e+03 5.982019604086010909e-04
4.344585103109814554e+03 5.861634709306843194e-04
4.399566674168540885e+03 5.743671876946647133e-04
4.455244333161846953e+03 5.628082399848169945e-04
4.511626892831980513e+03 5.514818516772842941e-04
4.568723277493842033e+03 5.403833470138998942e-04
4.626542524447670075e+03 5.295081443610800964e-04
4.685093785409419070e+03 5.188517513415883070e-04
4.744386327959238770e+03 5.084097657330800563e-04
4.804429537008490115e+03 4.981778775793853928e-04
4.865232916285104693e+03 4.881518616209983810e-04
4.926806089837905347e+03 4.783275746665127974e-04
4.989158803559889748e+03 4.687009594067252974e-04
5.052300926730775245e+03 4.592680420738918775e-04
5.116242453579240646e+03 4.500249264848608217e-04
5.180993504864751230e+03 4.409677928417220249e-04
5.246564329479440858e+03 4.320929015346154298e-04
5.312965306070441329e+03 4.233965878791815158e-04
5.380206944682562607e+03 4.148752585921175961e-04
5.448299888421785909e+03 4.065253929095069335e-04
5.517254915139986224e+03 3.983435439130347333e-04
5.587082939140788767e+03 3.903263318378202731e-04
5.657795012907121418e+03 3.824704429464487144e-04
5.729402328850630511e+03 3.747726324631961230e-04
5.801916221083160053e+03 3.672297221351956660e-04
5.875348167210857355e+03 3.598385955120306581e-04
5.949709790150795016e+03 3.525961977637187008e-04
6.025012859970594036e+03 3.454995381527291190e-04
6.101269295751558275e+03 3.385456855214884707e-04
6.178491167475160182e+03 3.317317659090728032e-04
6.256690697933438059e+03 3.250549636175936188e-04
6.335880264663753223e+03 3.185125220433831475e-04
6.416072401907867061e+03 3.121017378663662727e-04
6.497279802595883666e+03 3.058199609273932465e-04
6.579515320355328186e+03 2.996645963229911452e-04
6.662791971545535489e+03 2.936331021312637451e-04
6.747122937318060394e+03 2.877229857219973743e-04
6.832521565702936641e+03 2.819318041239285986e-04
6.919001373721323034e+03 2.762571656149261459e-04
7.006576049525182498e+03 2.706967257991412857e-04
7.095259454563756663e+03 2.652481861617502867e-04
7.185065625777531750e+03 2.599092949462386104e-04
7.276008777820132309e+03 2.546778476625724866e-04
7.368103305308204654e+03 2.495516821740634771e-04
7.461363785099760207e+03 2.445286791287022633e-04
7.555804978601539005e+03 2.396067633765085268e-04
7.651441834105262387e+03 2.347839019695575468e-04
7.748289489153923569e+03 2.300581013246157428e-04
7.846363272937647707e+03 2.254274078372041888e-04
7.945678708719930910e+03 2.208899089004942476e-04
8.046251516294879366e+03 2.164437294589690599e-04
8.148097614475283990e+03 2.120870313116579825e-04
8.251233123612142663e+03 2.078180137449528431e-04
8.355674368146415873e+03 2.036349138617884981e-04
8.461437879192788387e+03 1.995360024223911401e-04
8.568540397156220934e+03 1.955195846190194099e-04
8.676998874381717542e+03 1.915840010113040919e-04
8.786830477837409489e+03 1.877276257409634123e-04
8.898052591831983591e+03 1.839488644290806650e-04
9.010682820766192890e+03 1.802461548496271887e-04
9.124738991919206455e+03 1.766179675884908633e-04
9.240239158270527696e+03 1.730628029930286011e-04
9.357201601357377513e+03 1.695791910554812201e-04
9.475644834168169837e+03 1.661656917921357213e-04
9.595587604073021794e+03 1.628208954838736202e-04
9.717048895790987444e+03 1.595434191522829509e-04
9.840047934394959157e+03 1.563319075275169262e-04
9.964604188354764119e+03 1.531850336448257945e-04
1.009073737261841598e+04 1.501014972348543701e-04
1.021846745173295130e+04 1.470800232367202817e-04
1.034781464300424341e+04 1.441193624207555771e-04
1.047879941969698666e+04 1.412182918351194405e-04
1.061144251427542622e+04 1.383756120828002589e-04
1.074576492168479672e+04 1.355901476473138573e-04
1.088178790267435761e+04 1.328607470611710070e-04
1.101953298716278005e+04 1.301862830222835776e-04
1.115902197764578341e+04 1.275656495033457760e-04
1.130027695264709109e+04 1.249977627864865990e-04
1.144332027021315116e+04 1.224815618013291938e-04
1.158817457145176013e+04 1.200160066760853819e-04
1.173486278411600506e+04 1.176000777542060268e-04
1.188340812623322927e+04 1.152327761100430239e-04
1.203383410977981112e+04 1.129131238745731641e-04
1.218616454440295456e+04 1.106401617970127294e-04
1.234042354118924777e+04 1.084129498906589328e-04
1.249663551648076464e+04 1.062305674432695280e-04
1.265482519574006255e+04 1.040921129660529537e-04
1.281501761746357624e+04 1.019967019472761742e-04
1.297723813714475727e+04 9.994346783715508541e-05
1.314151243128745773e+04 9.793156220283531939e-05
1.330786650146983266e+04 9.596015342687233139e-05
1.347632667846024378e+04 9.402842612600262253e-05
1.364691962638473342e+04 9.213558153771247365e-05
1.381967234694732724e+04 9.028083778068255176e-05
1.399461218370420283e+04 8.846342767128938375e-05
1.417176682639154751e+04 8.668259958713021125e-05
1.435116431530814589e+04 8.493761734166894496e-05
1.453283304575395050e+04 8.322776002968242668e-05
1.471680177252432986e+04 8.155232031315910203e-05
1.490309961446147645e+04 7.991060530159203781e-05
1.509175605906344208e+04 7.830193660276486259e-05
1.528280096715120453e+04 7.672564914966366442e-05
1.547626457759544792e+04 7.518109093063320538e-05
1.567217751210268761e+04 7.366762324597668954e-05
1.587057078006185111e+04 7.218462093653405486e-05
1.607147578345289185e+04 7.073147043065971585e-05
1.627492432181698314e+04 6.930757074361087989e-05
1.648094859728960728e+04 6.791233324280501033e-05
1.668958121969785861e+04 6.654518143440190661e-05
1.690085521172183508e+04 6.520554968284459415e-05
1.711480401412150241e+04 6.389288396213508854e-05
1.733146149102981508e+04 6.260664185260757947e-05
1.755086193531258323e+04 6.134629148368005277e-05
1.777304007399670081e+04 6.011131149814709482e-05
1.799803107376666958e+04 5.890119118973573915e-05
1.822587054653059386e+04 5.771543070720201930e-05
1.845659455505728693e+04 5.655353935582898650e-05
1.869023961868420156e+04 5.541503660523636985e-05
1.892684271909743984e+04 5.429945180595854094e-05
1.916644130618578856e+04 5.320632394737533863e-05
1.940907330396799443e+04 5.213520072210123404e-05
1.965477711659558190e+04 5.108563914233294747e-05
1.990359163443153739e+04 5.005720551620167772e-05
2.015555624020557298e+04 4.904947449326161452e-05
2.041071081524831243e+04 4.806202920136243300e-05
2.066909574580337357e+04 4.709446128141155292e-05
2.093075192941960631e+04 4.614637106793090720e-05
2.119572078142482133e+04 4.521736616136023598e-05
2.146404424148098406e+04 4.430706234178237235e-05
2.173576478022204537e+04 4.341508329749902215e-05
2.201092540597688276e+04 4.254106036692218638e-05
2.228956967157635154e+04 4.168463187489138870e-05
2.257174168124696371e+04 4.084544361997907545e-05
2.285748609759188912e+04 4.002314885004709471e-05
2.314684814865981753e+04 3.921740740063522782e-05
2.343987363510428986e+04 3.842788595395984282e-05
2.373660893743284032e+04 3.765425798947765672e-05
2.403710102334783369e+04 3.689620395140516264e-05
2.434139745518121708e+04 3.615341004856480937e-05
2.464954639742240397e+04 3.542556907182187209e-05
2.496159662434158236e+04 3.471238014302626518e-05
2.527759752771034618e+04 3.401354844985118891e-05
2.559759912461908607e+04 3.332878479602055879e-05
2.592165206539389692e+04 3.265780597292016087e-05
2.624980764161367915e+04 3.200033474451719905e-05
2.658211779422822292e+04 3.135609907078783102e-05
2.691863512178010933e+04 3.072483244831453734e-05
2.725941288872983569e+04 3.010627379523908773e-05
2.760450503388619836e+04 2.950016761117992884e-05
2.795396617894446899e+04 2.890626296841708584e-05
2.830785163713160728e+04 2.832431423535218792e-05
2.866621742196151536e+04 2.775408084994186955e-05
2.902912025610044293e+04 2.719532705524196163e-05
2.939661758034590093e+04 2.664782161472168637e-05
2.976876756271794511e+04 2.611133808437190068e-05
3.014562910766638379e+04 2.558565481128786094e-05
3.052726186539374248e+04 2.507055423544665937e-05
3.091372624129753240e+04 2.456582327998969593e-05
3.130508340553093149e+04 2.407125319414546994e-05
3.170139530268453018e+04 2.358663968405884677e-05
3.210272466159173928e+04 2.311178209787654624e-05
3.250913500525712152e+04 2.264648404085166416e-05
3.292069066091115383e+04 2.219055317849465196e-05
3.333745677019147843e+04 2.174380097838555503e-05
3.375949929945450276e+04 2.130604255203795894e-05
3.418688505021599849e+04 2.087709684298820175e-05
3.461968166972491599e+04 2.045678664011508233e-05
3.505795766167007969e+04 2.004493795175451011e-05
3.550178239702394058e+04 1.964138042107826894e-05
3.595122612502221455e+04 1.924594714759272302e-05
3.640635998428268067e+04 1.885847476816721182e-05
3.686725601406594797e+04 1.847880284160333949e-05
3.733398716567733936e+04 1.810677434147699220e-05
3.780662731401407655e+04 1.774223549431866686e-05
3.828525126925761288e+04 1.738503553153323501e-05
3.876993478871572006e+04 1.703502662622469177e-05
3.926075458881277154e+04 1.669206401238546535e-05
3.975778835723288648e+04 1.635600601189281388e-05
4.026111476521579607e+04 1.602671347534911911e-05
4.077081348001002334e+04 1.570405020405806105e-05
4.128696517748224142e+04 1.538788275884041170e-05
4.180965155488626624e+04 1.507810422239956404e-05
4.233895534379519813e+04 1.477456876038255410e-05
4.287496032319566439e+04 1.447714345248290992e-05
4.341775133274866675e+04 1.418570539142336162e-05
4.396741428621821979e+04 1.390013404216406577e-05
4.452403618506930798e+04 1.362031124862403034e-05
4.508770513223957096e+04 1.334612129703409865e-05
4.565851034608393093e+04 1.307745094214109098e-05
4.623654217449555290e+04 1.281418893945611101e-05
4.682189210920742335e+04 1.255622642970821124e-05
4.741465280027324479e+04 1.230345675908187037e-05
4.801491807073157543e+04 1.205577548371290014e-05
4.862278293145752832e+04 1.181308007010036953e-05
4.923834359620035684e+04 1.157527016259909616e-05
4.986169749681262329e+04 1.134224748970782585e-05
5.049294329867192573e+04 1.111391565978123348e-05
5.113218091629711125e+04 1.089018020546712302e-05
5.177951152916402498e+04 1.067094860746890686e-05
5.243503759771978366e+04 1.045613031248516225e-05
5.309886287959973561e+04 1.024563636875558092e-05
5.377109244605159620e+04 1.003937973851888555e-05
5.445183269856568222e+04 9.837275150247857606e-06
5.514119138571570511e+04 9.639239076393900653e-06
5.583927762021448871e+04 9.445189541971370472e-06
5.654620189618382574e+04 9.255046306291307714e-06
5.726207610664379172e+04 9.068730794857923877e-06
5.798701356122351717e+04 8.886165924990760244e-06
5.872112900409518625e+04 8.707276168747289308e-06
5.946453863213714794e+04 8.531987552442953719e-06
6.021736011332521593e+04 8.360227665448548732e-06
6.097971260535647889e+04 8.191925387705454093e-06
6.175171677451126743e+04 8.027011125985186550e-06
6.253349481475165521e+04 7.865416703616420004e-06
6.332517046706171095e+04 7.707075321890318896e-06
6.412686903903492930e+04 7.551921442194040133e-06
6.493871742470713070e+04 7.399890907685213468e-06
6.576084412464167690e+04 7.250920892289856667e-06
6.659337926626892295e+04 7.104949755563692494e-06
6.743645462448200851e+04 6.961917111816619510e-06
6.829020364249592240e+04 6.821763815826807689e-06
6.915476145296842151e+04 6.684431964843110568e-06
7.003026489938792656e+04 6.549864696285147298e-06
7.091685255773522658e+04 6.418006365581654466e-06
7.181466475841663487e+04 6.288802463266549383e-06
7.272384360847463540e+04 6.162199570047406718e-06
7.364453301408278639e+04 6.038145288043991299e-06
7.457687870332197053e+04 5.916588320840484757e-06
7.552102824924704328e+04 5.797478433854551195e-06
7.647713109324498510e+04 5.680766336221001652e-06
7.744533856868748262e+04 5.566403748623853548e-06
7.842580392488626239e+04 5.454343382101404722e-06
7.941868235134848510e+04 5.344538935219055135e-06
8.042413100233941805e+04 5.236944944813253461e-06
8.144230902175912342e+04 5.131516919647346606e-06
8.247337756833087769e+04 5.028211277167291255e-06
8.351749984110868536e+04 4.926985298469353065e-06
8.457484110531062470e+04 4.827797091564470698e-06
8.564556871847630828e+04 4.730605642940838458e-06
8.672985215695510851e+04 4.635370785501462058e-06
8.782786304273486894e+04 4.542053104474626681e-06
8.893977517060168611e+04 4.450613999924173788e-06
9.006576453565219708e+04 4.361015663164398091e-06
9.120600936114897195e+04 4.273221068259723802e-06
9.236069012672883400e+04 4.187193867068004252e-06
9.352998959697174723e+04 4.102898486449760036e-06
9.471409285032781190e+04 4.020300079976511505e-06
9.591318730841061915e+04 3.939364486366622176e-06
9.712746276566507004e+04 3.860058212988325807e-06
9.835711141940703965e+04 3.782348468210703931e-06
9.960232790024307906e+04 3.706203134480237949e-06
1.008633093028812873e+05 3.631590694788101906e-06
1.021402552173220029e+05 3.558480288351931566e-06
1.034333677604537952e+05 3.486841686701273012e-06
1.047428516080431436e+05 3.416645279664639290e-06
1.060689140271295037e+05 3.347862007609949369e-06
1.074117649088344624e+05 3.280463428138210024e-06
1.087716168015823059e+05 3.214421679459416757e-06
1.101486849447406858e+05 3.149709444099365488e-06
1.115431873026940593e+05 3.086299944629898808e-06
1.129553445993374044e+05 3.024166963300492457e-06
1.143853803530155274e+05 2.963284818661329712e-06
1.158335209119046049e+05 2.903628309370376718e-06
1.172999954898328870e+05 2.845172762195767068e-06
1.187850362025662471e+05 2.787894008848098401e-06
1.202888781045457581e+05 2.731768370063170525e-06
1.218117592260911188e+05 2.676772613163009806e-06
1.233539206110793166e+05 2.622883997302466769e-06
1.249156063550960243e+05 2.570080245059590870e-06
1.264970636440691451e+05 2.518339512081057943e-06
1.280985427933997271e+05 2.467640389697449226e-06
1.297202972875753330e+05 2.417961916326430294e-06
1.313625838202951127e+05 2.369283556633807205e-06
1.330256623351027083e+05 2.321585159719633674e-06
1.347097960665238206e+05 2.274846999362596737e-06
1.364152515817371022e+05 2.229049752292852978e-06
1.381422988227646565e+05 2.184174482536230892e-06
1.398912111491973628e+05 2.140202615918560350e-06
1.416622653814656660e+05 2.097115970377860465e-06
1.434557418446536467e+05 2.054896733372292068e-06
1.452719244128670252e+05 2.013527437432954722e-06
1.471111005541714840e+05 1.972990966189663009e-06
1.489735613760858541e+05 1.933270560478626256e-06
1.508596016716627928e+05 1.894349799703078352e-06
1.527695199661524384e+05 1.856212572020659540e-06
1.547036185642455821e+05 1.818843106028982229e-06
1.566622035979298817e+05 1.782225952011445928e-06
1.586455850749421224e+05 1.746345967401158085e-06
1.606540769278349762e+05 1.711188302379476207e-06
1.626879970636704529e+05 1.676738419900418999e-06
1.647476674143366399e+05 1.642982077264498825e-06
1.668334139875014080e+05 1.609905307127708339e-06
1.689455669182201382e+05 1.577494424831073397e-06
1.710844605211815215e+05 1.545736030988743592e-06
1.732504333436274610e+05 1.514616995236485667e-06
1.754438282189428282e+05 1.484124435867598826e-06
1.776649923209108529e+05 1.454245743034886116e-06
1.799142772186716320e+05 1.424968563925680707e-06
1.821920389323667041e+05 1.396280789661839103e-06
1.844986379894876736e+05 1.368170547957667389e-06
1.868344394819459412e+05 1.340626216146347540e-06
1.891998131238575443e+05 1.313636405787081263e-06
1.915951333100588818e+05 1.287189948494618640e-06
1.940207791753752390e+05 1.261275903256693377e-06
1.964771346546205168e+05 1.235883556946424384e-06
1.989645885433718213e+05 1.211002410179912113e-06
2.014835345595130057e+05 1.186622163813576872e-06
2.040343714055431192e+05 1.162732735863575876e-06
2.066175028316920507e+05 1.139324249519025813e-06
2.092333376998236054e+05 1.116387021980541062e-06
2.118822900481483084e+05 1.093911561435189995e-06
2.145647791567628155e+05 1.071888575393523054e-06
2.172812296140120015e+05 1.050308957557325989e-06
2.200320713836896757e+05 1.029163777760729424e-06
2.228177398731036228e+05 1.008444288528320164e-06
2.256386760019800568e+05 9.881419244876279183e-07
2.284953262722629297e+05 9.682482900696057221e-07
2.313881428387835331e+05 9.487551509418206615e-07
2.343175835808249831e+05 9.296544462903704093e-07
2.372841121746019926e+05 9.109382789130103320e-07
2.402881981666492647e+05 8.925989061491605838e-07
2.433303170481392008e+05 8.746287393148038406e-07
2.464109503301492077e+05 8.570203489928665294e-07
2.495305856198729307e+05 8.397664536105021260e-07
2.526897166977952002e+05 8.228599127882420277e-07
2.558888435958601767e+05 8.062937328714652296e-07
2.591284726766021049e+05 7.900610656277694366e-07
2.624091167133048875e+05 7.741551976431567087e-07
2.657312949711603578e+05 7.585695455288626889e-07
2.690955332894549356e+05 7.432976644976056400e-07
2.725023641648070188e+05 7.283332400993246300e-07
2.759523268354478641e+05 7.136700811780539886e-07
2.794459673665699083e+05 6.993021205582886097e-07
2.829838387367650867e+05 6.852234184128930411e-07
2.865665009255480836e+05 6.714281521758657360e-07
2.901945210019860533e+05 6.579106126398223671e-07
2.938684732144676382e+05 6.446652084673002910e-07
2.975889390815800871e+05 6.316864641961662115e-07
3.013565074841649621e+05 6.189690114148596402e-07
3.051717747585232719e+05 6.065075867870512893e-07
3.090353447908000089e+05 5.942970376082719549e-07
3.129478291125757387e+05 5.823323148974621427e-07
3.169098469976578490e+05 5.706084681878371795e-07
3.209220255600946839e+05 5.591206467320617845e-07
3.249849998534452170e+05 5.478641016649598112e-07
3.290994129712915746e+05 5.368341770219543345e-07
3.332659161490240367e+05 5.260263079880744713e-07
3.374851688669337891e+05 5.154360243648132704e-07
3.417578389545780374e+05 5.050589482205820897e-07
3.460846026964992634e+05 4.948907867512248906e-07
3.504661449392643408e+05 4.849273319669058389e-07
3.549031591998572694e+05 4.751644642321376590e-07
3.593963477754598716e+05 4.655981463695638479e-07
3.639464218546074117e+05 4.562244200373482612e-07
3.685541016297524329e+05 4.470394070140311316e-07
3.732201164112667320e+05 4.380393106314989109e-07
3.779452047428732621e+05 4.292204077381176612e-07
3.827301145185377100e+05 4.205790485841379143e-07
3.875756031008631689e+05 4.121116593122342232e-07
3.924824374409449520e+05 4.038147394811998402e-07
3.974513941997820511e+05 3.956848564457288998e-07
4.024832598712017061e+05 3.877186459405521495e-07
4.075788309063420165e+05 3.799128143097115179e-07
4.127389138397253701e+05 3.722641333712168314e-07
4.179643254169124411e+05 3.647694381304855077e-07
4.232558927237737225e+05 3.574256278979642549e-07
4.286144533174113021e+05 3.502296672595730248e-07
4.340408553587237257e+05 3.431785790110785691e-07
4.395359577466472401e+05 3.362694450956106749e-07
4.451006302541233599e+05 3.294994082355546769e-07
4.507357536657419405e+05 3.228656695630540785e-07
4.564422199171737884e+05 3.163654842854190771e-07
4.622209322363396059e+05 3.099961626761275833e-07
4.680728052863691701e+05 3.037550714757207308e-07
4.739987653103867779e+05 2.976396293469907935e-07
4.799997502781123039e+05 2.916473056783541830e-07
4.860767100343187922e+05 2.857756214154857600e-07
4.922306064491874422e+05 2.800221497116054043e-07
4.984624135705471272e+05 2.743845099375487381e-07
5.047731177780410508e+05 2.688603690720993405e-07
5.111637179392736289e+05 2.634474426976128729e-07
5.176352255678850343e+05 2.581434928765281917e-07
5.241886649836772121e+05 2.529463248691208713e-07
5.308250734747363022e+05 2.478537882319413005e-07
5.375455014616107801e+05 2.428637777036342217e-07
5.443510126635849010e+05 2.379742291520092152e-07
5.512426842670399928e+05 2.331831192279777390e-07
5.582216070959473727e+05 2.284884658758704952e-07
5.652888857845374150e+05 2.238883288098230262e-07
5.724456389521367382e+05 2.193808044353395196e-07
5.796929993802157696e+05 2.149640274751581769e-07
5.870321141917125788e+05 2.106361715298389534e-07
5.944641450325679034e+05 2.063954471498721533e-07
6.019902682556190994e+05 2.022400994474200924e-07
6.096116751067842124e+05 1.981684091291764480e-07
6.173295719136084663e+05 1.941786930740968070e-07
6.251451802762164734e+05 1.902693007030459466e-07
6.330597372606632998e+05 1.864386142751578278e-07
6.410744955947299022e+05 1.826850490879673793e-07
6.491907238662232412e+05 1.790070538691060863e-07
6.574097067237619776e+05 1.754031064711217235e-07
6.657327450801016530e+05 1.718717155864835651e-07
6.741611563180757221e+05 1.684114210078956476e-07
6.826962744990733918e+05 1.650207918781704495e-07
6.913394505742278416e+05 1.616984250328567285e-07
7.000920525982356630e+05 1.584429458793630537e-07
7.089554659458860988e+05 1.552530088000733049e-07
7.179310935313571244e+05 1.521272938941081272e-07
7.270203560302620754e+05 1.490645077404502390e-07
7.362246921045085182e+05 1.460633833478779025e-07
7.455455586300266441e+05 1.431226804320596027e-07
7.549844309273612453e+05 1.402411818617397286e-07
7.645428029951713979e+05 1.374176953295131000e-07
7.742221877467390150e+05 1.346510534068617011e-07
7.840241172493904596e+05 1.319401119535575920e-07
7.939501429670291254e+05 1.292837490526858704e-07
8.040018360056909733e+05 1.266808656979312806e-07
8.141807873622113839e+05 1.241303861053994970e-07
8.244886081760713132e+05 1.216312547889812073e-07
8.349269299843990011e+05 1.191824376457427126e-07
8.454974049802033696e+05 1.167829217372408134e-07
8.562017062739055837e+05 1.144317153571600188e-07
8.670415281581513118e+05 1.121278452859066442e-07
8.780185863759719068e+05 1.098703582773824374e-07
8.891346183923928766e+05 1.076583209843981792e-07
9.003913836693929043e+05 1.054908185178016065e-07
9.117906639444349566e+05 1.033669538499633404e-07
9.233342635124657536e+05 1.012858483051126520e-07
9.350240095114919823e+05 9.924664182957187586e-08
9.468617522118056659e+05 9.724849036967206060e-08
9.588493653088342398e+05 9.529056716328293204e-08
9.709887462197033456e+05 9.337206238311702263e-08
9.832818163835834712e+05 9.149218306984309269e-08
9.957305215658069355e+05 8.965015104820291513e-08
1.008336832165832049e+06 8.784520419700389131e-08
1.021102743529163301e+06 8.607659631969249607e-08
1.034030276263121748e+06 8.434359583278335567e-08
1.047121476556714741e+06 8.264548553046925490e-08
1.060378416504492518e+06 8.098156289188683862e-08
1.073803194434511475e+06 7.935114033740697046e-08
1.087397935240483144e+06 7.775354288268354711e-08
1.101164790718095144e+06 7.618810954512724913e-08
1.115105939905588515e+06 7.465419288117490941e-08
1.129223589428680949e+06 7.315115884131917577e-08
1.143519973849826027e+06 7.167838521479863046e-08
1.157997356021883199e+06 7.023526268233881641e-08
1.172658027446334483e+06 6.882119467584956750e-08
1.187504308635925641e+06 6.743559618271089566e-08
1.202538549482006812e+06 6.607789378089743543e-08
1.217763129626463400e+06 6.474752578681291748e-08
1.233180458838349208e+06 6.344394250126624683e-08
1.248792977395341964e+06 6.216660415631440774e-08
1.264603156469977228e+06 6.091498230759846705e-08
1.280613498520775465e+06 5.968855933310389993e-08
1.296826537688361248e+06 5.848682824039821837e-08
1.313244840196562698e+06 5.730929153249665639e-08
1.329871004758569645e+06 5.615546205354404024e-08
1.346707662988323253e+06 5.502486286343107538e-08
1.363757479816975538e+06 5.391702614856640324e-08
1.381023153914759401e+06 5.283149345275026075e-08
1.398507418118115049e+06 5.176781569306694257e-08
1.416213039862231351e+06 5.072555338649921496e-08
1.434142821619113442e+06 4.970427492621017347e-08
1.452299601341143949e+06 4.870355781760216377e-08
1.470686252910262672e+06 4.772298822758985771e-08
1.489305686592882266e+06 4.676216075408557696e-08
1.508160849500513636e+06 4.582067762318433761e-08
1.527254726056212792e+06 4.489814934774539340e-08
1.546590338467028691e+06 4.399419462959870201e-08
1.566170747202275554e+06 4.310843936961982900e-08
1.585999051478016656e+06 4.224051703389380079e-08
1.606078389747589128e+06 4.139006856591712871e-08
1.626411940198340220e+06 4.055674259984008727e-08
1.647002921254719608e+06 3.974019401688348369e-08
1.667854592087672325e+06 3.894008502993685146e-08
1.688970253130487865e+06 3.815608478624858048e-08
1.710353246601235587e+06 3.739186597474676341e-08
1.732006957031758269e+06 3.664799649912923578e-08
1.753934811803350225e+06 3.592487925722851082e-08
1.776140281689329073e+06 3.522299100922453713e-08
1.798626881404291838e+06 3.454287513514236986e-08
1.821398170160508482e+06 3.388513247292381717e-08
1.844457752231254708e+06 3.325040826722948582e-08
1.867809277521274518e+06 3.263937631212007316e-08
1.891456442144538509e+06 3.205272053048424043e-08
1.915402989009248558e+06 3.149111540106335154e-08
1.939652708410247229e+06 3.095520379111382734e-08
1.964209438628999982e+06 3.044557424193367635e-08
1.989077066541095264e+06 2.996273874506084530e-08
2.014259528231438249e+06 2.950711133653555670e-08
2.039760809617348015e+06 2.907898792392371070e-08
2.065584947079336504e+06 2.867852847876683136e-08
2.091736028100088704e+06 2.830574331947060545e-08
2.118218191911398433e+06 2.796048215682365200e-08
2.145035630149306264e+06 2.764242733716348372e-08
2.172192587517616805e+06 2.735109143387555795e-08
