8.545076260632180620e+00 1.768465746495034721e-04
8.636215532921301730e+00 2.039030641638912844e-04
8.728507731619092880e+00 2.365664776361704269e-04
8.821967441429505286e+00 2.761026781675848807e-04
8.916609431555297505e+00 3.239754693573318640e-04
9.012448658032074178e+00 3.818646354755395825e-04
9.109500266091632881e+00 4.516942358116155572e-04
9.207779592555409565e+00 5.378704613232332746e-04
9.307302168258074104e+00 6.438576386128759717e-04
9.408083720501858593e+00 7.724559305015902926e-04
9.510140175541884844e+00 9.281585510970812719e-04
9.613487661102938731e+00 1.116205572346110932e-03
9.718142508928165668e+00 1.342482178741905268e-03
9.824121257359822224e+00 1.613371800684484589e-03
9.931440653952869013e+00 1.943855751113569320e-03
1.004011765812152035e+01 2.340634385958348038e-03
1.015016944381930308e+01 2.812091372378730351e-03
1.026161340225298524e+01 3.366078595916897204e-03
1.037446714463095354e+01 4.017838151937976228e-03
1.048874850494613575e+01 4.785999747615305583e-03
1.060447554279436666e+01 5.684559277806288009e-03
1.072166654622824744e+01 6.730112881701747971e-03
1.084034003464718765e+01 7.947151316383198674e-03
1.096051476172396022e+01 9.339756472801538645e-03
1.108220971836829527e+01 1.092179836492811196e-02
1.120544413572803144e+01 1.270789139682853425e-02
1.133023748822805210e+01 1.471240793583925011e-02
1.145660949664785555e+01 1.694406130721540921e-02
1.158458013123795993e+01 1.940634307796140767e-02
1.171416961487577346e+01 2.212655050213853045e-02
1.184539842626132788e+01 2.514187309766909018e-02
1.197828730315346668e+01 2.844611839867938752e-02
1.211285724564709732e+01 3.204962329854983694e-02
1.224912951949160522e+01 3.596401450995043159e-02
1.238712565945155752e+01 4.020120968676105938e-02
1.252686747270972845e+01 4.477416871871886528e-02
1.266837704231327066e+01 4.969259376814916945e-02
1.281167673066338075e+01 5.495496100662920075e-02
1.295678918304929716e+01 6.057881646005906784e-02
1.310373733122673379e+01 6.659207519094750838e-02
1.325254439704179887e+01 7.297851890656947837e-02
1.340323389610069427e+01 7.974308579052219459e-02
1.355582964148579705e+01 8.689189160230867404e-02
1.371035574751880404e+01 9.443853333743316980e-02
1.386683663357141683e+01 1.023822049483719271e-01
1.402529702792438826e+01 1.107021505842992887e-01
1.418576197167510777e+01 1.193842008057163090e-01
1.434825682269487857e+01 1.284548148043296867e-01
1.451280725963616192e+01 1.379460192167475396e-01
1.467943928599046899e+01 1.478335815565694489e-01
1.484817923419766750e+01 1.580513166624354371e-01
1.501905376980716689e+01 1.685917143227850801e-01
1.519208989569194834e+01 1.794885464061841129e-01
1.536731495631557642e+01 1.907562219099028511e-01
1.554475664205349439e+01 2.023597251909249606e-01
1.572444299356883057e+01 2.142245093796509015e-01
1.590640240624361290e+01 2.262862267870208444e-01
1.609066363466598304e+01 2.385252885602142658e-01
1.627725579717422022e+01 2.509409725631084886e-01
1.646620838045834034e+01 2.636382014381842831e-01
1.665755124421961497e+01 2.767021395973994213e-01
1.685131462588936557e+01 2.900101715898201205e-01
1.704752914540726394e+01 3.033983827700691416e-01
1.724622581006013533e+01 3.167856451730711731e-01
1.744743601938191091e+01 3.301515025109204027e-01
1.765119157011577045e+01 3.435479867819465349e-01
1.785752466123868132e+01 3.570508727045904607e-01
1.806646789904988992e+01 3.706383307566335494e-01
1.827805430232352890e+01 3.842241992159222685e-01
1.849231730752654101e+01 3.978180863898991282e-01
1.870929077410251296e+01 4.114447289324669743e-01
1.892900898982240676e+01 4.249864742437338694e-01
1.915150667620309477e+01 4.382984129790813421e-01
1.937681899399407470e+01 4.513380215366203929e-01
1.960498154873402399e+01 4.642531739926313294e-01
1.983603039637737808e+01 4.771079003320370382e-01
2.007000204899218687e+01 4.898791127244401244e-01
2.030693348053000591e+01 5.025584843790456002e-01
2.054686213266878525e+01 5.150815119052478686e-01
2.078982592072980395e+01 5.273644297601998154e-01
2.103586323966912630e+01 5.394278625083481771e-01
2.128501297014519977e+01 5.513508016149836211e-01
2.153731448466303888e+01 5.631389633282031237e-01
2.179280765379616724e+01 5.747217302771860936e-01
2.205153285248725226e+01 5.860264133678159126e-01
2.231353096642841649e+01 5.970244212801776307e-01
2.257884339852246214e+01 6.077739693973507329e-01
2.284751207542545259e+01 6.183400466827524422e-01
2.311957945417237070e+01 6.286906440027437704e-01
2.339508852888655355e+01 6.388250855545682949e-01
2.367408283757383458e+01 6.487590842537256375e-01
2.395660646900281421e+01 6.585001121581981476e-01
2.424270406967216474e+01 6.680594786330871226e-01
2.453242085086584368e+01 6.773929607207720416e-01
2.482580259579780346e+01 6.864268182723863854e-01
2.512289566684702891e+01 6.951761247451114789e-01
2.542374701288401440e+01 7.036995983717238001e-01
2.572840417668997404e+01 7.119827475819188178e-01
2.603691530246996066e+01 7.199881794124300960e-01
2.634932914346089561e+01 7.277684879778100191e-01
2.666569506963608305e+01 7.354091575052846830e-01
2.698606307550677030e+01 7.429001605151328569e-01
2.731048378802284304e+01 7.501698903649354211e-01
2.763900847457322385e+01 7.571645823661995456e-01
2.797168905108746628e+01 7.638609294440967812e-01
2.830857809024012184e+01 7.702893939459716233e-01
2.864972882975832391e+01 7.765054046034408630e-01
2.899519518083508629e+01 7.825260480457449930e-01
2.934503173664862175e+01 7.883365220091798076e-01
2.969929378098959205e+01 7.938825577532060418e-01
3.005803729699753291e+01 7.991955709382259077e-01
3.042131897600763324e+01 8.043580358688380283e-01
3.078919622650948540e+01 8.093482567510605907e-01
3.116172718321951507e+01 8.140691998983689004e-01
3.153897071626738935e+01 8.185210394138260348e-01
3.192098644049943346e+01 8.227912462889475087e-01
3.230783472489938646e+01 8.269074476740896351e-01
3.269957670212826173e+01 8.308119722271638530e-01
3.309627427818497125e+01 8.344552547200114745e-01
3.349799014218948656e+01 8.378344789753573441e-01
3.390478777628890583e+01 8.409662175187685440e-01
3.431673146568984123e+01 8.438722909232029279e-01
3.473388630881700578e+01 8.465732331412689771e-01
3.515631822760068559e+01 8.490708485217628443e-01
3.558409397789405659e+01 8.513440984858905436e-01
3.601728116002264102e+01 8.533602319771697031e-01
3.645594822946681290e+01 8.550978006656165809e-01
3.690016450767992495e+01 8.565723855678539778e-01
3.735000019304268903e+01 8.578160392548138669e-01
3.780552637195659571e+01 8.588191074085749221e-01
3.826681503007757357e+01 8.595402717430192796e-01
3.873393906369145867e+01 8.599599107516778806e-01
3.922281455548168339e+01 8.600779240024504224e-01
3.971722608645153940e+01 8.598772099705231930e-01
4.021787704269796393e+01 8.593438511156731296e-01
4.072484616515921374e+01 8.584520335570952065e-01
4.123821318847620176e+01 8.571852152513582679e-01
4.175805885353351954e+01 8.555466275981534752e-01
4.228446492015783775e+01 8.535551077797476349e-01
4.281751417997659104e+01 8.512192794645127014e-01
4.335729046943976783e+01 8.485206442469443999e-01
4.390387868300511087e+01 8.454287846425263542e-01
4.445736478648996126e+01 8.419053535432691193e-01
4.501783583059205540e+01 8.379330155722897189e-01
4.558537996458050401e+01 8.335204855813085345e-01
4.616008645015932643e+01 8.286884144279016429e-01
4.674204567550675193e+01 8.234433499537561207e-01
4.733134916949097715e+01 8.177809109003374433e-01
4.792808961606563400e+01 8.116974117314342818e-01
4.853236086884651002e+01 8.051959511809672065e-01
4.914425796587318018e+01 7.982787351280373755e-01
4.976387714455604794e+01 7.909467193422983211e-01
5.039131585681182912e+01 7.832068295369780664e-01
5.102667278439136567e+01 7.750725243823961552e-01
5.167004785439931425e+01 7.665613390679135719e-01
5.232154225501089684e+01 7.576907879005966295e-01
5.298125845138577006e+01 7.484773775337025814e-01
5.364930020178447734e+01 7.389376487297107943e-01
5.432577257388613390e+01 7.290904267964284369e-01
5.501078196131408049e+01 7.189569095685741651e-01
5.570443610036872428e+01 7.085615307793888817e-01
5.640684408697217123e+01 6.979320048448044433e-01
5.711811639382604966e+01 6.870958963604564262e-01
5.783836488778703000e+01 6.760794367075696476e-01
5.856770284746069422e+01 6.649092683762022338e-01
5.930624498101710174e+01 6.536113100551776967e-01
6.005410744423268454e+01 6.422112038977700887e-01
6.081140785875823696e+01 6.307339026604255050e-01
6.157826533061844998e+01 6.192042341043429987e-01
6.235480046894411288e+01 6.076472200227596154e-01
6.314113540494180654e+01 5.960874142572485379e-01
6.393739381110199815e+01 5.845481280544750913e-01
6.474370092064954463e+01 5.730512740854692977e-01
6.556018354724085384e+01 5.616174382438636759e-01
6.638697010490813000e+01 5.502660549474880369e-01
6.722419062825589720e+01 5.390146001518825170e-01
6.807197679291300574e+01 5.278771063739322589e-01
6.893046193624199702e+01 5.168663270080384731e-01
6.979978107830935130e+01 5.059946247051901880e-01
7.068007094312217475e+01 4.952727590303697136e-01
7.157146998013095640e+01 4.847109710294695839e-01
7.247411838600496026e+01 4.743187811970910883e-01
7.338815812668130434e+01 4.641039216993295691e-01
7.431373295969366666e+01 4.540723608248963261e-01
7.525098845678202508e+01 4.442294950454173108e-01
7.620007202678687008e+01 4.345789947570251055e-01
7.716113293883434210e+01 4.251243089397097608e-01
7.813432234581253510e+01 4.158677641564964000e-01
7.911979330814355649e+01 4.068102467989499482e-01
8.011770081785780917e+01 3.979515916276090137e-01
8.112820182296979965e+01 3.892911815680571985e-01
8.215145525216227895e+01 3.808275555163924686e-01
8.318762203978297975e+01 3.725600535179254824e-01
8.423686515115511497e+01 3.644865748970597674e-01
8.529934960820867218e+01 3.566049349642989030e-01
8.637524251543374021e+01 3.489126205518557344e-01
8.746471308616324336e+01 3.414066402775319808e-01
8.856793266918585061e+01 3.340837152937633503e-01
8.968507477569480102e+01 3.269401992541099422e-01
9.081631510657810225e+01 3.199719868888317165e-01
9.196183158005163705e+01 3.131751128472429757e-01
9.312180435964204150e+01 3.065451813592658947e-01
9.429641588252151507e+01 3.000778444442600001e-01
9.548585088820229316e+01 2.937684935444576650e-01
9.669029644759049802e+01 2.876131792051821456e-01
9.790994199240937235e+01 2.816074052291637209e-01
9.914497934499183884e+01 2.757468510751626134e-01
1.003956027484501874e+02 2.700272086580030595e-01
1.016620088972251637e+02 2.644443882984350846e-01
1.029443969680228292e+02 2.589941473100922931e-01
1.042429686511398046e+02 2.536725025420971669e-01
1.055579281821839714e+02 2.484748811243391864e-01
1.068894823741972147e+02 2.433975463821110297e-01
1.082378406501817238e+02 2.384364102501270732e-01
1.096032150760377135e+02 2.335880110599075909e-01
1.109858203939156311e+02 2.288487551593876290e-01
1.123858740559919625e+02 2.242149807122899574e-01
1.138035962586673406e+02 2.196837484619645342e-01
1.152392099772003462e+02 2.152519168327149124e-01
1.166929410007752494e+02 2.109163246273063064e-01
1.181650179680137711e+02 2.066740863575905474e-01
1.196556724029350249e+02 2.025223801568092619e-01
1.211651387513679339e+02 1.984585132261563745e-01
1.226936544178258401e+02 1.944799032557173457e-01
1.242414598028428969e+02 1.905840148731687833e-01
1.258087983407852875e+02 1.867684450786826211e-01
1.273959165381369019e+02 1.830310342027956505e-01
1.290030640122696752e+02 1.793696690805174909e-01
1.306304935307016706e+02 1.757820872678348412e-01
1.322784610508529966e+02 1.722665609084411131e-01
1.339472257603015919e+02 1.688212881399219767e-01
1.356370501175464938e+02 1.654444421637632501e-01
1.373481998932881538e+02 1.621344414432207004e-01
1.390809442122271093e+02 1.588893653164645259e-01
1.408355555953916110e+02 1.557077495856116767e-01
1.426123100029977877e+02 1.525881249099754200e-01
1.444114868778540881e+02 1.495290312237791686e-01
1.462333691893085188e+02 1.465291702885156144e-01
1.480782434777557626e+02 1.435871518933852231e-01
1.499463998997018734e+02 1.407017842224528026e-01
1.518381322734001344e+02 1.378719762595203846e-01
1.537537381250604653e+02 1.350964908783844065e-01
1.556935187356455117e+02 1.323742664728655982e-01
1.576577791882542670e+02 1.297041573096920641e-01
1.596468284161037730e+02 1.270851332837127368e-01
1.616609792511188743e+02 1.245161417745572763e-01
1.637005484731327272e+02 1.219961336864050228e-01
1.657658568597092312e+02 1.195242577140873397e-01
1.678572292365929002e+02 1.170995343752479767e-01
1.699749945287988169e+02 1.147208850770860822e-01
1.721194858123422478e+02 1.123876269095586966e-01
1.742910403666263051e+02 1.100989468597469434e-01
1.764899997274868895e+02 1.078541329101345148e-01
1.787167097409089820e+02 1.056523045118143711e-01
1.809715206174202535e+02 1.034927969766717970e-01
1.832547869871701494e+02 1.013749647069556448e-01
1.855668679557074370e+02 9.929821557795023845e-02
1.879081271604563028e+02 9.726180222535066311e-02
1.902789328279109782e+02 9.526495366439202694e-02
1.926796578315476722e+02 9.330701000474106444e-02
1.951106797504699273e+02 9.138730636098110760e-02
1.975723809287914037e+02 8.950509300192976969e-02
2.000651485357725505e+02 8.765979594181237677e-02
2.025893746267120434e+02 8.585066834766180710e-02
2.051454562046068588e+02 8.407718756504783952e-02
2.077337952825943717e+02 8.233876719615559892e-02
2.103547989471781534e+02 8.063490996241490238e-02
2.130088794222539832e+02 7.896510484036134425e-02
2.156964541339418702e+02 7.732882354607506503e-02
2.184179457762404297e+02 7.572558145527522044e-02
2.211737823775033576e+02 7.415479215514084177e-02
2.239643973677620181e+02 7.261597848418498147e-02
2.267902296468918735e+02 7.110859052102160016e-02
2.296517236536423354e+02 6.963210303144659608e-02
2.325493294355354408e+02 6.818593883275747558e-02
2.354835027196499482e+02 6.676949565626431882e-02
2.384547049842962565e+02 6.538220368445565867e-02
2.414634035315945368e+02 6.402354710941352001e-02
2.445100715609733300e+02 6.269293069650634653e-02
2.475951882435915650e+02 6.138991015164103893e-02
2.507192387977017916e+02 6.011394421793289644e-02
2.538827145649621286e+02 5.886455242212317723e-02
2.570861130877164555e+02 5.764133424888974455e-02
2.603299381872424192e+02 5.644381645544095660e-02
2.636147000429946274e+02 5.527156731849940108e-02
2.669409152728421191e+02 5.412407798582816176e-02
2.703091070143215688e+02 5.300087269287306890e-02
2.737198050069123951e+02 5.190153116545261069e-02
2.771735456753567064e+02 5.082541894312153641e-02
2.806708722140243140e+02 4.977211155165379292e-02
2.842123346723428767e+02 4.874117706658616378e-02
2.877984900413126184e+02 4.773204850005978439e-02
2.914299023411046505e+02 4.674427933850608397e-02
2.951071427097703577e+02 4.577748681541640025e-02
2.988307894930661064e+02 4.483126674345800505e-02
3.026014283354170402e+02 4.390521008328749503e-02
3.064196522720221196e+02 4.299891882694849982e-02
3.102860618221281470e+02 4.211203516950646347e-02
3.142012650834753344e+02 4.124421588428012209e-02
3.181658778279384592e+02 4.039505204652188430e-02
3.221805235983738385e+02 3.956416495822100143e-02
3.262458338066854822e+02 3.875115496480893706e-02
3.303624478331370256e+02 3.795568178831884576e-02
3.345310131269060321e+02 3.717728809406305873e-02
3.387521853079171592e+02 3.641563962612476280e-02
3.430266282699541875e+02 3.567035829062829844e-02
3.473550142850762654e+02 3.494106920635728364e-02
3.517380241093482027e+02 3.422746507189002724e-02
3.561763470899118715e+02 3.352919435926911274e-02
3.606706812734031473e+02 3.284594048506797592e-02
3.652217335157358775e+02 3.217740108543392513e-02
3.698302195932790255e+02 3.152327969935209140e-02
3.744968643154283541e+02 3.088324755363139329e-02
3.792224016386047651e+02 3.025699752190755612e-02
3.840075747816848093e+02 2.964417187475030385e-02
3.888531363428982104e+02 2.904448468029643265e-02
3.937598484181872891e+02 2.845768200586696467e-02
3.987284827210735330e+02 2.788343077461929304e-02
4.037598207040271063e+02 2.732143314675065243e-02
4.088546536813726107e+02 2.677145320580834320e-02
4.140137829537417815e+02 2.623318942062925069e-02
4.192380199341045568e+02 2.570638333777054349e-02
4.245281862753837459e+02 2.519073372019522972e-02
4.298851139996789357e+02 2.468597910656342154e-02
4.353096456291302161e+02 2.419188005414450726e-02
4.408026343184234861e+02 2.370817476559427747e-02
4.463649439889757105e+02 2.323461590609358918e-02
4.519974494648035943e+02 2.277092570338243999e-02
4.577010366101221734e+02 2.231685623192527709e-02
4.634766024686624633e+02 2.187223019908770064e-02
4.693250554047626224e+02 2.143677258420580156e-02
4.752473152462289931e+02 2.101025305248228198e-02
4.812443134290055013e+02 2.059246395009402611e-02
4.873169931436675029e+02 2.018318819456740160e-02
4.934663094837605399e+02 1.978219888833297746e-02
4.996932295960214674e+02 1.938930165592320579e-02
5.059987328324801297e+02 1.900429681702314050e-02
5.123838109044974090e+02 1.862695605099951718e-02
5.188494680387326525e+02 1.825707977795938686e-02
5.253967211350895923e+02 1.789449109738952548e-02
5.320265999266460994e+02 1.753902915960963219e-02
5.387401471416136474e+02 1.719050163415171417e-02
5.455384186673330760e+02 1.684874900611382786e-02
5.524224837163360462e+02 1.651361871151858784e-02
5.593934249945161810e+02 1.618496334174285983e-02
5.664523388714084149e+02 1.586264853966523961e-02
5.736003355526248697e+02 1.554652851217701824e-02
5.808385392544618071e+02 1.523648404540123465e-02
5.881680883807188138e+02 1.493236231463826273e-02
5.955901357017370401e+02 1.463405799781024481e-02
6.031058485357089012e+02 1.434146064695321701e-02
6.107164089322686777e+02 1.405445712290939383e-02
6.184230138584021006e+02 1.377294849120089607e-02
6.262268753866976567e+02 1.349683821917970969e-02
6.341292208859864559e+02 1.322604512993409004e-02
6.421312932143728176e+02 1.296048485909658855e-02
6.502343509147067380e+02 1.270006183129082991e-02
6.584396684125290449e+02 1.244467404146827084e-02
6.667485362165057268e+02 1.219425068625265215e-02
6.751622611213977052e+02 1.194870864962728832e-02
6.836821664135837864e+02 1.170797092394472785e-02
6.923095920791930666e+02 1.147195945997138769e-02
7.010458950148441772e+02 1.124059819675955578e-02
7.098924492410613993e+02 1.101382241331549071e-02
7.188506461183745841e+02 1.079155141016807651e-02
7.279218945661459657e+02 1.057371098456492790e-02
7.371076212841658162e+02 1.036022831043076527e-02
7.464092709770288820e+02 1.015103995446503017e-02
7.558283065813685653e+02 9.946070162829282607e-03
7.653662094959335036e+02 9.745239627616789427e-03
7.750244798145794221e+02 9.548466881657622155e-03
7.848046365622000167e+02 9.355683892303080437e-03
7.947082179336365471e+02 9.166813975003894679e-03
8.047367815355970606e+02 8.981784548521182937e-03
8.148919046316392496e+02 8.800516129937851692e-03
8.251751843902210339e+02 8.622935887138707955e-03
8.355882381359225519e+02 8.448967279058181012e-03
8.461327036037974949e+02 8.278544629800835275e-03
8.568102391969566725e+02 8.111601729036049813e-03
8.676225242473998378e+02 7.948064226456982850e-03
8.785712592801222627e+02 7.787860730912194232e-03
8.896581662805893984e+02 7.630922498317661493e-03
9.008849889655513152e+02 7.477185326986040582e-03
9.122534930572926442e+02 7.326578144307279924e-03
9.237654665613434872e+02 7.179033984334230040e-03
9.354227200476860844e+02 7.034491569882005656e-03
9.472270869355209015e+02 6.892882463587204564e-03
9.591804237816245404e+02 6.754145304826039871e-03
9.712846105723248229e+02 6.618221141074178034e-03
9.835415510192071906e+02 6.485052388043088811e-03
9.959531728585071733e+02 6.354580295121673057e-03
1.008521428154303067e+03 6.226748538000581416e-03
1.021248293605536560e+03 6.101502747321694946e-03
1.034135770856882800e+03 5.978785438684327061e-03
1.047185886813591878e+03 5.858545043430815960e-03
1.060400693960255694e+03 5.740730980403427157e-03
1.073782270683619572e+03 5.625293340815393228e-03
1.087332721599469778e+03 5.512183497425488313e-03
1.101054177883636157e+03 5.401355085477555634e-03
1.114948797607179813e+03 5.292762508767565738e-03
1.129018766075814483e+03 5.186357911641515696e-03
1.143266296173581850e+03 5.082095138370297874e-03
1.157693628710921530e+03 4.979931006329017112e-03
1.172303032777074804e+03 4.879824650733608112e-03
1.187096806096969658e+03 4.781734137301457688e-03
1.202077275392602587e+03 4.685618107927359659e-03
1.217246796748959241e+03 4.591435876841379500e-03
1.232607755984603727e+03 4.499146779261471198e-03
1.248162569026892470e+03 4.408712733893896570e-03
1.263913682291949272e+03 4.320096452951367218e-03
1.279863573069430231e+03 4.233261435564138024e-03
1.296014749912145817e+03 4.148171847505969893e-03
1.312369753030597849e+03 4.064792598988119753e-03
1.328931154692496875e+03 3.983089309956288487e-03
1.345701559627327697e+03 3.903028333819676989e-03
1.362683605435987374e+03 3.824576617737664077e-03
1.379879963005658738e+03 3.747701816347447958e-03
1.397293336929852785e+03 3.672372249338231188e-03
1.414926465933787995e+03 3.598556860463229031e-03
1.432782123305131336e+03 3.526225193339779101e-03
1.450863117330156228e+03 3.455347423766648614e-03
1.469172291735447516e+03 3.385894359271437223e-03
1.487712526135140706e+03 3.317837334566329632e-03
1.506486736483815776e+03 3.251148285832023560e-03
1.525497875535120329e+03 3.185799716764331057e-03
1.544748933306161007e+03 3.121764712083888345e-03
1.564242937547768861e+03 3.059016837060190598e-03
1.583982954220704869e+03 2.997530220671471100e-03
1.603972087977831507e+03 2.937279525839303629e-03
1.624213482652450239e+03 2.878239909425189987e-03
1.644710321752723758e+03 2.820387013307851069e-03
1.665465828962377827e+03 2.763696983009213039e-03
1.686483268647720251e+03 2.708146471188900648e-03
1.707765946371019936e+03 2.653712547346624099e-03
1.729317209410441365e+03 2.600372766892149710e-03
1.751140447286465815e+03 2.548105139028083912e-03
1.773239092294993043e+03 2.496888133177345946e-03
1.795616620047159358e+03 2.446700607641703884e-03
1.818276550015977818e+03 2.397521869869308642e-03
1.841222446089865571e+03 2.349331655984273053e-03
1.864457917133171350e+03 2.302110093010978267e-03
1.887986617553738370e+03 2.255837700088973892e-03
1.911812247877701566e+03 2.210495397589136782e-03
1.935938555331468024e+03 2.166064512995723688e-03
1.960369334431075231e+03 2.122526703336250365e-03
1.985108427578993769e+03 2.079864018154675091e-03
2.010159725668409692e+03 2.038058869852297974e-03
2.035527168695229420e+03 1.997094035324157267e-03
2.061214746377712800e+03 1.956952606119846672e-03
2.087226498783977149e+03 1.917618031647149368e-03
2.113566516967403004e+03 1.879074105470329627e-03
2.140238943610066599e+03 1.841304930469155055e-03
2.167247973674287550e+03 1.804294926495713389e-03
2.194597855062408144e+03 1.768028833038007546e-03
2.222292889284860394e+03 1.732491715922815888e-03
2.250337432136740063e+03 1.697668902982826149e-03
2.278735894382848073e+03 1.663546037458886809e-03
2.307492742451403046e+03 1.630109053326424685e-03
2.336612499136523184e+03 1.597344173206711668e-03
2.366099744309518883e+03 1.565237874285031446e-03
2.395959115639256197e+03 1.533776918863745658e-03
2.426195309321521563e+03 1.502948345541769721e-03
2.456813080817635182e+03 1.472739437644087672e-03
2.487817245602372623e+03 1.443137734697415254e-03
2.519212679921332438e+03 1.414131030856224155e-03
2.551004321557857565e+03 1.385707381478006647e-03
2.583197170609643308e+03 1.357855051458722959e-03
2.615796290275101001e+03 1.330562557803281623e-03
2.648806807649740676e+03 1.303818650945743262e-03
2.682233914532510880e+03 1.277612309876041945e-03
2.716082868242350742e+03 1.251932719507874809e-03
2.750358992445067088e+03 1.226769291912035726e-03
2.785067677990575703e+03 1.202111660973507979e-03
2.820214383760822784e+03 1.177949654175639189e-03
2.855804637528304738e+03 1.154273306062592952e-03
2.891844036825464173e+03 1.131072854015100068e-03
2.928338249825058938e+03 1.108338744481577893e-03
2.965293016231634283e+03 1.086061591487689050e-03
3.002714148184244095e+03 1.064232210571744311e-03
3.040607531170584934e+03 1.042841604688410318e-03
3.078979124952596976e+03 1.021880957747329111e-03
3.117834964503868378e+03 1.001341620215540811e-03
3.157181160958757118e+03 9.812151235358379346e-04
3.197023902573536816e+03 9.614931772238762041e-04
3.237369455699686569e+03 9.421676439270342462e-04
3.278224165769389401e+03 9.232305536212428521e-04
3.319594458293602202e+03 9.046740978585708073e-04
3.361486839872592554e+03 8.864906355292945326e-04
3.403907899219285355e+03 8.686726595423630189e-04
3.446864308195521517e+03 8.512128238769487137e-04
3.490362822861387031e+03 8.341039329837030914e-04
3.534410284537785628e+03 8.173389345647065745e-04
3.579013620882427404e+03 8.009109110230150028e-04
3.624179846979396189e+03 7.848130889418994003e-04
3.669916066442408919e+03 7.690388378601824846e-04
3.716229472532146701e+03 7.535816484237585012e-04
3.763127349287510242e+03 7.384351464856429110e-04
3.810617072671268033e+03 7.235930868335727984e-04
3.858706111730139583e+03 7.090493575505311822e-04
3.907402029769431010e+03 6.947979545037838824e-04
3.956712485542665945e+03 6.808330021143484557e-04
4.006645234456090748e+03 6.671487456109871260e-04
4.057208129788402402e+03 6.537395436127915781e-04
4.108409123925925996e+03 6.405998636638203080e-04
4.160256269613310906e+03 6.277242881714635483e-04
4.212757721220071289e+03 6.151075143052614014e-04
4.265921736023077756e+03 6.027443350010542418e-04
4.319756675505179373e+03 5.906296524360138108e-04
4.374271006670379393e+03 5.787584718830265408e-04
4.429473303375417345e+03 5.671259042029628585e-04
4.485372247678276835e+03 5.557271474922472572e-04
4.541976631203686338e+03 5.445575022741715654e-04
4.599295356525760326e+03 5.336123660627385386e-04
4.657337438568282778e+03 5.228872261151908986e-04
4.716112006022484820e+03 5.123776577604803638e-04
4.775628302782783976e+03 5.020793278334631776e-04
4.835895689400647825e+03 4.919879952971519237e-04
4.896923644556790350e+03 4.820994948319152367e-04
4.958721766551940163e+03 4.724097493721980527e-04
5.021299774816482568e+03 4.629147642875451238e-04
5.084667511438992733e+03 4.536106285792391307e-04
5.148834942714306635e+03 4.444935018440169324e-04
5.213812160710915123e+03 4.355596252873186356e-04
5.279609384858209523e+03 4.268053179830784438e-04
5.346236963553833448e+03 4.182269700245342791e-04
5.413705375791103506e+03 4.098210427081652295e-04
5.482025232807297471e+03 4.015840702274228041e-04
5.551207279752441536e+03 3.935126607333091532e-04
5.621262397379307004e+03 3.856034822340191431e-04
5.692201603754703683e+03 3.778532740302007549e-04
5.764036055992367437e+03 3.702588413374385649e-04
5.836777052007723796e+03 3.628170556056077708e-04
5.910436032294812321e+03 3.555248454067852330e-04
5.985024581725518146e+03 3.483792043336454963e-04
6.060554431371749160e+03 3.413771884944156272e-04
6.137037460350376023e+03 3.345159101921990272e-04
6.214485697691560745e+03 3.277925392894931976e-04
6.292911324230684841e+03 3.212043037199137580e-04
6.372326674523998008e+03 3.147484907059021298e-04
6.452744238788726761e+03 3.084224350423775927e-04
6.534176664867398358e+03 3.022235288291032392e-04
6.616636760217075789e+03 2.961492169727092763e-04
6.700137493923673901e+03 2.901969968300147974e-04
6.784691998741718635e+03 2.843644119722892397e-04
6.870313573159808584e+03 2.786490577739645486e-04
6.957015683492201788e+03 2.730485797984540043e-04
7.044811965996639628e+03 2.675606680683341801e-04
7.133716229019194543e+03 2.621830591312494644e-04
7.223742455165890533e+03 2.569135357944709631e-04
7.314904803501872266e+03 2.517499283202332436e-04
7.407217611778341052e+03 2.466901050164084226e-04
7.500695398687420493e+03 2.417319799949211440e-04
7.595352866145801272e+03 2.368735097661306410e-04
7.691204901606912244e+03 2.321126923706275493e-04
7.788266580402380896e+03 2.274475632340879289e-04
7.886553168113048741e+03 2.228761990540284129e-04
7.986080122969906370e+03 2.183967168204613198e-04
8.086863098285292835e+03 2.140072686932149209e-04
8.188917944914881446e+03 2.097060444343875534e-04
8.292260713750461946e+03 2.054912706559348403e-04
8.396907658244654158e+03 2.013612119529214941e-04
8.502875236967000092e+03 1.973141633470874043e-04
8.610180116192590503e+03 1.933484564715709703e-04
8.718839172523326852e+03 1.894624570006725440e-04
8.828869495542057848e+03 1.856545634888533375e-04
8.940288390500614696e+03 1.819232047296066260e-04
9.053113381041386674e+03 1.782668423973252938e-04
9.167362211953415681e+03 1.746839705135152501e-04
9.283052851963246212e+03 1.711731109174330031e-04
9.400203496561003703e+03 1.677328158360646114e-04
9.518832570862121429e+03 1.643616668499889863e-04
9.638958732505192529e+03 1.610582759416120913e-04
9.760600874586427381e+03 1.578212794268393521e-04
9.883778128630949141e+03 1.546493428852379194e-04
1.000850986760198066e+04 1.515411592272944538e-04
1.013481570894759898e+04 1.484954473923342599e-04
1.026271551768618883e+04 1.455109507758025245e-04
1.039222940953073885e+04 1.425864389685918023e-04
1.052337775405246066e+04 1.397207075298384255e-04
1.065618117788470772e+04 1.369125740183269502e-04
1.079066056796686462e+04 1.341608805478753947e-04
1.092683707482947102e+04 1.314644926532180526e-04
1.106473211592069310e+04 1.288223000930360676e-04
1.120436737897480452e+04 1.262332121898033892e-04
1.134576482542316444e+04 1.236961616240373580e-04
1.148894669384830195e+04 1.212101030194027821e-04
1.163393550348135068e+04 1.187740198613147124e-04
1.178075405774408136e+04 1.163868992504214208e-04
1.192942544783517587e+04 1.140477563380502552e-04
1.207997305636198507e+04 1.117556278549506504e-04
1.223242056101813796e+04 1.095095679276097099e-04
1.238679193830730765e+04 1.073086505221097276e-04
1.254311146731442932e+04 1.051519683315552632e-04
1.270140373352409370e+04 1.030386332370768275e-04
1.286169363268729467e+04 1.009677729542641904e-04
1.302400637473697861e+04 9.893853380913465191e-05
1.318836748775298474e+04 9.695007974471508863e-05
1.335480282197703309e+04 9.500159100966446024e-05
1.352333855387842414e+04 9.309226384357857263e-05
1.369400119027077562e+04 9.122131111095081659e-05
1.386681757248127724e+04 8.938796241163401903e-05
1.404181488057199931e+04 8.759146109920076828e-05
1.421902063761473073e+04 8.583106655570450912e-05
1.439846271401981539e+04 8.410605313738000511e-05
1.458016933191925273e+04 8.241571039822545054e-05
1.476416906960580855e+04 8.075934070693417265e-05
1.495049086602742136e+04 7.913626126000651746e-05
1.513916402533874862e+04 7.754580339786771323e-05
1.533021822151001652e+04 7.598731136443135172e-05
1.552368350299405392e+04 7.446014233225020879e-05
1.571959029745223779e+04 7.296366671787074413e-05
1.591796941654012517e+04 7.149726837260329826e-05
1.611885206075316819e+04 7.006034202043504825e-05
1.632226982433421290e+04 6.865229533367380951e-05
1.652825470024231254e+04 6.727254795805611570e-05
1.673683908518455428e+04 6.592053157538472238e-05
1.694805578471132321e+04 6.459568823698636376e-05
1.716193801837570936e+04 6.329747180799886607e-05
1.737851942495848562e+04 6.202534750897601204e-05
1.759783406775850017e+04 6.077879077039779809e-05
1.781991643995011691e+04 5.955728747440647492e-05
1.804480147000817306e+04 5.836033405356337925e-05
1.827252452720146175e+04 5.718743771154853172e-05
1.850312142715551454e+04 5.603811429040037349e-05
1.873662843748559317e+04 5.491189004331983094e-05
1.897308228350054560e+04 5.380830081486014679e-05
1.921252015397923969e+04 5.272689198065295068e-05
1.945497970701922532e+04 5.166721730617745897e-05
1.970049907595957120e+04 5.062883996918082980e-05
1.994911687537844773e+04 4.961133226396178338e-05
2.020087220716599040e+04 4.861427456242339406e-05
2.045580466667461224e+04 4.763725568482767166e-05
2.071395434894613209e+04 4.667987285593807245e-05
2.097536185501789441e+04 4.574173192182229151e-05
2.124006829830836068e+04 4.482244563711902923e-05
2.150811531108329655e+04 4.392163507819364204e-05
2.177954505100366077e+04 4.303892902243351671e-05
2.205440020775592347e+04 4.217396379385432675e-05
2.233272400976635254e+04 4.132638250377014370e-05
2.261456023099945378e+04 4.049583576228727566e-05
2.289995319784317326e+04 3.968198149854795846e-05
2.318894779608005047e+04 3.888448403149164114e-05
2.348158947794691630e+04 3.810301450840887613e-05
2.377792426928311397e+04 3.733725077152134475e-05
2.407799877676986944e+04 3.658687756363576465e-05
2.438186019526009113e+04 3.585158515273090924e-05
2.468955631520110546e+04 3.513107045841418132e-05
2.500113553015104844e+04 3.442503658348124954e-05
2.531664684439001940e+04 3.373319260542846334e-05
2.563613988062733551e+04 3.305525309196095073e-05
2.595966488780612417e+04 3.239093858499848621e-05
2.628727274900629709e+04 3.173997550234501479e-05
2.661901498944700506e+04 3.110209531579841407e-05
2.695494378459094514e+04 3.047703501560082104e-05
2.729511196834994189e+04 2.986453692500258103e-05
2.763957304139466214e+04 2.926434889056631566e-05
2.798838117956907445e+04 2.867622317765056926e-05
2.834159124241074460e+04 2.809991736832450975e-05
2.869925878177951381e+04 2.753519400911749024e-05
2.906144005059422489e+04 2.698182037622804834e-05
2.942819201168001382e+04 2.643956818634390351e-05
2.979957234672736740e+04 2.590821391567000491e-05
3.017563946536399089e+04 2.538753875765718609e-05
3.055645251434155580e+04 2.487732790266567178e-05
3.094207138683789162e+04 2.437737100044714064e-05
3.133255673187662978e+04 2.388746195546351988e-05
3.172796996386652609e+04 2.340739907442052428e-05
3.212837327226003254e+04 2.293698421556396297e-05
3.253382963133444355e+04 2.247602348130359819e-05
3.294440281009640603e+04 2.202432695995116998e-05
3.336015738231083378e+04 2.158170848346705221e-05
3.378115873665760591e+04 2.114798547487523940e-05
3.420747308701527800e+04 2.072297914892482848e-05
3.463916748287505470e+04 2.030651450739785614e-05
3.507630981988619897e+04 1.989841971256181945e-05
3.551896885053443111e+04 1.949852652992351806e-05
3.596721419495515147e+04 1.910667012708204627e-05
3.642111635188319633e+04 1.872268915872293856e-05
3.688074670974013134e+04 1.834642515426981196e-05
3.734617755786286580e+04 1.797772302472512069e-05
3.781748209787255473e+04 1.761643088128797099e-05
3.829473445518765220e+04 1.726239979800003600e-05
3.877800969068233826e+04 1.691548375270972087e-05
3.926738381249121448e+04 1.657553974393697664e-05
3.976293378796459729e+04 1.624242781043106057e-05
4.026473755577308475e+04 1.591601048969044365e-05
4.077287403816572623e+04 1.559615323040972236e-05
4.128742315338262415e+04 1.528272420162668011e-05
4.180846582822428172e+04 1.497559433428262124e-05
4.233608401077953749e+04 1.467463688593510737e-05
4.287036068331424758e+04 1.437972780841265732e-05
4.341137987532190164e+04 1.409074562289633211e-05
4.395922667674049444e+04 1.380757119518345755e-05
4.451398725133454718e+04 1.353008773890312225e-05
4.507574885024689866e+04 1.325818087406321178e-05
4.564459982572148147e+04 1.299173866135319157e-05
4.622062964499835653e+04 1.273065113674967723e-05
4.680392890438598261e+04 1.247481068809003219e-05
4.739458934350922937e+04 1.222411187842959275e-05
4.799270385973805242e+04 1.197845145813239766e-05
4.859836652279816917e+04 1.173772806032923155e-05
4.921167258956604928e+04 1.150184246477484755e-05
4.983271851905061339e+04 1.127069751406672038e-05
5.046160198756433965e+04 1.104419790596221036e-05
5.109842190408458555e+04 1.082225023631986762e-05
5.174327842581093864e+04 1.060476301796948816e-05
5.239627297391692991e+04 1.039164672072357686e-05
5.305750824950134120e+04 1.018281338322085547e-05
5.372708824974104937e+04 9.978176935755431737e-06
5.440511828424651321e+04 9.777653050902689941e-06
5.509170499162581109e+04 9.581159133303011365e-06
5.578695635625568684e+04 9.388614110991618010e-06
5.649098172526513372e+04 9.199938622263471633e-06
5.720389182573325525e+04 9.015054961575703603e-06
5.792579878210411698e+04 8.833886891079207975e-06
5.865681613382130308e+04 8.656359707279734630e-06
5.939705885318508081e+04 8.482400233752574148e-06
6.014664336343512696e+04 8.311936860484653061e-06
6.090568755706057709e+04 8.144899232150454554e-06
6.167431081434262160e+04 7.981218505463858560e-06
6.245263402212993969e+04 7.820827236066925614e-06
6.324077959285166435e+04 7.663659351025454641e-06
6.403887148376902769e+04 7.509650009873635388e-06
6.484703521647263551e+04 7.358735734722703525e-06
6.566539789662299154e+04 7.210854377327993877e-06
6.649408823394171486e+04 7.065944950449707769e-06
6.733323656245447637e+04 6.923947707039028153e-06
6.818297486098967784e+04 6.784804116496615346e-06
6.904343677393560938e+04 6.648456902015059084e-06
6.991475763225975970e+04 6.514849790240705012e-06
7.079707447479349503e+04 6.383927716425099728e-06
7.169052606978395488e+04 6.255636739048540335e-06
7.259525293672093539e+04 6.129924002345702091e-06
7.351139736843616993e+04 6.006737647533805563e-06
7.443910345348301053e+04 5.886026901387799762e-06
7.537851709879864939e+04 5.767742058172595408e-06
7.632978605265068472e+04 5.651834330434567345e-06
7.729305992787628202e+04 5.538255933045059724e-06
7.826849022541176237e+04 5.426960049869781828e-06
7.925623035812046146e+04 5.317900868340069877e-06
8.025643567492107104e+04 5.211033378414969396e-06
8.126926348522049375e+04 5.106313536118138760e-06
8.229487308365499484e+04 5.003698199328139694e-06
8.333342577514360892e+04 4.903145085417591134e-06
8.438508490025803621e+04 4.804612718156277043e-06
8.545001586091102217e+04 4.708060486157451456e-06
8.652838614637238788e+04 4.613448635048646035e-06
8.762036535961013578e+04 4.520738136663139588e-06
8.872612524396415392e+04 4.429890772836291424e-06
8.984583971015960560e+04 4.340869098393914097e-06
9.097968486365761783e+04 4.253636468276269077e-06
9.212783903235310572e+04 4.168156882234652943e-06
9.329048279462159553e+04 4.084395111279724973e-06
9.446779900772006658e+04 4.002316650525020494e-06
9.565997283654632338e+04 3.921887675389433521e-06
9.686719178276104503e+04 3.843075013461266602e-06
9.808964571427754709e+04 3.765846181320803279e-06
9.932752689512414508e+04 3.690169383578624565e-06
1.005810300156812009e+05 3.616013399072330459e-06
1.018503522233038966e+05 3.543347661157586258e-06
1.031356931533278257e+05 3.472142221285817634e-06
1.044372549604656961e+05 3.402367764688036586e-06
1.057552423506043124e+05 3.333995498552065738e-06
1.070898626129983750e+05 3.266997244579335358e-06
1.084413256528727070e+05 3.201345405850231784e-06
1.098098440244356025e+05 3.137012923856192939e-06
1.111956329643087520e+05 3.073973267468538640e-06
1.125989104253789264e+05 3.012200454446530669e-06
1.140198971110771672e+05 2.951669054910727095e-06
1.154588165100901824e+05 2.892354092972850324e-06
1.169158949315107020e+05 2.834231121575815570e-06
1.183913615404284210e+05 2.777276187903747081e-06
1.198854483939761121e+05 2.721465841114990418e-06
1.213983904778241558e+05 2.666777052823731714e-06
1.229304257431382866e+05 2.613187284261404807e-06
1.244817951440059260e+05 2.560674463442961501e-06
1.260527426753311447e+05 2.509216944446268305e-06
1.276435154112098098e+05 2.458793507772608741e-06
1.292543635437892372e+05 2.409383371190855255e-06
1.308855404226164683e+05 2.360966195911423769e-06
1.325373025944855763e+05 2.313522002025816654e-06
1.342099098437861539e+05 2.267031236867327726e-06
1.359036252333612065e+05 2.221474742975709847e-06
1.376187151458819280e+05 2.176833760430342420e-06
1.393554493257410359e+05 2.133089871190219625e-06
1.411141009214808582e+05 2.090225047313485017e-06
1.428949465287517523e+05 2.048221635630350440e-06
1.446982662338124064e+05 2.007062320087410755e-06
1.465243436575844535e+05 1.966730129386840451e-06
1.483734660002573510e+05 1.927208440569864354e-06
1.502459240864589810e+05 1.888480986272997723e-06
1.521420124109955796e+05 1.850531784069435527e-06
1.540620291851690272e+05 1.813345195285902216e-06
1.560062763836789527e+05 1.776905897765016851e-06
1.579750597921160515e+05 1.741198884147236907e-06
1.599686890550553217e+05 1.706209423709211000e-06
1.619874777247569000e+05 1.671923096529991439e-06
1.640317433104776719e+05 1.638325783582464624e-06
1.661018073284125421e+05 1.605403632544085852e-06
1.681979953522585565e+05 1.573143069791069142e-06
1.703206370644219569e+05 1.541530799190580931e-06
1.724700663078665093e+05 1.510553809239405429e-06
1.746466211386238283e+05 1.480199316319712467e-06
1.768506438789588574e+05 1.450454811586164802e-06
1.790824811712102091e+05 1.421308040339347654e-06
1.813424840323089156e+05 1.392746997130470112e-06
1.836310079089855135e+05 1.364759900327101103e-06
1.859484127336734964e+05 1.337335215917308772e-06
1.882950629811185063e+05 1.310461651465923711e-06
1.906713277257021691e+05 1.284128125510139541e-06
1.930775806994893355e+05 1.258323781862886292e-06
1.955142003510046925e+05 1.233037985385723483e-06
1.979815699047588278e+05 1.208260328767040869e-06
2.004800774215182755e+05 1.183980586952784057e-06
2.030101158593360742e+05 1.160188754522909220e-06
2.055720831353601534e+05 1.136875030121398797e-06
2.081663821884130011e+05 1.114029809722194981e-06
2.107934210423658078e+05 1.091643670359381758e-06
2.134536128703111608e+05 1.069707386346357498e-06
2.161473760595459025e+05 1.048211925947911113e-06
2.188751342773736105e+05 1.027148424293336599e-06
2.216373165377378755e+05 1.006508198586885736e-06
2.244343572686964471e+05 9.862827421165081728e-07
2.272666963807478314e+05 9.664637305304750472e-07
2.301347793360150245e+05 9.470429852428395456e-07
2.330390572183124605e+05 9.280125032278753516e-07
2.359799868040884903e+05 9.093644453094983369e-07
2.389580306342623080e+05 8.910911285188220098e-07
2.419736570869783754e+05 8.731850163416091538e-07
2.450273404512650159e+05 8.556387294334678395e-07
2.481195610016332066e+05 8.384450441635810298e-07
2.512508050736105652e+05 8.215968688618016740e-07
2.544215651402322110e+05 8.050872590021746259e-07
2.576323398894943821e+05 7.889094105112460239e-07
2.608836343027875992e+05 7.730566647503750370e-07
2.641759597343179048e+05 7.575224801625697293e-07
2.675098339915327961e+05 7.423004553637228619e-07
2.708857814165558666e+05 7.273843205284736957e-07
2.743043329686606303e+05 7.127679294713437663e-07
2.777660263077747077e+05 6.984452544563825166e-07
2.812714058790380950e+05 6.844103929604636470e-07
2.848210229984386824e+05 6.706575674735254180e-07
2.884154359395175707e+05 6.571811048289123651e-07
2.920552100211728830e+05 6.439754507632571392e-07
2.957409176965726656e+05 6.310351633231427993e-07
2.994731386431875289e+05 6.183549157550272921e-07
3.032524598539617728e+05 6.059294760845365138e-07
3.070794757296328316e+05 5.937537240228781371e-07
3.109547881722178427e+05 5.818226449117603071e-07
3.148790066796797910e+05 5.701313219438109727e-07
3.188527484417827218e+05 5.586749341004694005e-07
3.228766384371688473e+05 5.474487601150191304e-07
3.269513095316502149e+05 5.364481790853218682e-07
3.310774025777396164e+05 5.256686526037286642e-07
3.352555665154497838e+05 5.151057383362180911e-07
3.394864584743521991e+05 5.047550837553835910e-07
3.437707438769289874e+05 4.946124275753365111e-07
3.481090965432292433e+05 4.846735852253357444e-07
3.525021987968453905e+05 4.749344611211544189e-07
3.569507415722269216e+05 4.653910444903524444e-07
3.614554245233484544e+05 4.560394019925357345e-07
3.660169561337500345e+05 4.468756777424822184e-07
3.706360538279659231e+05 4.378960953220354080e-07
3.753134440843535704e+05 4.290969588885638998e-07
3.800498625493610161e+05 4.204746378109376886e-07
3.848460541532207280e+05 4.120255790784126138e-07
3.897027732271146378e+05 4.037463014927891319e-07
3.946207836218048469e+05 3.956333961143865985e-07
3.996008588277805829e+05 3.876835160895910293e-07
4.046437820969041786e+05 3.798933854644970322e-07
4.097503465655996115e+05 3.722597963807371547e-07
4.149213553795957705e+05 3.647796022464119960e-07
4.201576218202419695e+05 3.574497190932768573e-07
4.254599694324182929e+05 3.502671262590679150e-07
4.308292321540617850e+05 3.432288677017266188e-07
4.362662544473258313e+05 3.363320391367617605e-07
4.417718914313889691e+05 3.295737987526011801e-07
4.473470090169555624e+05 3.229513622456545704e-07
4.529924840424365248e+05 3.164620025310201738e-07
4.587092044118603226e+05 3.101030427638797503e-07
4.644980692345114076e+05 3.038718625873513451e-07
4.703599889663516660e+05 2.977658963178696417e-07
4.762958855532066082e+05 2.917826267414212591e-07
4.823066925757675781e+05 2.859195872707065875e-07
4.883933553964238381e+05 2.801743617489783393e-07
4.945568313079451327e+05 2.745445857443770848e-07
5.007980896840430214e+05 2.690279362200681046e-07
5.071181121318303049e+05 2.636221400761991449e-07
5.135178926462061936e+05 2.583249703899783918e-07
5.199984377661905019e+05 2.531342455429655735e-07
5.265607667332203127e+05 2.480478245660327272e-07
5.332059116514676716e+05 2.430636114949381630e-07
5.399349176501575857e+05 2.381795542617517652e-07
5.467488430479380768e+05 2.333936391391967022e-07
5.536487595193411689e+05 2.287038933238348736e-07
5.606357522633253830e+05 2.241083841852833493e-07
5.677109201739536365e+05 2.196052204961495132e-07
5.748753760132248281e+05 2.151925441362900631e-07
5.821302465860862285e+05 2.108685369021308703e-07
5.894766729176526424e+05 2.066314176683998096e-07
5.969158104326652829e+05 2.024794411767572285e-07
6.044488291372124804e+05 1.984108950543099579e-07
6.120769138027479639e+05 1.944241027837124903e-07
6.198012641524177743e+05 1.905174230909083773e-07
6.276230950497644953e+05 1.866892450262988911e-07
6.355436366897907574e+05 1.829379907175251137e-07
6.435641347924313741e+05 1.792621142935641204e-07
6.516858507984938333e+05 1.756601030243148772e-07
6.599100620680424618e+05 1.721304706585203429e-07
6.682380620813012356e+05 1.686717628518013193e-07
6.766711606420878088e+05 1.652825550318455922e-07
6.852106840838167118e+05 1.619614510185841924e-07
6.938579754781007068e+05 1.587070812332724723e-07
7.026143948459849926e+05 1.555181046629084821e-07
7.114813193718476687e+05 1.523932085902119690e-07
7.204601436200026656e+05 1.493311042789582664e-07
7.295522797540200409e+05 1.463305297253997048e-07
7.387591577588455984e+05 1.433902484489048984e-07
7.480822256656957325e+05 1.405090504073154602e-07
7.575229497797896620e+05 1.376857468198288542e-07
7.670828149109858787e+05 1.349191743836744934e-07
7.767633246072935872e+05 1.322081937013197491e-07
7.865660013913528528e+05 1.295516878479108146e-07
7.964923869998896262e+05 1.269485614141264812e-07
8.065440426261976827e+05 1.243977417482575634e-07
8.167225491656776285e+05 1.218981789160916042e-07
8.270295074644756969e+05 1.194488419453789305e-07
8.374665385712598218e+05 1.170487214665017531e-07
8.480352839921782725e+05 1.146968285191243078e-07
8.587374059490157524e+05 1.123921950849623784e-07
8.695745876406442840e+05 1.101338703578901644e-07
8.805485335077416385e+05 1.079209238320220834e-07
8.916609695008493727e+05 1.057524441957692613e-07
9.029136433518480044e+05 1.036275379227398732e-07
9.143083248488197569e+05 1.015453288866367659e-07
9.258468061143992236e+05 9.950495909126385621e-08
9.375309018876353512e+05 9.750558877921907998e-08
9.493624498094050214e+05 9.554639318433149223e-08
9.613433107114339946e+05 9.362656499596880363e-08
9.734753689089656109e+05 9.174531322360145395e-08
9.857605324971131049e+05 8.990186346335791167e-08
9.982007336509709712e+05 8.809545524367885061e-08
1.010797928929481888e+06 8.632534426749246630e-08
1.023554099583183881e+06 8.459080164935095442e-08
1.036471251865798724e+06 8.289111257762798421e-08
1.049551417349779746e+06 8.122557631105270576e-08
1.062796653245812282e+06 7.959350655170219072e-08
1.076209042726393556e+06 7.799423164463247333e-08
1.089790695253450191e+06 7.642709178524019897e-08
1.103543746910111513e+06 7.489144127222800199e-08
1.117470360736668808e+06 7.338664745458194688e-08
1.131572727070769295e+06 7.191209081704125551e-08
1.145853063891909318e+06 7.046716312035262247e-08
1.160313617170268437e+06 6.905126901230631382e-08
1.174956661219956353e+06 6.766382551497684472e-08
1.189784499056690373e+06 6.630426078598892337e-08
1.204799462760036113e+06 6.497201435951969890e-08
1.220003913840170484e+06 6.366653727580472557e-08
1.235400243609302910e+06 6.238729231975516441e-08
1.250990873557755724e+06 6.113375167851071982e-08
1.266778255734837381e+06 5.990539889404808726e-08
1.282764873134473804e+06 5.870172795800068969e-08
1.298953240085733356e+06 5.752224326367480377e-08
1.315345902648269664e+06 5.636645832931947186e-08
1.331945439012762625e+06 5.523389694073917988e-08
1.348754459906407166e+06 5.412409281914743646e-08
1.365775609003518708e+06 5.303658849534153376e-08
1.383011563341326313e+06 5.197093569760333052e-08
1.400465033741011983e+06 5.092669532015514947e-08
1.418138765234041493e+06 4.990343765832519398e-08
1.436035537493924377e+06 4.890074052733303251e-08
1.454158165273380931e+06 4.791819081885547679e-08
1.472509498847017298e+06 4.695538381547607198e-08
1.491092424459644826e+06 4.601192303555825845e-08
1.509909864780197386e+06 4.508741938077258042e-08
1.528964779361405177e+06 4.418149193317280130e-08
1.548260165105264401e+06 4.329376775194965975e-08
1.567799056734383805e+06 4.242388086485934264e-08
1.587584527269273531e+06 4.157147273468295413e-08
1.607619688511663815e+06 4.073619212582950042e-08
1.627907691533918492e+06 3.991769532789786158e-08
1.648451727174634580e+06 3.911564464490077998e-08
1.669255026540459134e+06 3.832970963609644125e-08
1.690320861514311749e+06 3.755957367489203589e-08
1.711652545269954717e+06 3.680910772639582156e-08
1.733253432793059386e+06 3.607863319128558330e-08
1.755126921408908209e+06 3.536854753486712886e-08
1.777276451316692634e+06 3.467931985305654412e-08
1.799705506130579626e+06 3.401148367012994191e-08
1.822417613427609904e+06 3.336562789708701528e-08
1.845416345302499598e+06 3.274238395270840317e-08
1.868705318929453613e+06 3.214241023040426017e-08
1.892288197131060762e+06 3.156637408970280710e-08
1.916168688954373822e+06 3.101493278897717169e-08
1.940350550254265778e+06 3.048871187211085297e-08
1.964837584284111159e+06 2.998828311803144499e-08
1.989633642293986632e+06 2.951414297987957742e-08
2.014742624136376893e+06 2.906669184715495532e-08
2.040168478879495990e+06 2.864621452338227943e-08
2.065915205428439425e+06 2.825286303348404052e-08
2.091986853154085809e+06 2.788664339739083973e-08
2.118387522529980168e+06 2.754740508503886056e-08
2.145121365777242463e+06 2.723483455424631982e-08
2.172192587517617270e+06 2.694845299177669277e-08
