8.417551191170581149e+00 2.006939154850418848e-04
8.509458600702833664e+00 2.305326817009321211e-04
8.602528653703052086e+00 2.665079456928314732e-04
8.696776057797546144e+00 3.099962069980943292e-04
8.792215706666420161e+00 3.625711576059069581e-04
8.888862682397284942e+00 4.260484584481939556e-04
8.986732257868519369e+00 5.024950148844135184e-04
9.085839899162889921e+00 5.961715100724720474e-04
9.186201268011576104e+00 7.105873099911884719e-04
9.287832224269179093e+00 8.487672801102191453e-04
9.390748828420003136e+00 1.015296511278059553e-03
9.494967344116030716e+00 1.215481177720876670e-03
9.600504240747108398e+00 1.455195760930774393e-03
9.707376196043444594e+00 1.740818126816176363e-03
9.815600098711239951e+00 2.086345967745721966e-03
9.925193051101517838e+00 2.498636619277607752e-03
1.003617237191280687e+01 2.985936921624821397e-03
1.014855559892790993e+01 3.556330313911016880e-03
1.026236049178546850e+01 4.224190109781251860e-03
1.037760503478632401e+01 5.006581232284555705e-03
1.049430743973564795e+01 5.916764502763278630e-03
1.061248614882085128e+01 6.970478911501671454e-03
1.073215983752598213e+01 8.187996238924416179e-03
1.085334741758294896e+01 9.573713349764954167e-03
1.097606803996008829e+01 1.114054102009316184e-02
1.110034109788861478e+01 1.290305949220426837e-02
1.122618622992716730e+01 1.487677302829600035e-02
1.135362332306531918e+01 1.706896547571683243e-02
1.148267251586624305e+01 1.948150784255085061e-02
1.161335420164919441e+01 2.213877922116917404e-02
1.174568903171215339e+01 2.507806630346415266e-02
1.187969791859531909e+01 2.829887949071785772e-02
1.201540203938595575e+01 3.181038548162899715e-02
1.215282283906479499e+01 3.562040701866354270e-02
1.229198203389504584e+01 3.973870442620790200e-02
1.243290161485412426e+01 4.417876231774506279e-02
1.257560385110884482e+01 4.895204263360258823e-02
1.272011129353451331e+01 5.405950336643210175e-02
1.286644677827871064e+01 5.951465960979531594e-02
1.301463343036987119e+01 6.533910801215478403e-02
1.316469466737176575e+01 7.152198075382247555e-02
1.331665420308410930e+01 7.807304084123725674e-02
1.347053605128997766e+01 8.499787661931393346e-02
1.362636452955065991e+01 9.230640699780405523e-02
1.378416426304846532e+01 9.999559283069563154e-02
1.394396018847828778e+01 1.080491731623214879e-01
1.410577755798813193e+01 1.164583924965556377e-01
1.426964194316974321e+01 1.252502000988833519e-01
1.443557923909962071e+01 1.344515758594081456e-01
1.460361566843111092e+01 1.440405929458555279e-01
1.477377778553834808e+01 1.539582270388062391e-01
1.494609248071251884e+01 1.641962066603171178e-01
1.512058698441139448e+01 1.747851682605700285e-01
1.529728887156231565e+01 1.857405958327210949e-01
1.547622606591990646e+01 1.970284914027567447e-01
1.565742684447876165e+01 2.085736920604676636e-01
1.584091984194200187e+01 2.203219742547373738e-01
1.602673405524631534e+01 2.322604746520160468e-01
1.621489884814427285e+01 2.443818359067667090e-01
1.640544395584471360e+01 2.567811490685355524e-01
1.659839948971153945e+01 2.695408540099764605e-01
1.679379594202226755e+01 2.825493787844085558e-01
1.699166419078661505e+01 2.956527882592900891e-01
1.719203550462608021e+01 3.087704515030873509e-01
1.739494154771519163e+01 3.218829368473574148e-01
1.760041438478546638e+01 3.350402441082658278e-01
1.780848648619232222e+01 3.483063488982388045e-01
1.801919073304641827e+01 3.616530635322013909e-01
1.823256042240970842e+01 3.750091206893664264e-01
1.844862927255736196e+01 3.883928632520245450e-01
1.866743142830609159e+01 4.018131220800810199e-01
1.888900146641001143e+01 4.151454177220769148e-01
1.911337440102482077e+01 4.282589782466972306e-01
1.934058568924078259e+01 4.411183376304234072e-01
1.957067123668608843e+01 4.538612110799417065e-01
1.980366740320087615e+01 4.665523236111837613e-01
2.003961100858309408e+01 4.791622366856566617e-01
2.027853933840703604e+01 4.916758777924709056e-01
2.052049014991546017e+01 5.040384049833195323e-01
2.076550167798639990e+01 5.161787702412938827e-01
2.101361264117512562e+01 5.281157038682933180e-01
2.126486224783286971e+01 5.399018142429943268e-01
2.151929020230279477e+01 5.515299367812247500e-01
2.177693671119437724e+01 5.629576147154717880e-01
2.203784248973714810e+01 5.741254016407020266e-01
2.230204876821477811e+01 5.849967995387084230e-01
2.256959729848075469e+01 5.956206959854261074e-01
2.284053036055611230e+01 6.060455191391924679e-01
2.311489076931092512e+01 6.162477512008203151e-01
2.339272188123028329e+01 6.262413077132740202e-01
2.367406760126573317e+01 6.360441368480924673e-01
2.395897238977348209e+01 6.456574212350338904e-01
2.424748126954046512e+01 6.550791678838441268e-01
2.453963983289901307e+01 6.642578457925736313e-01
2.483549424893177360e+01 6.731335739539525687e-01
2.513509127076771321e+01 6.817369490394755704e-01
2.543847824297037263e+01 6.901237857497779515e-01
2.574570310901959402e+01 6.982760292438020544e-01
2.605681441888795291e+01 7.061623981890425839e-01
2.637186133671291088e+01 7.138237618916538629e-01
2.669089364856629487e+01 7.213212588660617985e-01
2.701396177032155776e+01 7.286450599612006584e-01
2.734111675562111543e+01 7.357438532031271849e-01
2.767241030394412959e+01 7.425797719345175185e-01
2.800789476877642059e+01 7.491316056084544872e-01
2.834762316588394881e+01 7.554209510467130295e-01
2.869164918169044753e+01 7.614989818169077829e-01
2.904002718176160514e+01 7.673865188404941362e-01
2.939281221939619826e+01 7.730691294065918928e-01
2.975006004432605167e+01 7.784895974100708438e-01
3.011182711152610025e+01 7.836671912172098464e-01
3.047817059013571139e+01 7.886798312307492509e-01
3.084914837249297292e+01 7.935235518133652022e-01
3.122481908328354905e+01 7.981162385724727137e-01
3.160524208880455177e+01 8.024489606390217133e-01
3.199047750634634113e+01 8.065920522069615073e-01
3.238058621369268053e+01 8.105703068577633230e-01
3.277562985874102708e+01 8.143365889031326521e-01
3.317567086924454856e+01 8.178518175366823462e-01
3.358077246267774996e+01 8.211151812196989530e-01
3.399099865622603289e+01 8.241381085054423350e-01
3.440641427690263043e+01 8.269360151066117437e-01
3.482708497179282148e+01 8.295285569135824044e-01
3.525307721842808917e+01 8.319210878261724673e-01
3.568445833529127498e+01 8.340945526516619912e-01
3.612129649245490981e+01 8.360192410883714453e-01
3.656366072235374531e+01 8.376786010960288742e-01
3.701162093069412862e+01 8.390862505105398661e-01
3.746524790750061129e+01 8.402660285276863927e-01
3.792461333830293313e+01 8.412069192732695155e-01
3.838978981546433289e+01 8.418772290147962245e-01
3.886085084965292680e+01 8.422640921433359740e-01
3.935148838439068442e+01 8.423665530994294270e-01
3.984589988607262967e+01 8.421670015206506044e-01
4.034655081266154042e+01 8.416536724118970358e-01
4.085351990509099807e+01 8.408058984696803462e-01
4.136688689799719754e+01 8.396093031270508433e-01
4.188673253225994131e+01 8.380649481283064528e-01
4.241313856770106128e+01 8.361874705777402328e-01
4.294618779594309643e+01 8.339838058263026044e-01
4.348596405343104720e+01 8.314378045612189627e-01
4.403255223461764700e+01 8.285233716348812116e-01
4.458603830531513523e+01 8.252090679764774173e-01
4.514650931621609686e+01 8.214814998008213021e-01
4.571405341658441301e+01 8.173474399954597791e-01
4.628875986811882370e+01 8.128212070067500905e-01
4.687071905899220070e+01 8.079051953321542134e-01
4.746002251806731920e+01 8.025950463352587994e-01
4.805676292929231863e+01 7.968891565606708305e-01
4.866103414627743007e+01 7.907912715909711787e-01
4.927293120705659391e+01 7.843028955018371828e-01
4.989255034903452213e+01 7.774238489242543126e-01
5.051998902412213965e+01 7.701595672965599881e-01
5.115534591406445486e+01 7.625216880358043348e-01
5.179872094596021270e+01 7.545253256644024464e-01
5.245021530797862397e+01 7.461855731891393617e-01
5.310993146527329145e+01 7.375166410917179949e-01
5.377797317609859817e+01 7.285328181076213827e-01
5.445444550812744211e+01 7.192505629121344057e-01
5.513945485497686150e+01 7.096886894733477336e-01
5.583310895294088994e+01 6.998693267710277555e-01
5.653551689793515322e+01 6.898173138911321001e-01
5.724678916265474271e+01 6.795574461152583678e-01
5.796703761394971366e+01 6.691133379695128891e-01
5.869637553041891209e+01 6.585090682223877501e-01
5.943491762022563307e+01 6.477682509327009619e-01
6.018278003913940211e+01 6.369146541032008058e-01
6.094008040880406440e+01 6.259714531757653022e-01
6.170693783523724107e+01 6.149619329701417891e-01
6.248347292756258042e+01 6.039095453054862395e-01
6.326980781697943712e+01 5.928375199990103539e-01
6.406606617597094555e+01 5.817680646993089733e-01
6.487237323775454456e+01 5.707219545828570162e-01
6.568885581597912449e+01 5.597191256686510075e-01
6.651564232466930093e+01 5.487782039934172573e-01
6.735286279842186730e+01 5.379162381562740958e-01
6.820064891285788633e+01 5.271472916217498916e-01
6.905913400533201241e+01 5.164840525804793581e-01
6.992845309590271086e+01 5.059390343549157176e-01
7.080874290856900188e+01 4.955232409691531781e-01
7.170014189277317485e+01 4.852470626552126687e-01
7.260279024517618041e+01 4.751203533875247298e-01
7.351682993170670954e+01 4.651517297261308359e-01
7.444240470988995639e+01 4.553475243458234845e-01
7.537966015145724441e+01 4.457137327056872045e-01
7.632874366524036702e+01 4.362549373325742552e-01
7.728980452035659710e+01 4.269749113591032041e-01
7.826299386968508998e+01 4.178767461753941093e-01
7.924846477363887232e+01 4.089620325457079542e-01
8.024637222423915262e+01 4.002312610242058644e-01
8.125687316949118610e+01 3.916845414321465380e-01
8.228012653806827359e+01 3.833213061208045613e-01
8.331629326430861227e+01 3.751414869539522190e-01
8.436553631352576588e+01 3.671436956053029665e-01
8.542802070763997335e+01 3.593266086576639706e-01
8.650391355113139014e+01 3.516883602066615544e-01
8.759338405732293609e+01 3.442267333691081399e-01
8.869660357499311942e+01 3.369390832586249274e-01
8.981374561532490475e+01 3.298224553238118251e-01
9.094498587919588317e+01 3.228731858722276860e-01
9.209050228481142142e+01 3.160879903082677855e-01
9.325047499568746900e+01 3.094630124834585327e-01
9.442508644898539671e+01 3.029945011519225018e-01
9.561452138420654023e+01 2.966784169925574810e-01
9.681896687224589471e+01 2.905113428845148560e-01
9.803861234481553311e+01 2.844893431677783524e-01
9.927364962423695260e+01 2.786085761475837197e-01
1.005242729536109891e+02 2.728651855033494278e-01
1.017906790273667070e+02 2.672555463453994418e-01
1.030730670221983871e+02 2.617757930833002344e-01
1.043716386283906843e+02 2.564222476837285103e-01
1.056865980815393868e+02 2.511907383221380075e-01
1.070181521946741583e+02 2.460778320591382740e-01
1.083665103907847254e+02 2.410797961344544327e-01
1.097318847357587828e+02 2.361933441140826317e-01
1.111144899717340593e+02 2.314151186206522826e-01
1.125145435508741372e+02 2.267417481208633401e-01
1.139322656695666183e+02 2.221704035218369511e-01
1.153678793030568528e+02 2.176981235438439632e-01
1.168216102405157670e+02 2.133219560043817797e-01
1.182936871205515388e+02 2.090391316169558922e-01
1.197843414671695257e+02 2.048469604608039452e-01
1.212938077261848093e+02 2.007428725660504731e-01
1.228223233020966347e+02 1.967243366879805055e-01
1.243701285954249443e+02 1.927889254318751744e-01
1.259374670405214687e+02 1.889343480988017743e-01
1.275245851438555036e+02 1.851584257823352953e-01
1.291317325227842332e+02 1.814590801753331595e-01
1.307591619448106712e+02 1.778341517223949175e-01
1.324071293673398486e+02 1.742818910770006502e-01
1.340758939779343279e+02 1.708005150593300270e-01
1.357657182350775713e+02 1.673882400381618840e-01
1.374768679094542847e+02 1.640434541349249375e-01
1.392096121257490893e+02 1.607642815213478904e-01
1.409642234049740637e+02 1.575492570637601064e-01
1.427409777073290229e+02 1.543968778310334522e-01
1.445401544756058456e+02 1.513056802415393975e-01
1.463620366791357696e+02 1.482743658929942809e-01
1.482069108582965100e+02 1.453015266336405154e-01
1.500750671695769540e+02 1.423859379670069647e-01
1.519667994312129338e+02 1.395265132259073115e-01
1.538824051693967760e+02 1.367220293470871317e-01
1.558221856650732775e+02 1.339713656528435104e-01
1.577864460013233270e+02 1.312733872104817623e-01
1.597754951113457196e+02 1.286270592097071286e-01
1.617896458270467406e+02 1.260312926121336385e-01
1.638292149282407593e+02 1.234849906049913792e-01
1.658945231924727182e+02 1.209872649865600253e-01
1.679858954454678610e+02 1.185371282801035570e-01
1.701036606122217734e+02 1.161334686642856440e-01
1.722481517687300538e+02 1.137755490999834695e-01
1.744197061943757490e+02 1.114625599685923341e-01
1.766186654249745800e+02 1.091937758035431694e-01
1.788453753064910074e+02 1.069683012143322065e-01
1.811001860494319828e+02 1.047854396563285273e-01
1.833834522839259478e+02 1.026445430842838902e-01
1.856955331155003819e+02 1.005449960411302773e-01
1.880367921815579564e+02 9.848603805509031917e-02
1.904075977085710463e+02 9.646689156059698456e-02
1.928083225699938055e+02 9.448689200476871608e-02
1.952393443449074084e+02 9.254534648815472553e-02
1.977010453774028633e+02 9.064150495444026068e-02
2.001938128367176262e+02 8.877477587219044508e-02
2.027180387781272657e+02 8.694443208928753775e-02
2.052741202046051399e+02 8.514993265920445253e-02
2.078624591292648631e+02 8.339070048464593266e-02
2.104834626385858485e+02 8.166621560686421200e-02
2.131375429564395176e+02 7.997595664372818269e-02
2.158251175089210960e+02 7.831942302536472333e-02
2.185466089900041595e+02 7.669612453913529637e-02
2.213024454280170801e+02 7.510546770927054028e-02
2.240930602529655289e+02 7.354697962271297684e-02
2.269188923646989906e+02 7.202012107253233375e-02
2.297803862019405301e+02 7.052436189688608692e-02
2.326779918121854962e+02 6.905913507653514694e-02
2.356121649224857322e+02 6.762384745916970308e-02
2.385833670111242100e+02 6.621793197253283969e-02
2.415920653801934748e+02 6.484087795290691125e-02
2.446387332290940151e+02 6.349209911110580140e-02
2.477238497289563952e+02 6.217115430278561533e-02
2.508479000980044020e+02 6.087751927060103957e-02
2.540113756778670222e+02 5.961070753103523551e-02
2.572147740108586618e+02 5.837032076933559854e-02
2.604585989182272101e+02 5.715590325217763390e-02
2.637433605793970628e+02 5.596702111731245016e-02
2.670695756122065063e+02 5.480319439162115169e-02
2.704377671541612358e+02 5.366391401202002392e-02
2.738484649447095194e+02 5.254875529904216858e-02
2.773022054085614059e+02 5.145710530446839098e-02
2.807995317400547037e+02 5.038853368181775427e-02
2.843409939885844437e+02 4.934261191734620050e-02
2.879271491451178235e+02 4.831878628021421540e-02
2.915585612297925309e+02 4.731660415066799019e-02
2.952358013806261852e+02 4.633567473622032112e-02
2.989594479433409333e+02 4.537559640547220163e-02
3.027300865623271307e+02 4.443595733421833865e-02
3.065483102727485516e+02 4.351635943748497631e-02
3.104147195938165282e+02 4.261643814815070652e-02
3.143299226232352339e+02 4.173583325627718693e-02
3.182945351328430661e+02 4.087413256633105202e-02
3.223091806654591664e+02 4.003095322338032919e-02
3.263744906329503124e+02 3.920589526670507918e-02
3.304911044155422246e+02 3.839861462843736223e-02
3.346596694623742110e+02 3.760866340781440775e-02
3.388808413933318775e+02 3.683569395620651943e-02
3.431552841021598397e+02 3.607933038370209761e-02
3.474836698608773418e+02 3.533919903967861625e-02
3.518666794255089485e+02 3.461498482237180402e-02
3.563050021431556047e+02 3.390634271749655426e-02
3.607993360604119744e+02 3.321294928173024880e-02
3.653503880331498408e+02 3.253449912356404933e-02
3.699588738376958759e+02 3.187068984029461233e-02
3.746255182834029256e+02 3.122119413752551254e-02
3.793510553266484067e+02 3.058570258459866742e-02
3.841362281862648160e+02 2.996386285444972014e-02
3.889817894604372555e+02 2.935538774177508248e-02
3.938885012450629119e+02 2.876001790148603743e-02
3.988571352536176278e+02 2.817742573424097258e-02
4.038884729385252399e+02 2.760731039242965423e-02
4.089833056140635108e+02 2.704942643055717466e-02
4.141424345808166549e+02 2.650347028687213141e-02
4.193666712517065207e+02 2.596917877940772140e-02
4.246568372796073731e+02 2.544625407232667738e-02
4.300137646865692886e+02 2.493442851978248942e-02
4.354382959946826759e+02 2.443345211224750430e-02
4.409312843585827864e+02 2.394305851908279381e-02
4.464935936996353689e+02 2.346299376083534755e-02
4.521260988418054012e+02 2.299297925281681976e-02
4.578296856492553957e+02 2.253276286645361504e-02
4.636052511656632191e+02 2.208215038628567536e-02
4.694537037553132564e+02 2.164086509823437421e-02
4.753759632459572799e+02 2.120867049086798406e-02
4.813729610734841913e+02 2.078535154725828088e-02
4.874456404284133555e+02 2.037068634062504102e-02
4.935949564042336988e+02 1.996444288302996056e-02
4.998218761476248915e+02 1.956641799219492606e-02
5.061273790105586841e+02 1.917640502424539789e-02
5.125124567043372963e+02 1.879417476870967260e-02
5.189781134555605604e+02 1.841952395612429100e-02
5.255253661640717837e+02 1.805227328015159005e-02
5.321552445628881287e+02 1.769225797674718950e-02
5.388687913801592231e+02 1.733928643057743718e-02
5.456670625031631516e+02 1.699319423436207455e-02
5.525511271443685928e+02 1.665382388351504400e-02
5.595220680096047090e+02 1.632102602446661166e-02
5.665809814683416334e+02 1.599466532641334593e-02
5.737289777261257768e+02 1.567459595121860338e-02
5.809671809991865530e+02 1.536069562871295209e-02
5.882967296912564734e+02 1.505281542050939357e-02
5.957187765726080215e+02 1.475084735028670338e-02
6.032344889613648320e+02 1.445467993073559256e-02
6.108450489070909271e+02 1.416420019436719427e-02
6.185516533767010969e+02 1.387930827833015399e-02
6.263555144427122059e+02 1.359990645200269063e-02
6.342578594738826041e+02 1.332591039166693136e-02
6.422599313282428284e+02 1.305723435071065586e-02
6.503629885485686373e+02 1.279378159096312279e-02
6.585683055603249159e+02 1.253545095493549533e-02
6.668771728721017098e+02 1.228216928300998254e-02
6.752908972785821788e+02 1.203385277040230732e-02
6.838108020660669126e+02 1.179042233411411317e-02
6.924382272206055404e+02 1.155179829934457891e-02
7.011745296387362032e+02 1.131790234938412701e-02
7.100210833409021234e+02 1.108866553401465470e-02
7.189792796875503882e+02 1.086400586657162298e-02
7.280505275979600128e+02 1.064384756221537116e-02
7.372362537718365729e+02 1.042811566116469760e-02
7.465379029136893223e+02 1.021674310538227097e-02
7.559569379600650336e+02 1.000965225430318871e-02
7.654948403096244647e+02 9.806762205501378185e-03
7.751531100561346648e+02 9.607990474085987762e-03
7.849332662243991763e+02 9.413265789198540373e-03
7.948368470091683093e+02 9.222509127779807830e-03
8.048654100170575703e+02 9.035645661678616547e-03
8.150205325115314281e+02 8.852595203714650612e-03
8.253038116609533290e+02 8.673283455372013048e-03
8.357168647898072322e+02 8.497632954712577846e-03
8.462613296330500816e+02 8.325575689616528802e-03
8.569388645936943476e+02 8.157043344332641499e-03
8.677511490036403075e+02 7.991960697881710096e-03
8.786998833877826200e+02 7.830255034499775807e-03
8.897867897314845322e+02 7.671856060003380204e-03
9.010136117513928866e+02 7.516697732892966069e-03
9.123821151696878360e+02 7.364708781560860493e-03
9.238940879917934126e+02 7.215821641291621236e-03
9.355513407875846497e+02 7.069973603941825599e-03
9.473557069761534422e+02 6.927096069590144185e-03
9.593090431141662293e+02 6.787126578510062867e-03
9.714132291878398746e+02 6.650004967932925809e-03
9.836701689086467013e+02 6.515672581738086652e-03
9.960817900127080975e+02 6.384069905424960729e-03
1.008650044563986739e+03 6.255139805013403866e-03
1.021376909261307333e+03 6.128827101524379067e-03
1.034264385749226449e+03 6.005074083182633526e-03
1.047314500932873898e+03 5.883828300196887115e-03
1.060529307296719935e+03 5.765038228366661625e-03
1.073910883227387330e+03 5.648653111960022857e-03
1.087461333340537067e+03 5.534623633429329621e-03
1.101182788811873024e+03 5.422902573419109348e-03
1.115077407712328522e+03 5.313443397411145817e-03
1.129147375347487468e+03 5.206197810929479031e-03
1.143394904601261032e+03 5.101119386146163101e-03
1.157822236283955817e+03 4.998164326963723710e-03
1.172431639484678499e+03 4.897290776216607806e-03
1.187225411928220865e+03 4.798456154330400444e-03
1.202205880336442078e+03 4.701618561076780813e-03
1.217375400794188181e+03 4.606736837602122374e-03
1.232736359119881399e+03 4.513769970593911607e-03
1.248291171240735594e+03 4.422679292334885139e-03
1.264042283572729275e+03 4.333426939463865674e-03
1.279992173405372114e+03 4.245975844791704396e-03
1.296143349291325649e+03 4.160289631509037078e-03
1.312498351440941633e+03 4.076332677634611837e-03
1.329059752121777592e+03 3.994070083784609197e-03
1.345830156063164850e+03 3.913467691239035963e-03
1.362812200865843579e+03 3.834491959647783749e-03
1.380008557416838585e+03 3.757110062528596153e-03
1.397421930309500794e+03 3.681289848603420088e-03
1.415055058268886114e+03 3.606999804453966604e-03
1.432910714582497576e+03 3.534209031662562291e-03
1.450991707536442391e+03 3.462887272502922133e-03
1.469300880857136235e+03 3.393004907535781146e-03
1.487841114158544542e+03 3.324532863835325154e-03
1.506615323395074711e+03 3.257442676909745854e-03
1.525626461320199041e+03 3.191706459610828880e-03
1.544877517950847277e+03 3.127296911883464901e-03
1.564371521037671073e+03 3.064187232651885071e-03
1.584111536541249734e+03 3.002351189505381764e-03
1.604100669114262018e+03 2.941763091363643230e-03
1.624342062589822717e+03 2.882397752405704665e-03
1.644838900475906257e+03 2.824230482766021660e-03
1.665594406456047409e+03 2.767237102885686598e-03
1.686611844896360708e+03 2.711393944905413772e-03
1.707894521358919064e+03 2.656677773533106576e-03
1.729445783121688464e+03 2.603065843873548623e-03
1.751269019704949869e+03 2.550535872309962586e-03
1.773367663404399764e+03 2.499066040540034311e-03
1.795745189830968002e+03 2.448634932865349518e-03
1.818405118457459594e+03 2.399221586567347637e-03
1.841351013172080229e+03 2.350805472919303193e-03
1.864586482838965367e+03 2.303366463370264301e-03
1.888115181865741306e+03 2.256884829292145171e-03
1.911940810778324021e+03 2.211341248497623001e-03
1.936067116802898227e+03 2.166716809009234558e-03
1.960497894455277219e+03 2.122992941180397268e-03
1.985236986137703525e+03 2.080151470596929182e-03
2.010288282743132868e+03 2.038174591383820622e-03
2.035655724267238384e+03 1.997044866422435002e-03
2.061343300428043221e+03 1.956745183408795715e-03
2.087355051293425731e+03 1.917258790854202031e-03
2.113695067916523840e+03 1.878569285200483094e-03
2.140367492979168674e+03 1.840660579797497162e-03
2.167376521443430647e+03 1.803516910455294072e-03
2.194726401211401935e+03 1.767122836687225239e-03
2.222421433793258075e+03 1.731463246444125449e-03
2.250465974983837441e+03 1.696523299859756294e-03
2.278864435547679932e+03 1.662288474177181508e-03
2.307621281912739505e+03 1.628744541588019552e-03
2.336741036872866061e+03 1.595877566487141370e-03
2.366228280299098969e+03 1.563673875302808332e-03
2.396087649860029615e+03 1.532120081855542623e-03
2.426323841751166128e+03 1.501203078896531885e-03
2.456941611433546768e+03 1.470910010112331297e-03
2.487945774381661977e+03 1.441228279172591421e-03
2.519341206840821542e+03 1.412145547546081459e-03
2.551132846594076454e+03 1.383649739333124270e-03
2.583325693738825521e+03 1.355728996095596252e-03
2.615924811473179034e+03 1.328371712673216297e-03
2.648935326892345074e+03 1.301566520371016770e-03
2.682362431794962959e+03 1.275302282012012343e-03
2.716211383499661224e+03 1.249568071789700866e-03
2.750487505671932013e+03 1.224353192800632520e-03
2.785196189161370512e+03 1.199647171753328656e-03
2.820342892849600048e+03 1.175439734028785798e-03
2.855933144508789610e+03 1.151720814605285310e-03
2.891972541671050749e+03 1.128480553767173458e-03
2.928466752508803893e+03 1.105709301807889953e-03
2.965421516726256414e+03 1.083397582760335914e-03
3.002842646462116591e+03 1.061536122950406443e-03
3.040736027203732647e+03 1.040115838280030553e-03
3.079107618712691419e+03 1.019127828067771134e-03
3.117963455962224089e+03 9.985633621228170304e-04
3.157309650086326201e+03 9.784138925664177203e-04
3.197152389340905302e+03 9.586710507824877225e-04
3.237497940077068506e+03 9.393266254303598304e-04
3.278352647726623672e+03 9.203725741353118057e-04
3.319722937800147065e+03 9.018010180193373592e-04
3.361615316897520188e+03 8.836042461340310903e-04
3.404036373731278218e+03 8.657746863375583284e-04
3.446992780162865984e+03 8.483049280581136768e-04
3.490491292251970663e+03 8.311877127069708555e-04
3.534538751319089442e+03 8.144159269891890511e-04
3.579142085021522689e+03 7.979825951174117620e-04
3.624308308442938596e+03 7.818808865045250500e-04
3.670044525196633458e+03 7.661041142716267568e-04
3.716357928542861828e+03 7.506457160288441607e-04
3.763255802520092857e+03 7.354992655893975067e-04
3.810745523090658935e+03 7.206584671610116949e-04
3.858834559300836190e+03 7.061171586803178298e-04
3.907530474455482818e+03 6.918692894997192401e-04
3.956840927307669517e+03 6.779089378520170364e-04
4.006773673263182445e+03 6.642303038137319050e-04
4.057336565600253834e+03 6.508277025437859313e-04
4.108537556704737653e+03 6.376955600990353744e-04
4.160384699320806249e+03 6.248284181761432510e-04
4.212886147817489473e+03 6.122209336765246750e-04
4.266050159471170446e+03 5.998678620268146433e-04
4.319885095764203470e+03 5.877640684403548973e-04
4.374399423700087937e+03 5.759045223030098909e-04
4.429601717135057697e+03 5.642842989864498221e-04
4.485500658126579765e+03 5.528985637661258147e-04
4.542105038298864201e+03 5.417425845714085369e-04
4.599423760225497062e+03 5.308117270123029630e-04
4.657465838829727545e+03 5.201014478421518445e-04
4.716240402802247445e+03 5.096072932463320852e-04
4.775756696036924950e+03 4.993249015054696590e-04
4.836024079084674668e+03 4.892500032547225479e-04
4.897052030625648513e+03 4.793784070962791894e-04
4.958850148960006663e+03 4.697060101214336038e-04
5.021428153517559622e+03 4.602287926450186577e-04
5.084795886386296843e+03 4.509428189725895805e-04
5.148963313860465860e+03 4.418442259499609916e-04
5.213940528007959983e+03 4.329292321858121636e-04
5.279737748257564817e+03 4.241941345980480100e-04
5.346365323006309154e+03 4.156353022810757407e-04
5.413833731246892057e+03 4.072491764462647613e-04
5.482153584215960109e+03 3.990322716478661587e-04
5.551335627062904678e+03 3.909811764766118504e-04
5.621390740539850412e+03 3.830925412141540295e-04
5.692329942712956836e+03 3.753630874615597815e-04
5.764164390695297698e+03 3.677896033071074359e-04
5.836905382401630050e+03 3.603689433932227154e-04
5.910564358325314060e+03 3.530980208884810893e-04
5.985152903337550015e+03 3.459738140834399444e-04
6.060682748509550038e+03 3.389933640478267132e-04
6.137165772957482659e+03 3.321537690017665242e-04
6.214614005710795027e+03 3.254521853161370022e-04
6.293039627604149246e+03 3.188858277692323707e-04
6.372454973193061960e+03 3.124519704210633247e-04
6.452872532694022993e+03 3.061479363617680650e-04
6.534304953948807452e+03 2.999711059184887742e-04
6.616765044413720716e+03 2.939189126220252603e-04
6.700265773173910020e+03 2.879888427355324350e-04
6.784820272983122777e+03 2.821784297382640789e-04
6.870441842329169958e+03 2.764852589762765468e-04
6.957143947525511066e+03 2.709069661243775052e-04
7.044940224829080762e+03 2.654412321048599038e-04
7.133844482585132027e+03 2.600857847265359906e-04
7.223870703398863043e+03 2.548383983106617583e-04
7.315033046334578103e+03 2.496968945817964873e-04
7.407345849142628140e+03 2.446591344356706475e-04
7.500823630514278193e+03 2.397230244822683262e-04
7.595481092365348559e+03 2.348865139855857149e-04
7.691333122148384973e+03 2.301475939867291508e-04
7.788394795194123617e+03 2.255042936160158470e-04
7.886681377082499239e+03 2.209546833126219112e-04
7.986208326043587476e+03 2.164968738631849611e-04
8.086991295388801518e+03 2.121290118740275872e-04
8.189046135972873344e+03 2.078492817536420866e-04
8.292388898686644097e+03 2.036559049497456604e-04
8.397035836981769535e+03 1.995471408150609790e-04
8.503003409426817598e+03 1.955212799970716035e-04
8.610308282295893150e+03 1.915766496544553908e-04
8.718967332189891749e+03 1.877116111420679882e-04
8.828997648690656206e+03 1.839245589094615956e-04
8.940416537048991813e+03 1.802139181307985517e-04
9.053241520906247388e+03 1.765781468797222951e-04
9.167490345050413453e+03 1.730157355755401988e-04
9.283180978206972213e+03 1.695252029906628671e-04
9.400331615864970445e+03 1.661050983737926692e-04
9.518960683138748209e+03 1.627540004684875608e-04
9.639086837665798157e+03 1.594705183282930905e-04
9.760728972541204712e+03 1.562532860089215934e-04
9.883906219288965076e+03 1.531009667269664983e-04
1.000863795087114886e+04 1.500122511144409948e-04
1.013494378473467259e+04 1.469858560175581370e-04
1.026284358589674594e+04 1.440205230649743023e-04
1.039235747006916245e+04 1.411150200869105216e-04
1.052350580682192958e+04 1.382681408443946170e-04
1.065630922278718026e+04 1.354787015388317665e-04
1.079078860490305851e+04 1.327455429404778725e-04
1.092696510369885254e+04 1.300675293399139562e-04
1.106486013662146070e+04 1.274435491701948124e-04
1.120449539140387060e+04 1.248725109280291530e-04
1.134589282947614083e+04 1.223533463724898118e-04
1.148907468941948355e+04 1.198850092418382194e-04
1.163406349046369905e+04 1.174665055568594406e-04
1.178088203602920476e+04 1.150967996458363875e-04
1.192955341731331646e+04 1.127749041131310699e-04
1.208010101692199896e+04 1.104998551463283967e-04
1.223254851254748064e+04 1.082707066906457452e-04
1.238691988069201216e+04 1.060865324952956607e-04
1.254323940043909170e+04 1.039464250988092323e-04
1.270153165727185296e+04 1.018494961711371424e-04
1.286182154693981465e+04 9.979487357298139527e-05
1.302413427937443157e+04 9.778170369204337441e-05
1.318849538265402953e+04 9.580915053589793263e-05
1.335493070701879697e+04 9.387639455341520163e-05
1.352346642893648277e+04 9.198263231315349829e-05
1.369412905521913490e+04 9.012707700072621574e-05
1.386694542719235506e+04 8.830895846596623056e-05
1.404194272491660195e+04 8.652752061037426189e-05
1.421914847146203465e+04 8.478202329883274130e-05
1.439859053723734542e+04 8.307174140729278234e-05
1.458029714437286202e+04 8.139596497178433867e-05
1.476429687115965862e+04 7.975399709398751534e-05
1.495061865654395842e+04 7.814515563184034632e-05
1.513929180467867991e+04 7.656877256944404964e-05
1.533034598953229761e+04 7.502419291014638574e-05
1.552381125955585594e+04 7.351077465732852427e-05
1.571971804240892925e+04 7.202788904776404413e-05
1.591809714974525195e+04 7.057492067756873471e-05
1.611897978205842628e+04 6.915126526067645022e-05
1.632239753358942653e+04 6.775633137801786022e-05
1.652838239729541601e+04 6.638953960313610379e-05
1.673696676988155014e+04 6.505032252162519274e-05
1.694818345689628404e+04 6.373812326214055789e-05
1.716206567789073233e+04 6.245239670611099940e-05
1.737864707164367792e+04 6.119260906017410032e-05
1.759796170145195356e+04 5.995823683932503193e-05
1.782004406048787496e+04 5.874876704210112762e-05
1.804492907722421296e+04 5.756369720555679445e-05
1.827265212092766160e+04 5.640253556471522256e-05
1.850324900722163511e+04 5.526479918828679504e-05
1.873675600371924884e+04 5.415001547447341598e-05
1.897320983572716796e+04 5.305772141751248321e-05
1.921264769202206298e+04 5.198746352846481328e-05
1.945510723069925007e+04 5.093879682532331322e-05
1.970062658509554240e+04 4.991128568652385952e-05
1.994924436978681842e+04 4.890450357013098598e-05
2.020099968666090354e+04 4.791803209525536539e-05
2.045593213106785697e+04 4.695146133472439431e-05
2.071408179804712927e+04 4.600438975364120134e-05
2.097548928863365654e+04 4.507642437168196030e-05
2.124019571624346645e+04 4.416717926633875171e-05
2.150824271313985810e+04 4.327627676515849730e-05
2.177967243698129096e+04 4.240334688944675352e-05
2.205452757745171039e+04 4.154802719973740594e-05
2.233285136297481949e+04 4.070996212016068775e-05
2.261468756751253022e+04 3.988880352981630131e-05
2.290008051745016564e+04 3.908421058712661499e-05
2.318907509856760589e+04 3.829584891085037273e-05
2.348171676309898976e+04 3.752339093629973691e-05
2.377805153688093196e+04 3.676651578180052302e-05
2.407812602659190088e+04 3.602490940634038618e-05
2.438198742708200734e+04 3.529826340788350407e-05
2.468968352879574741e+04 3.458627597365231398e-05
2.500126272528838672e+04 3.388865145946026822e-05
2.531677402083712877e+04 3.320510019313645288e-05
2.563626703814834400e+04 3.253533803988364133e-05
2.595979202616218754e+04 3.187908680219833407e-05
2.628739986795555160e+04 3.123607411857606049e-05
2.661914208874454198e+04 3.060603274099047235e-05
2.695507086398876345e+04 2.998870091758108785e-05
2.729523902759690827e+04 2.938382221827380564e-05
2.763970008023647461e+04 2.879114568316365540e-05
2.798850819774822230e+04 2.821042485773126048e-05
2.834171823966646480e+04 2.764141855027364491e-05
2.869938575784775821e+04 2.708389051485933705e-05
2.906156700520760569e+04 2.653760923569174510e-05
2.942831894456777445e+04 2.600234766411539146e-05
2.979969925761533159e+04 2.547788347998776275e-05
3.017576635397452628e+04 2.496399904203352969e-05
3.055657938039352302e+04 2.446048075593624713e-05
3.094219823004660066e+04 2.396711945869817168e-05
3.133268355195380354e+04 2.348371023078819824e-05
3.172809676052024224e+04 2.301005251088631667e-05
3.212850004519469439e+04 2.254594935246978044e-05
3.253395638025071821e+04 2.209120800766720813e-05
3.294452953469118074e+04 2.164563969396518113e-05
3.336028408227717591e+04 2.120905937498478015e-05
3.378128541168470838e+04 2.078128561788433396e-05
3.420759973678841197e+04 2.036214075558923081e-05
3.463929410707551142e+04 1.995145087219659888e-05
3.507643641819126060e+04 1.954904525431549816e-05
3.551909542261729803e+04 1.915475676115448031e-05
3.596734074048489856e+04 1.876842164214286915e-05
3.642124287052472937e+04 1.838987960040503464e-05
3.688087320115411421e+04 1.801897325676028169e-05
3.734630402170569869e+04 1.765554857619571608e-05
3.781760853379629407e+04 1.729945470299815245e-05
3.829486086283995246e+04 1.695054374799361045e-05
3.877813606970643013e+04 1.660867072872789990e-05
3.926751016252580303e+04 1.627369366174330478e-05
3.976306010864384007e+04 1.594547357101271058e-05
4.026486384672651911e+04 1.562387401447339443e-05
4.077300029901821836e+04 1.530876143022151683e-05
4.128754938375430356e+04 1.500000496490875895e-05
4.180859202773047582e+04 1.469747650185871913e-05
4.233621017903073516e+04 1.440105027926605285e-05
4.287048681991601188e+04 1.411060319888145044e-05
4.341150597987481888e+04 1.382601471153033660e-05
4.395935274884011596e+04 1.354716661699091811e-05
4.451411329057130934e+04 1.327394305956021542e-05
4.507587485620607185e+04 1.300623057185813260e-05
4.564472579798311199e+04 1.274391809767248484e-05
4.622075558313718648e+04 1.248689658552971200e-05
4.680405480797138443e+04 1.223505930578123717e-05
4.739471521210514038e+04 1.198830169274404375e-05
4.799282969290290930e+04 1.174652134905491605e-05
4.859849232008482795e+04 1.150961777784020194e-05
4.921179835052174167e+04 1.127749260366214977e-05
4.983284424321684492e+04 1.105004949486380531e-05
5.046172767447682418e+04 1.082719397953254035e-05
5.109854755327318708e+04 1.060883347670080103e-05
5.174340403679958399e+04 1.039487730736564225e-05
5.239639854622354324e+04 1.018523672361747244e-05
5.305763378263776394e+04 9.979824569904679696e-06
5.372721374321295298e+04 9.778555555292291261e-06
5.440524373755332635e+04 9.581346120261621026e-06
5.509183040426066873e+04 9.388114423135834722e-06
5.578708172770530655e+04 9.198780155913672450e-06
5.649110705500975746e+04 9.013264700221363610e-06
5.720401711324657663e+04 8.831491076333603381e-06
5.792592402685317938e+04 8.653383776788382308e-06
5.865694133526641963e+04 8.478868819156322377e-06
5.939718401077976159e+04 8.307873735631196056e-06
6.014676847662599175e+04 8.140327602674666592e-06
6.090581262528724619e+04 7.976160769017008698e-06
6.167443583703765762e+04 7.815305072718876152e-06
6.245275899871873116e+04 7.657693740114148830e-06
6.324090452275236021e+04 7.503261358364336424e-06
6.403899636639242817e+04 7.351943752211082483e-06
6.484716005122210481e+04 7.203678092090005611e-06
6.566552268289437052e+04 7.058402862264051139e-06
6.649421297112321190e+04 6.916057712384639849e-06
6.733336124992657278e+04 6.776583521966702070e-06
6.818309949812505511e+04 6.639922376669344505e-06
6.904356136009901820e+04 6.506017597088319529e-06
6.991488216680793266e+04 6.374813520349114221e-06
7.079719895707507385e+04 6.246255673158546201e-06
7.169065049913933035e+04 6.120290695363428274e-06
7.259537731248217460e+04 5.996866304720361583e-06
7.351152168992691441e+04 5.875931217571770945e-06
7.443922772001838894e+04 5.757435222016153133e-06
7.537864130968513200e+04 5.641329159548335346e-06
7.632991020718598156e+04 5.527564794039067071e-06
7.729318402534925553e+04 5.416094881132661531e-06
7.826861426510226738e+04 5.306873136949362071e-06
7.925635433929930150e+04 5.199854265182441134e-06
8.025655959684985282e+04 5.094993781728171059e-06
8.126938734715146711e+04 4.992248152647610480e-06
8.229499688483099453e+04 4.891574736538310337e-06
8.333354951479790907e+04 4.792931745727239356e-06
8.438520857761424850e+04 4.696278198235609140e-06
8.545013947518295026e+04 4.601573965655902948e-06
8.652850969676392560e+04 4.508779764171406225e-06
8.762048884531510703e+04 4.417857039921635580e-06
8.872624866416621080e+04 4.328768038778620908e-06
8.984596306403211202e+04 4.241475772417444686e-06
9.097980815036350396e+04 4.155944039554765576e-06
9.212796225104475161e+04 4.072137290416231888e-06
9.329060594444064191e+04 3.990020733357838018e-06
9.446792208779737120e+04 3.909560292389505742e-06
9.566009584600172821e+04 3.830722567627890099e-06
9.686731472070331802e+04 3.753474809211160795e-06
9.808976857980419300e+04 3.677784947071354367e-06
9.932764968732131820e+04 3.603621588316217795e-06
1.005811527336234722e+05 3.530953917664890970e-06
1.018504748660541518e+05 3.459751764678724788e-06
1.031358157199371635e+05 3.389985570764714587e-06
1.044373774499732390e+05 3.321626401009827746e-06
1.057553647620370466e+05 3.254645846441304810e-06
1.070899849453709903e+05 3.189016101943892590e-06
1.084414479051874659e+05 3.124709936229686496e-06
1.098099661956821947e+05 3.061700653396745137e-06
1.111957550534641050e+05 2.999962081938449040e-06
1.125990324314070458e+05 2.939468591736666745e-06
1.140200190329290053e+05 2.880195095620540219e-06
1.154589383467034495e+05 2.822116963428106402e-06
1.169160166818096768e+05 2.765210084921640413e-06
1.183914832033238345e+05 2.709450838707310020e-06
1.198855699683649582e+05 2.654816097575049637e-06
1.213985119625894586e+05 2.601283158859636034e-06
1.229305471371490275e+05 2.548829800868195380e-06
1.244819164461167820e+05 2.497434262018195954e-06
1.260528638843823574e+05 2.447075204639441357e-06
1.276436365260269667e+05 2.397731714086040748e-06
1.292544845631831122e+05 2.349383306869842816e-06
1.308856613453828322e+05 2.302009934830392115e-06
1.325374234194050077e+05 2.255591911353008644e-06
1.342100305696238065e+05 2.210109969007660859e-06
1.359037458588666923e+05 2.165545230937423877e-06
1.376188356697890849e+05 2.121879211825937634e-06
1.393555697467676655e+05 2.079093769031237600e-06
1.411142212383286678e+05 2.037171143000513501e-06
1.428950667401059764e+05 1.996093943110852881e-06
1.446983863383417483e+05 1.955845114353048353e-06
1.465244636539407657e+05 1.916407942946520559e-06
1.483735858870755183e+05 1.877766058475918120e-06
1.502460438623566588e+05 1.839903439221811286e-06
1.521421320745729317e+05 1.802804350555592018e-06
1.540621487350085808e+05 1.766453394606724481e-06
1.560063958183453942e+05 1.730835485993306735e-06
1.579751791101558774e+05 1.695935849520464749e-06
1.599688082549967221e+05 1.661739986565836754e-06
1.619875968051094678e+05 1.628233703627985676e-06
1.640318622697321989e+05 1.595403103024275685e-06
1.661019261650408152e+05 1.563234552750519788e-06
1.681981140647130378e+05 1.531714696034845278e-06
1.703207556511355506e+05 1.500830449550287779e-06
1.724701847672524163e+05 1.470569008827754445e-06
1.746467394690751680e+05 1.440917798791682753e-06
1.768507620788484928e+05 1.411864513356633591e-06
1.790825992388904851e+05 1.383397097014782542e-06
1.813426019661113387e+05 1.355503739972310912e-06
1.836311257072205481e+05 1.328172855642399470e-06
1.859485303946303029e+05 1.301393100456013003e-06
1.882951805030646501e+05 1.275153368040983605e-06
1.906714451068833878e+05 1.249442762318791607e-06
1.930776979381291312e+05 1.224250609198489843e-06
1.955143174453042157e+05 1.199566452348699941e-06
1.979816868528965279e+05 1.175380058446670628e-06
2.004801942216496391e+05 1.151681377462750635e-06
2.030102325095932465e+05 1.128460574227546083e-06
2.055721996338517347e+05 1.105708014505026787e-06
2.081664985332237266e+05 1.083414258682476176e-06
2.107935372315562272e+05 1.061570047274035918e-06
2.134537289019173768e+05 1.040166314345972936e-06
2.161474919315792213e+05 1.019194184157071030e-06
2.188752499878202216e+05 9.986449474025080973e-07
2.216374320845585898e+05 9.785100738105470480e-07
2.244344726498262899e+05 9.587812065211607846e-07
2.272668115940958378e+05 9.394501670203418488e-07
2.301348943794637744e+05 9.205089232524036284e-07
2.330391720897178748e+05 9.019496147853455255e-07
2.359801015012793650e+05 8.837645423124104530e-07
2.389581451550401107e+05 8.659461606676594157e-07
2.419737714291167504e+05 8.484870700372860813e-07
2.450274546125095512e+05 8.313800247603711585e-07
2.481196749797010561e+05 8.146179316792507919e-07
2.512509188661900698e+05 7.981938293473288202e-07
2.544216787449824915e+05 7.821009007000317336e-07
2.576324533040451061e+05 7.663324669290975283e-07
2.608837475247383991e+05 7.508819913977719466e-07
2.641760727612382034e+05 7.357430549264564837e-07
2.675099468209613697e+05 7.209093752879695736e-07
2.708858940460003796e+05 7.063747994592314948e-07
2.743044453955972567e+05 6.921332964837661220e-07
2.777661385296478402e+05 6.781789526885221781e-07
2.812715178932599374e+05 6.645059771722084990e-07
2.848211348023886094e+05 6.511087013163840752e-07
2.884155475305419532e+05 6.379815607213264752e-07
2.920553213965846808e+05 6.251191074184788694e-07
2.957410288536507869e+05 6.125160039067466405e-07
2.994732495791767142e+05 6.001670253436431872e-07
3.032525705660718377e+05 5.880670417203129115e-07
3.070795862150384928e+05 5.762110321132682971e-07
3.109548984280580771e+05 5.645940792063109433e-07
3.148791167030575452e+05 5.532113623399386534e-07
3.188528582297642715e+05 5.420581554837826582e-07
3.228767479867835646e+05 5.311298303849807998e-07
3.269514188398899278e+05 5.204218568419793437e-07
3.310775116415582015e+05 5.099297871084832508e-07
3.352556753317627008e+05 4.996492673246240456e-07
3.394865670400359086e+05 4.895760318951628641e-07
3.437708521888205432e+05 4.797059044893434969e-07
3.481092045981258852e+05 4.700347853387530669e-07
3.525023065915037878e+05 4.605586615626187680e-07
3.569508491033629398e+05 4.512736033622232479e-07
3.614555317876365152e+05 4.421757574674128116e-07
3.660170631278224755e+05 4.332613469543492841e-07
3.706361605484126485e+05 4.245266727699820145e-07
3.753135505277214688e+05 4.159681144832558275e-07
3.800499687121533207e+05 4.075821168919729688e-07
3.848461600318967248e+05 3.993652004972882926e-07
3.897028788180887350e+05 3.913139563252479778e-07
3.946208889214462833e+05 3.834250461239511110e-07
3.996009638324127882e+05 3.756951934485305101e-07
4.046438868028040743e+05 3.681211910600796989e-07
4.097504509689973202e+05 3.606998983428958193e-07
4.149214594766737428e+05 3.534282352668183021e-07
4.201577256071344600e+05 3.463031833936491154e-07
4.254600729052107199e+05 3.393217863010833310e-07
4.308293353087903815e+05 3.324811505518001554e-07
4.362663572799765388e+05 3.257784344887008271e-07
4.417719939378972631e+05 3.192108572932506905e-07
4.473471111932055210e+05 3.127756945700082504e-07
4.529925858842603629e+05 3.064702779495299852e-07
4.587093059150375775e+05 3.002919889540930506e-07
4.644981703947684146e+05 2.942382642274835843e-07
4.703600897793608019e+05 2.883065938384199934e-07
4.762959860145855928e+05 2.824945158142118006e-07
4.823067926810788922e+05 2.767996178681060457e-07
4.883934551411739667e+05 2.712195371016248200e-07
4.945569306875838083e+05 2.657519609893046478e-07
5.007981886939626420e+05 2.603946183813774719e-07
5.071182107673650025e+05 2.551452867253667803e-07
5.135179909026312525e+05 2.500017887169148324e-07
5.199985356387215434e+05 2.449619914313037907e-07
5.265608642170127714e+05 2.400238022145346807e-07
5.332060087416155729e+05 2.351851723154123451e-07
5.399350143416932551e+05 2.304440958241700152e-07
5.467489393358310917e+05 2.257986047901626145e-07
5.536488553984975442e+05 2.212467713418180934e-07
5.606358477285868721e+05 2.167867069388202033e-07
5.677110152200969169e+05 2.124165633276120071e-07
5.748754706349608023e+05 2.081345253166346019e-07
5.821303407780587440e+05 2.039388165335770809e-07
5.894767666744382586e+05 1.998276968926273710e-07
5.969159037487719906e+05 1.957994614588907896e-07
6.044489220070787705e+05 1.918524378002858739e-07
6.120770062207424780e+05 1.879849884516226497e-07
6.198013561128379079e+05 1.841955103023428913e-07
6.276231865468356991e+05 1.804824302830778410e-07
6.355437277176656062e+05 1.768442076523267029e-07
6.435642253451886354e+05 1.732793329902507728e-07
6.516859408701376524e+05 1.697863290973437640e-07
6.599101516525011975e+05 1.663637451930488620e-07
6.682381511724266456e+05 1.630101615055340157e-07
6.766712492336540017e+05 1.597241873628093028e-07
6.852107721695194487e+05 1.565044599314813715e-07
6.938580630515558878e+05 1.533496426096962528e-07
7.026144819007281912e+05 1.502584266449581546e-07
7.114814059013327351e+05 1.472295308339130599e-07
7.204602296176010277e+05 1.442616977453507557e-07
7.295523652130191913e+05 1.413536960223152869e-07
7.387592426724485122e+05 1.385043192779023247e-07
7.480823100270197028e+05 1.357123868177879587e-07
7.575230335818647873e+05 1.329767391304748307e-07
7.670828981467545964e+05 1.302962414515708318e-07
7.767634072696091607e+05 1.276697823532312490e-07
7.865660834729782073e+05 1.250962724528367355e-07
7.964924684934967663e+05 1.225746435366381467e-07
8.065441235243657138e+05 1.201038495711299736e-07
8.167226294608921744e+05 1.176828666146390549e-07
8.270295871491275029e+05 1.153106895345991829e-07
8.374666176376437070e+05 1.129863342276178673e-07
8.480353624324917328e+05 1.107088365423033977e-07
8.587374837553579127e+05 1.084772526861532136e-07
8.695746648050143849e+05 1.062906559718768698e-07
8.805486100220382214e+05 1.041481394240721159e-07
8.916610453568684170e+05 1.020488147820431033e-07
9.029137185412821127e+05 9.999181124080314442e-08
9.143083993632567581e+05 9.797627507754719805e-08
9.258468799453206593e+05 9.600137023435112609e-08
9.375309750264154281e+05 9.406627836892654284e-08
9.493625222473088652e+05 9.217019601943614415e-08
9.613433824396167183e+05 9.031233668338571487e-08
9.734754399184705690e+05 8.849192980076458291e-08
9.857606027788706124e+05 8.670822094262637443e-08
9.982008031957969069e+05 8.496046949153803187e-08
1.010797997728076298e+06 8.324795053105974310e-08
1.023554167626129347e+06 8.156995415305525409e-08
1.036471319143559085e+06 7.992578426967388408e-08
1.049551483852698468e+06 7.831475857667971650e-08
1.062796718964110827e+06 7.673620883840635990e-08
1.076209107650170336e+06 7.518948102560465154e-08
1.089790759372678120e+06 7.367393288000598773e-08
1.103543810214637313e+06 7.218893581980286414e-08
1.117470423216211144e+06 7.073387400199183387e-08
1.131572788714916911e+06 6.930814436367051933e-08
1.145853124690119643e+06 6.791115499315761313e-08
1.160313677111865953e+06 6.654232648483247986e-08
1.174956720294130268e+06 6.520109146904008918e-08
1.189784557252494385e+06 6.388689351695669208e-08
1.204799520066384925e+06 6.259918732104531979e-08
1.220003970245839329e+06 6.133743877797995199e-08
1.235400299102925463e+06 6.010112516707881730e-08
1.250990928127821768e+06 5.888973310879781280e-08
1.266778309369691880e+06 5.770276021856431880e-08
1.282764925822314573e+06 5.653971430284394816e-08
1.298953291814608965e+06 5.540011329238186954e-08
1.315345953406078275e+06 5.428348412056425354e-08
1.331945488787249429e+06 5.318936368185413145e-08
1.348754508685162524e+06 5.211729852298867299e-08
1.365775656773976749e+06 5.106684385105676687e-08
1.383011610090762377e+06 5.003756384576776206e-08
1.400465079456540989e+06 4.902903160973183812e-08
1.418138809902615612e+06 4.804082934946383894e-08
1.436035581102331169e+06 4.707254673600480978e-08
1.454158207808241015e+06 4.612378222342958315e-08
1.472509540294782724e+06 4.519414243899582852e-08
1.491092464806596516e+06 4.428324202957857375e-08
1.509909904012443265e+06 4.339070290957143342e-08
1.528964817464877618e+06 4.251615492725582593e-08
1.548260202065718593e+06 4.165923567159309579e-08
1.567799092537394725e+06 4.081958958599992093e-08
1.587584561900234781e+06 3.999686835253727161e-08
1.607619721955783665e+06 3.919073075925176307e-08
1.627907723776219413e+06 3.840084287558495567e-08
1.648451758199949749e+06 3.762687673594668409e-08
1.669255056333430344e+06 3.686851139086092864e-08
1.690320890059387079e+06 3.612545945297191032e-08
1.711652572551385500e+06 3.540143552178879629e-08
1.733253458794898586e+06 3.469674688884966158e-08
1.755126946115007624e+06 3.401177402913833160e-08
1.777276474710700335e+06 3.334696633108094915e-08
1.799705528195936931e+06 3.270283516396476219e-08
1.822417634147549514e+06 3.207994507092378167e-08
1.845416364660042338e+06 3.147890136891047476e-08
1.868705336907406105e+06 3.090033519196926051e-08
1.892288213712012861e+06 3.034488616427386903e-08
1.916168704120695591e+06 2.981318396870234049e-08
1.940350563988104463e+06 2.930582759254381627e-08
1.964837596567389090e+06 2.882336413567545743e-08
1.989633653108397964e+06 2.836626805690332607e-08
2.014742633463384584e+06 2.793492122450009021e-08
2.040168486700328998e+06 2.752959418814926993e-08
2.065915211724090157e+06 2.715042970347118196e-08
2.091986857905306853e+06 2.679742998170875671e-08
2.118387525717280805e+06 2.647044660950978932e-08
2.145121367380885873e+06 2.616917438341182946e-08
2.172192587517617736e+06 2.589314918488641120e-08
