8.149718330094094298e+00 2.507789815196206831e-04
8.243239009835848563e+00 2.864611880285916189e-04
8.337942741172406969e+00 3.293921228064197303e-04
8.433844489896156205e+00 3.811806481199817888e-04
8.530959411119122038e+00 4.436312476138945526e-04
8.629302851667988605e+00 5.188449554038496430e-04
8.728890352509198536e+00 6.091886874417080325e-04
8.829737651204947468e+00 7.186175260299107730e-04
8.931860684400092509e+00 8.507354305090060811e-04
9.035275590340622998e+00 1.009039195150749930e-03
9.139998711423919175e+00 1.198306873728152873e-03
9.246046596781289040e+00 1.423983470916102747e-03
9.353436004893264766e+00 1.691920989368428298e-03
9.462183906237786601e+00 2.008485608242773814e-03
9.572307485972082475e+00 2.385609183653946558e-03
9.683824146648367659e+00 2.830478745575098175e-03
9.796751510963948917e+00 3.351053765211526626e-03
9.911107424546042211e+00 3.955903999071221783e-03
1.002690995877198610e+01 4.657578113341931218e-03
1.014417741362485792e+01 5.469854613658835241e-03
1.026292832058549997e+01 6.404450492817711019e-03
1.038318144556094502e+01 7.475304525310066603e-03
1.050495579184996231e+01 8.693827640956185154e-03
1.062827060314609184e+01 1.006507822406129890e-02
1.075314536657867137e+01 1.159995242382476539e-02
1.087959981579240853e+01 1.331295873472985655e-02
1.100765393406571491e+01 1.522197866636898836e-02
1.113732795746870075e+01 1.733129382379266017e-02
1.126864237806100277e+01 1.963937165738447246e-02
1.140161794713012355e+01 2.216446242855032306e-02
1.153627567847064661e+01 2.494405691754358195e-02
1.167263685170501653e+01 2.798964289788472004e-02
1.181072301564638849e+01 3.130792938218028565e-02
1.195055599170378180e+01 3.489874987417247720e-02
1.209215787733056935e+01 3.876733379516361655e-02
1.223555104951644701e+01 4.292826780282862908e-02
1.238075816832362541e+01 4.739670978825348546e-02
1.252780218046770067e+01 5.217883015637743427e-02
1.267670632294398381e+01 5.727967808778084563e-02
1.282749412669942402e+01 6.270758006437315846e-02
1.298018942035124823e+01 6.846290552756066627e-02
1.313481633395251258e+01 7.456555075492117546e-02
1.329139930280531523e+01 8.101999639577110723e-02
1.344996307132223912e+01 8.782843650831244353e-02
1.361053269693663204e+01 9.498314191060776290e-02
1.377313355406247020e+01 1.024772919918226499e-01
1.393779133810405568e+01 1.103135018196692713e-01
1.410453206951669891e+01 1.185197499306838292e-01
1.427338209791865253e+01 1.271124168515569419e-01
1.444436810625504819e+01 1.360744181699699296e-01
1.461751711501456974e+01 1.453617690312361543e-01
1.479285648649937279e+01 1.549645991176376303e-01
1.497041392914922042e+01 1.649069597578584900e-01
1.515021750191998784e+01 1.752065926911195448e-01
1.533229561871787183e+01 1.858316372894350255e-01
1.551667705288953591e+01 1.967056368113531961e-01
1.570339094176910777e+01 2.077956307942055436e-01
1.589246679128264006e+01 2.191028810884244615e-01
1.608393448061086417e+01 2.306060948365868390e-01
1.627782426691103979e+01 2.423797144136236870e-01
1.647416679009820584e+01 2.545004575141103786e-01
1.667299307768728056e+01 2.668799461668950324e-01
1.687433454969622915e+01 2.793852045808905005e-01
1.707822302361126177e+01 2.919366457127648973e-01
1.728469071941487911e+01 3.045169898377165230e-01
1.749377026467761098e+01 3.171719687078702887e-01
1.770549469971389200e+01 3.299407770173947152e-01
1.791989748280347783e+01 3.427818734327430783e-01
1.813701249547870376e+01 3.556552724050087710e-01
1.835687404787875110e+01 3.685976614931936179e-01
1.857951688417152880e+01 3.815844656211621055e-01
1.880497618804422899e+01 3.944768673316416674e-01
1.903328758826344114e+01 4.071737866109083059e-01
1.926448716430523689e+01 4.196545800222120648e-01
1.949861145205689894e+01 4.320356267390952909e-01
1.973569744959052485e+01 4.443831115072858773e-01
1.997578262300978480e+01 4.566542577965820304e-01
2.021890491237053311e+01 4.688198254855960867e-01
2.046510273767640342e+01 4.808452639439864118e-01
2.071441500495034660e+01 4.926862349725468215e-01
2.096688111238261243e+01 5.043574904730101505e-01
2.122254095655692652e+01 5.158562280910741205e-01
2.148143493875519283e+01 5.271482304428769528e-01
2.174360397134200440e+01 5.382501847000960016e-01
2.200908948422994271e+01 5.491304572424350328e-01
2.227793343142656468e+01 5.597359441118971990e-01
2.255017829766448045e+01 5.700959422793261400e-01
2.282586710511488448e+01 5.802240982885500387e-01
2.310504342018631974e+01 5.901147281546283985e-01
2.338775136040944247e+01 5.998123927037460890e-01
2.367403560140869700e+01 6.093397346747357890e-01
2.396394138396233586e+01 6.186847274078967063e-01
2.425751452115180484e+01 6.278174398149287683e-01
2.455480140560128532e+01 6.366709922692572743e-01
2.485584901680910619e+01 6.452146112446868198e-01
2.516070492857179985e+01 6.535114958407697294e-01
2.546941731650205654e+01 6.616113626526947122e-01
2.578203496564175978e+01 6.694886731265576874e-01
2.609860727817142845e+01 6.771249818025137923e-01
2.641918428121703855e+01 6.845365331110584428e-01
2.674381663475586279e+01 6.917333338013762489e-01
2.707255563962185718e+01 6.987059712595682370e-01
2.740545324561282570e+01 7.054457571240160263e-01
2.774256205969982858e+01 7.119482143696584941e-01
2.808393535434050037e+01 7.181965356549335766e-01
2.842962707589776628e+01 7.241936980973628923e-01
2.877969185316450762e+01 7.299819384119570209e-01
2.913418500599669869e+01 7.355899204186098217e-01
2.949316255405532061e+01 7.410039875549305766e-01
2.985668122565903815e+01 7.461607335518135597e-01
3.022479846674890780e+01 7.510539145797543448e-01
3.059757244996630021e+01 7.557518867686100483e-01
3.097506208384575999e+01 7.602879220109404201e-01
3.135732702212447265e+01 7.646112399663438364e-01
3.174442767316872249e+01 7.686937871670418421e-01
3.213642520952038950e+01 7.725699064717800324e-01
3.253338157756386551e+01 7.762584402959987750e-01
3.293535950731518369e+01 7.797343803206394641e-01
3.334242252233509163e+01 7.829806655091674505e-01
3.375463494976778378e+01 7.860006945388184896e-01
3.417206193050588325e+01 7.887950924022172350e-01
3.459476942948489153e+01 7.913658230879820898e-01
3.502282424610728384e+01 7.937306983477545597e-01
3.545629402479870151e+01 7.959025269795128033e-01
3.589524726569757718e+01 7.978664193712277086e-01
3.633975333548014675e+01 7.995990515267673571e-01
3.678988247832209879e+01 8.010941547743597457e-01
3.724570582699943344e+01 8.023612238052564294e-01
3.770729541412898556e+01 8.034068477813857134e-01
3.817472418355177410e+01 8.042171512377643827e-01
3.864806600186015118e+01 8.047806542849091915e-01
3.912739567007054120e+01 8.050986802994323233e-01
3.962173391248852283e+01 8.051684777518097746e-01
4.011614535265892556e+01 8.049713676000691542e-01
4.061679621696002584e+01 8.045001057038745351e-01
4.112376524631560670e+01 8.037448337915097385e-01
4.163713217535193678e+01 8.026957233097136157e-01
4.215697774493878569e+01 8.013492792123906305e-01
4.268338371488781036e+01 7.997113174449413942e-01
4.321643287681123269e+01 7.977852274917087705e-01
4.375620906714365077e+01 7.955597936912343071e-01
4.430279718032721803e+01 7.930179988275311009e-01
4.485628318216348021e+01 7.901429123446198632e-01
4.541675412333419359e+01 7.869294187337787516e-01
4.598429815309226854e+01 7.833802122976720739e-01
4.655900453312535348e+01 7.794963119187232614e-01
4.714096365159505808e+01 7.752713890874480818e-01
4.773026703735277465e+01 7.707011326792475581e-01
4.832700737433512472e+01 7.657883121017656780e-01
4.893127851614063673e+01 7.605380314730310065e-01
4.954317550079145605e+01 7.549503209152493843e-01
5.016279456568029360e+01 7.490226169992486582e-01
5.079023316270597377e+01 7.427572252329964764e-01
5.142558997360121964e+01 7.361619579701585980e-01
5.206896492545233457e+01 7.292468457590213227e-01
5.272045920641595274e+01 7.220218963020879066e-01
5.338017528163292269e+01 7.144964975767520432e-01
5.404821690934471690e+01 7.066802085282190005e-01
5.472468915721116645e+01 6.985845173427391863e-01
5.540969841883606506e+01 6.902232313036613665e-01
5.610335243050005261e+01 6.816136388623774689e-01
5.680576028810516931e+01 6.727745402306324340e-01
5.751703246433277883e+01 6.637249144743943008e-01
5.823728082601900269e+01 6.544828801039956900e-01
5.896661865174861106e+01 6.450671314652036692e-01
5.970516064967060288e+01 6.354964423477758029e-01
6.045302297554007254e+01 6.257906445943038909e-01
6.121032325098622806e+01 6.159691808649638833e-01
6.197718058201186864e+01 6.060520954368771029e-01
6.275371557772564302e+01 5.960595428116468586e-01
6.354005036931169315e+01 5.860119720416174793e-01
6.433630862923779148e+01 5.759292729579545966e-01
6.514261559070578755e+01 5.658298317290538781e-01
6.595909806734877634e+01 5.557322194831986195e-01
6.678588447317542887e+01 5.456533644652634685e-01
6.762310484276633815e+01 5.356094177246248922e-01
6.847089085172618184e+01 5.256145077231949569e-01
6.932937583739303022e+01 5.156811857082496120e-01
7.019869481980856563e+01 5.058222814480156648e-01
7.107898452295478364e+01 4.960493123886443034e-01
7.197038339625675007e+01 4.863729820883728738e-01
7.287303163635796466e+01 4.768038449082867558e-01
7.378707120916948270e+01 4.673523748452584892e-01
7.471264587219859266e+01 4.580256698711873686e-01
7.564990119715849914e+01 4.488309834607418503e-01
7.659898459286266359e+01 4.397748138314018784e-01
7.756004532840981369e+01 4.308616149131089812e-01
7.853323455666024699e+01 4.220960844140972945e-01
7.951870533800800445e+01 4.134812924481803265e-01
8.051661266445496778e+01 4.050191068915072745e-01
8.152711348398688074e+01 3.967111642184820153e-01
8.255036672525726260e+01 3.885587732479409140e-01
8.358653332258431590e+01 3.805631088026487641e-01
8.463577624126131127e+01 3.727242786586503764e-01
8.569826050318795296e+01 3.650427682746566482e-01
8.677415321282360594e+01 3.575180711528215260e-01
8.786362358347012957e+01 3.501495970413864844e-01
8.896684296388474422e+01 3.429360325226699091e-01
9.008398486522881399e+01 3.358758759787661141e-01
9.121522498835805948e+01 3.289663911341869085e-01
9.236074125145570690e+01 3.222057231402927213e-01
9.352071381801529526e+01 3.155911491818342851e-01
9.469532512517552902e+01 3.091201712973240534e-01
9.588475991241472229e+01 3.027899456975297610e-01
9.708920525060460704e+01 2.965981732887703060e-01
9.830885057143368044e+01 2.905420956720730641e-01
9.954388769719960806e+01 2.846188768437278305e-01
1.007945108709790247e+02 2.788256092958401045e-01
1.020609167871765379e+02 2.731596443069643776e-01
1.033433046224616305e+02 2.676179082774733375e-01
1.046418760670938894e+02 2.621973639932010380e-01
1.059568353566436656e+02 2.568946819203077325e-01
1.072883893041149292e+02 2.517070670355340267e-01
1.086367473324713302e+02 2.466315328033122367e-01
1.100021215075741736e+02 2.416651608235569348e-01
1.113847265715344577e+02 2.368050899517375463e-01
1.127847799764887640e+02 2.320485583595891244e-01
1.142025019187972390e+02 2.273929683242542077e-01
1.156381153736775502e+02 2.228357372302532113e-01
1.170918461302724722e+02 2.183743518755442703e-01
1.185639228271617753e+02 2.140062870246379201e-01
1.200545769883220117e+02 2.097291298746259691e-01
1.215640430595390740e+02 2.055405684254898446e-01
1.230925584452826911e+02 2.014381786815329090e-01
1.246403635460428774e+02 1.974197600265892583e-01
1.262077017961410945e+02 1.934832576202146770e-01
1.277948197020159711e+02 1.896264521538065517e-01
1.294019668809936263e+02 1.858473385299616587e-01
1.310293961005456254e+02 1.821439732837444314e-01
1.326773633180451384e+02 1.785145619340952061e-01
1.343461277210224978e+02 1.749573605390676023e-01
1.360359517679285375e+02 1.714706761289835901e-01
1.377471012294148522e+02 1.680528331002462405e-01
1.394798452301326108e+02 1.647020497856795940e-01
1.412344562910599848e+02 1.614168590862374575e-01
1.430112103723624557e+02 1.581956875229058868e-01
1.448103869167971141e+02 1.550370641299343155e-01
1.466322688936600116e+02 1.519396901610699235e-01
1.484771428432931941e+02 1.489021197842923527e-01
1.503452989221494818e+02 1.459230598662618061e-01
1.522370309484281563e+02 1.430014328737468920e-01
1.541526364482844826e+02 1.401360452790184064e-01
1.560924167026257692e+02 1.373256523401776008e-01
1.580566767944950470e+02 1.345691418083009572e-01
1.600457256570525431e+02 1.318654689911771261e-01
1.620598761221657185e+02 1.292134683639587223e-01
1.640994449696094932e+02 1.266119428969764982e-01
1.661647529768888774e+02 1.240599268970093982e-01
1.682561249696887558e+02 1.215564160972298774e-01
1.703738898729637867e+02 1.191002288885039673e-01
1.725183807626680448e+02 1.166905145478160655e-01
1.746899349181427112e+02 1.143264705854254992e-01
1.768888938751609885e+02 1.120073432885659581e-01
1.791156034796443066e+02 1.097322060958638573e-01
1.813704139420560466e+02 1.075002955564564044e-01
1.836536798924805112e+02 1.053109584847715940e-01
1.859657604364005010e+02 1.031635304202731390e-01
1.883070192111734684e+02 1.010572233623859284e-01
1.906778244432259726e+02 9.899124592429932312e-02
1.930785490059657832e+02 9.696492376067544772e-02
1.955095704784270936e+02 9.497750513595445976e-02
1.979712712046533056e+02 9.302823931096659837e-02
2.004640383538337574e+02 9.111649790423329009e-02
2.029882639811952174e+02 8.924159509808368695e-02
2.055443450896616469e+02 8.740295152825316993e-02
2.081326836922966663e+02 8.560000963074132496e-02
2.107536868755290129e+02 8.383220181305378604e-02
2.134077668631788356e+02 8.209898493740491743e-02
2.160953410812894333e+02 8.039991663998630189e-02
2.188168322237818018e+02 7.873449497128406915e-02
2.215726683189310506e+02 7.710211162166386023e-02
2.243632827966889067e+02 7.550230260077657463e-02
2.271891145568502566e+02 7.393455120458780616e-02
2.300506080380828848e+02 7.239831692204669322e-02
2.329482132878261496e+02 7.089305407959548000e-02
2.358823860330751643e+02 6.941818867148255578e-02
2.388535877520555459e+02 6.797315939113596217e-02
2.418622857468016321e+02 6.655746637887764716e-02
2.449089532166550782e+02 6.517054213307638122e-02
2.479940693326868200e+02 6.381195212460788468e-02
2.511181193130603049e+02 6.248120779918736600e-02
2.542815944993433561e+02 6.117781005033191138e-02
2.574849924337885341e+02 5.990136518500634860e-02
2.607288169375809730e+02 5.865145424391581680e-02
2.640135781900815459e+02 5.742763887246450649e-02
2.673397928090644768e+02 5.622949975052385363e-02
2.707079839319701478e+02 5.505645788020849946e-02
2.741186812981810590e+02 5.390807932990845930e-02
2.775724213323404683e+02 5.278379633217624572e-02
2.810697472287185974e+02 5.168316620740438100e-02
2.846112090366420375e+02 5.060576760516707906e-02
2.881973637470087510e+02 4.955107463750658275e-02
2.918287753798862241e+02 4.851862186023329915e-02
2.955060150732210218e+02 4.750800162440342589e-02
2.992296611726632136e+02 4.651881766668437140e-02
3.030002993225305090e+02 4.555065231400107217e-02
3.068185225579127859e+02 4.460310731962498221e-02
3.106849313979466274e+02 4.367580391424009945e-02
3.146001339402606050e+02 4.276834621904430228e-02
3.185647459566164912e+02 4.188031516907914087e-02
3.225793909897558365e+02 4.101131917889309919e-02
3.266447004514669175e+02 4.016095764477582708e-02
3.307613137218958741e+02 3.932887853916905430e-02
3.349298782501014102e+02 3.851465377478756336e-02
3.391510496558876753e+02 3.771790757513138886e-02
3.434254918329165776e+02 3.693826867913568152e-02
3.477538770531238015e+02 3.617536602071654700e-02
3.521368860724491583e+02 3.542886811554211979e-02
3.565752082379078729e+02 3.469844362958249967e-02
3.610695415960076957e+02 3.398375471210795390e-02
3.656205930025325870e+02 3.328448961281442464e-02
3.702290782337200312e+02 3.260033345004492711e-02
3.748957220988327776e+02 3.193096203522223508e-02
3.796212585541568956e+02 3.127606109812527263e-02
3.844064308184324545e+02 3.063528965793813758e-02
3.892519914897508784e+02 3.000835783483070743e-02
3.941587026639145961e+02 2.939499491637144121e-02
3.991273360543034414e+02 2.879488480726858854e-02
4.041586731132439354e+02 2.820772034280360704e-02
4.092535051549154446e+02 2.763323606423516432e-02
4.144126334798024232e+02 2.707112414509535436e-02
4.196368695007259362e+02 2.652111147239668079e-02
4.249270348704578737e+02 2.598290735362715487e-02
4.302839616109448571e+02 2.545623115401101505e-02
4.357084922441724757e+02 2.494081067124319026e-02
4.412014799246697976e+02 2.443637005369173748e-02
4.467637885736951375e+02 2.394264136659818645e-02
4.523962930151046180e+02 2.345934431898217751e-02
4.580998791129505321e+02 2.298621795489434738e-02
4.638754439107991629e+02 2.252303251693117681e-02
4.697238957728217770e+02 2.206950773444189134e-02
4.756461545266558915e+02 2.162539412359898092e-02
4.816431516080743336e+02 2.119046120320892956e-02
4.877158302074792573e+02 2.076447687229988556e-02
4.938651454182407292e+02 2.034719845195281929e-02
5.000920643869180822e+02 1.993840426350078701e-02
5.063975664653611943e+02 1.953787303794417979e-02
5.127826433647488784e+02 1.914537369593972971e-02
5.192482993115561385e+02 1.876069521905174287e-02
5.257955512054998053e+02 1.838365324814119836e-02
5.324254287794686888e+02 1.801407479807169004e-02
5.391389747614829275e+02 1.765176975546113233e-02
5.459372450386890705e+02 1.729656343787561515e-02
5.528213088234227826e+02 1.694828796428027307e-02
5.597922488213787346e+02 1.660678989625668719e-02
5.668511614018904083e+02 1.627193185803847003e-02
5.739991567703660849e+02 1.594356791691963274e-02
5.812373591428956843e+02 1.562156938379242327e-02
5.885669069230694959e+02 1.530579548244716606e-02
5.959889528810172123e+02 1.499613266202268202e-02
6.035046643347166082e+02 1.469246725233823263e-02
6.111152233335851633e+02 1.439468664645036922e-02
6.188218268443885108e+02 1.410268903170346089e-02
6.266256869394927662e+02 1.381637416144698184e-02
6.345280309875034845e+02 1.353565110292459517e-02
6.425301018462967022e+02 1.326043120648256676e-02
6.506331580584915173e+02 1.299061529180647011e-02
6.588384740493943355e+02 1.272610398148366420e-02
6.671473403274345628e+02 1.246681916723088070e-02
6.755610636871327870e+02 1.221267559768869117e-02
6.840809674146250927e+02 1.196358983113012149e-02
6.927083914957941033e+02 1.171947877867799206e-02
7.014446928270094759e+02 1.148025938598834679e-02
7.102912454285432204e+02 1.124585382046986229e-02
7.192494406606696202e+02 1.101617739204683276e-02
7.283206874424920443e+02 1.079115099312146289e-02
7.375064124735388305e+02 1.057069518262456972e-02
7.468080604581393800e+02 1.035473528971277146e-02
7.562270943326585666e+02 1.014318971124855522e-02
7.657649954955727480e+02 9.935974195937443548e-03
7.754232640404621861e+02 9.733004121433502104e-03
7.852034189919417031e+02 9.534201415870493385e-03
7.951069985445701604e+02 9.339482144764179455e-03
8.051355603047693421e+02 9.148766760915213667e-03
8.152906815358072663e+02 8.961973598023652982e-03
8.255739594058487683e+02 8.779025277784671330e-03
8.359870112391765815e+02 8.599842404209582375e-03
8.465314747705440368e+02 8.424352058553854009e-03
8.572090084027571493e+02 8.252481503184128792e-03
8.680212914675072398e+02 8.084153688502954474e-03
8.789700244894775096e+02 7.919293116746233333e-03
8.900569294538167924e+02 7.757826238154417846e-03
9.012837500769551298e+02 7.599683147186380577e-03
9.126522520808530317e+02 7.444792154292299846e-03
9.241642234707120451e+02 7.293084437201452150e-03
9.358214748161817624e+02 7.144494282418432755e-03
9.476258395361262501e+02 6.998952748611756911e-03
9.595791741869808220e+02 6.856395067678763139e-03
9.716833587547283742e+02 6.716758535050971167e-03
9.839402969506045338e+02 6.579982243506333865e-03
9.963519165104908097e+02 6.446005074195354165e-03
1.008920169498106929e+03 6.314768192637380990e-03
1.021647032612031808e+03 6.186214719457619124e-03
1.034534507496572814e+03 6.060286465340358926e-03
1.047584621056607602e+03 5.936929129904943217e-03
1.060799425776351427e+03 5.816089208337693432e-03
1.074181000042168080e+03 5.697714166121158920e-03
1.087731448469456609e+03 5.581753235900662781e-03
1.101452902233656232e+03 5.468157403459686199e-03
1.115347519405431285e+03 5.356878163597902399e-03
1.129417485290094191e+03 5.247866300209264034e-03
1.143665012771280544e+03 5.141074813993801867e-03
1.158092342659017959e+03 5.036458620416266706e-03
1.172701744042131622e+03 4.933973778074852296e-03
1.187495514645126605e+03 4.833576352129469698e-03
1.202475981189573076e+03 4.735223303764806921e-03
1.217645499760023540e+03 4.638872480539396950e-03
1.233006456174603727e+03 4.544482137144158738e-03
1.248561266360227137e+03 4.452012374233486197e-03
1.264312376732567145e+03 4.361424119604663009e-03
1.280262264580825786e+03 4.272679116663607307e-03
1.296413438457352413e+03 4.185739849047838065e-03
1.312768438572182959e+03 4.100569577045737671e-03
1.329329837192554578e+03 4.017132310558446662e-03
1.346100239047474361e+03 3.935392815273324775e-03
1.363082281737354833e+03 3.855316526954830590e-03
1.380278636148888154e+03 3.776869608655859193e-03
1.397692006875088964e+03 3.700018919955529520e-03
1.415325132640672564e+03 3.624731987267077946e-03
1.433180786732796605e+03 3.550976983794570940e-03
1.451261777437218825e+03 3.478722741306396540e-03
1.469570948480001562e+03 3.407938743631711443e-03
1.488111179474751680e+03 3.338595061708320069e-03
1.506885386375513690e+03 3.270662389537216420e-03
1.525896521935392911e+03 3.204112019105129217e-03
1.545147576170946650e+03 3.138915842236711731e-03
1.564641576832450255e+03 3.075046288444344914e-03
1.584381589880101501e+03 3.012476366314916377e-03
1.604370719966192610e+03 2.951179641280280135e-03
1.624612110923447517e+03 2.891130207805098652e-03
1.645108946259444565e+03 2.832302679282267671e-03
1.665864449657317437e+03 2.774672193406105096e-03
1.686881885482774123e+03 2.718214409151671791e-03
1.708164559297476899e+03 2.662905451091859745e-03
1.729715818378975200e+03 2.608721943619838127e-03
1.751539052247127984e+03 2.555640988128743407e-03
1.773637693197204726e+03 2.503640162025097017e-03
1.796015216839703044e+03 2.452697474145183829e-03
1.818675142646990025e+03 2.402791394356335822e-03
1.841621034506828209e+03 2.353900837682314923e-03
1.864856501282903309e+03 2.306005138803415670e-03
1.888385197382388014e+03 2.259084048720813153e-03
1.912210823330736957e+03 2.213117735817492562e-03
1.936337126353669191e+03 2.168086785189643397e-03
1.960767900966525985e+03 2.123972151121369771e-03
1.985506989571071244e+03 2.080755188833330153e-03
2.010558283059777295e+03 2.038417634018548433e-03
2.035925721427826602e+03 1.996941600078964291e-03
2.061613294392745956e+03 1.956309546569799662e-03
2.087625042021912122e+03 1.916504300072141044e-03
2.113965055367952118e+03 1.877509043023997855e-03
2.140637477112183205e+03 1.839307290717512224e-03
2.167646502216153294e+03 1.801882892430848714e-03
2.194996378581425688e+03 1.765220029687947266e-03
2.222691407717641596e+03 1.729303216858017614e-03
2.250735945419097334e+03 1.694117261867341588e-03
2.279134402449783465e+03 1.659647293324303637e-03
2.307891245237098246e+03 1.625878743636193511e-03
2.337010996574329965e+03 1.592797344884949989e-03
2.366498236331946828e+03 1.560389106873369229e-03
2.396357602177964054e+03 1.528640331574927401e-03
2.426593790307305426e+03 1.497537605426030012e-03
2.457211556180417119e+03 1.467067778839444177e-03
2.488215715271191129e+03 1.437217970152796388e-03
2.519611143824330611e+03 1.407975562163440476e-03
2.551402779622271282e+03 1.379328203300545647e-03
2.583595622761790310e+03 1.351263776095189099e-03
2.616194736440368615e+03 1.323770418811247122e-03
2.649205247752575360e+03 1.296836512554565843e-03
2.682632348496405029e+03 1.270450676170105592e-03
2.716481295989831779e+03 1.244601751312712475e-03
2.750757413897684728e+03 1.219278812207204776e-03
2.785466093068888767e+03 1.194471160466139843e-03
2.820612792384388740e+03 1.170168307031385418e-03
2.856203039615665148e+03 1.146359977769279177e-03
2.892242432294132414e+03 1.123036109038754154e-03
2.928736638591507926e+03 1.100186849185015667e-03
2.965691398211282831e+03 1.077802533234841799e-03
3.003112523291443267e+03 1.055873700146918014e-03
3.041005899318605316e+03 1.034391082991797635e-03
3.079377486053614120e+03 1.013345603426735794e-03
3.118233318468950074e+03 9.927283618603218850e-04
3.157579507697848385e+03 9.725306438197715711e-04
3.197422241995446711e+03 9.527439165938309277e-04
3.237767787712072277e+03 9.333598134494051988e-04
3.278622490278743953e+03 9.143701400582591142e-04
3.319992775205238104e+03 8.957668696225408499e-04
3.361885149090627237e+03 8.775421445160661417e-04
3.404306200646626166e+03 8.596882559749420344e-04
3.447262601733850715e+03 8.421976578550150784e-04
3.490761108411146324e+03 8.250629591699288083e-04
3.534808561998159803e+03 8.082769185165464840e-04
3.579411890151329317e+03 7.918324378938575853e-04
3.624578107953449944e+03 7.757225666433944893e-04
3.670314319016934860e+03 7.599404993956650851e-04
3.716627716601143220e+03 7.444795623731206586e-04
3.763525584743638774e+03 7.293332200930806742e-04
3.811015299405834412e+03 7.144950705332602176e-04
3.859104329633079033e+03 6.999588463110704680e-04
3.907800238729289049e+03 6.857183990866823039e-04
3.957110685446582011e+03 6.717677100866984059e-04
4.007043425189779555e+03 6.581008845572346470e-04
4.057606311236136207e+03 6.447121463805591257e-04
4.108807295970517771e+03 6.315958344805738204e-04
4.160654432136093419e+03 6.187464050517688064e-04
4.213155874100880283e+03 6.061584304229559366e-04
4.266319879140231933e+03 5.938265872425513422e-04
4.320154808735463121e+03 5.817456630910957521e-04
4.374669129889020951e+03 5.699105519832047733e-04
4.429871416456071529e+03 5.583162547548193438e-04
4.485770350493002297e+03 5.469578677495701580e-04
4.542374723622929196e+03 5.358305904418706866e-04
4.599693438418329606e+03 5.249297214357715163e-04
4.657735509801333137e+03 5.142506534191976057e-04
4.716510066461493807e+03 5.037888713691141473e-04
4.776026352291532021e+03 4.935399535954977917e-04
4.836293727841196414e+03 4.834995712382998538e-04
4.897321671789460197e+03 4.736634781293516303e-04
4.959119782435287561e+03 4.640275170832070298e-04
5.021697779207282110e+03 4.545876157938678322e-04
5.085065504192208209e+03 4.453397867000099316e-04
5.149232923683072841e+03 4.362801188651211867e-04
5.214210129746514212e+03 4.274047834393288081e-04
5.280007341810046455e+03 4.187100308076268295e-04
5.346634908269410516e+03 4.101921859619023225e-04
5.414103308116001244e+03 4.018476479300358943e-04
5.482423152585147363e+03 3.936728900193042086e-04
5.551605186824900557e+03 3.856644597392372658e-04
5.621660291586033964e+03 3.778189701415478590e-04
5.692599484933334679e+03 3.701331056539891671e-04
5.764433923978489474e+03 3.626036183934383691e-04
5.837174906634848412e+03 3.552273277026951181e-04
5.910833873394350121e+03 3.480011143993323643e-04
5.985422409126752427e+03 3.409219246358357767e-04
6.060952244901808626e+03 3.339867678975204021e-04
6.137435259834208409e+03 3.271927128269202872e-04
6.214883482951902806e+03 3.205368874593147034e-04
6.293309095088038703e+03 3.140164789437057910e-04
6.372724430796598426e+03 3.076287336958812881e-04
6.453141980292516564e+03 3.013709502231656919e-04
6.534574391415995706e+03 2.952404841274081917e-04
6.617034471621747798e+03 2.892347450474691160e-04
6.700535189993305721e+03 2.833511959471802393e-04
6.785089679282784346e+03 2.775873491101713106e-04
6.870711237976338452e+03 2.719407688205337410e-04
6.957413332385754074e+03 2.664090699846608109e-04
7.045209598766267845e+03 2.609899144120931278e-04
7.134113845461415622e+03 2.556810115580253773e-04
7.224140055074654811e+03 2.504801179210708849e-04
7.315302386668529834e+03 2.453850372946482549e-04
7.407615177991606288e+03 2.403936150072340369e-04
7.501092947733343863e+03 2.355037419129597494e-04
7.595750397807733862e+03 2.307133520567422776e-04
7.691602415665468470e+03 2.260204217791125119e-04
7.788664076635408492e+03 2.214229669886424610e-04
7.886950646295591469e+03 2.169190449805104336e-04
7.986477582874167638e+03 2.125067535127971897e-04
8.087260539680603870e+03 2.081842275281476739e-04
8.189315367567660360e+03 2.039496401912129842e-04
8.292658117424180091e+03 1.998012021035861657e-04
8.397305042699797923e+03 1.957371616078293591e-04
8.503272601961032706e+03 1.917558001644515395e-04
8.610577461479915655e+03 1.878554355347031204e-04
8.719236497855245034e+03 1.840344200015826056e-04
8.829266800666735435e+03 1.802911393933605820e-04
8.940685675163040287e+03 1.766240112827467993e-04
9.053510644983325619e+03 1.730314861809578828e-04
9.167759454913377340e+03 1.695120469418307657e-04
9.283450073676443935e+03 1.660642058966727865e-04
9.400600696759300263e+03 1.626865060390852763e-04
9.519229749274003552e+03 1.593775201542096238e-04
9.639355888855718149e+03 1.561358511442908527e-04
9.760998008597183798e+03 1.529601283181000683e-04
9.884175240020011188e+03 1.498490099294261452e-04
1.000890695608386523e+04 1.468011818249480077e-04
1.013521277423321771e+04 1.438153564548472110e-04
1.026311255948280814e+04 1.408902717371049191e-04
1.039262642754192893e+04 1.380246918041148809e-04
1.052377474797805189e+04 1.352174066404508886e-04
1.065657814742074333e+04 1.324672295966998242e-04
1.079105751280554978e+04 1.297729986213188875e-04
1.092723399465913099e+04 1.271335753918724173e-04
1.106512901042571320e+04 1.245478455572858088e-04
1.120476424783559014e+04 1.220147158799651175e-04
1.134616166831608825e+04 1.195331161837313188e-04
1.148934351044565119e+04 1.171019983472890505e-04
1.163433229345127984e+04 1.147204157210397724e-04
1.178115082075055398e+04 1.123872848059036668e-04
1.192982218353791541e+04 1.101016128570119602e-04
1.208036976441642037e+04 1.078624349211753459e-04
1.223281724107535229e+04 1.056688045629019027e-04
1.238718859001397686e+04 1.035197950759262486e-04
1.254350809031277458e+04 1.014144986741387003e-04
1.270180032745181416e+04 9.935202658396208937e-05
1.286209019717752562e+04 9.733150697086865373e-05
1.302440290941822423e+04 9.535208635211080987e-05
1.318876399224905435e+04 9.341292887082955658e-05
1.335519929590699394e+04 9.151321539638591104e-05
1.352373499685653587e+04 8.965214318823737805e-05
1.369439760190642664e+04 8.782892610642546120e-05
1.386721395237893012e+04 8.604279452580033613e-05
1.404221122833112349e+04 8.429299349864169768e-05
1.421941695282974069e+04 8.257878390388720445e-05
1.439885899628000698e+04 8.089944170901539186e-05
1.458056558080874129e+04 7.925425796243717493e-05
1.476456528470345802e+04 7.764253730527861117e-05
1.495088704690678242e+04 7.606359898465348273e-05
1.513956017156798953e+04 7.451677633653520797e-05
1.533061433265185769e+04 7.300141595926312862e-05
1.552407957860569331e+04 7.151687760115496637e-05
1.571998633708528905e+04 7.006253422165560857e-05
1.591836541974054126e+04 6.863777198114869775e-05
1.611924802706117225e+04 6.724198867269067458e-05
1.632266575328422732e+04 6.587459478553552082e-05
1.652865059136288255e+04 6.453501284184007703e-05
1.673723493799827702e+04 6.322267732537407699e-05
1.694845159873476950e+04 6.193703362743854812e-05
1.716233379311934914e+04 6.067753876391405847e-05
1.737891515992661152e+04 5.944366101244789597e-05
1.759822976244915117e+04 5.823487916577396630e-05
1.782031209385499460e+04 5.705068256712386579e-05
1.804519708261256164e+04 5.589057107324906182e-05
1.827292009798415893e+04 5.475405508523782167e-05
1.850351695558872598e+04 5.364065424810226276e-05
1.873702392303488523e+04 5.254989836481758266e-05
1.897347772562471800e+04 5.148132684423036156e-05
1.921291555213027095e+04 5.043448858207167675e-05
1.945537506064218178e+04 4.940894122690998186e-05
1.970089438449251247e+04 4.840425167891192275e-05
1.994951213825234299e+04 4.741999584032600788e-05
2.020126742380462747e+04 4.645575794969436945e-05
2.045619983649450296e+04 4.551113071052848605e-05
2.071434947135643233e+04 4.458571519293866574e-05
2.097575692942029855e+04 4.367912088145699099e-05
2.124046332409701427e+04 4.279096463188103460e-05
2.150851028764469447e+04 4.192087139953548799e-05
2.177993997771656359e+04 4.106847381824874944e-05
2.205479508399124825e+04 4.023341204553597579e-05
2.233311883488707826e+04 3.941533326275234987e-05
2.261495500436051589e+04 3.861389201418442509e-05
2.290034791879137265e+04 3.782875004003401881e-05
2.318934246395394075e+04 3.705957568898844928e-05
2.348198409207670556e+04 3.630604410151042202e-05
2.377831882899055563e+04 3.556783707604675666e-05
2.407839328136816039e+04 3.484464312585323887e-05
2.438225464405375533e+04 3.413615664217857092e-05
2.468995070748589933e+04 3.344207847453705193e-05
2.500152986521383355e+04 3.276211561037637040e-05
2.531704112150866058e+04 3.209598100352058778e-05
2.563653409907058085e+04 3.144339324422502869e-05
2.596005904683349945e+04 3.080407678249592109e-05
2.628766684786797487e+04 3.017776182057035824e-05
2.661940902738370278e+04 2.956418379909448482e-05
2.695533776083379416e+04 2.896308360809029327e-05
2.729550588212037474e+04 2.837420743579776965e-05
2.763996689190428151e+04 2.779730682901278757e-05
2.798877496601953681e+04 2.723213802177562836e-05
2.834198496399362557e+04 2.667846239775236209e-05
2.869965243767619540e+04 2.613604624712987967e-05
2.906183363997574997e+04 2.560466059120804116e-05
2.942858553370696973e+04 2.508408097440321385e-05
2.979996580054974038e+04 2.457408760452835315e-05
3.017603285012105334e+04 2.407446528765934022e-05
3.055684582916170984e+04 2.358500298194663136e-05
3.094246463083853814e+04 2.310549401790000629e-05
3.133294990416403380e+04 2.263573594588164464e-05
3.172836306353567124e+04 2.217553058198569943e-05
3.212876629839448651e+04 2.172468348995867894e-05
3.253422258300620524e+04 2.128300433661118831e-05
3.294479568636576005e+04 2.085030671096450971e-05
3.336055018222620856e+04 2.042640795339536634e-05
3.378155145925542456e+04 2.001112903401524554e-05
3.420786573131980549e+04 1.960429463418469245e-05
3.463956004789823055e+04 1.920573311111898793e-05
3.507670230462750624e+04 1.881527611281083313e-05
3.551936125398071454e+04 1.843275879550162018e-05
3.596760651608047920e+04 1.805801968072046841e-05
3.642150858964868530e+04 1.769090067356173161e-05
3.688113886309378722e+04 1.733124668703422757e-05
3.734656962573941564e+04 1.697890589974256211e-05
3.781787407919329416e+04 1.663372962570252900e-05
3.829512634886024898e+04 1.629557215323289550e-05
3.877840149560068676e+04 1.596429068349040239e-05
3.926777552753523923e+04 1.563974537110541060e-05
3.976332541200009291e+04 1.532179930925385019e-05
4.026512908765154134e+04 1.501031819903631033e-05
4.077326547672411834e+04 1.470517055652661369e-05
4.128781449744327256e+04 1.440622758159728890e-05
4.180885707659462787e+04 1.411336315780038803e-05
4.233647516225197614e+04 1.382645358290082723e-05
4.287075173666595219e+04 1.354537775371091224e-05
4.341177082931458426e+04 1.327001707352950528e-05
4.395961753012026020e+04 1.300025530371595548e-05
4.451437800283166871e+04 1.273597854319044805e-05
4.507613949857561965e+04 1.247707524127434785e-05
4.564499036957983481e+04 1.222343619647125456e-05
4.622102008306793869e+04 1.197495427387844786e-05
4.680431923533174268e+04 1.173152459733598452e-05
4.739497956597927259e+04 1.149304443101671856e-05
4.799309397236343648e+04 1.125941316753215115e-05
4.859875652419265680e+04 1.103053213720543905e-05
4.921206247832591907e+04 1.080630473889473892e-05
4.983310829375443427e+04 1.058663637520444148e-05
5.046199164677273075e+04 1.037143431811167505e-05
5.109881144634000520e+04 1.016060771550911836e-05
5.174366784963744431e+04 9.954067585736533857e-06
5.239666227781997441e+04 9.751726823853295646e-06
5.305789743196749623e+04 9.553499966698998877e-06
5.372747730923779454e+04 9.359303358942142905e-06
5.440550721922198136e+04 9.169055053848415647e-06
5.509209380050856271e+04 8.982674792653411828e-06
5.578734503745444090e+04 8.800083871860269819e-06
5.649137027716852754e+04 8.621205234267004128e-06
5.720428024670959712e+04 8.445963424537162453e-06
5.792618707050111698e+04 8.274284469194699852e-06
5.865720428796582564e+04 8.106095900217310686e-06
5.939744687138286827e+04 7.941326738065474693e-06
6.014703124397055944e+04 7.779907500960452709e-06
6.090607529819635238e+04 7.621770016316505820e-06
6.167469841431953682e+04 7.466847553183930921e-06
6.245302147916658578e+04 7.315074746508357133e-06
6.324116690514414222e+04 7.166387569808674021e-06
6.403925864949068637e+04 7.020723244919796048e-06
6.484742223377376649e+04 6.878020303912153373e-06
6.566578476363055233e+04 6.738218559464541041e-06
6.649447494875898701e+04 6.601258998850839020e-06
6.733362312316083990e+04 6.467083817518305753e-06
6.818336126564028382e+04 6.335636395414793674e-06
6.904382302056104527e+04 6.206861307824245389e-06
6.991514371886575827e+04 6.080704174022992043e-06
7.079746039936062880e+04 5.957111762914053791e-06
7.169091183026731596e+04 5.836031935351674546e-06
7.259563853104980080e+04 5.717413613624384228e-06
7.351178279451366689e+04 5.601206721973808339e-06
7.443948870918583998e+04 5.487362227410887697e-06
7.537890218197670765e+04 5.375832120742935031e-06
7.633017096112669969e+04 5.266569323752512860e-06
7.729344465944556578e+04 5.159527727835298787e-06
7.826887477784173097e+04 5.054662166972165385e-06
7.925661472915041668e+04 4.951928429128775767e-06
8.025681986226176377e+04 4.851283134794191274e-06
8.126964748655378935e+04 4.752683821228854653e-06
8.229525689663348021e+04 4.656088898658832759e-06
8.333380939739025780e+04 4.561457618932500761e-06
8.438546832936585997e+04 4.468750038116177049e-06
8.545039909444260411e+04 4.377927042173159466e-06
8.652876918185959221e+04 4.288950335565304580e-06
8.762074819455365650e+04 4.201782360587611015e-06
8.872650787583315105e+04 4.116386337699068127e-06
8.984622213639128313e+04 4.032726238066459097e-06
9.098006708165685995e+04 3.950766792442030247e-06
9.212822103949205484e+04 3.870473397154299329e-06
9.329086458823918656e+04 3.791812179088087702e-06
9.446818058512170683e+04 3.714749963037353160e-06
9.566035419500336866e+04 3.639254241084665137e-06
9.686757291951045045e+04 3.565293150823042343e-06
9.809002662652137224e+04 3.492835490321135210e-06
9.932790758002917573e+04 3.421850712026104014e-06
1.005814104703784396e+05 3.352308853104490727e-06
1.018507324448881263e+05 3.284180575243462454e-06
1.031360731388571730e+05 3.217437138849104510e-06
1.044376347069611948e+05 3.152050406795891376e-06
1.057556218550493650e+05 3.087992776264787122e-06
1.070902418723383453e+05 3.025237225913924511e-06
1.084417046640143672e+05 2.963757292368616015e-06
1.098102227842467255e+05 2.903527041286741795e-06
1.111960114696175879e+05 2.844521056453215331e-06
1.125992886729736638e+05 2.786714447290808363e-06
1.140202750977054820e+05 2.730082846397890074e-06
1.154591942324586998e+05 2.674602349719674905e-06
1.169162723862845014e+05 2.620249554418894107e-06
1.183917387242304685e+05 2.567001535166535896e-06
1.198858253033867804e+05 2.514835844455548345e-06
1.213987671093806421e+05 2.463730463711125966e-06
1.229308020933341177e+05 2.413663837174473406e-06
1.244821712092903326e+05 2.364614855181889293e-06
1.260531184521085961e+05 2.316562827465281468e-06
1.276438908958393731e+05 2.269487479641923114e-06
1.292547387325840245e+05 2.223368955654695380e-06
1.308859153118430695e+05 2.178187817733172575e-06
1.325376771803634765e+05 2.133924995249184123e-06
1.342102841224871227e+05 2.090561819837300997e-06
1.359039992010087008e+05 2.048080003974055190e-06
1.376190887985505105e+05 2.006461639077100378e-06
1.393558226594556472e+05 1.965689160907708609e-06
1.411144739322163514e+05 1.925745373593657222e-06
1.428953192124321940e+05 1.886613437922681041e-06
1.446986385863103496e+05 1.848276847140239356e-06
1.465247156747204426e+05 1.810719428312980626e-06
1.483738376777991361e+05 1.773925341426584206e-06
1.502462954201209359e+05 1.737879080672335412e-06
1.521423833964379155e+05 1.702565431856552619e-06
1.540623998179972987e+05 1.667969502851507895e-06
1.560066466594432131e+05 1.634076705559905974e-06
1.579754297063101549e+05 1.600872752387684271e-06
1.599690586031163111e+05 1.568343632179552952e-06
1.619878469020641933e+05 1.536475626968692627e-06
1.640321121123523917e+05 1.505255303948316887e-06
1.661021757501167594e+05 1.474669493834990067e-06
1.681983633889945922e+05 1.444705295297237576e-06
1.703210047113315377e+05 1.415350071950841359e-06
1.724704335600300692e+05 1.386591454147420272e-06
1.746469879910596646e+05 1.358417304799585627e-06
1.768510103266224905e+05 1.330815743665724768e-06
1.790828472089934512e+05 1.303775133587548658e-06
1.813428496550390846e+05 1.277284075693038730e-06
1.836313731114247057e+05 1.251331393037372410e-06
1.859487775105176552e+05 1.225906142026720533e-06
1.882954273269967234e+05 1.200997607065303616e-06
1.906716916351756663e+05 1.176595281425529258e-06
1.930779441670507076e+05 1.152688873461450601e-06
1.955145633710770635e+05 1.129268302378887718e-06
1.979819324716948904e+05 1.106323700272916025e-06
2.004804395295995637e+05 1.083845384706601229e-06
2.030104775027718570e+05 1.061823878077251681e-06
2.055724443082866492e+05 1.040249897140407845e-06
2.081667428848924465e+05 1.019114347590325601e-06
2.107937812563854386e+05 9.984083132880009691e-07
2.134539725957824267e+05 9.781230638185767894e-07
2.161477352903033607e+05 9.582500510651867763e-07
2.188754930071739946e+05 9.387808924482228887e-07
2.216376747602591931e+05 9.197073780325108577e-07
2.244347149775368744e+05 9.010214656827772426e-07
2.272670535694247519e+05 8.827152831787844031e-07
2.301351359979640401e+05 8.647811062131088644e-07
2.330394133468863147e+05 8.472113738343606776e-07
2.359803423925560201e+05 8.299986804945092400e-07
2.389583856758074544e+05 8.131357704464554450e-07
2.419740115746990195e+05 7.966155309796871280e-07
2.450276943781719310e+05 7.804309972002525362e-07
2.481199143606490106e+05 7.645753499750222703e-07
2.512511578575684980e+05 7.490419013577119692e-07
2.544219173418751161e+05 7.338241019828501701e-07
2.576326915014734841e+05 7.189155361287567780e-07
2.608839853176613979e+05 7.043099233915461384e-07
2.641763101445509819e+05 6.900011016131417741e-07
2.675101837894946802e+05 6.759830388241382334e-07
2.708861305945197819e+05 6.622498273139203616e-07
2.743046815188021865e+05 6.487956781342194957e-07
2.777663742221708526e+05 6.356149171710975924e-07
2.812717531496658921e+05 6.227019879555649651e-07
2.848213696171737392e+05 6.100514505673840195e-07
2.884157818981330493e+05 5.976579690431627978e-07
2.920555553113381611e+05 5.855163186586314874e-07
2.957412623098519980e+05 5.736213812873206208e-07
2.994734825710386503e+05 5.619681461241064669e-07
3.032528030877346173e+05 5.505516973118819565e-07
3.070798182605682523e+05 5.393672226178416867e-07
3.109551299914460978e+05 5.284100091672488634e-07
3.148793477782192058e+05 5.176754382339077073e-07
3.188530888105382328e+05 5.071589832851585782e-07
3.228769780669307220e+05 4.968562114192723456e-07
3.269516484130923636e+05 4.867627829274128063e-07
3.310777407014183118e+05 4.768744404736086989e-07
3.352559038718022057e+05 4.671870160146756580e-07
3.394867950536946882e+05 4.576964265335242766e-07
3.437710796694557648e+05 4.483986741253051565e-07
3.481094315390108386e+05 4.392898371265879647e-07
3.525025329858268378e+05 4.303660763534482290e-07
3.569510749442265369e+05 4.216236320711719757e-07
3.614557570680560893e+05 4.130588191760819750e-07
3.660172878407252138e+05 4.046680265819547500e-07
3.706363846866366803e+05 3.964477177207926489e-07
3.753137740840142360e+05 3.883944305437182062e-07
3.800501916791709955e+05 3.805047682671631751e-07
3.848463824022027547e+05 3.727754057846878692e-07
3.897031005841525621e+05 3.652030858103669906e-07
3.946211100756424712e+05 3.577846185533856178e-07
3.996011843670196249e+05 3.505168754439270406e-07
4.046441067100024666e+05 3.433967935608635853e-07
4.097506702408693964e+05 3.364213735140200863e-07
4.149216781052017468e+05 3.295876750686585438e-07
4.201579435841994127e+05 3.228928174152051774e-07
4.254602902225913131e+05 3.163339790504895781e-07
4.308295519581613480e+05 3.099083980219733706e-07
4.362665732529077795e+05 3.036133642049206466e-07
4.417722092258521006e+05 2.974462248806269298e-07
4.473473257875395939e+05 2.914043814749576703e-07
4.529927997762203449e+05 2.854852889348434277e-07
4.587095190957594896e+05 2.796864513672907198e-07
4.644983828552765190e+05 2.740054251309943639e-07
4.703603015105660888e+05 2.684398173876780975e-07
4.762961970072843251e+05 2.629872821845183867e-07
4.823070029259512085e+05 2.576455212787756813e-07
4.883936646287823678e+05 2.524122836269566797e-07
4.945571394083716441e+05 2.472853657193279679e-07
5.007983966382527142e+05 2.422626053812552206e-07
5.071184179253580514e+05 2.373418862217275420e-07
5.135181972644042107e+05 2.325211351468552452e-07
5.199987411942263134e+05 2.277983215002743999e-07
5.265610689560741885e+05 2.231714541012051239e-07
5.332062126539302990e+05 2.186385833570357156e-07
5.399352174168277998e+05 2.141978003010795675e-07
5.467491415632202988e+05 2.098472331244639852e-07
5.536490567674429622e+05 2.055850483231816752e-07
5.606360482282550074e+05 2.014094499565030764e-07
5.677112148395176046e+05 1.973186800261080424e-07
5.748756693630253430e+05 1.933110135006362266e-07
5.821305386035183910e+05 1.893847618633409037e-07
5.894769635859022383e+05 1.855382712209996381e-07
5.969160997347056400e+05 1.817699213275064773e-07
6.044491170558021404e+05 1.780781236359476626e-07
6.120772003204280045e+05 1.744613226999128201e-07
6.198015492515087826e+05 1.709179955612323087e-07
6.276233787123640068e+05 1.674466487079954246e-07
6.355439188977704616e+05 1.640458193823009263e-07
6.435644155274340883e+05 1.607140747204338109e-07
6.516861300419308245e+05 1.574500121455550557e-07
6.599103398010901874e+05 1.542522553739826708e-07
6.682383382848987821e+05 1.511194572444249176e-07
6.766714352969336323e+05 1.480502982836009786e-07
6.852109571703657275e+05 1.450434856940373263e-07
6.938582469765611459e+05 1.420977521331638562e-07
7.026146647363153752e+05 1.392118566031912165e-07
7.114815876337535447e+05 1.363845840874773671e-07
7.204604102329334710e+05 1.336147429027596017e-07
7.295525446971657220e+05 1.309011660576060046e-07
7.387594210111338180e+05 1.282427103690693008e-07
7.480824872057880275e+05 1.256382567802315403e-07
7.575232095860783011e+05 1.230867072520710410e-07
7.670830729615903692e+05 1.205869869575523986e-07
7.767635808800574159e+05 1.181380432118025134e-07
7.865662558638396440e+05 1.157388444774200803e-07
7.964926396493802313e+05 1.133883796578008181e-07
8.065442934296861058e+05 1.110856586239739374e-07
8.167227980998674175e+05 1.088297120247572013e-07
8.270297545057764510e+05 1.066195889970421370e-07
8.374667836957834661e+05 1.044543585024956174e-07
8.480355271757354494e+05 1.023331084943868619e-07
8.587376471671115141e+05 1.002549460600944823e-07
8.695748268684747163e+05 9.821899516759700544e-08
8.805487707201897865e+05 9.622439826108230509e-08
8.916612046724812826e+05 9.427031549219158979e-08
9.029138764569088817e+05 9.235592377627236596e-08
9.143085558612296591e+05 9.048041644316121957e-08
9.258470350077488692e+05 8.864300351050309722e-08
9.375311286351826275e+05 8.684291161282228923e-08
9.493626743840699783e+05 8.507938203242988695e-08
9.613435330857952358e+05 8.335167196885186439e-08
9.734755890552554047e+05 8.165905377100788611e-08
9.857607503872134257e+05 8.000081496202720204e-08
9.982009492564089596e+05 7.837625662284601275e-08
1.010798142221425311e+06 7.678469454094371903e-08
1.023554310532436706e+06 7.522545866503470419e-08
1.036471460442796350e+06 7.369789223163340953e-08
1.049551623524584575e+06 7.220135165864576743e-08
1.062796856988108717e+06 7.073520664542363150e-08
1.076209244005484041e+06 6.929884018085310746e-08
1.089790894038248807e+06 6.789164685812588566e-08
1.103543943169140723e+06 6.651303405041943667e-08
1.117470554438053630e+06 6.516242121553471001e-08
1.131572918182232650e+06 6.383923984442012873e-08
1.145853252380766673e+06 6.254293231716419246e-08
1.160313803003422450e+06 6.127295271976156846e-08
1.174956844363892451e+06 6.002876646362349617e-08
1.189784679477470927e+06 5.880984949203638668e-08
1.204799640423295321e+06 5.761568833345515059e-08
1.220004088711108314e+06 5.644578008659453138e-08
1.235400415652680909e+06 5.529963247246180994e-08
1.250991042737889802e+06 5.417676242489662736e-08
1.266778422015594319e+06 5.307669711690732073e-08
1.282765036479263566e+06 5.199897336938037049e-08
1.298953400457504205e+06 5.094313754489007684e-08
1.315346060009502573e+06 4.990874475178906689e-08
1.331945593325464753e+06 4.889535941582929961e-08
1.348754611132106278e+06 4.790255502038639158e-08
1.365775757103257347e+06 4.692991339576506643e-08
1.383011708275654819e+06 4.597702487262257664e-08
1.400465175469983602e+06 4.504348819407622398e-08
1.418138903717204696e+06 4.412891058295498287e-08
1.436035672690317500e+06 4.323290661033401446e-08
1.454158297141525196e+06 4.235509901406360521e-08
1.472509627344910521e+06 4.149511824790498392e-08
1.491092549544754671e+06 4.065260233124427677e-08
1.509909986409455072e+06 3.982719630780283236e-08
1.528964897491198033e+06 3.901855263749107438e-08
1.548260279691429576e+06 3.822633102428347898e-08
1.567799167732200818e+06 3.745019778695161762e-08
1.587584634633458219e+06 3.668982607046545548e-08
1.607619792196359951e+06 3.594489571488553543e-08
1.627907791492691031e+06 3.521509332964026327e-08
1.648451823360462906e+06 3.450011138527885557e-08
1.669255118905729149e+06 3.379964886623225119e-08
1.690320950010808418e+06 3.311347979447024883e-08
1.711652629848854151e+06 3.244499036469536296e-08
1.733253513404922094e+06 3.179445823590935680e-08
1.755126998003670713e+06 3.116222819939426689e-08
1.777276523843659321e+06 3.054870825317795339e-08
1.799705574538415531e+06 2.995436323582173940e-08
1.822417677664331859e+06 2.937970651216812107e-08
1.845416405315468553e+06 2.882528857914591422e-08
1.868705374665366020e+06 2.829168331967280288e-08
1.892288248535940889e+06 2.777947210710660650e-08
1.916168735973564675e+06 2.728922670925207952e-08
1.940350592832419788e+06 2.682149033825797837e-08
1.964837622365183197e+06 2.637675826214823429e-08
1.989633675821223995e+06 2.595545874641507165e-08
2.014742653052310459e+06 2.555793476036607971e-08
2.040168503125931602e+06 2.518442691724101267e-08
2.065915224946448579e+06 2.483505850492941163e-08
2.091986867883996340e+06 2.450982373552770922e-08
2.118387532411366701e+06 2.420857864127957159e-08
2.145121370748916641e+06 2.393103553200891260e-08
2.172192587517619133e+06 2.367676115155586716e-08
