7.636985206414310667e+00 3.466606901882366863e-04
7.733594293868744529e+00 3.935294455861877315e-04
7.831425501770774567e+00 4.497761579539023835e-04
7.930494290140042146e+00 5.174545194706728400e-04
8.030816314567875480e+00 5.988108360651052441e-04
8.132407428691411866e+00 6.964924537704777346e-04
8.235283686698778638e+00 8.134406219776521259e-04
8.339461345866187258e+00 9.530253876778983866e-04
8.444956869126984955e+00 1.119031797587091140e-03
8.551786927673276750e+00 1.315860095717555052e-03
8.659968403590418973e+00 1.548657739666174172e-03
8.769518392524831896e+00 1.823135507954066863e-03
8.880454206385664406e+00 2.145102370259496100e-03
8.992793376080431500e+00 2.520902132890830497e-03
9.106553654285464816e+00 2.958511862131705476e-03
9.221753018251289902e+00 3.465749747427490299e-03
9.338409672643544823e+00 4.050025127306077638e-03
9.456542052419775857e+00 4.720838753189856608e-03
9.576168825742769286e+00 5.487246227769280310e-03
9.697308896930488586e+00 6.356734614100203150e-03
9.819981409443588660e+00 7.338065434802242340e-03
9.944205748910560416e+00 8.441731172291303681e-03
1.007000154619120735e+01 9.662179745984125073e-03
1.019738868047885383e+01 1.100573593817405320e-02
1.032638728244178949e+01 1.247943914230531873e-02
1.045701773740455032e+01 1.409766050048555201e-02
1.058930068856923157e+01 1.588283247052742556e-02
1.072325704027776183e+01 1.783348923326582083e-02
1.085890796131534763e+01 1.994158254581064951e-02
1.099627488825574417e+01 2.221362977528188246e-02
1.113537952884876958e+01 2.468751240403879721e-02
1.127624386545074842e+01 2.739764741397675979e-02
1.141889015849841371e+01 3.034603887947335404e-02
1.156334095002651452e+01 3.351722588778207473e-02
1.170961906723018231e+01 3.690776400262833074e-02
1.185774762607222321e+01 4.053434960996567943e-02
1.200775003493608750e+01 4.441921604475849300e-02
1.215964999832498883e+01 4.857851223520632394e-02
1.231347152060799921e+01 5.300108041106853241e-02
1.246923890981322813e+01 5.766984294991431281e-02
1.262697678146925639e+01 6.260668164962238103e-02
1.278671006249505915e+01 6.785089169103909745e-02
1.294846399513912694e+01 7.340483317627850834e-02
1.311226414096844373e+01 7.925591188383322716e-02
1.327813638490788328e+01 8.538742013390501762e-02
1.344610693933085699e+01 9.181060969660363724e-02
1.361620234820142095e+01 9.854986318784753063e-02
1.378844949126905384e+01 1.056351295572094118e-01
1.396287558831638798e+01 1.130624981516871880e-01
1.413950820346065385e+01 1.208241547773370450e-01
1.431837524950960017e+01 1.289049057879139426e-01
1.449950499237242596e+01 1.372918200832826119e-01
1.468292605552671937e+01 1.459963425856473651e-01
1.486866742454154533e+01 1.550405372118274505e-01
1.505675845165810323e+01 1.643966350203492632e-01
1.524722886042814629e+01 1.739857023887249610e-01
1.544010875041113451e+01 1.838154844260938559e-01
1.563542860193076223e+01 1.939142839131036133e-01
1.583321928089168829e+01 2.042341301660528241e-01
1.603351204365731064e+01 2.148099362078997876e-01
1.623633854198893189e+01 2.257074653259502628e-01
1.644173082804774921e+01 2.368827415670712033e-01
1.664972135945993870e+01 2.482429132256632753e-01
1.686034300444584488e+01 2.597103916541716462e-01
1.707362904701404460e+01 2.712720167596449072e-01
1.728961319222126036e+01 2.829653496097042087e-01
1.750832957149847857e+01 2.947821448735162275e-01
1.772981274804480734e+01 3.066552972973114466e-01
1.795409772228934742e+01 3.186047064431666853e-01
1.818121993742226650e+01 3.307021785009915393e-01
1.841121528499573756e+01 3.428591868322212743e-01
1.864412011059581076e+01 3.549094656281052140e-01
1.887997121958613889e+01 3.668087764050940724e-01
1.911880588292399707e+01 3.785648517486489006e-01
1.936066184305030902e+01 3.902532256168415037e-01
1.960557731985390362e+01 4.019428772288451968e-01
1.985359101671134852e+01 4.135654961071863478e-01
2.010474212660312077e+01 4.250647199799065801e-01
2.035907033830715918e+01 4.364448434532127719e-01
2.061661584267091385e+01 4.477126609940266788e-01
2.087741933896237967e+01 4.588753083454944481e-01
2.114152204130186874e+01 4.698239061092528424e-01
2.140896568517491261e+01 4.804724476384135690e-01
2.167979253402763362e+01 4.909508439135846225e-01
2.195404538594552335e+01 5.012807054755451519e-01
2.223176758041667256e+01 5.113771383337166743e-01
2.251300300518077080e+01 5.212319356511471158e-01
2.279779610316435168e+01 5.307921588417353620e-01
2.308619187950408502e+01 5.400862645679919138e-01
2.337823590865889045e+01 5.492174802877042294e-01
2.367397434161185998e+01 5.582174359123140972e-01
2.397345391316341434e+01 5.670488172195016219e-01
2.427672194931678362e+01 5.756282090629490922e-01
2.458382637475663657e+01 5.838593487589895936e-01
2.489481572042260282e+01 5.917671854796571207e-01
2.520973913117849818e+01 5.994773316695668486e-01
2.552864637357854960e+01 6.070278298498543723e-01
2.585158784373183849e+01 6.143788148173423558e-01
2.617861457526634084e+01 6.215364138141983297e-01
2.650977824739356237e+01 6.284697299703095874e-01
2.684513119307545992e+01 6.350908845490903509e-01
2.718472640729419254e+01 6.413912623458990492e-01
2.752861755542700806e+01 6.474437726708970331e-01
2.787685898172676602e+01 6.533078588498704153e-01
2.822950571790980590e+01 6.589751429372129321e-01
2.858661349185264555e+01 6.644129569130818869e-01
2.894823873639821343e+01 6.696464289855884600e-01
2.931443859827403031e+01 6.747192372406091154e-01
2.968527094712285219e+01 6.796192109567279482e-01
3.006079438464769282e+01 6.842710935560372132e-01
3.044106825387255100e+01 6.886198012430047033e-01
3.082615264852016423e+01 6.927153805215089388e-01
3.121610842250841600e+01 6.966623899624458938e-01
3.161099719956724030e+01 7.004700344206169493e-01
3.201088138297640739e+01 7.040736525611600571e-01
3.241582416542726008e+01 7.074386862511717888e-01
3.282588953900884121e+01 7.105725851295068285e-01
3.324114230532036629e+01 7.134927010083524923e-01
3.366164808571158318e+01 7.162241269966129753e-01
3.408747333165308646e+01 7.187783217129602997e-01
3.451868533523695959e+01 7.211352280598195552e-01
3.495535223981116246e+01 7.232710583518759950e-01
3.539754305074793450e+01 7.252000939636189525e-01
3.584532764634851532e+01 7.269494151801209059e-01
3.629877678888584569e+01 7.285121068820675783e-01
3.675796213578701099e+01 7.298770708710846655e-01
3.722295625095694049e+01 7.310577247216344388e-01
3.769383261624580683e+01 7.320556698708353682e-01
3.817066564306078646e+01 7.328444724090402707e-01
3.865353068412530746e+01 7.334047825358568362e-01
3.914250404538690020e+01 7.337638172820609705e-01
3.963766299807538473e+01 7.339500630947336512e-01
4.013908579091440032e+01 7.339573302801999377e-01
4.064685166248613513e+01 7.337596960408424573e-01
4.116104085375371113e+01 7.333528877722635952e-01
4.168173462074121716e+01 7.327488577412669679e-01
4.220901524737456612e+01 7.319461958269470880e-01
4.274296605848444841e+01 7.309311613830092869e-01
4.328367143297408148e+01 7.296921553801164473e-01
4.383121681715322637e+01 7.282267291717272606e-01
4.438568873824141292e+01 7.265332896360870985e-01
4.494717481804112680e+01 7.246128564986770160e-01
4.551576378678480950e+01 7.224798853805821652e-01
4.609154549715655946e+01 7.201453508102201306e-01
4.667461093849129838e+01 7.175986703781452869e-01
4.726505225115356978e+01 7.148080439170388933e-01
4.786296274109859183e+01 7.117519559876926971e-01
4.846843689461657334e+01 7.084341161384246632e-01
4.908157039326456328e+01 7.048710686680047521e-01
4.970246012898662258e+01 7.010665603048995553e-01
5.033120421942546585e+01 6.970135832032509082e-01
5.096790202342766918e+01 6.927043884222611192e-01
5.161265415674525059e+01 6.881383185886635889e-01
5.226556250793541381e+01 6.833172366569064682e-01
5.292673025446231350e+01 6.782403622473762717e-01
5.359626187900128969e+01 6.729094278965840337e-01
5.427426318595030352e+01 6.673232161473402480e-01
5.496084131814995288e+01 6.614847640068208801e-01
5.565610477381490284e+01 6.553953065090776242e-01
5.636016342367983611e+01 6.490644208658369330e-01
5.707312852836164296e+01 6.424993548531809928e-01
5.779511275594185093e+01 6.357089361225373159e-01
5.852623019977139762e+01 6.287009248788306692e-01
5.926659639650033284e+01 6.214843687580573484e-01
6.001632834433584662e+01 6.140681747028223780e-01
6.077554452153130882e+01 6.064656694889690725e-01
6.154436490510871494e+01 5.986893808703808162e-01
6.232291098981913535e+01 5.907541133952206591e-01
6.311130580734128159e+01 5.826742502640387400e-01
6.390967394572447802e+01 5.744656257051403703e-01
6.471814156907682047e+01 5.661450628760589243e-01
6.553683643750264309e+01 5.577266711838303470e-01
6.636588792729195063e+01 5.492277005613240837e-01
6.720542705136590200e+01 5.406624666820462055e-01
6.805558647997982291e+01 5.320461696421627806e-01
6.891650056168903404e+01 5.233940088209250163e-01
6.978830534457978274e+01 5.147188045077842888e-01
7.067113859776830509e+01 5.060347127165858439e-01
7.156513983317226746e+01 4.973548879343940854e-01
7.247045032755734439e+01 4.886911548467584021e-01
7.338721314486343772e+01 4.800559581260894770e-01
7.431557315881165948e+01 4.714619459527863432e-01
7.525567707579919841e+01 4.629192267784547066e-01
7.620767345808263826e+01 4.544384179885848640e-01
7.717171274725491514e+01 4.460301194633602417e-01
7.814794728801909685e+01 4.377001693869345678e-01
7.913653135226368818e+01 4.294567507852444233e-01
8.013762116344075537e+01 4.213058463981489421e-01
8.115137492125433027e+01 4.132519960596267028e-01
8.217795282666001810e+01 4.052999183982703979e-01
8.321751710718122297e+01 3.974547096230318655e-01
8.427023204254551558e+01 3.897198166641149264e-01
8.533626399064537793e+01 3.820982113841761563e-01
8.641578141382714762e+01 3.745941382751827864e-01
8.750895490551333467e+01 3.672092971942185757e-01
8.861595721716010132e+01 3.599464410416785554e-01
8.973696328555740820e+01 3.528064241832833958e-01
9.087215026047370259e+01 3.457906219569112927e-01
9.202169753265008012e+01 3.388972774180684100e-01
9.318578676215003043e+01 3.321280460113116839e-01
9.436460190706526419e+01 3.254815329975350724e-01
9.555832925258708599e+01 3.189580105421724876e-01
9.676715744044440726e+01 3.125564973475518649e-01
9.799127749871412618e+01 3.062770757194638316e-01
9.923088287200903324e+01 3.001188781819736362e-01
1.004861694520473065e+02 2.940808414876712740e-01
1.017573356086086989e+02 2.881617182253480847e-01
1.030445822208823330e+02 2.823608423995773165e-01
1.043481127092118754e+02 2.766760050163693530e-01
1.056681330672403760e+02 2.711054392545227953e-01
1.070048518944636697e+02 2.656472794998388509e-01
1.083584804291946853e+02 2.602999662279546489e-01
1.097292325819446290e+02 2.550617730787669846e-01
1.111173249692276954e+02 2.499299379024410572e-01
1.125229769477909798e+02 2.449029818289420457e-01
1.139464106492799118e+02 2.399790499306951597e-01
1.153878510153407433e+02 2.351555408160369010e-01
1.168475258331677367e+02 2.304310337912867934e-01
1.183256657714996294e+02 2.258034577243573926e-01
1.198225044170716558e+02 2.212705653612506707e-01
1.213382783115285690e+02 2.168306339469272537e-01
1.228732269888054560e+02 2.124815628597413464e-01
1.244275930129794716e+02 2.082207966166594870e-01
1.260016220166024539e+02 2.040472446480379731e-01
1.275955627395173622e+02 1.999585464560791892e-01
1.292096670681658281e+02 1.959522596595849875e-01
1.308441900753941809e+02 1.920270397548406449e-01
1.324993900607603052e+02 1.881809478866330321e-01
1.341755285913532418e+02 1.844119849825995583e-01
1.358728705431275898e+02 1.807187615532187819e-01
1.375916841427612667e+02 1.770993971385202148e-01
1.393322410100425941e+02 1.735520262703249550e-01
1.410948162007940425e+02 1.700752838983103643e-01
1.428796882503380061e+02 1.666673540433919187e-01
1.446871392175133053e+02 1.633265211246082982e-01
1.465174547292490956e+02 1.600515354552124181e-01
1.483709240257000488e+02 1.568408439347770411e-01
1.502478400059555383e+02 1.536928159908432789e-01
1.521484992743254736e+02 1.506062668679226946e-01
1.540732021872112796e+02 1.475802518592930213e-01
1.560222529005722549e+02 1.446130607645965682e-01
1.579959594179882743e+02 1.417035444554834711e-01
1.599946336393340687e+02 1.388506735729303776e-01
1.620185914100680407e+02 1.360531477109264975e-01
1.640681525711441395e+02 1.333094483809181552e-01
1.661436410095556653e+02 1.306183489988955448e-01
1.682453847095184756e+02 1.279788889467879387e-01
1.703737158043007582e+02 1.253896521899787175e-01
1.725289706287110789e+02 1.228494447749257229e-01
1.747114897722460398e+02 1.203574353760313159e-01
1.769216181329144604e+02 1.179128387592528748e-01
1.791597049717402115e+02 1.155146245578418662e-01
1.814261039679547025e+02 1.131618028329002545e-01
1.837211732748896225e+02 1.108537030487162234e-01
1.860452755765724362e+02 1.085895575323166107e-01
1.883987781450421437e+02 1.063684982814918772e-01
1.907820528983880024e+02 1.041896430633107717e-01
1.931954764595226095e+02 1.020523125342780724e-01
1.956394302156989227e+02 9.995559265301408314e-02
1.981143003787797170e+02 9.789869877605213155e-02
2.006204780462697386e+02 9.588088958659871097e-02
2.031583592631196495e+02 9.390154771494087227e-02
2.057283450843132186e+02 9.195997407635697618e-02
2.083308416382430721e+02 9.005564983185276873e-02
2.109662601908913757e+02 8.818788874228213059e-02
2.136350172108209904e+02 8.635605143841511289e-02
2.163375344349883562e+02 8.455981348082625138e-02
2.190742389353915200e+02 8.279864636197295513e-02
2.218455631865563191e+02 8.107187407128588208e-02
2.246519451338812416e+02 7.937903541937282870e-02
2.274938282628440618e+02 7.771964802531516892e-02
2.303716616690852561e+02 7.609312944896619302e-02
2.332859001293770689e+02 7.449896061962174576e-02
2.362370041734907318e+02 7.293658842306219303e-02
2.392254401569724109e+02 7.140544198215319216e-02
2.422516803348425753e+02 6.990502958351610396e-02
2.453162029362213730e+02 6.843479965083074101e-02
2.484194922399049119e+02 6.699431667737344720e-02
2.515620386508936406e+02 6.558314978222777591e-02
2.547443387778892827e+02 6.420075824640256168e-02
2.579668955117747942e+02 6.284674463607800576e-02
2.612302181050822014e+02 6.152074983756024990e-02
2.645348222524698372e+02 6.022226183884252931e-02
2.678812301722163625e+02 5.895081447476812481e-02
2.712699706887454454e+02 5.770589440208309662e-02
2.747015793161943407e+02 5.648703740328919060e-02
2.781765983430400411e+02 5.529374900845593355e-02
2.816955769177959610e+02 5.412555063822344081e-02
2.852590711357914302e+02 5.298202457625385969e-02
2.888676441270525856e+02 5.186268424469755306e-02
2.925218661452892661e+02 5.076702677993930046e-02
2.962223146580124080e+02 4.969460296782653164e-02
2.999695744377897881e+02 4.864501902171382980e-02
3.037642376546551191e+02 4.761783293973026465e-02
3.076069039696899949e+02 4.661263800299577514e-02
3.114981806297829507e+02 4.562901758980722478e-02
3.154386825635937157e+02 4.466649250955252726e-02
3.194290324787281179e+02 4.372462319120447999e-02
3.234698609601429098e+02 4.280299349784860014e-02
3.275618065697959196e+02 4.190119263688057288e-02
3.317055159475559662e+02 4.101884802181236106e-02
3.359016439133893073e+02 4.015555780865450591e-02
3.401508535708416048e+02 3.931087882454208787e-02
3.444538164118231407e+02 3.848444891725105038e-02
3.488112124227246227e+02 3.767589229371266085e-02
3.532237301918739831e+02 3.688483874750352748e-02
3.576920670183511675e+02 3.611098411472792730e-02
3.622169290221833649e+02 3.535394519141655395e-02
3.667990312559273320e+02 3.461339886003480387e-02
3.714390978176699605e+02 3.388899554710759349e-02
3.761378619654549311e+02 3.318041426863355819e-02
3.808960662331577964e+02 3.248732312232226888e-02
3.857144625478268836e+02 3.180939731719082536e-02
3.905938123485080951e+02 3.114634008684493902e-02
3.955348867065733884e+02 3.049785259060128553e-02
4.005384664475703858e+02 2.986363454402957140e-02
4.056053422746176125e+02 2.924335520871929744e-02
4.107363148933524144e+02 2.863670936643619713e-02
4.159321951384674207e+02 2.804337126052408938e-02
4.211938041018444778e+02 2.746304955100944273e-02
4.265219732623080517e+02 2.689546401386322394e-02
4.319175446170262944e+02 2.634029596257343037e-02
4.373813708145636383e+02 2.579722456432079897e-02
4.429143152896260744e+02 2.526595591207294114e-02
4.485172523995077540e+02 2.474618846462653399e-02
4.541910675622623899e+02 2.423763712385226810e-02
4.599366573966241845e+02 2.374001976313109066e-02
4.657549298636980097e+02 2.325302745916651634e-02
4.716468044104414048e+02 2.277637321694739661e-02
4.776132121149662453e+02 2.230978045737210674e-02
4.836550958336689519e+02 2.185298841065937137e-02
4.897734103502315293e+02 2.140574280299464144e-02
4.959691225265024173e+02 2.096777179833967525e-02
5.022432114552867688e+02 2.053881759492967932e-02
5.085966686150736678e+02 2.011862837486829564e-02
5.150304980267109158e+02 1.970697031260773210e-02
5.215457164120723519e+02 1.930361541937108613e-02
5.281433533547261732e+02 1.890837770354996533e-02
5.348244514626378532e+02 1.852106313922035133e-02
5.415900665329311323e+02 1.814148285906888938e-02
5.484412677187323197e+02 1.776943604075975278e-02
5.553791376981267831e+02 1.740473597440878387e-02
5.624047728452488855e+02 1.704722807882222066e-02
5.695192834035466376e+02 1.669677327268657974e-02
5.767237936612210660e+02 1.635321907963995305e-02
5.840194421289008915e+02 1.601642622663483964e-02
5.914073817195566107e+02 1.568627282128392392e-02
5.988887799306917259e+02 1.536263065730967756e-02
6.064648190288437490e+02 1.504538382564788411e-02
6.141366962364080564e+02 1.473441958919172526e-02
6.219056239208362058e+02 1.442963326740299979e-02
6.297728297862225872e+02 1.413091707918366635e-02
6.377395570673154452e+02 1.383816701765322107e-02
6.458070647259817179e+02 1.355129148578850841e-02
6.539766276501577522e+02 1.327017789271157759e-02
6.622495368553156823e+02 1.299473659893904745e-02
6.706270996884841225e+02 1.272487895811978166e-02
6.791106400348372745e+02 1.246051513696557443e-02
6.877014985269104272e+02 1.220155007480748684e-02
6.964010327564544696e+02 1.194789501933270562e-02
7.052106174889767090e+02 1.169945374845242879e-02
7.141316448809853910e+02 1.145612999645457750e-02
7.231655246999931705e+02 1.121783551720984158e-02
7.323136845472971572e+02 1.098448445732292354e-02
7.415775700835800990e+02 1.075598541447413473e-02
7.509586452573643101e+02 1.053224838383876386e-02
7.604583925363556318e+02 1.031318261070767427e-02
7.700783131417142613e+02 1.009869539930093388e-02
7.798199272852882586e+02 9.888698550526665507e-03
7.896847744098465682e+02 9.683097000133955232e-03
7.996744134323685103e+02 9.481796443723260193e-03
8.097904229903612077e+02 9.284710137865595514e-03
8.200344016913746827e+02 9.091753184473989197e-03
8.304079683655753570e+02 8.902841530650164314e-03
8.409127623216128313e+02 8.717890854745960483e-03
8.515504436056414761e+02 8.536818408224074173e-03
8.623226932636692936e+02 8.359542263303494647e-03
8.732312136072049498e+02 8.185981055900981920e-03
8.842777284822718684e+02 8.016052539259400228e-03
8.954639835418205394e+02 7.849676997981541032e-03
9.067917465215928132e+02 7.686777234883728459e-03
9.182628075194699022e+02 7.527282777687526946e-03
9.298789792783591110e+02 7.371120171451945625e-03
9.416420974726548820e+02 7.218217919033483726e-03
9.535540209983253135e+02 7.068506387734447421e-03
9.656166322666845190e+02 6.921915184653295097e-03
9.778318375018241113e+02 6.778377561809579253e-03
9.902015670419051503e+02 6.637828111401873968e-03
1.002727775644158328e+03 6.500202223707983624e-03
1.015412442793812374e+03 6.365438582262035634e-03
1.028257573016900324e+03 6.233476714544263983e-03
1.041265196197031628e+03 6.104257383879249654e-03
1.054437367896168553e+03 5.977722680152312493e-03
1.067776169679461418e+03 5.853814553039913930e-03
1.081283709444195210e+03 5.732477740782099436e-03
1.094962121752891335e+03 5.613659083813895938e-03
1.108813568170631015e+03 5.497305593968916659e-03
1.122840237606634673e+03 5.383364471232592735e-03
1.137044346660194606e+03 5.271785339602042854e-03
1.151428139970907068e+03 5.162521253282805096e-03
1.165993890573450699e+03 5.055522937889711001e-03
1.180743900256739153e+03 4.950742716044182444e-03
1.195680499927691017e+03 4.848134157859348460e-03
1.210806049979569707e+03 4.747652253609695519e-03
1.226122940664992029e+03 4.649252926351755272e-03
1.241633592473653835e+03 4.552893012806004218e-03
1.257340456514833249e+03 4.458530244688071499e-03
1.273246014904735375e+03 4.366123228977772039e-03
1.289352781158731432e+03 4.275631431006507617e-03
1.305663300588566017e+03 4.187015156138919163e-03
1.322180150704580228e+03 4.100235532859503734e-03
1.338905941623055696e+03 4.015254494576890945e-03
1.355843316478626093e+03 3.932034764028066558e-03
1.372994951842038745e+03 3.850539836690024167e-03
1.390363558143068985e+03 3.770733964462924092e-03
1.407951880098869424e+03 3.692582140041968716e-03
1.425762697147704330e+03 3.616050081801885138e-03
1.443798823888178958e+03 3.541104218947167467e-03
1.462063110524018839e+03 3.467711675844677589e-03
1.480558443314487249e+03 3.395840258594095152e-03
1.499287745030488168e+03 3.325458440475608131e-03
1.518253975416447020e+03 3.256535348513883623e-03
1.537460131658029240e+03 3.189040749029650127e-03
1.556909248855775559e+03 3.122945035255822368e-03
1.576604400504759951e+03 3.058219214144522469e-03
1.596548698980214567e+03 2.994834893462031827e-03
1.616745296029472001e+03 2.932764269297866155e-03
1.637197383269921602e+03 2.871980114114042106e-03
1.657908192693468663e+03 2.812455764933178160e-03
1.678880997177208883e+03 2.754165110897730060e-03
1.700119111000665043e+03 2.697082582606201949e-03
1.721625890369527497e+03 2.641183140552634274e-03
1.743404733946025317e+03 2.586442264452939142e-03
1.765459083386011798e+03 2.532835941772127505e-03
1.787792423882837056e+03 2.480340657890768921e-03
1.810408284718105278e+03 2.428933385612464142e-03
1.833310239819401659e+03 2.378591574957371856e-03
1.856501908325065870e+03 2.329293143179084116e-03
1.879986955156110753e+03 2.281016465316278424e-03
1.903769091595420377e+03 2.233740364796323041e-03
1.927852075874144475e+03 2.187444103560373578e-03
1.952239713765718989e+03 2.142107373589837317e-03
1.976935859187187361e+03 2.097710287726758677e-03
2.001944414808272995e+03 2.054233371193476491e-03
2.027269332668095785e+03 2.011657552482645165e-03
2.052914614799705305e+03 1.969964155548854876e-03
2.078884313862510680e+03 1.929134891463807388e-03
2.105182533782710379e+03 1.889151850344235285e-03
2.131813430401828555e+03 1.849997493373436433e-03
2.158781212133453664e+03 1.811654645331493103e-03
2.186090140628277368e+03 1.774106487114039980e-03
2.213744531447547160e+03 1.737336547920862243e-03
2.241748754745090082e+03 1.701328698480293134e-03
2.270107235957816101e+03 1.666067143790131303e-03
2.298824456505184571e+03 1.631536416371965822e-03
2.327904954497294511e+03 1.597721369037351105e-03
2.357353325452072113e+03 1.564607168687543511e-03
2.387174223021484977e+03 1.532179289676736640e-03
2.417372359726941795e+03 1.500423507428215626e-03
2.447952507704004802e+03 1.469325892058182589e-03
2.478919499456515950e+03 1.438872802470358937e-03
2.510278228620263690e+03 1.409050880399627783e-03
2.542033650736316304e+03 1.379847044233010285e-03
2.574190784034130047e+03 1.351248483592022535e-03
2.606754710224558494e+03 1.323242653592415297e-03
2.639730575302955003e+03 1.295817269478351632e-03
2.673123590362262348e+03 1.268960300878376433e-03
2.706939032416663395e+03 1.242659966882040268e-03
2.741182245235369010e+03 1.216904730761634787e-03
2.775858640187144829e+03 1.191683294923540038e-03
2.810973697095432271e+03 1.166984595812793233e-03
2.846532965104321192e+03 1.142797799244533920e-03
2.882542063555463756e+03 1.119112295661730790e-03
2.919006682876085506e+03 1.095917695247502219e-03
2.955932585478227338e+03 1.073203823593457326e-03
2.993325606669367062e+03 1.050960717160576673e-03
3.031191655574560173e+03 1.029178619010989552e-03
3.069536716070225339e+03 1.007847974246900468e-03
3.108366847729830624e+03 9.869594261011644786e-04
3.147688186781329023e+03 9.665038117394388626e-04
3.187506947077045879e+03 9.464721582675502841e-04
3.227829421075429309e+03 9.268556786596874502e-04
3.268661980835628583e+03 9.076457680677390769e-04
3.310011079024310220e+03 8.888340000456477520e-04
3.351883249935421645e+03 8.704121226832711895e-04
3.394285110522775085e+03 8.523720551431673799e-04
3.437223361445711362e+03 8.347058840713503453e-04
3.480704788127988650e+03 8.174058602021473576e-04
3.524736261830057174e+03 8.004643947364812120e-04
3.569324740734921306e+03 7.838740562375558956e-04
3.614477271047708655e+03 7.676275672922879077e-04
3.660200988109177160e+03 7.517178013538507349e-04
3.706503117523273431e+03 7.361377794880108027e-04
3.753390976299050180e+03 7.208806674555456092e-04
3.800871974006793153e+03 7.059397727062496171e-04
3.848953613949153805e+03 6.913085413208555066e-04
3.897643494346691568e+03 6.769805552422886565e-04
3.946949309538693797e+03 6.629495294375735599e-04
3.996878851199086057e+03 6.492093091971849837e-04
4.047440009567698780e+03 6.357538672592202454e-04
4.098640774697175402e+03 6.225773013443998720e-04
4.150489237715599302e+03 6.096738315008851019e-04
4.202993592105127391e+03 5.970377976073561622e-04
4.256162134996773602e+03 5.846636567731726538e-04
4.310003268481594205e+03 5.725459810320224783e-04
4.364525500938424557e+03 5.606794549486682731e-04
4.419737448378530644e+03 5.490588732000994130e-04
4.475647835806971671e+03 5.376791383620827501e-04
4.532265498601651416e+03 5.265352586650590572e-04
4.589599383909345306e+03 5.156223458459448499e-04
4.647658552059691829e+03 5.049356128645670141e-04
4.706452177996948194e+03 4.944703719463199899e-04
4.765989552729890420e+03 4.842220324704876429e-04
4.826280084800042459e+03 4.741860989957099887e-04
4.887333301768489946e+03 4.643581691826625100e-04
4.949158851721494102e+03 4.547339319709086205e-04
5.011766504795152287e+03 4.453091656735160995e-04
5.075166154719351653e+03 4.360797360638435263e-04
5.139367820381227830e+03 4.270415946060931154e-04
5.204381647408528806e+03 4.181907766809191563e-04
5.270217909772673011e+03 4.095233998766678726e-04
5.336887011412612992e+03 4.010356621761077271e-04
5.404399487878711625e+03 3.927238404021898832e-04
5.472766007997756788e+03 3.845842885386252736e-04
5.541997375558903514e+03 3.766134361684753953e-04
5.612104531020972900e+03 3.688077868143987037e-04
5.683098553241345144e+03 3.611639164975045816e-04
5.754990661226720476e+03 3.536784722203873701e-04
5.827792215906038109e+03 3.463481704538810563e-04
5.901514721925803315e+03 3.391697957226084688e-04
5.976169829468149146e+03 3.321401992020167268e-04
6.051769336091852892e+03 3.252562973591628507e-04
6.128325188596803855e+03 3.185150705128863375e-04
6.205849484911650507e+03 3.119135615996522330e-04
6.284354476005953984e+03 3.054488748379107659e-04
6.363852567825903861e+03 2.991181744933930605e-04
6.444356323254924064e+03 2.929186835530408063e-04
6.525878464098926088e+03 2.868476825858391559e-04
6.608431873096708841e+03 2.809025085351065233e-04
6.692029595955782497e+03 2.750805535216139901e-04
6.776684843413948329e+03 2.693792637129597102e-04
6.862410993326957396e+03 2.637961382143027482e-04
6.949221592782588232e+03 2.583287279871962386e-04
7.037130360241440030e+03 2.529746347062880639e-04
7.126151187704820586e+03 2.477315097793329540e-04
7.216298142910191018e+03 2.425970532858941382e-04
7.307585471553948992e+03 2.375690129974430758e-04
7.400027599543063843e+03 2.326451833230217675e-04
7.493639135274312139e+03 2.278234044055532247e-04
7.588434871943230064e+03 2.231015611611175643e-04
7.684429789881542092e+03 2.184775823323146008e-04
7.781639058924587516e+03 2.139494395845507066e-04
7.880078040808572950e+03 2.095151466290018165e-04
7.979762291598121010e+03 2.051727583626183557e-04
8.080707564144558091e+03 2.009203699602876865e-04
8.182929810575316878e+03 1.967561160966663496e-04
8.286445184814800086e+03 1.926781701030749099e-04
8.391270045137138368e+03 1.886847431890626705e-04
8.497420956751255289e+03 1.847740836052025847e-04
8.604914694418595900e+03 1.809444759255158695e-04
8.713768245104160087e+03 1.771942402833919363e-04
8.823998810660525123e+03 1.735217316228856413e-04
8.935623810546729146e+03 1.699253389764047767e-04
9.048660884580598577e+03 1.664034847713004393e-04
9.163127895726533097e+03 1.629546241458001326e-04
9.279042932918291626e+03 1.595772442281371921e-04
9.396424313917539621e+03 1.562698635186424189e-04
9.515290588208576082e+03 1.530310312199734710e-04
9.635660539929638617e+03 1.498593266187199340e-04
9.757553190841346805e+03 1.467533584206200429e-04
9.880987803332613112e+03 1.437117641807656571e-04
1.000598388346467800e+04 1.407332096959161040e-04
1.013256118405353845e+04 1.378163884123559044e-04
1.026073970779164301e+04 1.349600208485938699e-04
1.039053971040842771e+04 1.321628540471438910e-04
1.052198170387183018e+04 1.294236610303984528e-04
1.065508645962931587e+04 1.267412402282190565e-04
1.078987501189053000e+04 1.241144149872845919e-04
1.092636866095123878e+04 1.215420330390159771e-04
1.106458897655937108e+04 1.190229660083222163e-04
1.120455780132362270e+04 1.165561088857262141e-04
1.134629725416519250e+04 1.141403795749149850e-04
1.148982973381318334e+04 1.117747184094402581e-04
1.163517792234420085e+04 1.094580876844059681e-04
1.178236478876677029e+04 1.071894711950820232e-04
1.193141359265100436e+04 1.049678738034861918e-04
1.208234788780450253e+04 1.027923210052485202e-04
1.223519152599395784e+04 1.006618584764460084e-04
1.238996866071509248e+04 9.857555168184690400e-05
1.254670375100901765e+04 9.653248545374419631e-05
1.270542156532768786e+04 9.453176360129735315e-05
1.286614718544794778e+04 9.257250849137137194e-05
1.302890601043514107e+04 9.065386068926730790e-05
1.319372376065685603e+04 8.877497857434793829e-05
1.336062648184746286e+04 8.693503796966596552e-05
1.352964054922403921e+04 8.513323177323501689e-05
1.370079267165439342e+04 8.336876961537825444e-05
1.387410989587780023e+04 8.164087751387478055e-05
1.404961961077904743e+04 7.994879751549595868e-05
1.422734955171696311e+04 7.829178738275671884e-05
1.440732780490668301e+04 7.666912026087126936e-05
1.458958281185894703e+04 7.508008436700247187e-05
1.477414337387369233e+04 7.352398265742849824e-05
1.496103865659233816e+04 7.200013254225981637e-05
1.515029819460609724e+04 7.050786557974509446e-05
1.534195189612356808e+04 6.904652718336089234e-05
1.553603004769696417e+04 6.761547632714316996e-05
1.573256331900827900e+04 6.621408527480066204e-05
1.593158276771585406e+04 6.484173930515242797e-05
1.613311984436242165e+04 6.349783642857609171e-05
1.633720639734510769e+04 6.218178713654904906e-05
1.654387467794837721e+04 6.089301413829089466e-05
1.675315734544060979e+04 5.963095211357753744e-05
1.696508747223510363e+04 5.839504744845422238e-05
1.717969854911675429e+04 5.718475800870472740e-05
1.739702449053377859e+04 5.599955289673082362e-05
1.761709963995809449e+04 5.483891221990694505e-05
1.783995877531175574e+04 5.370232685510743477e-05
1.806563711446317757e+04 5.258929823455687667e-05
1.829417032079247292e+04 5.149933812723325337e-05
1.852559450882721285e+04 5.043196841457826357e-05
1.875994624994954211e+04 4.938672089024909748e-05
1.899726257817545775e+04 4.836313705187139547e-05
1.923758099600718560e+04 4.736076790441580279e-05
1.948093948035962967e+04 4.637917375034063050e-05
1.972737648856174565e+04 4.541792400971394659e-05
1.997693096443380637e+04 4.447659702685743488e-05
2.022964234444195608e+04 4.355477988715685835e-05
2.048555056392940605e+04 4.265206822889857556e-05
2.074469606342843326e+04 4.176806607397799865e-05
2.100711979505019190e+04 4.090238565386206468e-05
2.127286322895670310e+04 4.005464723217756816e-05
2.154196835991418629e+04 3.922447894461552373e-05
2.181447771392938375e+04 3.841151663426472889e-05
2.209043435496984966e+04 3.761540369520954943e-05
2.236988189176921878e+04 3.683579090589104743e-05
2.265286448471861513e+04 3.607233628627514246e-05
2.293942685284517938e+04 3.532470494407441701e-05
2.322961428087892273e+04 3.459256892988119637e-05
2.352347262640885310e+04 3.387560708681344745e-05
2.382104832713021824e+04 3.317350491668891958e-05
2.412238840818188692e+04 3.248595444146334113e-05
2.442754048957894702e+04 3.181265406290182068e-05
2.473655279373692247e+04 3.115330843459063718e-05
2.504947415309272401e+04 3.050762833173340210e-05
2.536635401782143526e+04 2.987533052674204158e-05
2.568724246365076397e+04 2.925613765691730401e-05
2.601219019977440257e+04 2.864977811103145840e-05
2.634124857686549876e+04 2.805598590702910002e-05
2.667446959519141819e+04 2.747450057746611375e-05
2.701190591283127651e+04 2.690506704937411700e-05
2.735361085399731019e+04 2.634743553847035093e-05
2.769963841746149410e+04 2.580136143884280295e-05
2.805004328508936305e+04 2.526660521195455192e-05
2.840488083048003318e+04 2.474293228432812754e-05
2.876420712771846593e+04 2.423011294459368693e-05
2.912807896023481953e+04 2.372792224452934570e-05
2.949655382977961563e+04 2.323613989399265649e-05
2.986968996550921656e+04 2.275455017086076259e-05
3.024754633318831111e+04 2.228294182376566561e-05
3.063018264450795687e+04 2.182110798150154452e-05
3.101765936652165692e+04 2.136884605703717624e-05
3.141003773120086043e+04 2.092595766389112048e-05
3.180737974511127322e+04 2.049224852830461839e-05
3.220974819921157541e+04 2.006752840144985638e-05
3.261720667877617961e+04 1.965161097764047500e-05
3.302981957344338298e+04 1.924431381292944612e-05
3.344765208739061927e+04 1.884545824639314925e-05
3.387077024963915028e+04 1.845486931670099789e-05
3.429924092448699957e+04 1.807237569060345304e-05
3.473313182207723730e+04 1.769780958557664449e-05
3.517251150909654825e+04 1.733100669818585354e-05
3.561744941961134464e+04 1.697180612739352702e-05
3.606801586604009935e+04 1.662005030845785950e-05
3.652428205026467913e+04 1.627558494300966103e-05
3.698632007488214003e+04 1.593825892961463583e-05
3.745420295459897170e+04 1.560792429839505272e-05
3.792800462776940549e+04 1.528443614666801442e-05
3.840779996807972202e+04 1.496765257633179275e-05
3.889366479638030432e+04 1.465743462761803673e-05
3.938567589266733557e+04 1.435364622230711578e-05
3.988391100821686996e+04 1.405615410224019053e-05
4.038844887786995241e+04 1.376482777254783578e-05
4.089936923247714731e+04 1.347953944055664739e-05
4.141675281149638613e+04 1.320016396342572308e-05
4.194068137575285073e+04 1.292657879250564752e-05
4.247123772035929142e+04 1.265866391841868522e-05
4.300850568779990863e+04 1.239630181880055269e-05
4.355257018117975531e+04 1.213937740741307602e-05
4.410351717764179193e+04 1.188777798433907374e-05
4.466143374195361685e+04 1.164139318337822942e-05
4.522640804026611295e+04 1.140011492695687836e-05
4.579852935404608434e+04 1.116383737728144883e-05
4.637788809418503661e+04 1.093245689123873999e-05
4.696457581528752780e+04 1.070587197188473558e-05
4.755868523013714002e+04 1.048398322686502038e-05
4.816031022435046179e+04 1.026669332416268731e-05
4.876954587121135410e+04 1.005390694866123267e-05
4.938648844669621030e+04 9.845530760376001097e-06
5.001123544468788896e+04 9.641473354220539050e-06
5.064388559238257585e+04 9.441645220390333616e-06
5.128453886589126341e+04 9.245958702592283957e-06
5.193329650603883783e+04 9.054327962240410257e-06
5.259026103436278936e+04 8.866668939651920856e-06
5.325553626931452891e+04 8.682899318219571881e-06
5.392922734266553744e+04 8.502938485891334565e-06
5.461144071612080006e+04 8.326707502153791264e-06
5.530228419814389053e+04 8.154129062837719991e-06
5.600186696099111577e+04 7.985127465764145689e-06
5.671029955796716240e+04 7.819628577360301838e-06
5.742769394089191337e+04 7.657559800850742988e-06
5.815416347779533680e+04 7.498850044744868014e-06
5.888982297083023877e+04 7.343429689669346912e-06
5.963478867441529292e+04 7.191230559937456536e-06
6.038917831360621494e+04 7.042185892722539602e-06
6.115311110269953497e+04 6.896230309596794720e-06
6.192670776407179801e+04 6.753299785943668987e-06
6.271009054725689930e+04 6.613331624741159131e-06
6.350338324826501776e+04 6.476264428570958936e-06
6.430671122914565058e+04 6.342038072448601829e-06
6.512020143779835053e+04 6.210593677142405005e-06
6.594398242803367611e+04 6.081873584025099335e-06
6.677818437988961523e+04 5.955821329996901432e-06
6.762293912020053540e+04 5.832381621196110556e-06
6.847838014343341638e+04 5.711500310348232116e-06
6.934464263278045109e+04 5.593124372330528954e-06
7.022186348152322171e+04 5.477201881547711188e-06
7.111018131466527120e+04 5.363681987644172770e-06
7.200973651083862933e+04 5.252514894686184917e-06
7.292067122448759619e+04 5.143651838900607333e-06
7.384312940833291213e+04 5.037045067186979468e-06
7.477725683612038847e+04 4.932647815794418989e-06
7.572320112565701129e+04 4.830414290439658709e-06
7.668111176213881117e+04 4.730299646341461042e-06
7.765114012177307450e+04 4.632259967424736878e-06
7.863343949570175027e+04 4.536252248208831401e-06
7.962816511422203621e+04 4.442234374484553640e-06
8.063547417132185365e+04 4.350165105317723144e-06
8.165552584951570316e+04 4.260004053763283479e-06
8.268848134500466404e+04 4.171711670334944350e-06
8.373450389314636413e+04 4.085249225300439646e-06
8.479375879425212042e+04 4.000578791687755292e-06
8.586641343970877642e+04 3.917663228244634768e-06
8.695263733843104274e+04 3.836466163720519047e-06
8.805260214364848798e+04 3.756951980970522375e-06
8.916648168003132741e+04 3.679085800505467556e-06
9.029445197116113559e+04 3.602833466010336027e-06
9.143669126734344172e+04 3.528161529064364813e-06
9.259338007378164912e+04 3.455037234825861490e-06
9.376470117909602413e+04 3.383428506718191973e-06
9.495083968421512691e+04 3.313303933303699298e-06
9.615198303162098455e+04 3.244632754203025163e-06
9.736832103497564094e+04 3.177384846655715882e-06
9.860004590911298874e+04 3.111530711902723142e-06
9.984735230041567411e+04 3.047041462760499700e-06
1.011104373175743822e+05 2.983888810965028228e-06
1.023895005627362552e+05 2.922045054159908698e-06
1.036847441630476969e+05 2.861483064317757655e-06
1.049963728025954042e+05 2.802176275657763915e-06
1.063245937547543581e+05 2.744098673258687533e-06
1.076696169149379857e+05 2.687224780898737082e-06
1.090316548337737477e+05 2.631529650632762736e-06
1.104109227506851457e+05 2.576988851593769206e-06
1.118076386279124854e+05 2.523578459364658448e-06
1.132220231849497359e+05 2.471275045096560866e-06
1.146542999334310152e+05 2.420055665685772198e-06
1.161046952124466770e+05 2.369897853697518615e-06
1.175734382243132859e+05 2.320779607073571704e-06
1.190607610707934509e+05 2.272679379875259596e-06
1.205668987897743500e+05 2.225576072729442691e-06
1.220920893924100965e+05 2.179449023770806653e-06
1.236365739007340308e+05 2.134277998986130648e-06
1.252005963857468887e+05 2.090043183937931810e-06
1.267844040059862164e+05 2.046725174858278026e-06
1.283882470465867227e+05 2.004304970243828225e-06
1.300123789588265790e+05 1.962763962160683004e-06
1.316570564001874591e+05 1.922083928479045331e-06
1.333225392749050807e+05 1.882247024850963459e-06
1.350090907750497572e+05 1.843235776569296518e-06
1.367169774221092812e+05 1.805033071167026090e-06
1.384464691091148998e+05 1.767622150862783855e-06
1.401978391432857316e+05 1.730986605355958645e-06
1.419713642892216740e+05 1.695110364159537372e-06
1.437673248126390390e+05 1.659977690028209959e-06
1.455860045246605878e+05 1.625573171875266599e-06
1.474276908266651153e+05 1.591881718125948634e-06
1.492926747557044728e+05 1.558888549769708880e-06
1.511812510304982134e+05 1.526579194221739928e-06
1.530937180980007397e+05 1.494939478936026600e-06
1.550303781805731996e+05 1.463955524966008575e-06
1.569915373237330641e+05 1.433613741048309362e-06
1.589775054445277783e+05 1.403900817629384990e-06
1.609885963804998901e+05 1.374803721134490198e-06
1.630251279392918805e+05 1.346309687879512233e-06
1.650874219488611852e+05 1.318406218852563282e-06
1.671758043083410303e+05 1.291081074080735127e-06
1.692906050395412312e+05 1.264322267374062349e-06
1.714321583391001041e+05 1.238118060774227000e-06
1.736008026312972652e+05 1.212456959702188274e-06
1.757968806215328805e+05 1.187327707873261401e-06
1.780207393504882930e+05 1.162719282203851569e-06
1.802727302489601134e+05 1.138620888082058176e-06
1.825532091934065684e+05 1.115021954644620378e-06
1.848625365621744131e+05 1.091912130218219019e-06
1.872010772924601624e+05 1.069281277485197655e-06
1.895692009379682713e+05 1.047119469339804315e-06
1.919672817273223482e+05 1.025416984408108677e-06
1.943956986231948540e+05 1.004164302891652474e-06
1.968548353821976634e+05 9.833521021321327748e-07
1.993450806155252794e+05 9.629712527757422489e-07
2.018668278503662441e+05 9.430128147248512127e-07
2.044204755920909811e+05 9.234680331095347091e-07
2.070064273872259946e+05 9.043283345070787524e-07
2.096250918872295006e+05 8.855853232076049752e-07
2.122768829130601080e+05 8.672307775879308397e-07
2.149622195205848839e+05 8.492566462728710606e-07
2.176815260667876864e+05 8.316550448449045575e-07
2.204352322768435697e+05 8.144182522817674372e-07
2.232237733120125777e+05 7.975387076673588376e-07
2.260475898384209431e+05 7.810090066516867920e-07
2.289071280966883642e+05 7.648218984167274963e-07
2.318028399724508345e+05 7.489702824539336714e-07
2.347351830677700927e+05 7.334472053779994300e-07
2.377046207734474738e+05 7.182458579050260859e-07
2.407116223422520270e+05 7.033595718999125775e-07
2.437566629630757670e+05 6.887818174919984300e-07
2.468402238360262418e+05 6.745062000269550260e-07
2.499627922484685841e+05 6.605264574540415408e-07
2.531248616520353535e+05 6.468364574961366310e-07
2.563269317405941256e+05 6.334301950368266574e-07
2.595695085292283329e+05 6.203017893094315584e-07
2.628531044341849629e+05 6.074454814877356747e-07
2.661782383538661525e+05 5.948556321230590690e-07
2.695454357508177054e+05 5.825267186242499100e-07
2.729552287347720121e+05 5.704533328423205782e-07
2.764081561467348365e+05 5.586301787360225336e-07
2.799047636441371869e+05 5.470520700775313706e-07
2.834456037870638538e+05 5.357139280320830988e-07
2.870312361255735159e+05 5.246107790833192999e-07
2.906622272881228128e+05 5.137377527851319825e-07
2.943391510711078299e+05 5.030900796859352307e-07
2.980625885295461048e+05 4.926630890966323784e-07
3.018331280688856496e+05 4.824522071774947955e-07
3.056513655380076962e+05 4.724529548998418986e-07
3.095179043233673437e+05 4.626609460529563200e-07
3.134333554443651810e+05 4.530718853135859191e-07
3.173983376498851576e+05 4.436815664002899594e-07
3.214134775160924764e+05 4.344858702484743840e-07
3.254794095454363851e+05 4.254807630884951277e-07
3.295967762669252115e+05 4.166622947982714675e-07
3.337662283376621199e+05 4.080265971173192764e-07
3.379884246456669644e+05 3.995698819977951924e-07
3.422640324139985605e+05 3.912884398321282450e-07
3.465937273061936139e+05 3.831786379339070812e-07
3.509781935330457636e+05 3.752369189167721946e-07
3.554181239607154275e+05 3.674597991180998931e-07
3.599142202202424523e+05 3.598438670561108208e-07
3.644671928184002172e+05 3.523857819706683538e-07
3.690777612499984680e+05 3.450822723714298766e-07
3.737466541115596192e+05 3.379301345127182732e-07
3.784746092164797010e+05 3.309262310838862245e-07
3.832623737116063712e+05 3.240674897915987302e-07
3.881107041953160078e+05 3.173509020496067584e-07
3.930203668370762025e+05 3.107735215713939045e-07
3.979921374985207221e+05 3.043324631639200001e-07
4.030268018560578348e+05 2.980249014383263766e-07
4.081251555250262609e+05 2.918480695632784379e-07
4.132880041854333249e+05 2.857992580318815657e-07
4.185161637092557503e+05 2.798758135080559676e-07
4.238104602893951233e+05 2.740751376706095548e-07
4.291717305702122976e+05 2.683946860068002333e-07
4.346008217797667603e+05 2.628319667651284774e-07
4.400985918636752758e+05 2.573845398342388258e-07
4.456659096207164694e+05 2.520500157006948090e-07
4.513036548401055625e+05 2.468260543314730827e-07
4.570127184405344306e+05 2.417103642161158594e-07
4.627940026109591126e+05 2.367007013413557836e-07
4.686484209531705710e+05 2.317948682051759070e-07
4.745768986261690734e+05 2.269907128313700226e-07
4.805803724923644913e+05 2.222861278575273085e-07
4.866597912656265544e+05 2.176790496147010401e-07
4.928161156612052582e+05 2.131674571730966974e-07
4.990503185475608916e+05 2.087493715047408265e-07
5.053633851000815048e+05 2.044228545969574049e-07
5.117563129567980650e+05 2.001860086233286798e-07
5.182301123760060873e+05 1.960369750563403823e-07
5.247858063959453721e+05 1.919739339067945537e-07
5.314244309964446584e+05 1.879951029083181729e-07
5.381470352626462700e+05 1.840987367376410590e-07
5.449546815507870633e+05 1.802831262270942258e-07
5.518484456560814288e+05 1.765465976436077873e-07
5.588294169827253791e+05 1.728875119559762130e-07
5.658986987160525750e+05 1.693042640799844973e-07
5.730574079968681326e+05 1.657952822089275591e-07
5.803066760979852406e+05 1.623590271125858957e-07
5.876476486030090600e+05 1.589939914777739313e-07
5.950814855873440392e+05 1.556986992037316898e-07
6.026093618015542161e+05 1.524717047981788682e-07
6.102324668569667265e+05 1.493115927287429263e-07
6.179520054137028055e+05 1.462169768063351687e-07
6.257691973710074089e+05 1.431864995558509781e-07
6.336852780600639526e+05 1.402188316461953099e-07
6.417014984391834587e+05 1.373126713068971142e-07
6.498191252915024525e+05 1.344667437310120418e-07
6.580394414251677226e+05 1.316798005398643247e-07
6.663637458760545123e+05 1.289506192287219464e-07
6.747933541130501544e+05 1.262780026422413661e-07
6.833295982459316729e+05 1.236607784149687201e-07
6.919738272358895047e+05 1.210977984917719489e-07
7.007274071086698677e+05 1.185879386120340484e-07
7.095917211704863003e+05 1.161300978220093733e-07
7.185681702265747590e+05 1.137231979719709342e-07
7.276581728026054334e+05 1.113661832656284154e-07
7.368631653688021470e+05 1.090580197956648052e-07
7.461846025669879746e+05 1.067976950714393476e-07
7.556239574404265732e+05 1.045842175910621830e-07
7.651827216666183667e+05 1.024166164030802485e-07
7.748624057930224808e+05 1.002939406892207089e-07
7.846645394757664762e+05 9.821525932012294314e-08
7.945906717213727534e+05 9.617966047453356165e-08
8.046423711315416731e+05 9.418625122908198401e-08
8.148212261510492535e+05 9.223415717265037260e-08
8.251288453187299892e+05 9.032252200457427640e-08
8.355668575217188336e+05 8.845050717845247854e-08
8.461369122528077569e+05 8.661729153236527376e-08
8.568406798711640295e+05 8.482207091529630451e-08
8.676798518662384013e+05 8.306405784503780432e-08
8.786561411251189420e+05 8.134248116160900186e-08
8.897712822031764081e+05 7.965658569535605433e-08
9.010270315981878666e+05 7.800563191417791271e-08
9.124251680279099382e+05 7.638889562114797395e-08
9.239674927111632423e+05 7.480566762825987278e-08
9.356558296524751931e+05 7.325525345147619188e-08
9.474920259303241037e+05 7.173697298968445929e-08
9.594779519890259253e+05 7.025016024313388081e-08
9.716155019343137974e+05 6.879416301903262797e-08
9.839065938326780451e+05 6.736834263606421923e-08
9.963531700144294882e+05 6.597207365091324501e-08
1.008957197380701196e+06 6.460474358422933787e-08
1.021720667714208132e+06 6.326575265661992008e-08
1.034645597994065145e+06 6.195451350852871850e-08
1.047734030714479508e+06 6.067045096013065695e-08
1.060988034207541961e+06 5.941300175186173583e-08
1.074409702970075887e+06 5.818161430327172326e-08
1.088001157994625391e+06 5.697574845651401109e-08
1.101764547104629688e+06 5.579487525377814589e-08
1.115702045293840114e+06 5.463847670290287526e-08
1.129815855070026824e+06 5.350604554366449128e-08
1.144108206803031964e+06 5.239708502916974997e-08
1.158581359077252913e+06 5.131110870918255374e-08
1.173237599048508098e+06 5.024764022012255357e-08
1.188079242805542657e+06 4.920621306263456838e-08
1.203108635735956719e+06 4.818637041093153369e-08
1.218328152896919288e+06 4.718766490643766163e-08
1.233740199390412541e+06 4.620965846709954646e-08
1.249347210743380943e+06 4.525192208244529888e-08
1.265151653292553965e+06 4.431403563765526696e-08
1.281156024574222509e+06 4.339558772695723006e-08
1.297362853718910366e+06 4.249617546877622832e-08
1.313774701851049205e+06 4.161540433099458386e-08
1.330394162493705750e+06 4.075288795963599989e-08
1.347223861978422385e+06 3.990824801182419817e-08
1.364266459860280389e+06 3.908111397916077361e-08
1.381524649338119198e+06 3.827112303633337426e-08
1.399001157680220669e+06 3.747791987715685063e-08
1.416698746655202704e+06 3.670115656318982665e-08
1.434620212968544802e+06 3.594049236085658358e-08
1.452768388704451965e+06 3.519559360184126016e-08
1.471146141773491167e+06 3.446613353465602904e-08
1.489756376365732402e+06 3.375179217843897486e-08
1.508602033409723546e+06 3.305225618328397291e-08
1.527686091037228936e+06 3.236721869479129975e-08
1.547011565053857630e+06 3.169637922119734015e-08
1.566581509415643523e+06 3.103944349312694798e-08
1.586399016711646458e+06 3.039612334338077016e-08
1.606467218652702169e+06 2.976613657668363855e-08
1.626789286566241644e+06 2.914920684942571406e-08
1.647368431897551985e+06 2.854506354032791416e-08
1.668207906717162579e+06 2.795344163958788545e-08
1.689311004234872758e+06 2.737408163082914420e-08
1.710681059320057044e+06 2.680988182503052361e-08
1.732321449028771603e+06 2.626106231964896180e-08
1.754235593137346208e+06 2.572789942123268228e-08
1.776426954682834446e+06 2.521072241835745464e-08
1.798899040510265855e+06 2.470990831243751396e-08
1.821655401826821733e+06 2.422587442999850994e-08
1.844699634763022186e+06 2.375906890277005746e-08
1.868035380941008916e+06 2.330995915302046754e-08
1.891666328050058102e+06 2.287901861814954228e-08
1.915596210429251660e+06 2.246671206082872427e-08
1.939828809657723177e+06 2.207347989734962826e-08
1.964367955152124399e+06 2.169972206872306839e-08
1.989217524771906435e+06 2.134578202702113984e-08
2.014381445432001026e+06 2.101193141258289723e-08
2.039863693723496282e+06 2.069835600037569760e-08
2.065668296541966964e+06 2.040514344790950281e-08
2.091799331723868847e+06 2.013227332249229219e-08
2.118260928690942004e+06 1.987960976549991266e-08
2.145057269102775957e+06 1.964689708306951782e-08
2.172192587517621927e+06 1.943375842571961903e-08
