"t (day)" "dm/dt (M_sun/yr)"
20.077972026396896 1.956352368017945e-05
20.310792504585894 2.814424492091677e-05
20.5463127263044 4.049567718214998e-05
20.784563997282852 5.811023007256176e-05
21.02557798626716 8.294627545500551e-05
21.269386729228188 0.00011751892939620187
21.516022633620086 0.00016496416673657694
21.76551848268785 0.00022905031630355313
22.01790743982497 0.0003141313277280452
22.273223052981596 0.00042494754556650236
22.531499259123716 0.0005665016294623004
22.792770388744138 0.000743792759891684
23.05707117042581 0.0009613758540986776
23.32443673545791 0.0012231621826007044
23.594902622505597 0.0015321838004384635
23.868504782333904 0.0018902755843011978
24.14527958258631 0.002297842803253109
24.425263812618795 0.0027535241816700785
24.708494688390008 0.0032513290843271406
24.995009857407982 0.003769532398017076
25.28484740373434 0.004278920929016951
25.57804585304654 0.004781054283488382
25.87464417775867 0.00528547245838366
26.174681802201796 0.0057968068211188516
26.478198607864318 0.006312910398730739
26.78523493869302 0.0068261638654399034
27.095831606455683 0.007327334638704867
27.410029896165906 0.007810597030076757
27.727871571570674 0.00827488179982084
28.049398880701723 0.008717740376188903
28.374654561491255 0.009134701727634354
28.70368184745264 0.009524613590833467
29.03652447342714 0.00988648197357134
29.37322668139724 0.010219539530823505
29.71383322636731 0.010522385650847796
30.058389382312512 0.01079305521127575
30.406940948196777 0.011030072847855435
30.759534254060355 0.0112328531577053
31.116216167178155 0.011402233110696628
31.47703409828943 0.011539921914219167
31.842036007899633 0.01164762488563275
32.21127041265543 0.011726562357152526
32.58478639179365 0.011777236122456349
32.962633593664904 0.011799525486521146
33.344862242333015 0.01179349253453687
33.73152314425077 0.011760319266291374
34.122667695013305 0.011702442737959824
34.518347886189595 0.011622777833767197
34.91861631223337 0.011523662918519783
35.32352617747392 0.0114066535871053
35.733131303188244 0.01127351424161145
36.14748613475494 0.011126649315782822
36.56664574889123 0.01096803879953716
36.990665860973834 0.010798550561725323
37.419602832444795 0.010618821538976734
37.853513678303024 0.010430285885901438
38.292456074682974 0.010234919522247978
38.7364883665209 0.010034439445116467
39.185669575310264 0.009830019894088207
39.64005940694689 0.009622739145356274
40.09971825966529 0.00941381286256084
40.564707232066716 0.009204549491555384
41.035088131240684 0.008995900319918022
41.51092348098032 0.00878795359756923
41.99227653009317 0.00858063020898086
42.47921126080835 0.00837435073221114
42.971792397281206 0.008169846611363865
43.47008541419643 0.007967807006650238
43.97415654547124 0.007768698969886397
44.484072793059106 0.007572810380086208
44.99990193585589 0.007380229963289554
45.521712538709075 0.007191101232097925
46.04957396153158 0.007005582685901813
46.58355636852106 0.00682371760389019
47.12373073748642 0.006645450911836302
47.67016886928214 0.0064707189557326366
48.22294339735226 0.006299504271007309
48.78212779738486 0.006131879289163995
49.34779639707869 0.005968124613956738
49.920024386022774 0.005808553650737225
50.498887825690886 0.005653319063852412
51.084463659551616 0.005502184713347515
51.67682972329594 0.005354631906963205
52.27606475518315 0.00521023527345717
52.88224840650707 0.005068836261144067
53.495461252183155 0.0049306367150738955
54.115784801458936 0.00479591563754487
54.7433015087481 0.004664765609742649
55.37809478459063 0.004537127149351408
56.02024900673978 0.004412896171442875
56.66984953137785 0.004291999813688907
57.32698270446162 0.004174380595826144
57.99173587319986 0.004059864224137875
58.664197397663465 0.003948313481980784
59.344456662530504 0.0038396779598367176
60.03260408896735 0.0037339632269552826
60.7287311466477 0.003631142058348946
61.43293036591069 0.0035311289857246652
62.14529535006041 0.003433815211684541
62.86592078780757 0.0033391056091528516
63.59490246585584 0.003246931806119852
64.33233728163387 0.0031572642594500993
65.0783232561752 0.0030700805229050736
65.83295954714725 0.002985331387168579
66.59634646203152 0.0029029611262706536
67.36858547145665 0.0028229086204136114
68.14977922268609 0.002745082924300147
68.94003155326209 0.0026693880435912426
69.739447504808 0.002595757901835926
70.5481333369906 0.00252415905081298
71.36619654164419 0.002454536435916476
72.19374585705866 0.0023868339798237825
73.03089128243316 0.002320988454071677
73.87774409249732 0.0022569756534516895
74.73441685230222 0.00219473641362013
75.60102343218254 0.0021342559379870854
76.47767902289247 0.0020754842256638798
77.36450015091701 0.002018360094294349
78.26160469396092 0.0019627994910487055
79.16911189661715 0.0019087504284058339
80.08714238621712 0.0018561513003721218
81.01581818886469 0.0018049944660291893
81.95526274565587 0.0017552404081440985
82.90560092908709 0.0017068635469557306
83.86695905965323 0.0016598352310537498
84.83946492263846 0.0016141142873596166
85.82324778510174 0.0015696802435349077
86.8184384130591 0.0015265099256889113
87.8251690888652 0.001484571945550281
88.84357362879663 0.0014438228862392747
89.87378740083902 0.0014042063248759422
90.9159473426802 0.0013656693882743251
91.97019197991243 0.0013281878441631036
93.03666144444529 0.001291756237062946
94.11549749313215 0.0012563663844919561
95.20684352661294 0.0012220039587204682
96.31084460837502 0.0011886296829412037
97.42764748403532 0.00115620525743689
98.55740060084608 0.0011246868439538408
99.70025412742663 0.0010940451233915054
100.85635997372398 0.0010642607129623023
102.02587181120501 0.00103531110216047
103.20894509328272 0.0010071864059356724
104.4057370759793 0.0009798697529893178
105.61640683882916 0.0009533380384848567
106.84111530602354 0.0009275612173057768
108.08002526780109 0.0009025135607216296
109.33330140208625 0.0008781643682565256
110.60111029637842 0.0008544982362178751
111.88362046989508 0.0008314944531072731
113.18100239597148 0.0008091408106665518
114.49342852472074 0.0007874166083634904
115.8210733059555 0.0007663060940420889
117.16411321237649 0.0007457870523265918
118.52272676302952 0.0007258394080635169
119.89709454703434 0.0007064403176576158
121.28739924758938 0.0006875733300229672
122.69382566625349 0.0006692285741439969
124.11656074751063 0.0006513967086087903
125.5557936036187 0.0006340662544407619
127.01171553974648 0.0006172256321320917
128.48452007940287 0.0006008595247032599
129.97440299015895 0.0005849499220699566
131.4815623096716 0.0005694806932972198
133.0061983720054 0.0005544360132049041
134.54851383426217 0.0005398079826478597
136.10871370351828 0.0005255838511032214
137.6870053640743 0.0005117549717125907
139.28359860502164 0.000498307238880373
140.89870564812696 0.0004852299431309254
142.5325411760418 0.0004725157085264031
144.18532236083828 0.0004601545947090268
145.85726889287588 0.00044813206259466145
147.54860301000372 0.00043643984145946125
149.2595495270992 0.00042507130773644777
150.99033586595286 0.00041401069889838993
152.74119208549592 0.0004032533097208806
154.5123509123809 0.000392792292042779
156.3040477719159 0.0003826190237611075
158.11652081935745 0.0003727283205574792
159.95001097156728 0.00036310999201033496
161.80476193903434 0.0003537584410915146
163.6810202582697 0.0003446658220763029
165.5790353245768 0.0003358255743375391
167.49905942520084 0.0003272299730574222
169.44134777286442 0.0003188700900275765
171.4061585396888 0.00031073989818343955
173.39375289151292 0.00030283370883987673
175.40439502260622 0.00029514609534247045
177.43835219078662 0.00028767327349195576
179.49589475294448 0.0002804096919179117
181.57729620097896 0.0002733500235044486
183.68283319815166 0.0002664911977308648
185.81278561585995 0.00025982804776344455
187.96743657083877 0.00025335613936536104
190.14707246279275 0.0002470689064582554
192.35198301246473 0.0002409622340874838
194.5824613001469 0.0002350299337786753
196.83880380463526 0.0002292679796862471
199.12131044264106 0.0002236704991899098
201.43028460865372 0.0002182325313907643
203.76603321526954 0.00021294858695941978
206.12886673398782 0.0002078151857542137
208.51909923647682 0.00020282536587849727
210.93704843632375 0.00019797535413680801
213.38303573126342 0.00019325854279229017
215.85738624589993 0.00018867119046626606
218.36042887492266 0.00018420729194130612
220.89249632682322 0.00017986203333274732
223.4539251681207 0.00017562968298459155
226.04505586809614 0.0001715060054069116
228.6662328440516 0.00016748633824512869
231.31780450708783 0.00016356778780063702
234.00012330841693 0.00015974707267302178
236.71354578621145 0.0001560214356871596
239.45843261299342 0.0001523877039743316
242.235148643579 0.00014884174035969543
245.0440629635728 0.0001453803155911856
247.88554893842857 0.0001420005164413655
250.75998426307746 0.0001386989610657391
253.66775101213128 0.0001354737392960129
256.60923569067006 0.00013232341100207837
259.584829285614 0.000129245505805099
262.5949273176975 0.00012623912159101213
265.63992989404005 0.00012330173500173176
268.72024176132953 0.0001204323972979057
271.83627235962336 0.00011762963499680263
274.9884358767689 0.00011489236989248812
278.17715130346147 0.00011221999782931817
281.4028424889346 0.00010961058130452107
284.6659381973 0.00010706380868990786
287.9668721645394 0.00010457789634102481
291.30608315615683 0.00010215169608213977
294.68401502550194 9.978477715714618e-05
298.10111677276427 9.747534989987189e-05
301.55784260465913 9.522217107256022e-05
305.05465199479846 9.302371569238676e-05
308.59200974476573 9.087908216755922e-05
312.17038604589953 8.878678579303786e-05
315.7902565417888 8.67453966283455e-05
319.45210239150026 8.475334457181821e-05
323.1564103335318 8.280938134811326e-05
326.9036727505118 8.091187479282992e-05
330.6943877346472 7.905930084147401e-05
334.5290591539304 7.725032701481351e-05
338.4081967191159 7.548360113739204e-05
342.33231605146824 7.375779326273144e-05
346.3019387513039 7.207166626770753e-05
350.31759246731934 7.04240275073149e-05
354.37981096672866 6.8813734087072e-05
358.4891342062139 6.723982781780023e-05
362.6461084036932 6.570133266798219e-05
366.85128611092995 6.419742534753197e-05
371.1052262869748 6.272730138065861e-05
375.40849437246555 6.128990448618979e-05
379.76166236478565 5.988359108851767e-05
384.16530889409484 5.850771795307203e-05
388.62001930024365 5.7161738490288226e-05
393.12638571057323 5.584514257005929e-05
397.6850071186275 5.455751779614566e-05
402.29648946376795 5.3298351234345255e-05
406.9614457117177 5.2067186584101896e-05
411.68049593603956 5.086356948282402e-05
416.45426740055257 4.9686903486900554e-05
421.2833946427148 4.853671510341315e-05
426.16851955796267 4.741261300066155e-05
431.1102914850345 4.631405479638069e-05
436.1093672922816 4.524051455749543e-05
441.16641146497943 4.4191489852267694e-05
446.2820961936548 4.316648731407315e-05
451.4571014634291 4.216501252503344e-05
456.69211514440974 4.118657009389818e-05
461.98783308311766 4.023065080580334e-05
467.3449591949824 3.92967790973159e-05
472.76420555790946 3.838449844934168e-05
478.2462925069257 3.749332745056654e-05
483.7919487299342 3.6622788510679394e-05
489.401911364567 3.577243024017323e-05
495.07692609616964 3.4941817026850285e-05
500.8177472569178 3.413049662567075e-05
506.6251379260842 3.3337982766695425e-05
512.4998700314708 3.256385831259955e-05
518.442724452009 3.180772066433648e-05
524.4544911215627 3.106915769104538e-05
530.5359691339215 3.034775523241877e-05
536.6879668490203 2.9643109909947955e-05
542.9113020003894 2.895482637812779e-05
549.2068018038431 2.8282524075765943e-05
555.5753030674424 2.7625831464116298e-05
562.0176523027188 2.698438689488268e-05
568.5347058371966 2.635783632582925e-05
575.127329928217 2.5745833224348094e-05
581.7964008780815 2.5148040156600274e-05
588.542805150535 2.4564127746555088e-05
595.3674394885886 2.399377295084948e-05
602.2712110337254 2.343666090561281e-05
609.2550374464721 2.289248493342293e-05
616.3198470283781 2.2360944172349007e-05
623.4665788454101 2.1841744908499758e-05
630.6961828527667 2.1334601136064893e-05
638.0096200211573 2.083923291170785e-05
645.4078624645283 2.0355366422451406e-05
652.891893569282 1.9882734792948584e-05
660.4627081249889 1.9421077412723092e-05
668.1213124566158 1.8970139206334058e-05
675.8687245582919 1.852967114538872e-05
683.705974228615 1.809943046848869e-05
691.6341032075429 1.767917970361342e-05
699.654165314856 1.7268686472515576e-05
707.7672265902355 1.6867724490342454e-05
715.974365434966 1.6476072799312212e-05
724.2766727552702 1.609351462440676e-05
732.6752521073242 1.5719838905290232e-05
741.1712198439366 1.535483990613999e-05
749.765705262938 1.4998315752584562e-05
758.4598507572902 1.4650069496284704e-05
767.254811966933 1.4309909362436275e-05
776.1517579323977 1.3977647531279234e-05
785.15187125019 1.3653100244766646e-05
794.2563482299927 1.3336088634210674e-05
803.4663990536734 1.3026437971144498e-05
812.7832479361459 1.272397691624895e-05
822.2081332880992 1.242853856636373e-05
831.7423078805994 1.2139960299152568e-05
841.3870390116215 1.1858082466254256e-05
851.1436086744922 1.158274936159923e-05
861.0133137282971 1.1313809377381579e-05
870.9974660702659 1.1051113976219643e-05
881.0973928101408 1.079451796211958e-05
891.3144364465916 1.0543879868930897e-05
901.6499550456526 1.0299061451091749e-05
912.1053224212435 1.0059927414860648e-05
922.681928317778 9.826345755215971e-06
933.3811785948898 9.59818772652844e-06
944.2044954143071 9.37532734048103e-06
955.1533174288774 9.157641418640214e-06
966.2290999738093 8.945009989067733e-06
977.4333152601076 8.737315802229529e-06
988.7674525702656 8.534443921678644e-06
1000.2330184562272 8.33628246636999e-06
1011.8315369396287 8.142722302983502e-06
1023.5645497143888 7.95365635283329e-06
1035.433616351622 7.768980217512477e-06
1047.440314506944 7.5885921943912775e-06
1059.5862401301756 7.4123926389518365e-06
1071.8730076774775 7.240284132233001e-06
1084.302250325952 7.072171842956462e-06
1096.8756201907158 6.907963077722094e-06
1109.5947885445173 6.747566966974449e-06
1122.4614460398716 6.590895038486779e-06
1135.4773029337905 6.437861044254541e-06
1148.6440893151173 6.2883802846755645e-06
1161.963555334479 6.142370215358416e-06
1175.4374714369364 5.999750469246065e-06
1189.067628597302 5.860442226576703e-06
1202.8558385582041 5.72436849984186e-06
1216.8039340709065 5.591454300111696e-06
1230.9137691389183 5.461626286813082e-06
1245.1872192644387 5.3348127050275455e-06
1259.6261816976369 5.21094358143542e-06
1274.2325756888556 5.089950632010926e-06
1289.0083427437078 4.971767020386343e-06
1303.9554468811482 4.856327452413007e-06
1319.0758748945407 4.743568313051537e-06
1334.371636615731 4.6334273862067425e-06
1349.844765182215 4.525843744530075e-06
1365.4973173073727 4.4207580743162646e-06
1381.3313735538566 4.318112480894812e-06
1397.349038610141 4.217850171920992e-06
1413.5524415702805 4.119915807811587e-06
1429.9437362169194 4.024255449096662e-06
1446.52510130756 3.930816233148852e-06
1463.2987408641866 3.839546520289772e-06
1480.2668844662123 3.7503960251273052e-06
1497.4317875468437 3.6633155726441096e-06
1514.7957316928828 3.5782569766846507e-06
1532.3610249479827 3.495173338397073e-06
1550.1300021194584 3.4140189086962397e-06
1568.1050250886146 3.3347487596537993e-06
1586.2884831247009 3.2573191306945715e-06
1604.6827932024935 3.1816874182585783e-06
1623.2904003235635 3.107811794691454e-06
1642.1137778412779 3.035651442214997e-06
1661.155427789543 2.9651666103161006e-06
1680.4178812154041 2.896318388062077e-06
1699.9036985154553 2.829068722255691e-06
1719.6154697761808 2.76338052129304e-06
1739.5558151182381 2.699217565859934e-06
1759.7273850447116 2.6365444023045172e-06
1780.1328607934447 2.575326419553802e-06
1800.7749546934158 2.5155298830891722e-06
1821.656410525274 2.457121781821256e-06
1842.780003886045 2.4000698188734647e-06
1864.1485425580668 2.344342549176639e-06
1885.764866882213 2.289909254131734e-06
1907.6318501354153 2.236739817391193e-06
1929.7523989126114 2.1848049044161878e-06
1952.1294535130717 2.13407590533896e-06
1974.7659883312378 2.0845247781111934e-06
1997.6650122520912 2.036124149614919e-06
2020.829569051077 1.9888473546865036e-06
2044.2627377987183 1.9426683013862324e-06
2067.9676332698577 1.8975614464734727e-06
2091.9474063577086 1.8535019231276036e-06
2116.205244492663 1.8104654639861978e-06
2140.744372065958 1.7684282395225098e-06
2165.568050858297 1.7273670531200144e-06
2190.679580473376 1.687259313460486e-06
2216.0822987765036 1.6480828252580384e-06
2241.7795823382617 1.6098159497176114e-06
2267.7748468833106 1.5724376156357306e-06
2294.0715477444455 1.5359271771457136e-06
2320.6731803218486 1.5002644554176556e-06
2347.583280547739 1.465429788818456e-06
2374.8054253563378 1.431403964337818e-06
2402.343233159353 1.3981681769360114e-06
2430.200364326932 1.3657040799728205e-06
2458.3805216741853 1.3339937829168852e-06
2486.8874509534103 1.3030197719081916e-06
2515.7249413519385 1.272764927109869e-06
2544.896825995838 1.2432125771583272e-06
2574.4069824594035 1.2143464215054414e-06
2604.2593332805536 1.186150491695705e-06
2634.4578464822575 1.1586092379805012e-06
2665.0065360999297 1.1317074842977483e-06
2695.909462715023 1.1054303563701481e-06
2727.170733994727 1.0797633442536021e-06
2758.794505238001 1.054692306927186e-06
2790.78497992789 1.0302034010404698e-06
2823.1464102902387 1.0062830867089156e-06
2855.883097858945 9.82918179268968e-07
2888.999394047682 9.600958029089343e-07
2922.4997007283337 9.378033224014146e-07
2956.388470816083 9.160284405676827e-07
2990.6702088612824 8.947591774024281e-07
3025.3494716482464 8.739837552990514e-07
3060.430868800901 8.53690703431547e-07
3095.919063395548 8.338688522242581e-07
3131.818772580643 8.145072462719808e-07
3168.1347682038468 7.955951860130335e-07
3204.8718774462905 7.771222491300256e-07
3242.034983464192 7.590782430315071e-07
3279.6290260379783 7.414531941000115e-07
3317.6590022288374 7.242373771306001e-07
3356.1299670429817 7.074213034376894e-07
3395.0470341035466 6.909956818818179e-07
3434.415376330284 6.749514376129217e-07
3474.2402266272006 6.592797314541882e-07
3514.5268785780686 6.439719136851865e-07
3555.280687150116 6.290195178528568e-07
3596.507069405758 6.144143012816309e-07
3638.2115052226927 6.00148213220803e-07
3680.3995380222755 5.862133645752736e-07
3723.0767755063343 5.726020639000373e-07
3766.24889040261 5.593068113658868e-07
3809.9216212187207 5.46320262829851e-07
3854.1007730049905 5.336352410983368e-07
3898.79221812604 5.212447552716008e-07
3944.0018970413294 5.091419727857968e-07
3989.7358190948275 4.973201962178571e-07
4036.0000633137215 4.857729051572576e-07
4082.8007792165135 4.7449374637524723e-07
4130.144187630361 4.634764706035571e-07
4178.036581518016 4.5271499733255853e-07
4226.484326814272 4.4220340569947827e-07
4275.493863272109 4.3193588193834006e-07
4325.071705318732 4.219067532012032e-07
4375.224442921416 4.1211049477520645e-07
4425.958742463513 4.025416990205614e-07
4477.281347630532 3.9319507666033776e-07
4529.199080306494 3.8406547254018505e-07
4581.718841480773 3.751478537068175e-07
4634.84761216531 3.6643729158765395e-07
4688.592454322618 3.5792897579614624e-07
4742.960511804394 3.4961821924025e-07
4797.959011301153 3.4150043231837243e-07
4853.59526330279 3.3357112662917697e-07
4909.876663070269 3.2582593260777654e-07
4966.8106916186825 3.182605790772055e-07
5024.404916711559 3.1087088211555726e-07
5082.666993866856 3.0365276462906015e-07
5141.604667374511 2.966022486994406e-07
5201.225771325796 2.897154384438106e-07
5261.538230654709 2.8298852938649757e-07
5322.550062191285 2.764178144567846e-07
5384.269375727292 2.699996682425641e-07
5446.70437509411 2.637305406042586e-07
5509.863359253277 2.576069747590187e-07
5573.754723399565 2.516255991053726e-07
5638.386960076848 2.4578310072322446e-07
5703.768660307027 2.4007625521919093e-07
5769.908514731871 2.3450192412163171e-07
5836.815314768269 2.2905702196950712e-07
5904.497953776766 2.2373854129382148e-07
5972.96542824365 2.185435535247184e-07
6042.226838976859 2.134691894375578e-07
6112.291392315581 2.085126442132663e-07
6183.1684013540735 2.0367118519500833e-07
6254.867287179475 1.9894214261436326e-07
6327.397580124158 1.9432290227431742e-07
6400.768921032481 1.8981091428700717e-07
6474.991062542224 1.854036929573571e-07
6550.073870381022 1.8109880327396264e-07
6626.027324677616 1.7689386586119884e-07
6702.8615212885325 1.7278656427120367e-07
6780.586673139997 1.68774632316816e-07
6859.213111585412 1.648558512843626e-07
6938.751287778711 1.6102805997671825e-07
7019.211774063438 1.5728914833465984e-07
7100.605265378143 1.536370498548999e-07
7182.942580677868 1.5006974786184403e-07
7266.234664372313 1.465852764476233e-07
7350.492587780545 1.4318171209314605e-07
7435.72755060257 1.39857172951332e-07
7521.950882408119 1.3660982629426804e-07
7609.174044142473 1.3343788281499335e-07
7697.408629649977 1.3033958645633193e-07
7786.666367215069 1.2731322759204395e-07
7876.959121121169 1.2435714188946685e-07
7968.298893227819 1.2146969219769483e-07
8060.697824565852 1.1864928417594276e-07
8154.1681969513165 1.1589436542713687e-07
8248.722434617946 1.1320341345664119e-07
8344.373105868559 1.1057494103120573e-07
8441.132924745772 1.0800749961347863e-07
8539.014752721836 1.0549967289226632e-07
8638.031600408347 1.0305007436405442e-07
8738.196629285492 1.0065735238212952e-07
8839.52315345162 9.832018860918655e-08
8942.024641392922 9.603729125417836e-08
9045.714717773624 9.380739906258327e-08
9150.607165247138 9.162928385867703e-08
9256.715926287912 8.95017431132189e-08
9364.055105044834 8.742360046012213e-08
9472.638969215905 8.539371028327585e-08
9582.481951944681 8.341095322797916e-08
9693.59865373888 8.147423324094604e-08
9806.003844410943 7.958248132110874e-08
9919.71246504143 7.773465483992211e-08
10034.739629964846 7.592973332634352e-08
10151.100628778806 7.416671925506052e-08
10268.810928376291 7.244464086862586e-08
10387.886175001477 7.076254865996162e-08
10508.34219632959 6.911951178729685e-08
10630.195003570596 6.751462397101693e-08
10753.460793597573 6.59470020606365e-08
10878.15595109957 6.441577789849654e-08
11004.297050759413 6.292010611854774e-08
11131.900859456997 6.145916384036341e-08
11260.984338497792 6.003214312370188e-08
11391.564645867538 5.863825543806943e-08
11523.659138512743 5.727673293586274e-08
11657.285374647947 5.59468242057094e-08
11792.46111608952 5.464779394039396e-08
11929.204330616529 5.3378925656666e-08
12067.533194359201 5.213952009349899e-08
12207.466094214737 5.092889200147348e-08
12349.021630291496 4.974637281625607e-08
12492.218618381281 4.859131132848532e-08
12637.076092460286 4.746306942958999e-08
12783.6133072193 4.636102343974847e-08
12931.849740622873 4.5284566085122886e-08
13081.805096498554 4.423310351838977e-08
13233.499307155762 4.3206054450131685e-08
13386.952536035393 4.220285222242405e-08
13542.1851803899 4.122294382889189e-08
13699.217873994457 4.0265787929726345e-08
13858.071489889813 3.93308557580356e-08
14018.767143156552 3.841763202366164e-08
14181.326193721947 3.7525612905339397e-08
14345.770249199062 3.665430498640799e-08
14512.121167758793 3.580322782004671e-08
14680.401061035489 3.497191276855361e-08
14850.632297065835 3.415989947509721e-08
15022.83750326228 3.336673979899826e-08
15197.039569420476 3.2591997385438214e-08
15373.261650762037 3.1835243569107066e-08
15551.52717101227 3.109606027836043e-08
15731.859825513618 3.037404048818056e-08
15914.283584375482 2.9668785512763604e-08
16098.822695660128 2.897990542639165e-08
16285.501688605998 2.8307020433724918e-08
16474.345376888083 2.764975960970528e-08
16665.37886191609 2.700775948292424e-08
16858.627536171203 2.638066566097248e-08
17054.11708658102 2.5768132835925075e-08
17251.873497934175 2.5169822407116138e-08
17451.923056334002 2.458540373229872e-08
17654.292352692766 2.4014554902931587e-08
17859.00828626608 2.3456960842653483e-08
18066.09806822826 2.291231329063453e-08
18275.589225289576 2.2380311871373004e-08
18487.50960335481 2.1860663249317727e-08
18701.887371224864 2.1353080277425063e-08
18918.751024340887 2.085728266718991e-08
19138.12938857181 2.03729971562139e-08
19360.051624046217 1.9899956431709875e-08
19584.547229028023 1.9437898945047152e-08
19811.646043837754 1.8986569977365793e-08
20041.37825481867 1.854572083598887e-08
20273.774398349422 1.8115107461175375e-08
20508.865364902933 1.769449228009804e-08
20746.682403152234 1.728364384052075e-08
20987.257124124408 1.688233476719709e-08
21230.62150540204 1.6490343396391796e-08
21476.80789537401 1.6107453958456825e-08
21725.84901753519 1.573345490738481e-08
21977.777974835954 1.5368139486348356e-08
22232.628254082585 1.5011306372228893e-08
22490.43373038806 1.4662758791474292e-08
22751.22867167512 1.4322303966440578e-08
23015.047743230858 1.3989754040729706e-08
23281.926012314827 1.3664925875394455e-08
23551.898952820073 1.3347639838793643e-08
23825.00244998826 1.3037720647178735e-08
24101.272805179917 1.2734997651366552e-08
24380.746740699287 1.2439303669006044e-08
24663.461404675865 1.21504752409765e-08
24949.454376002035 1.1868353143293443e-08
25238.763669327975 1.1592781767566882e-08
25531.427740114963 1.1323608812493847e-08
25827.48548974654 1.1060685702712016e-08
26126.97627069977 1.0803867513740134e-08
26429.939891775597 1.0553012428738479e-08
26736.416623390676 1.030798180672146e-08
27046.447202930023 1.0068640590847578e-08
27360.072840161727 9.834856809546573e-09
27677.33522271501 9.606501090179751e-09
27998.276521620955 9.38344748200092e-09
28322.939396918366 9.165573205595116e-09
28651.367003324016 8.952757660049029e-09
28983.60299596868 8.744883343289775e-09
29319.69153620025 8.541835830522699e-09
29659.677297453272 8.343502895922169e-09
30003.60547118747 8.149774908382587e-09
30351.521772894204 7.960545149453436e-09
30703.47244817346 7.775709223652003e-09
31059.50427888071 7.59516489382246e-09
31419.664589345055 7.41881258072403e-09
31784.00125266008 7.24655514627752e-09
32152.56269704672 7.078297301312974e-09
32525.397912290857 6.9139461267689395e-09
32902.55645625495 6.753411148684483e-09
33284.08846146513 6.59660365358048e-09
33670.04464177536 6.443436975603386e-09
34060.47629910789 6.293826712538328e-09
34455.435330272834 6.147690310806578e-09
34854.9742338662 6.004946996964314e-09
35259.14611724787 5.865518013946958e-09
35668.00470360118 5.729326495073361e-09
36081.6043390734 5.596297208566085e-09
36499.99999999999 5.466356663813545e-09
